0.0 0.0 0.0 0.0 0.0
0.02 0.0 0.0 0.0 0.0
0.04 0.0 -0.005840760702121641 0.0 0.0
0.06 0.0 0.0 0.0 0.0
0.08 0.0 0.0 0.0 0.0
0.1 -0.009711707 0.011681521404243281 0.0 -0.005840760702121641
0.12 -0.019423414 0.03504456421272985 0.0 -0.023363042808486563
0.14 -0.029135121 0.04088532491485148 0.0 -0.03504456421272985
0.16 -0.029135121 0.05256684631909477 0.009711707 -0.046726085616973126
0.18 -0.029135121 0.058407607021216404 0.009711707 -0.05256684631909477
0.2 -0.038846828 0.058407607021216404 0.019423414 -0.058407607021216404
0.22 -0.038846828 0.058407607021216404 0.019423414 -0.05256684631909477
0.24 -0.038846828 0.05256684631909477 0.029135121 -0.058407607021216404
0.26 -0.038846828 0.05256684631909477 0.029135121 -0.05256684631909477
0.28 -0.038846828 0.05256684631909477 0.029135121 -0.05256684631909477
0.3 -0.038846828 0.05256684631909477 0.029135121 -0.05256684631909477
0.32 -0.038846828 0.05256684631909477 0.038846828 -0.046726085616973126
0.34 -0.038846828 0.05256684631909477 0.038846828 -0.046726085616973126
0.36 -0.038846828 0.05256684631909477 0.038846828 -0.046726085616973126
0.38 -0.029135121 0.046726085616973126 0.038846828 -0.046726085616973126
0.4 -0.029135121 0.046726085616973126 0.038846828 -0.046726085616973126
0.42 -0.029135121 0.046726085616973126 0.038846828 -0.046726085616973126
0.44 -0.038846828 0.05256684631909477 0.038846828 -0.05256684631909477
0.46 -0.038846828 0.05256684631909477 0.038846828 -0.05256684631909477
0.48 -0.038846828 0.05256684631909477 0.038846828 -0.05256684631909477
0.5 -0.038846828 0.05256684631909477 0.038846828 -0.05256684631909477
0.52 -0.038846828 0.05256684631909477 0.038846828 -0.05256684631909477
0.54 -0.038846828 0.05256684631909477 0.038846828 -0.05256684631909477
0.56 -0.038846828 0.05256684631909477 0.038846828 -0.05256684631909477
0.58 -0.038846828 0.046726085616973126 0.029135121 -0.05256684631909477
0.6 -0.038846828 0.046726085616973126 0.029135121 -0.05256684631909477
0.62 -0.038846828 0.046726085616973126 0.029135121 -0.046726085616973126
0.64 -0.038846828 0.046726085616973126 0.029135121 -0.05256684631909477
0.66 -0.038846828 0.046726085616973126 0.029135121 -0.046726085616973126
0.68 -0.038846828 0.046726085616973126 0.029135121 -0.05256684631909477
0.7 -0.038846828 0.046726085616973126 0.029135121 -0.05256684631909477
0.72 -0.038846828 0.05256684631909477 0.029135121 -0.05256684631909477
0.74 -0.038846828 0.05256684631909477 0.029135121 -0.05256684631909477
0.76 -0.038846828 0.05256684631909477 0.038846828 -0.05256684631909477
0.78 -0.038846828 0.05256684631909477 0.038846828 -0.05256684631909477
0.8 -0.029135121 0.05256684631909477 0.038846828 -0.05256684631909477
0.82 -0.029135121 0.046726085616973126 0.029135121 -0.046726085616973126
0.84 -0.029135121 0.046726085616973126 0.029135121 -0.046726085616973126
0.86 -0.029135121 0.046726085616973126 0.029135121 -0.046726085616973126
0.88 -0.029135121 0.046726085616973126 0.029135121 -0.05256684631909477
0.9 -0.029135121 0.046726085616973126 0.029135121 -0.046726085616973126
0.92 -0.029135121 0.046726085616973126 0.029135121 -0.046726085616973126
0.94 -0.029135121 0.046726085616973126 0.029135121 -0.04088532491485148
0.96 -0.029135121 0.046726085616973126 0.029135121 -0.046726085616973126
0.98 -0.029135121 0.046726085616973126 0.029135121 -0.046726085616973126
1.0 -0.029135121 0.046726085616973126 0.029135121 -0.046726085616973126
1.02 -0.029135121 0.046726085616973126 0.029135121 -0.046726085616973126
1.04 -0.029135121 0.046726085616973126 0.029135121 -0.046726085616973126
1.06 -0.029135121 0.046726085616973126 0.029135121 -0.046726085616973126
1.08 -0.029135121 0.046726085616973126 0.029135121 -0.046726085616973126
1.1 -0.029135121 0.046726085616973126 0.038846828 -0.046726085616973126
1.12 -0.029135121 0.046726085616973126 0.038846828 -0.046726085616973126
1.14 -0.029135121 0.046726085616973126 0.038846828 -0.046726085616973126
1.16 -0.029135121 0.046726085616973126 0.029135121 -0.05256684631909477
1.18 -0.029135121 0.04088532491485148 0.029135121 -0.046726085616973126
1.2 -0.029135121 0.04088532491485148 0.029135121 -0.046726085616973126
1.22 -0.029135121 0.04088532491485148 0.029135121 -0.04088532491485148
1.24 -0.029135121 0.04088532491485148 0.029135121 -0.04088532491485148
1.26 -0.029135121 0.04088532491485148 0.029135121 -0.04088532491485148
1.28 -0.029135121 0.046726085616973126 0.029135121 -0.04088532491485148
1.3 -0.029135121 0.046726085616973126 0.029135121 -0.04088532491485148
1.32 -0.029135121 0.046726085616973126 0.029135121 -0.04088532491485148
1.34 -0.029135121 0.046726085616973126 0.029135121 -0.04088532491485148
1.36 -0.029135121 0.046726085616973126 0.029135121 -0.046726085616973126
1.38 -0.029135121 0.04088532491485148 0.029135121 -0.04088532491485148
1.4 -0.029135121 0.04088532491485148 0.029135121 -0.04088532491485148
1.42 -0.029135121 0.04088532491485148 0.029135121 -0.04088532491485148
1.44 -0.029135121 0.04088532491485148 0.029135121 -0.04088532491485148
1.46 -0.029135121 0.04088532491485148 0.029135121 -0.04088532491485148
1.48 -0.029135121 0.04088532491485148 0.029135121 -0.04088532491485148
1.5 -0.029135121 0.04088532491485148 0.029135121 -0.04088532491485148
1.52 -0.029135121 0.04088532491485148 0.029135121 -0.046726085616973126
1.54 -0.029135121 0.04088532491485148 0.029135121 -0.04088532491485148
1.56 -0.029135121 0.046726085616973126 0.029135121 -0.04088532491485148
1.58 -0.029135121 0.04088532491485148 0.029135121 -0.04088532491485148
1.6 -0.029135121 0.04088532491485148 0.029135121 -0.04088532491485148
1.62 -0.029135121 0.04088532491485148 0.029135121 -0.03504456421272985
1.64 -0.029135121 0.04088532491485148 0.029135121 -0.04088532491485148
1.66 -0.029135121 0.04088532491485148 0.029135121 -0.04088532491485148
1.68 -0.029135121 0.04088532491485148 0.029135121 -0.04088532491485148
1.7 -0.029135121 0.03504456421272985 0.029135121 -0.03504456421272985
1.72 -0.029135121 0.03504456421272985 0.029135121 -0.03504456421272985
1.74 -0.029135121 0.03504456421272985 0.029135121 -0.04088532491485148
1.76 -0.029135121 0.03504456421272985 0.029135121 -0.04088532491485148
1.78 -0.029135121 0.03504456421272985 0.029135121 -0.04088532491485148
1.8 -0.019423414 0.03504456421272985 0.029135121 -0.04088532491485148
1.82 -0.019423414 0.03504456421272985 0.019423414 -0.04088532491485148
1.84 -0.019423414 0.04088532491485148 0.019423414 -0.04088532491485148
1.86 -0.029135121 0.03504456421272985 0.029135121 -0.04088532491485148
1.88 -0.029135121 0.04088532491485148 0.029135121 -0.04088532491485148
1.9 -0.029135121 0.04088532491485148 0.029135121 -0.04088532491485148
1.92 -0.029135121 0.04088532491485148 0.029135121 -0.04088532491485148
1.94 -0.029135121 0.03504456421272985 0.029135121 -0.04088532491485148
1.96 -0.029135121 0.04088532491485148 0.029135121 -0.04088532491485148
1.98 -0.029135121 0.04088532491485148 0.029135121 -0.04088532491485148
2.0 -0.029135121 0.04088532491485148 0.029135121 -0.04088532491485148
2.02 -0.029135121 0.03504456421272985 0.029135121 -0.03504456421272985
2.04 -0.029135121 0.03504456421272985 0.029135121 -0.04088532491485148
2.06 -0.029135121 0.03504456421272985 0.029135121 -0.04088532491485148
2.08 -0.029135121 0.03504456421272985 0.029135121 -0.04088532491485148
2.1 -0.029135121 0.03504456421272985 0.029135121 -0.03504456421272985
2.12 -0.019423414 0.03504456421272985 0.029135121 -0.03504456421272985
2.14 -0.019423414 0.03504456421272985 0.019423414 -0.03504456421272985
2.16 -0.019423414 0.04088532491485148 0.029135121 -0.03504456421272985
2.18 -0.019423414 0.04088532491485148 0.029135121 -0.03504456421272985
2.2 -0.019423414 0.04088532491485148 0.029135121 -0.03504456421272985
2.22 -0.019423414 0.04088532491485148 0.029135121 -0.03504456421272985
2.24 -0.019423414 0.04088532491485148 0.029135121 -0.03504456421272985
2.26 -0.019423414 0.03504456421272985 0.029135121 -0.03504456421272985
2.28 -0.029135121 0.03504456421272985 0.029135121 -0.03504456421272985
2.3 -0.029135121 0.03504456421272985 0.029135121 -0.03504456421272985
2.32 -0.029135121 0.03504456421272985 0.029135121 -0.03504456421272985
2.34 -0.029135121 0.03504456421272985 0.019423414 -0.029203803510608202
2.36 -0.029135121 0.03504456421272985 0.019423414 -0.029203803510608202
2.38 -0.019423414 0.03504456421272985 0.019423414 -0.029203803510608202
2.4 -0.019423414 0.03504456421272985 0.019423414 -0.029203803510608202
2.42 -0.019423414 0.03504456421272985 0.019423414 -0.029203803510608202
2.44 -0.029135121 0.03504456421272985 0.019423414 -0.03504456421272985
2.46 -0.019423414 0.03504456421272985 0.019423414 -0.029203803510608202
2.48 -0.019423414 0.03504456421272985 0.019423414 -0.029203803510608202
2.5 -0.019423414 0.03504456421272985 0.019423414 -0.029203803510608202
2.52 -0.019423414 0.04088532491485148 0.019423414 -0.029203803510608202
2.54 -0.019423414 0.03504456421272985 0.019423414 -0.029203803510608202
2.56 -0.019423414 0.03504456421272985 0.019423414 -0.029203803510608202
2.58 -0.019423414 0.029203803510608202 0.019423414 -0.03504456421272985
2.6 -0.019423414 0.029203803510608202 0.019423414 -0.03504456421272985
2.62 -0.019423414 0.029203803510608202 0.019423414 -0.03504456421272985
2.64 -0.019423414 0.029203803510608202 0.019423414 -0.03504456421272985
2.66 -0.019423414 0.029203803510608202 0.019423414 -0.029203803510608202
2.68 -0.019423414 0.029203803510608202 0.019423414 -0.029203803510608202
2.7 -0.019423414 0.029203803510608202 0.019423414 -0.029203803510608202
2.72 -0.019423414 0.029203803510608202 0.019423414 -0.029203803510608202
2.74 -0.019423414 0.029203803510608202 0.019423414 -0.029203803510608202
2.76 -0.019423414 0.029203803510608202 0.019423414 -0.029203803510608202
2.78 -0.019423414 0.029203803510608202 0.019423414 -0.029203803510608202
2.8 -0.019423414 0.029203803510608202 0.019423414 -0.029203803510608202
2.82 -0.019423414 0.029203803510608202 0.019423414 -0.029203803510608202
2.84 -0.019423414 0.029203803510608202 0.019423414 -0.029203803510608202
2.86 -0.019423414 0.029203803510608202 0.019423414 -0.029203803510608202
2.88 -0.019423414 0.029203803510608202 0.019423414 -0.029203803510608202
2.9 -0.019423414 0.029203803510608202 0.019423414 -0.029203803510608202
2.92 -0.019423414 0.029203803510608202 0.019423414 -0.029203803510608202
2.94 -0.019423414 0.029203803510608202 0.019423414 -0.029203803510608202
2.96 -0.019423414 0.029203803510608202 0.019423414 -0.029203803510608202
2.98 -0.019423414 0.029203803510608202 0.019423414 -0.029203803510608202
3.0 -0.019423414 0.029203803510608202 0.019423414 -0.029203803510608202
3.02 -0.019423414 0.029203803510608202 0.019423414 -0.029203803510608202
3.04 -0.019423414 0.029203803510608202 0.019423414 -0.023363042808486563
3.06 -0.019423414 0.029203803510608202 0.019423414 -0.023363042808486563
3.08 -0.019423414 0.029203803510608202 0.019423414 -0.023363042808486563
3.1 -0.019423414 0.023363042808486563 0.019423414 -0.029203803510608202
3.12 -0.019423414 0.023363042808486563 0.019423414 -0.029203803510608202
3.14 -0.019423414 0.023363042808486563 0.019423414 -0.029203803510608202
3.16 -0.019423414 0.023363042808486563 0.019423414 -0.029203803510608202
3.18 -0.019423414 0.023363042808486563 0.019423414 -0.029203803510608202
3.2 -0.019423414 0.023363042808486563 0.019423414 -0.029203803510608202
3.22 -0.019423414 0.023363042808486563 0.019423414 -0.023363042808486563
3.24 -0.019423414 0.023363042808486563 0.019423414 -0.023363042808486563
3.26 -0.019423414 0.023363042808486563 0.019423414 -0.023363042808486563
3.28 -0.009711707 0.023363042808486563 0.019423414 -0.029203803510608202
3.3 -0.009711707 0.023363042808486563 0.009711707 -0.023363042808486563
3.32 -0.009711707 0.023363042808486563 0.009711707 -0.023363042808486563
3.34 -0.009711707 0.023363042808486563 0.009711707 -0.023363042808486563
3.36 -0.009711707 0.029203803510608202 0.009711707 -0.023363042808486563
3.38 -0.009711707 0.023363042808486563 0.009711707 -0.017522282106364924
3.4 -0.019423414 0.023363042808486563 0.019423414 -0.017522282106364924
3.42 -0.019423414 0.023363042808486563 0.019423414 -0.017522282106364924
3.44 -0.019423414 0.023363042808486563 0.019423414 -0.023363042808486563
3.46 -0.019423414 0.023363042808486563 0.009711707 -0.023363042808486563
3.48 -0.009711707 0.023363042808486563 0.009711707 -0.023363042808486563
3.5 -0.009711707 0.023363042808486563 0.019423414 -0.023363042808486563
3.52 -0.009711707 0.023363042808486563 0.019423414 -0.017522282106364924
3.54 -0.009711707 0.023363042808486563 0.019423414 -0.017522282106364924
3.56 -0.009711707 0.023363042808486563 0.019423414 -0.017522282106364924
3.58 -0.009711707 0.023363042808486563 0.019423414 -0.023363042808486563
3.6 -0.019423414 0.023363042808486563 0.019423414 -0.023363042808486563
3.62 -0.019423414 0.017522282106364924 0.009711707 -0.023363042808486563
3.64 -0.009711707 0.017522282106364924 0.009711707 -0.017522282106364924
3.66 -0.009711707 0.017522282106364924 0.009711707 -0.017522282106364924
3.68 -0.009711707 0.023363042808486563 0.009711707 -0.017522282106364924
3.7 -0.009711707 0.017522282106364924 0.009711707 -0.017522282106364924
3.72 -0.009711707 0.017522282106364924 0.009711707 -0.023363042808486563
3.74 -0.009711707 0.017522282106364924 0.009711707 -0.017522282106364924
3.76 -0.009711707 0.023363042808486563 0.009711707 -0.017522282106364924
3.78 -0.009711707 0.017522282106364924 0.009711707 -0.017522282106364924
3.8 -0.009711707 0.017522282106364924 0.009711707 -0.017522282106364924
3.82 -0.009711707 0.017522282106364924 0.009711707 -0.017522282106364924
3.84 -0.009711707 0.017522282106364924 0.009711707 -0.023363042808486563
3.86 -0.009711707 0.017522282106364924 0.009711707 -0.017522282106364924
3.88 -0.009711707 0.017522282106364924 0.009711707 -0.017522282106364924
3.9 -0.009711707 0.011681521404243281 0.009711707 -0.017522282106364924
3.92 -0.009711707 0.017522282106364924 0.009711707 -0.017522282106364924
3.94 -0.009711707 0.017522282106364924 0.009711707 -0.017522282106364924
3.96 -0.009711707 0.017522282106364924 0.009711707 -0.017522282106364924
3.98 -0.009711707 0.017522282106364924 0.009711707 -0.017522282106364924
4.0 -0.009711707 0.017522282106364924 0.009711707 -0.017522282106364924
4.02 -0.009711707 0.011681521404243281 0.009711707 -0.011681521404243281
4.04 -0.009711707 0.011681521404243281 0.009711707 -0.011681521404243281
4.06 -0.009711707 0.011681521404243281 0.009711707 -0.005840760702121641
4.08 0.0 0.011681521404243281 0.009711707 -0.005840760702121641
4.1 0.0 0.011681521404243281 0.009711707 -0.005840760702121641
4.12 -0.009711707 0.011681521404243281 0.009711707 -0.011681521404243281
4.14 -0.009711707 0.011681521404243281 0.009711707 -0.011681521404243281
4.16 -0.009711707 0.011681521404243281 0.009711707 -0.017522282106364924
4.18 -0.009711707 0.011681521404243281 0.009711707 -0.017522282106364924
4.2 -0.009711707 0.011681521404243281 0.009711707 -0.017522282106364924
4.22 -0.009711707 0.011681521404243281 0.009711707 -0.011681521404243281
4.24 -0.009711707 0.011681521404243281 0.009711707 -0.011681521404243281
4.26 -0.009711707 0.011681521404243281 0.009711707 -0.011681521404243281
4.28 -0.009711707 0.011681521404243281 0.009711707 -0.011681521404243281
4.3 -0.009711707 0.011681521404243281 0.009711707 -0.011681521404243281
4.32 -0.009711707 0.011681521404243281 0.009711707 -0.011681521404243281
4.34 -0.009711707 0.011681521404243281 0.009711707 -0.011681521404243281
4.36 0.0 0.005840760702121641 0.009711707 -0.011681521404243281
4.38 0.0 0.005840760702121641 0.009711707 -0.011681521404243281
4.4 0.0 0.005840760702121641 0.009711707 -0.011681521404243281
4.42 -0.009711707 0.005840760702121641 0.0 -0.005840760702121641
4.44 -0.009711707 0.011681521404243281 0.0 -0.005840760702121641
4.46 -0.009711707 0.011681521404243281 0.0 -0.005840760702121641
4.48 0.0 0.011681521404243281 0.0 -0.005840760702121641
4.5 0.0 0.005840760702121641 0.0 -0.005840760702121641
4.52 0.0 0.005840760702121641 0.0 -0.005840760702121641
4.54 0.0 0.005840760702121641 0.0 -0.011681521404243281
4.56 0.0 0.005840760702121641 0.0 -0.011681521404243281
4.58 0.0 0.005840760702121641 0.0 -0.005840760702121641
4.6 0.0 0.005840760702121641 0.0 0.0
4.62 0.0 0.005840760702121641 0.0 0.0
4.64 0.0 0.005840760702121641 0.0 0.0
4.66 0.0 0.005840760702121641 0.0 -0.005840760702121641
4.68 0.0 0.005840760702121641 0.0 -0.005840760702121641
4.7 0.0 0.005840760702121641 0.0 -0.005840760702121641
4.72 0.0 0.005840760702121641 0.0 -0.005840760702121641
4.74 0.0 0.0 0.0 -0.005840760702121641
4.76 0.0 0.0 0.0 -0.005840760702121641
4.78 0.0 0.0 0.0 -0.005840760702121641
4.8 0.0 0.0 0.0 0.0
4.82 0.0 0.0 0.0 0.0
4.84 0.0 0.0 0.0 0.0
4.86 0.0 0.0 0.0 0.0
4.88 0.0 0.0 0.0 0.0
4.9 0.0 0.0 0.0 0.0
4.92 0.0 0.0 0.0 0.0
4.94 0.0 0.0 0.0 0.0
4.96 0.0 0.0 0.0 0.0
4.98 0.0 0.0 0.0 0.0
5.0 0.0 0.005840760702121641 0.0 0.0
5.02 0.0 0.005840760702121641 0.0 0.0
5.04 0.0 0.0 0.0 0.0
5.06 0.0 0.0 0.0 0.0
5.08 0.0 0.0 0.0 0.0
5.1 0.0 0.0 0.0 0.0
5.12 0.0 0.0 0.0 0.0
5.14 0.0 0.0 0.0 0.0
5.16 0.0 0.0 0.0 0.0
5.18 0.0 0.0 0.0 0.0
5.2 0.0 0.0 0.0 0.0
5.22 0.0 0.0 0.0 0.0
5.24 0.0 0.0 0.0 0.0
5.26 0.0 0.0 0.0 0.0
5.28 0.0 0.0 0.0 0.0
5.3 0.0 0.0 0.0 0.0
5.32 0.0 0.0 0.0 0.0
5.34 0.0 0.0 0.0 0.0
5.36 0.0 0.0 0.0 0.0
5.38 0.0 0.0 0.0 0.0
5.4 0.0 0.0 0.0 0.0
5.42 0.0 0.0 0.0 0.0
5.44 0.0 0.0 0.0 0.0
5.46 0.0 0.0 0.0 0.0
5.48 0.0 0.0 0.0 0.0
5.5 0.0 0.0 0.0 0.0
5.52 0.0 0.0 0.0 0.0
5.54 0.0 0.0 0.0 0.0
5.56 0.0 0.0 0.0 0.0
5.58 0.0 0.0 0.0 0.0
5.6 0.0 0.0 0.0 0.0
5.62 0.0 0.0 0.0 0.0
5.64 0.0 0.0 0.0 0.0
5.66 0.0 0.0 0.0 0.0
5.68 0.0 0.0 0.0 0.0
5.7 0.0 0.0 0.0 0.0
5.72 0.0 0.0 0.0 0.0
5.74 0.0 0.0 0.0 0.0
5.76 0.0 0.0 0.0 0.0
5.78 0.0 0.0 0.0 0.0
5.8 0.0 0.0 0.0 0.0
5.82 0.0 0.0 0.0 0.0
5.84 0.0 0.0 0.0 0.0
5.86 0.0 0.0 0.0 0.0
5.88 0.0 0.0 0.0 0.0
5.9 0.0 0.0 0.0 0.0
5.92 0.0 0.0 0.0 0.0
5.94 0.0 0.0 0.0 0.0
5.96 0.0 0.0 0.0 0.0
5.98 0.0 0.0 0.0 0.0
6.0 0.0 0.0 0.0 0.0
6.02 0.0 0.0 0.0 0.0
6.04 0.0 0.0 0.0 0.0
6.06 0.0 0.0 0.0 0.0
6.08 0.0 0.0 0.0 0.0
6.1 0.0 0.0 0.0 0.0
6.12 0.0 0.0 0.0 0.0
6.14 0.0 0.0 0.0 0.0
6.16 0.0 0.0 0.0 0.0
6.18 0.0 0.0 0.0 0.0
6.2 0.0 0.0 0.0 0.0
6.22 0.0 0.0 0.0 0.0
6.24 0.0 0.0 0.0 0.0
6.26 0.0 0.0 0.0 0.0
6.28 0.0 0.0 0.0 0.0
6.3 0.0 0.0 0.0 0.0
6.32 0.0 0.0 0.0 0.0
6.34 0.0 0.0 0.0 0.0
6.36 0.0 0.0 0.0 0.0
6.38 0.0 0.0 0.0 0.0
6.4 0.0 0.0 0.0 0.0
6.42 0.0 0.0 0.0 0.0
6.44 0.0 0.0 0.0 0.0
6.46 0.0 0.0 0.0 0.0
6.48 0.0 0.0 0.0 0.0
6.5 0.0 0.0 0.0 0.0
6.52 0.0 0.0 0.0 0.0
6.54 0.0 0.0 0.0 0.0
6.56 0.0 0.0 0.0 0.0
6.58 0.0 0.0 0.0 0.0
6.6 0.0 0.0 0.0 0.0
6.62 0.0 0.0 0.0 0.0
6.64 0.0 0.0 0.0 0.0
6.66 0.0 0.0 0.0 0.0
6.68 0.0 0.0 0.0 0.0
6.7 0.0 0.0 0.0 0.0
6.72 0.0 0.0 0.0 0.0
6.74 0.0 0.0 0.0 0.0
6.76 0.0 0.0 0.0 0.0
6.78 0.0 0.0 0.0 0.0
6.8 0.0 0.0 0.0 0.0
6.82 0.0 0.0 0.0 0.0
6.84 0.0 0.0 0.0 0.0
6.86 0.0 0.0 0.0 0.0
6.88 0.0 0.0 0.0 0.0
6.9 0.0 0.0 0.0 0.0
6.92 0.0 0.0 0.0 0.0
6.94 0.0 0.0 0.0 0.0
6.96 0.0 0.0 0.0 0.0
6.98 0.0 0.0 0.0 0.0
7.0 0.0 0.0 0.0 0.0
7.02 0.0 0.0 0.0 0.0
7.04 0.0 0.0 0.0 0.0
7.06 0.0 0.0 0.0 0.0
7.08 0.0 0.0 0.0 0.0
7.1 0.0 0.0 0.0 0.0
7.12 0.0 0.0 0.0 0.0
7.14 0.0 0.0 0.0 0.0
7.16 0.0 0.0 0.0 0.0
7.18 0.0 0.0 0.0 0.0
7.2 0.0 0.0 0.0 0.0
7.22 0.0 0.0 0.0 0.0
7.24 0.0 0.0 0.0 0.0
7.26 0.0 0.0 0.0 0.0
7.28 0.0 0.0 0.0 0.0
7.3 0.0 0.0 0.0 0.0
7.32 0.0 0.0 0.0 0.0
7.34 0.0 0.0 0.0 0.0
7.36 0.0 0.0 0.0 0.0
7.38 0.0 0.0 0.0 0.0
7.4 0.0 0.0 0.0 0.0
7.42 0.0 0.0 0.0 0.0
7.44 0.0 0.0 0.0 0.0
7.46 0.0 0.0 0.0 0.0
7.48 0.0 0.0 0.0 0.0
7.5 0.0 0.0 0.0 0.0
7.52 0.0 0.0 0.0 0.0
7.54 0.0 0.0 0.0 0.0
7.56 0.0 0.0 0.0 0.0
7.58 0.0 0.0 0.0 0.0
7.6 0.0 0.0 0.0 0.0
7.62 0.0 0.0 0.0 0.0
7.64 0.0 0.0 0.0 0.0
7.66 0.0 0.0 0.0 0.0
7.68 0.0 0.0 0.0 0.0
7.7 0.0 0.0 0.0 0.0
7.72 0.0 0.0 0.0 0.0
7.74 0.0 0.0 0.0 0.0
7.76 0.0 0.0 0.0 0.0
7.78 0.0 0.0 0.0 0.0
7.8 0.0 0.0 0.0 0.0
7.82 0.0 0.0 0.0 0.0
7.84 0.0 0.0 0.0 0.0
7.86 0.0 0.0 0.0 0.0
7.88 0.0 0.0 0.0 0.0
7.9 0.0 0.0 0.0 0.0
7.92 0.0 0.0 0.0 0.0
7.94 0.0 0.0 0.0 0.0
7.96 0.0 0.0 0.0 0.0
7.98 0.0 0.0 0.0 0.0
8.0 0.0 0.0 0.0 0.0
8.02 0.0 0.0 0.0 0.0
8.04 0.0 0.0 0.0 0.0
8.06 0.0 0.0 0.0 0.0
8.08 0.0 0.0 0.0 0.0
8.1 0.0 0.0 0.0 0.0
8.12 0.0 0.0 0.0 0.0
8.14 0.0 0.0 0.0 0.0
8.16 0.0 0.0 0.0 0.0
8.18 0.0 0.0 0.0 0.0
8.2 0.0 0.0 0.0 0.0
8.22 0.0 0.0 0.0 0.0
8.24 0.0 0.0 0.0 0.0
8.26 0.0 0.0 0.0 0.0
8.28 0.0 0.0 0.0 0.0
8.3 0.0 0.0 0.0 0.0
8.32 0.0 0.0 0.0 0.0
8.34 0.0 0.0 0.0 0.0
8.36 0.0 0.0 0.0 0.0
8.38 0.0 0.0 0.0 0.0
8.4 0.0 0.0 0.0 0.0
8.42 0.0 0.0 0.0 0.0
8.44 0.0 0.0 0.0 0.0
8.46 0.0 0.0 0.0 0.0
8.48 0.0 0.0 0.0 0.0
8.5 0.0 0.0 0.0 0.0
8.52 0.0 0.0 0.0 0.0
8.54 0.0 0.0 0.0 0.0
8.56 0.0 0.0 0.0 0.0
8.58 0.0 0.0 0.0 0.0
8.6 0.0 0.0 0.0 0.0
8.62 0.0 0.0 0.0 0.0
8.64 0.0 0.0 0.0 0.0
8.66 0.0 0.0 0.0 0.0
8.68 0.0 0.0 0.0 0.0
8.7 0.0 0.0 0.0 0.0
8.72 0.0 0.0 0.0 0.0
8.74 0.0 0.0 0.0 0.0
8.76 0.0 0.0 0.0 0.0
8.78 0.0 0.0 0.0 0.0
8.8 0.0 0.0 0.0 0.0
8.82 0.0 0.0 0.0 0.0
8.84 0.0 0.0 0.0 0.0
8.86 0.0 0.0 0.0 0.0
8.88 0.0 0.0 0.0 0.0
8.9 0.0 0.0 0.0 0.0
8.92 0.0 0.0 0.0 0.0
8.94 0.0 0.0 0.0 0.0
8.96 0.0 0.0 0.0 0.0
8.98 0.0 0.0 0.0 0.0
9.0 0.0 0.0 0.0 0.0
9.02 0.0 0.0 0.0 0.0
9.04 0.0 0.0 0.0 0.0
9.06 0.0 0.0 0.0 0.0
9.08 0.0 0.0 0.0 0.0
9.1 0.0 0.0 0.0 0.0
9.12 0.0 0.0 0.0 0.0
9.14 0.0 0.0 0.0 0.0
9.16 0.0 0.0 0.0 0.0
9.18 0.0 0.0 0.0 0.0
9.2 0.0 0.0 0.0 0.0
9.22 0.0 0.0 0.0 0.0
9.24 0.0 0.0 0.0 0.0
9.26 0.0 0.0 0.0 0.0
9.28 0.0 0.0 0.0 0.0
9.3 0.0 0.0 0.0 0.0
9.32 0.0 0.0 0.0 0.0
9.34 0.0 0.0 0.0 0.0
9.36 0.0 0.0 0.0 0.0
9.38 0.0 0.0 0.0 0.0
9.4 0.0 0.0 0.0 0.0
9.42 0.0 0.0 0.0 0.0
9.44 0.0 0.0 0.0 0.0
9.46 0.0 0.0 0.0 0.0
9.48 0.0 0.0 0.0 0.0
9.5 0.0 0.0 0.0 0.0
9.52 0.0 0.0 0.0 0.0
9.54 0.0 0.0 0.0 0.0
9.56 0.0 0.0 0.0 0.0
9.58 0.0 0.0 0.0 0.0
9.6 0.0 0.0 0.0 0.0
9.62 0.0 0.0 0.0 0.0
9.64 0.0 0.0 0.0 0.0
9.66 0.0 0.0 0.0 0.0
9.68 0.0 0.0 0.0 0.0
9.7 0.0 0.0 0.0 0.0
9.72 0.0 0.0 0.0 0.0
9.74 0.0 0.0 0.0 0.0
9.76 0.0 0.0 0.0 0.0
9.78 0.0 0.0 0.0 0.0
9.8 0.0 0.0 0.0 0.0
9.82 0.0 0.0 0.0 0.0
9.84 0.0 0.0 0.0 0.0
9.86 0.0 0.0 0.0 0.0
9.88 0.0 0.0 0.0 0.0
9.9 0.0 0.0 0.0 0.0
9.92 0.0 0.0 0.0 0.0
9.94 0.0 0.0 0.0 0.0
9.96 0.0 0.0 0.0 0.0
9.98 0.0 0.0 0.0 0.0
10.0 0.0 0.0 0.0 0.0
10.02 0.0 0.0 0.0 0.0
10.04 0.0 0.0 0.0 0.0
10.06 0.0 0.0 0.0 0.0
10.08 0.0 0.0 0.0 0.0
10.1 0.0 0.0 0.0 0.0
10.12 0.0 0.0 0.0 -0.005840760702121641
10.14 0.0 0.0 0.0 -0.017522282106364924
10.16 0.0 0.0 0.019423414 -0.058407607021216404
10.18 0.0 0.0 0.058270242 -0.11097445334031117
10.2 0.0 0.0 0.106828777 -0.1869043424678925
10.22 0.0 0.0 0.145675605 -0.23947118878698725
10.24 0.0 0.0 0.203945847 -0.30371955651032534
10.26 0.0 0.0 0.233080968 -0.3329233600209335
10.28 -0.009711707 0.0 0.271927796 -0.3854902063400283
10.3 -0.009711707 0.0 0.29135121 -0.40301248844639315
10.32 0.0 0.0 0.330198038 -0.4438978133612447
10.34 0.0 0.0 0.359333159 -0.43221629195700145
10.36 0.0 0.0 0.407891694 -0.4438978133612447
10.38 0.0 0.0 0.41760340100000004 -0.4263755312548798
10.4 0.0 0.0 0.427315108 -0.4263755312548798
10.42 0.0 0.0 0.41760340100000004 -0.3913309670421499
10.44 0.0 0.0 0.407891694 -0.37964944563790665
10.46 0.0 0.0 0.38846828 -0.33876412072305523
10.48 0.0 0.0 0.378756573 -0.309560317212447
10.5 0.0 0.0 0.359333159 -0.26283423159547387
10.52 0.0 0.0 0.34962145200000005 -0.22778966738274398
10.54 0.0 0.0 0.320486331 -0.18106358176577086
10.56 0.0 0.0 0.29135121 -0.13433749614879772
10.58 0.0 0.0 0.252504382 -0.08761141053182461
10.6 0.0 0.0 0.213657554 -0.046726085616973126
10.62 0.0 0.0 0.17481072600000003 -0.005840760702121641
10.64 0.0 0.0 0.135963898 0.029203803510608202
10.66 0.009711707 0.0 0.09711707 0.07592988912758133
10.68 0.009711707 0.0 0.058270242 0.13433749614879772
10.7 0.009711707 0.0 0.029135121 0.17522282106364923
10.72 0.009711707 0.0 0.0 0.23363042808486562
10.74 0.009711707 0.0 -0.009711707 0.26283423159547387
10.76 0.019423414 0.0 -0.048558535 0.3212418386166902
10.78 0.019423414 0.0 -0.08740536300000001 0.35044564212729845
10.8 0.029135121 0.0 -0.135963898 0.40301248844639315
10.82 0.038846828 0.0 -0.17481072600000003 0.41469400985063654
10.84 0.038846828 0.0 -0.233080968 0.4614200954676096
10.86 0.038846828 0.0 -0.262216089 0.45557933476548795
10.88 0.038846828 0.0 -0.30106291700000004 0.48478313827609615
10.9 0.038846828 0.0 -0.320486331 0.4614200954676096
10.92 0.058270242 0.0 -0.339909745 0.47310161687185287
10.94 0.077693656 -0.005840760702121641 -0.34962145200000005 0.4380570526591231
10.96 0.09711707 -0.011681521404243281 -0.369044866 0.43221629195700145
10.98 0.106828777 -0.011681521404243281 -0.359333159 0.37964944563790665
11.0 0.135963898 -0.017522282106364924 -0.359333159 0.33876412072305523
11.02 0.155387312 -0.029203803510608202 -0.339909745 0.26867499229759545
11.04 0.17481072600000003 -0.04088532491485148 -0.310774624 0.19274510317001414
11.06 0.203945847 -0.05256684631909477 -0.29135121 0.11681521404243281
11.08 0.233080968 -0.0700891284254597 -0.262216089 0.04088532491485148
11.1 0.252504382 -0.0700891284254597 -0.233080968 0.0
11.12 0.262216089 -0.058407607021216404 -0.213657554 -0.03504456421272985
11.14 0.242792675 -0.017522282106364924 -0.19423414 -0.04088532491485148
11.16 0.203945847 0.04088532491485148 -0.184522433 -0.046726085616973126
11.18 0.135963898 0.11097445334031117 -0.165099019 -0.04088532491485148
11.2 0.058270242 0.2102673852763791 -0.155387312 -0.03504456421272985
11.22 -0.009711707 0.2803565137018388 -0.135963898 -0.023363042808486563
11.24 -0.09711707 0.36796792423366337 -0.126252191 -0.017522282106364924
11.26 -0.165099019 0.4088532491485148 -0.116540484 -0.017522282106364924
11.28 -0.242792675 0.47310161687185287 -0.106828777 -0.011681521404243281
11.3 -0.30106291700000004 0.4789423775739745 -0.08740536300000001 -0.005840760702121641
11.32 -0.359333159 0.5139869417867043 -0.077693656 -0.005840760702121641
11.34 -0.398179987 0.4964646596803395 -0.058270242 -0.011681521404243281
11.36 -0.437026815 0.5023054203824611 -0.048558535 -0.005840760702121641
11.38 -0.44673852199999997 0.4789423775739745 -0.038846828 0.0
11.4 -0.475873643 0.46726085616973123 -0.029135121 0.0
11.42 -0.48558535 0.4438978133612447 -0.029135121 0.005840760702121641
11.44 -0.5147204710000001 0.41469400985063654 -0.038846828 0.0
11.46 -0.5147204710000001 0.36796792423366337 -0.038846828 -0.005840760702121641
11.48 -0.505008764 0.32708259931881184 -0.029135121 0.0
11.5 -0.48558535 0.2803565137018388 -0.019423414 0.0
11.52 -0.466161936 0.23947118878698725 -0.009711707 0.005840760702121641
11.54 -0.437026815 0.1869043424678925 -0.019423414 0.0
11.56 -0.41760340100000004 0.13433749614879772 -0.019423414 0.0
11.58 -0.38846828 0.08177064982970296 -0.029135121 0.0
11.6 -0.359333159 0.029203803510608202 -0.019423414 0.0
11.62 -0.310774624 -0.011681521404243281 -0.019423414 0.0
11.64 -0.271927796 -0.0700891284254597 -0.019423414 0.0
11.66 -0.22336926099999999 -0.11097445334031117 -0.019423414 0.0
11.68 -0.17481072600000003 -0.18106358176577086 -0.019423414 0.0
11.7 -0.135963898 -0.22778966738274398 -0.019423414 0.0
11.72 -0.08740536300000001 -0.292038035106082 -0.019423414 0.0
11.74 -0.048558535 -0.3212418386166902 -0.019423414 0.0
11.76 0.0 -0.37964944563790665 -0.029135121 0.0
11.78 0.019423414 -0.40301248844639315 -0.029135121 0.0
11.8 0.067981949 -0.4497385740633663 -0.029135121 0.0
11.82 0.116540484 -0.46726085616973123 -0.029135121 0.0
11.84 0.165099019 -0.4964646596803395 -0.038846828 0.0
11.86 0.203945847 -0.4964646596803395 -0.048558535 0.0
11.88 0.242792675 -0.5139869417867043 -0.048558535 0.0
11.9 0.271927796 -0.49062389897821784 -0.058270242 0.0
11.92 0.30106291700000004 -0.4964646596803395 -0.067981949 0.0
11.94 0.310774624 -0.4497385740633663 -0.077693656 0.005840760702121641
11.96 0.320486331 -0.4205347705527582 -0.09711707 0.017522282106364924
11.98 0.320486331 -0.36212716353154173 -0.126252191 0.023363042808486563
12.0 0.310774624 -0.2861972744039604 -0.155387312 0.029203803510608202
12.02 0.30106291700000004 -0.2044266245742574 -0.184522433 0.03504456421272985
12.04 0.281639503 -0.10513369263818954 -0.213657554 0.046726085616973126
12.06 0.262216089 -0.03504456421272985 -0.22336926099999999 0.05256684631909477
12.08 0.242792675 0.017522282106364924 -0.233080968 0.058407607021216404
12.1 0.22336926099999999 0.046726085616973126 -0.233080968 0.046726085616973126
12.12 0.203945847 0.058407607021216404 -0.203945847 0.011681521404243281
12.14 0.184522433 0.05256684631909477 -0.17481072600000003 -0.029203803510608202
12.16 0.17481072600000003 0.04088532491485148 -0.116540484 -0.10513369263818954
12.18 0.155387312 0.029203803510608202 -0.067981949 -0.18106358176577086
12.2 0.145675605 0.023363042808486563 0.0 -0.27451575299971714
12.22 0.126252191 0.017522282106364924 0.048558535 -0.33876412072305523
12.24 0.116540484 0.011681521404243281 0.126252191 -0.4205347705527582
12.26 0.09711707 0.011681521404243281 0.19423414 -0.4380570526591231
12.28 0.077693656 0.023363042808486563 0.262216089 -0.4789423775739745
12.3 0.058270242 0.005840760702121641 0.30106291700000004 -0.46726085616973123
12.32 0.058270242 0.0 0.34962145200000005 -0.5023054203824611
12.34 0.058270242 -0.011681521404243281 0.38846828 -0.48478313827609615
12.36 0.058270242 0.0 0.44673852199999997 -0.49062389897821784
12.38 0.058270242 0.0 0.475873643 -0.45557933476548795
12.4 0.048558535 0.005840760702121641 0.505008764 -0.43221629195700145
12.42 0.029135121 0.005840760702121641 0.495297057 -0.3913309670421499
12.44 0.019423414 0.0 0.495297057 -0.36796792423366337
12.46 0.009711707 0.0 0.475873643 -0.3329233600209335
12.48 0.009711707 0.0 0.475873643 -0.29787879580820364
12.5 0.019423414 0.0 0.45645022900000004 -0.23947118878698725
12.52 0.019423414 0.0 0.44673852199999997 -0.1869043424678925
12.54 0.019423414 0.0 0.407891694 -0.13433749614879772
12.56 0.019423414 0.0 0.378756573 -0.08177064982970296
12.58 0.019423414 0.0 0.339909745 -0.03504456421272985
12.6 0.019423414 0.0 0.30106291700000004 0.011681521404243281
12.62 0.019423414 0.0 0.262216089 0.058407607021216404
12.64 0.019423414 0.0 0.213657554 0.11681521404243281
12.66 0.019423414 0.0 0.17481072600000003 0.1577005389572843
12.68 0.019423414 0.0 0.126252191 0.22778966738274398
12.7 0.019423414 0.0 0.077693656 0.25699347089335217
12.72 0.019423414 0.0 0.038846828 0.3212418386166902
12.74 0.019423414 0.0 0.019423414 0.34460488142517687
12.76 0.019423414 0.0 -0.009711707 0.40301248844639315
12.78 0.029135121 0.0 -0.038846828 0.4205347705527582
12.8 0.038846828 0.0 -0.08740536300000001 0.4789423775739745
12.82 0.048558535 0.0 -0.126252191 0.47310161687185287
12.84 0.048558535 0.0 -0.17481072600000003 0.5081461810845828
12.86 0.058270242 0.0 -0.213657554 0.48478313827609615
12.88 0.058270242 -0.005840760702121641 -0.252504382 0.4964646596803395
12.9 0.077693656 -0.005840760702121641 -0.271927796 0.4614200954676096
12.92 0.08740536300000001 -0.005840760702121641 -0.30106291700000004 0.45557933476548795
12.94 0.106828777 -0.011681521404243281 -0.310774624 0.40301248844639315
12.96 0.126252191 -0.017522282106364924 -0.310774624 0.3562864028294201
12.98 0.145675605 -0.029203803510608202 -0.30106291700000004 0.2861972744039604
13.0 0.17481072600000003 -0.04088532491485148 -0.29135121 0.2102673852763791
13.02 0.203945847 -0.058407607021216404 -0.262216089 0.13433749614879772
13.04 0.233080968 -0.07592988912758133 -0.242792675 0.058407607021216404
13.06 0.262216089 -0.07592988912758133 -0.22336926099999999 0.005840760702121641
13.08 0.281639503 -0.058407607021216404 -0.203945847 -0.029203803510608202
13.1 0.271927796 -0.023363042808486563 -0.19423414 -0.04088532491485148
13.12 0.233080968 0.04088532491485148 -0.184522433 -0.046726085616973126
13.14 0.165099019 0.11097445334031117 -0.165099019 -0.04088532491485148
13.16 0.067981949 0.2102673852763791 -0.155387312 -0.029203803510608202
13.18 -0.009711707 0.2803565137018388 -0.135963898 -0.023363042808486563
13.2 -0.09711707 0.36796792423366337 -0.126252191 -0.017522282106364924
13.22 -0.17481072600000003 0.40301248844639315 -0.116540484 -0.017522282106364924
13.24 -0.252504382 0.47310161687185287 -0.106828777 -0.011681521404243281
13.26 -0.30106291700000004 0.4789423775739745 -0.08740536300000001 -0.011681521404243281
13.28 -0.359333159 0.5081461810845828 -0.077693656 -0.005840760702121641
13.3 -0.398179987 0.49062389897821784 -0.067981949 -0.017522282106364924
13.32 -0.427315108 0.4964646596803395 -0.038846828 -0.011681521404243281
13.34 -0.437026815 0.4789423775739745 -0.019423414 0.0
13.36 -0.44673852199999997 0.47310161687185287 -0.009711707 0.005840760702121641
13.38 -0.466161936 0.45557933476548795 -0.019423414 0.017522282106364924
13.4 -0.5147204710000001 0.4205347705527582 -0.048558535 0.0
13.42 -0.534143885 0.373808684935785 -0.067981949 0.0
13.44 -0.543855592 0.32708259931881184 -0.067981949 0.0
13.46 -0.524432178 0.2803565137018388 -0.048558535 0.0
13.48 -0.495297057 0.23363042808486562 -0.029135121 0.0
13.5 -0.44673852199999997 0.1869043424678925 -0.009711707 0.0
13.52 -0.407891694 0.1401782568509194 -0.009711707 0.0
13.54 -0.369044866 0.08761141053182461 -0.009711707 0.0
13.56 -0.339909745 0.03504456421272985 -0.009711707 0.0
13.58 -0.30106291700000004 -0.005840760702121641 -0.009711707 0.0
13.6 -0.271927796 -0.06424836772333804 -0.019423414 0.0
13.62 -0.22336926099999999 -0.11681521404243281 -0.019423414 0.0
13.64 -0.184522433 -0.1869043424678925 -0.029135121 0.0
13.66 -0.135963898 -0.22778966738274398 -0.019423414 0.0
13.68 -0.09711707 -0.292038035106082 -0.019423414 0.0
13.7 -0.048558535 -0.3212418386166902 -0.019423414 0.0
13.72 -0.009711707 -0.37964944563790665 -0.019423414 0.0
13.74 0.019423414 -0.40301248844639315 -0.029135121 0.0
13.76 0.067981949 -0.4497385740633663 -0.029135121 0.0
13.78 0.106828777 -0.4614200954676096 -0.029135121 0.0
13.8 0.155387312 -0.4964646596803395 -0.038846828 0.0
13.82 0.19423414 -0.4964646596803395 -0.048558535 0.0
13.84 0.242792675 -0.5139869417867043 -0.048558535 0.0
13.86 0.271927796 -0.49062389897821784 -0.058270242 0.0
13.88 0.30106291700000004 -0.4964646596803395 -0.067981949 0.0
13.9 0.310774624 -0.4497385740633663 -0.077693656 0.005840760702121641
13.92 0.320486331 -0.4263755312548798 -0.106828777 0.017522282106364924
13.94 0.320486331 -0.36212716353154173 -0.126252191 0.023363042808486563
13.96 0.310774624 -0.2861972744039604 -0.155387312 0.029203803510608202
13.98 0.30106291700000004 -0.19858586387213578 -0.184522433 0.03504456421272985
14.0 0.281639503 -0.10513369263818954 -0.213657554 0.05256684631909477
14.02 0.262216089 -0.03504456421272985 -0.22336926099999999 0.05256684631909477
14.04 0.242792675 0.017522282106364924 -0.233080968 0.058407607021216404
14.06 0.22336926099999999 0.046726085616973126 -0.233080968 0.046726085616973126
14.08 0.203945847 0.058407607021216404 -0.213657554 0.011681521404243281
14.1 0.184522433 0.05256684631909477 -0.17481072600000003 -0.029203803510608202
14.12 0.17481072600000003 0.04088532491485148 -0.116540484 -0.11097445334031117
14.14 0.155387312 0.029203803510608202 -0.067981949 -0.1869043424678925
14.16 0.145675605 0.023363042808486563 0.0 -0.2803565137018388
14.18 0.126252191 0.017522282106364924 0.048558535 -0.33876412072305523
14.2 0.116540484 0.011681521404243281 0.126252191 -0.41469400985063654
14.22 0.09711707 0.011681521404243281 0.19423414 -0.4380570526591231
14.24 0.08740536300000001 0.011681521404243281 0.271927796 -0.48478313827609615
14.26 0.077693656 0.005840760702121641 0.310774624 -0.47310161687185287
14.28 0.058270242 0.0 0.369044866 -0.5023054203824611
14.3 0.058270242 0.0 0.407891694 -0.4789423775739745
14.32 0.048558535 0.0 0.44673852199999997 -0.49062389897821784
14.34 0.048558535 0.0 0.466161936 -0.45557933476548795
14.36 0.038846828 0.0 0.495297057 -0.43221629195700145
14.38 0.029135121 0.0 0.48558535 -0.3913309670421499
14.4 0.019423414 0.0 0.48558535 -0.36796792423366337
14.42 0.009711707 0.0 0.475873643 -0.32708259931881184
14.44 0.009711707 0.0 0.475873643 -0.292038035106082
14.46 0.019423414 0.0 0.45645022900000004 -0.23363042808486562
14.48 0.019423414 0.0 0.44673852199999997 -0.1869043424678925
14.5 0.029135121 0.0 0.407891694 -0.13433749614879772
14.52 0.019423414 0.0 0.369044866 -0.08177064982970296
14.54 0.019423414 0.0 0.330198038 -0.03504456421272985
14.56 0.019423414 0.0 0.30106291700000004 0.011681521404243281
14.58 0.019423414 0.0 0.262216089 0.05256684631909477
14.6 0.019423414 0.0 0.22336926099999999 0.11681521404243281
14.62 0.019423414 0.0 0.17481072600000003 0.1577005389572843
14.64 0.019423414 0.0 0.126252191 0.22194890668062234
14.66 0.029135121 0.0 0.077693656 0.25699347089335217
14.68 0.019423414 0.0 0.048558535 0.32708259931881184
14.7 0.019423414 0.0 0.019423414 0.34460488142517687
14.72 0.019423414 0.0 -0.009711707 0.4088532491485148
14.74 0.029135121 0.0 -0.038846828 0.4205347705527582
14.76 0.029135121 0.0 -0.08740536300000001 0.47310161687185287
14.78 0.038846828 0.0 -0.126252191 0.47310161687185287
14.8 0.048558535 0.0 -0.17481072600000003 0.5081461810845828
14.82 0.058270242 0.0 -0.213657554 0.49062389897821784
14.84 0.067981949 0.0 -0.252504382 0.5023054203824611
14.86 0.077693656 -0.005840760702121641 -0.271927796 0.4614200954676096
14.88 0.08740536300000001 -0.005840760702121641 -0.30106291700000004 0.4497385740633663
14.9 0.106828777 -0.011681521404243281 -0.310774624 0.39717172774427156
14.92 0.126252191 -0.017522282106364924 -0.310774624 0.35044564212729845
14.94 0.145675605 -0.029203803510608202 -0.30106291700000004 0.2803565137018388
14.96 0.17481072600000003 -0.04088532491485148 -0.29135121 0.2102673852763791
14.98 0.203945847 -0.058407607021216404 -0.262216089 0.12849673544667609
15.0 0.233080968 -0.07592988912758133 -0.242792675 0.058407607021216404
15.02 0.262216089 -0.07592988912758133 -0.213657554 0.005840760702121641
15.04 0.271927796 -0.058407607021216404 -0.203945847 -0.029203803510608202
15.06 0.271927796 -0.023363042808486563 -0.184522433 -0.04088532491485148
15.08 0.233080968 0.03504456421272985 -0.184522433 -0.046726085616973126
15.1 0.165099019 0.10513369263818954 -0.165099019 -0.04088532491485148
15.12 0.067981949 0.2044266245742574 -0.155387312 -0.03504456421272985
15.14 -0.009711707 0.2803565137018388 -0.135963898 -0.023363042808486563
15.16 -0.09711707 0.36796792423366337 -0.126252191 -0.017522282106364924
15.18 -0.17481072600000003 0.40301248844639315 -0.116540484 -0.017522282106364924
15.2 -0.252504382 0.46726085616973123 -0.106828777 -0.011681521404243281
15.22 -0.30106291700000004 0.4789423775739745 -0.08740536300000001 -0.011681521404243281
15.24 -0.359333159 0.5081461810845828 -0.077693656 -0.005840760702121641
15.26 -0.398179987 0.49062389897821784 -0.067981949 -0.017522282106364924
15.28 -0.427315108 0.4964646596803395 -0.038846828 -0.011681521404243281
15.3 -0.437026815 0.4789423775739745 -0.019423414 0.0
15.32 -0.44673852199999997 0.47310161687185287 -0.009711707 0.005840760702121641
15.34 -0.466161936 0.4497385740633663 -0.019423414 0.017522282106364924
15.36 -0.505008764 0.4205347705527582 -0.048558535 0.0
15.38 -0.534143885 0.373808684935785 -0.067981949 0.0
15.4 -0.543855592 0.32708259931881184 -0.067981949 0.0
15.42 -0.524432178 0.2861972744039604 -0.038846828 0.0
15.44 -0.505008764 0.24531194948910892 -0.029135121 0.0
15.46 -0.45645022900000004 0.19274510317001414 -0.009711707 0.0
15.48 -0.41760340100000004 0.1401782568509194 -0.009711707 0.0
15.5 -0.369044866 0.08761141053182461 -0.009711707 0.0
15.52 -0.339909745 0.03504456421272985 -0.009711707 0.0
15.54 -0.30106291700000004 -0.011681521404243281 -0.009711707 0.0
15.56 -0.271927796 -0.0700891284254597 -0.019423414 0.0
15.58 -0.22336926099999999 -0.11681521404243281 -0.019423414 0.0
15.6 -0.184522433 -0.18106358176577086 -0.019423414 0.0
15.62 -0.135963898 -0.22778966738274398 -0.019423414 0.0
15.64 -0.08740536300000001 -0.292038035106082 -0.019423414 0.0
15.66 -0.048558535 -0.3212418386166902 -0.019423414 0.0
15.68 -0.009711707 -0.37964944563790665 -0.019423414 0.0
15.7 0.019423414 -0.40301248844639315 -0.029135121 0.0
15.72 0.067981949 -0.4497385740633663 -0.029135121 0.0
15.74 0.106828777 -0.46726085616973123 -0.029135121 0.0
15.76 0.155387312 -0.4964646596803395 -0.038846828 0.0
15.78 0.19423414 -0.4964646596803395 -0.048558535 0.0
15.8 0.242792675 -0.519827702488826 -0.048558535 0.0
15.82 0.271927796 -0.49062389897821784 -0.058270242 0.0
15.84 0.30106291700000004 -0.4964646596803395 -0.067981949 0.0
15.86 0.310774624 -0.4497385740633663 -0.077693656 0.005840760702121641
15.88 0.320486331 -0.4205347705527582 -0.106828777 0.017522282106364924
15.9 0.320486331 -0.3562864028294201 -0.126252191 0.023363042808486563
15.92 0.310774624 -0.2861972744039604 -0.155387312 0.029203803510608202
15.94 0.29135121 -0.2044266245742574 -0.184522433 0.03504456421272985
15.96 0.281639503 -0.10513369263818954 -0.213657554 0.05256684631909477
15.98 0.262216089 -0.03504456421272985 -0.22336926099999999 0.05256684631909477
16.0 0.242792675 0.017522282106364924 -0.233080968 0.058407607021216404
16.02 0.22336926099999999 0.046726085616973126 -0.233080968 0.046726085616973126
16.04 0.203945847 0.058407607021216404 -0.213657554 0.011681521404243281
16.06 0.184522433 0.05256684631909477 -0.17481072600000003 -0.029203803510608202
16.08 0.17481072600000003 0.04088532491485148 -0.116540484 -0.11097445334031117
16.1 0.155387312 0.029203803510608202 -0.067981949 -0.1869043424678925
16.12 0.145675605 0.023363042808486563 0.0 -0.2803565137018388
16.14 0.126252191 0.017522282106364924 0.048558535 -0.33876412072305523
16.16 0.116540484 0.011681521404243281 0.126252191 -0.4205347705527582
16.18 0.09711707 0.011681521404243281 0.19423414 -0.4380570526591231
16.2 0.08740536300000001 0.005840760702121641 0.262216089 -0.4789423775739745
16.22 0.077693656 0.005840760702121641 0.310774624 -0.46726085616973123
16.24 0.058270242 0.005840760702121641 0.369044866 -0.4964646596803395
16.26 0.058270242 0.0 0.407891694 -0.4789423775739745
16.28 0.048558535 0.0 0.44673852199999997 -0.4964646596803395
16.3 0.048558535 0.0 0.475873643 -0.4614200954676096
16.32 0.038846828 0.005840760702121641 0.495297057 -0.4438978133612447
16.34 0.019423414 0.0 0.48558535 -0.39717172774427156
16.36 0.019423414 0.0 0.48558535 -0.373808684935785
16.38 0.019423414 -0.005840760702121641 0.475873643 -0.3329233600209335
16.4 0.019423414 0.0 0.475873643 -0.292038035106082
16.42 0.019423414 0.0 0.45645022900000004 -0.23947118878698725
16.44 0.029135121 0.0 0.44673852199999997 -0.1869043424678925
16.46 0.029135121 0.0 0.407891694 -0.13433749614879772
16.48 0.029135121 0.0 0.378756573 -0.08177064982970296
16.5 0.019423414 0.0 0.330198038 -0.03504456421272985
16.52 0.019423414 0.0 0.30106291700000004 0.011681521404243281
16.54 0.009711707 0.0 0.252504382 0.05256684631909477
16.56 0.009711707 0.0 0.213657554 0.11097445334031117
16.58 0.019423414 0.0 0.17481072600000003 0.1577005389572843
16.6 0.019423414 0.0 0.126252191 0.22194890668062234
16.62 0.019423414 0.0 0.08740536300000001 0.26283423159547387
16.64 0.019423414 0.0 0.048558535 0.32708259931881184
16.66 0.019423414 0.0 0.009711707 0.34460488142517687
16.68 0.019423414 0.0 -0.009711707 0.40301248844639315
16.7 0.029135121 0.0 -0.038846828 0.41469400985063654
16.72 0.038846828 0.0 -0.08740536300000001 0.47310161687185287
16.74 0.038846828 0.0 -0.126252191 0.47310161687185287
16.76 0.048558535 0.0 -0.184522433 0.5081461810845828
16.78 0.058270242 0.0 -0.213657554 0.49062389897821784
16.8 0.067981949 0.0 -0.252504382 0.4964646596803395
16.82 0.077693656 -0.005840760702121641 -0.271927796 0.4614200954676096
16.84 0.08740536300000001 -0.005840760702121641 -0.30106291700000004 0.45557933476548795
16.86 0.106828777 -0.011681521404243281 -0.310774624 0.40301248844639315
16.88 0.126252191 -0.017522282106364924 -0.310774624 0.3562864028294201
16.9 0.145675605 -0.023363042808486563 -0.30106291700000004 0.2803565137018388
16.92 0.17481072600000003 -0.04088532491485148 -0.29135121 0.2044266245742574
16.94 0.203945847 -0.058407607021216404 -0.262216089 0.12849673544667609
16.96 0.233080968 -0.07592988912758133 -0.242792675 0.05256684631909477
16.98 0.252504382 -0.07592988912758133 -0.22336926099999999 0.0
17.0 0.271927796 -0.058407607021216404 -0.203945847 -0.029203803510608202
17.02 0.271927796 -0.023363042808486563 -0.19423414 -0.04088532491485148
17.04 0.233080968 0.03504456421272985 -0.184522433 -0.046726085616973126
17.06 0.165099019 0.11097445334031117 -0.165099019 -0.04088532491485148
17.08 0.077693656 0.2102673852763791 -0.155387312 -0.03504456421272985
17.1 0.0 0.2803565137018388 -0.135963898 -0.023363042808486563
17.12 -0.09711707 0.36796792423366337 -0.126252191 -0.017522282106364924
17.14 -0.17481072600000003 0.40301248844639315 -0.116540484 -0.017522282106364924
17.16 -0.252504382 0.46726085616973123 -0.106828777 -0.017522282106364924
17.18 -0.30106291700000004 0.47310161687185287 -0.08740536300000001 -0.011681521404243281
17.2 -0.359333159 0.5081461810845828 -0.077693656 -0.005840760702121641
17.22 -0.398179987 0.49062389897821784 -0.067981949 -0.017522282106364924
17.24 -0.427315108 0.49062389897821784 -0.029135121 -0.017522282106364924
17.26 -0.41760340100000004 0.4789423775739745 0.0 -0.005840760702121641
17.28 -0.427315108 0.47310161687185287 0.009711707 0.005840760702121641
17.3 -0.44673852199999997 0.46726085616973123 0.0 0.029203803510608202
17.32 -0.505008764 0.4263755312548798 -0.048558535 0.005840760702121641
17.34 -0.553567299 0.373808684935785 -0.08740536300000001 0.0
17.36 -0.5924141270000001 0.3212418386166902 -0.08740536300000001 0.0
17.38 -0.563279006 0.27451575299971714 -0.058270242 -0.005840760702121641
17.4 -0.505008764 0.23363042808486562 -0.038846828 -0.005840760702121641
17.42 -0.437026815 0.1869043424678925 -0.019423414 0.0
17.44 -0.38846828 0.1401782568509194 -0.009711707 0.0
17.46 -0.34962145200000005 0.09345217123394625 0.0 0.0
17.48 -0.330198038 0.04088532491485148 0.0 0.0
17.5 -0.29135121 0.0 -0.009711707 0.0
17.52 -0.271927796 -0.0700891284254597 -0.019423414 0.0
17.54 -0.233080968 -0.11681521404243281 -0.019423414 0.0
17.56 -0.19423414 -0.18106358176577086 -0.029135121 0.0
17.58 -0.145675605 -0.22778966738274398 -0.029135121 0.0
17.6 -0.09711707 -0.292038035106082 -0.019423414 0.0
17.62 -0.048558535 -0.3212418386166902 -0.019423414 0.0
17.64 -0.009711707 -0.37964944563790665 -0.019423414 0.0
17.66 0.019423414 -0.4088532491485148 -0.019423414 0.0
17.68 0.058270242 -0.45557933476548795 -0.029135121 0.0
17.7 0.106828777 -0.47310161687185287 -0.029135121 0.0
17.72 0.155387312 -0.4964646596803395 -0.038846828 0.0
17.74 0.19423414 -0.4964646596803395 -0.038846828 0.0
17.76 0.242792675 -0.5139869417867043 -0.048558535 0.0
17.78 0.271927796 -0.49062389897821784 -0.058270242 0.0
17.8 0.30106291700000004 -0.4964646596803395 -0.067981949 0.0
17.82 0.310774624 -0.4497385740633663 -0.077693656 0.005840760702121641
17.84 0.320486331 -0.4205347705527582 -0.106828777 0.017522282106364924
17.86 0.320486331 -0.3562864028294201 -0.126252191 0.023363042808486563
17.88 0.310774624 -0.2861972744039604 -0.155387312 0.029203803510608202
17.9 0.30106291700000004 -0.19858586387213578 -0.184522433 0.03504456421272985
17.92 0.281639503 -0.10513369263818954 -0.213657554 0.05256684631909477
17.94 0.262216089 -0.03504456421272985 -0.22336926099999999 0.05256684631909477
17.96 0.242792675 0.017522282106364924 -0.233080968 0.058407607021216404
17.98 0.22336926099999999 0.046726085616973126 -0.233080968 0.046726085616973126
18.0 0.203945847 0.058407607021216404 -0.213657554 0.011681521404243281
18.02 0.184522433 0.05256684631909477 -0.17481072600000003 -0.029203803510608202
18.04 0.17481072600000003 0.04088532491485148 -0.116540484 -0.11097445334031117
18.06 0.155387312 0.029203803510608202 -0.067981949 -0.1869043424678925
18.08 0.145675605 0.023363042808486563 0.0 -0.2803565137018388
18.1 0.126252191 0.017522282106364924 0.048558535 -0.33876412072305523
18.12 0.116540484 0.011681521404243281 0.126252191 -0.41469400985063654
18.14 0.09711707 0.005840760702121641 0.19423414 -0.43221629195700145
18.16 0.08740536300000001 0.011681521404243281 0.271927796 -0.4789423775739745
18.18 0.077693656 0.005840760702121641 0.310774624 -0.46726085616973123
18.2 0.067981949 0.005840760702121641 0.369044866 -0.4964646596803395
18.22 0.058270242 0.0 0.398179987 -0.4789423775739745
18.24 0.048558535 0.0 0.44673852199999997 -0.49062389897821784
18.26 0.048558535 0.0 0.466161936 -0.4614200954676096
18.28 0.038846828 0.005840760702121641 0.48558535 -0.4438978133612447
18.3 0.019423414 0.0 0.48558535 -0.39717172774427156
18.32 0.019423414 0.0 0.48558535 -0.373808684935785
18.34 0.019423414 0.0 0.475873643 -0.3329233600209335
18.36 0.019423414 0.0 0.475873643 -0.292038035106082
18.38 0.019423414 0.0 0.466161936 -0.23363042808486562
18.4 0.019423414 0.0 0.44673852199999997 -0.1869043424678925
18.42 0.019423414 0.0 0.407891694 -0.13433749614879772
18.44 0.019423414 0.0 0.378756573 -0.08177064982970296
18.46 0.019423414 0.0 0.330198038 -0.03504456421272985
18.48 0.019423414 0.0 0.30106291700000004 0.011681521404243281
18.5 0.019423414 0.0 0.262216089 0.05256684631909477
18.52 0.019423414 0.0 0.22336926099999999 0.11097445334031117
18.54 0.019423414 0.0 0.17481072600000003 0.1577005389572843
18.56 0.019423414 0.0 0.126252191 0.22778966738274398
18.58 0.029135121 0.0 0.08740536300000001 0.25699347089335217
18.6 0.019423414 0.0 0.048558535 0.3212418386166902
18.62 0.019423414 0.0 0.019423414 0.34460488142517687
18.64 0.019423414 0.0 -0.009711707 0.40301248844639315
18.66 0.029135121 0.0 -0.038846828 0.4205347705527582
18.68 0.038846828 0.0 -0.08740536300000001 0.47310161687185287
18.7 0.048558535 0.0 -0.126252191 0.47310161687185287
18.72 0.048558535 0.0 -0.17481072600000003 0.5081461810845828
18.74 0.058270242 0.0 -0.213657554 0.49062389897821784
18.76 0.067981949 -0.005840760702121641 -0.252504382 0.4964646596803395
18.78 0.077693656 -0.005840760702121641 -0.271927796 0.4614200954676096
18.8 0.08740536300000001 -0.005840760702121641 -0.30106291700000004 0.45557933476548795
18.82 0.106828777 -0.011681521404243281 -0.310774624 0.40301248844639315
18.84 0.126252191 -0.017522282106364924 -0.310774624 0.3562864028294201
18.86 0.145675605 -0.029203803510608202 -0.30106291700000004 0.2803565137018388
18.88 0.17481072600000003 -0.046726085616973126 -0.29135121 0.2044266245742574
18.9 0.203945847 -0.058407607021216404 -0.262216089 0.13433749614879772
18.92 0.233080968 -0.07592988912758133 -0.242792675 0.058407607021216404
18.94 0.262216089 -0.07592988912758133 -0.22336926099999999 0.005840760702121641
18.96 0.271927796 -0.058407607021216404 -0.203945847 -0.029203803510608202
18.98 0.271927796 -0.023363042808486563 -0.19423414 -0.04088532491485148
19.0 0.233080968 0.03504456421272985 -0.184522433 -0.046726085616973126
19.02 0.155387312 0.11097445334031117 -0.165099019 -0.04088532491485148
19.04 0.067981949 0.2102673852763791 -0.155387312 -0.03504456421272985
19.06 -0.009711707 0.2803565137018388 -0.135963898 -0.023363042808486563
19.08 -0.09711707 0.36796792423366337 -0.126252191 -0.023363042808486563
19.1 -0.17481072600000003 0.40301248844639315 -0.116540484 -0.017522282106364924
19.12 -0.252504382 0.47310161687185287 -0.106828777 -0.011681521404243281
19.14 -0.310774624 0.4789423775739745 -0.08740536300000001 -0.011681521404243281
19.16 -0.359333159 0.5081461810845828 -0.077693656 -0.005840760702121641
19.18 -0.398179987 0.49062389897821784 -0.058270242 -0.017522282106364924
19.2 -0.427315108 0.49062389897821784 -0.029135121 -0.017522282106364924
19.22 -0.41760340100000004 0.4789423775739745 0.0 -0.005840760702121641
19.24 -0.427315108 0.4789423775739745 0.0 0.005840760702121641
19.26 -0.44673852199999997 0.46726085616973123 -0.009711707 0.023363042808486563
19.28 -0.505008764 0.4263755312548798 -0.048558535 0.005840760702121641
19.3 -0.553567299 0.373808684935785 -0.08740536300000001 0.0
19.32 -0.58270242 0.3212418386166902 -0.08740536300000001 0.0
19.34 -0.563279006 0.27451575299971714 -0.058270242 -0.005840760702121641
19.36 -0.505008764 0.23363042808486562 -0.038846828 -0.005840760702121641
19.38 -0.437026815 0.18106358176577086 -0.019423414 0.0
19.4 -0.38846828 0.1401782568509194 -0.009711707 0.0
19.42 -0.359333159 0.09345217123394625 0.0 0.0
19.44 -0.330198038 0.04088532491485148 0.0 0.0
19.46 -0.29135121 -0.011681521404243281 -0.009711707 0.0
19.48 -0.271927796 -0.06424836772333804 -0.019423414 0.0
19.5 -0.233080968 -0.11681521404243281 -0.019423414 0.0
19.52 -0.19423414 -0.1869043424678925 -0.029135121 0.0
19.54 -0.145675605 -0.22778966738274398 -0.019423414 0.0
19.56 -0.09711707 -0.292038035106082 -0.019423414 0.0
19.58 -0.048558535 -0.3212418386166902 -0.019423414 0.0
19.6 -0.009711707 -0.37964944563790665 -0.019423414 0.0
19.62 0.019423414 -0.40301248844639315 -0.029135121 0.0
19.64 0.067981949 -0.45557933476548795 -0.029135121 0.0
19.66 0.106828777 -0.47310161687185287 -0.029135121 0.0
19.68 0.155387312 -0.5023054203824611 -0.038846828 0.0
19.7 0.203945847 -0.4964646596803395 -0.048558535 0.0
19.72 0.242792675 -0.5139869417867043 -0.048558535 0.0
19.74 0.271927796 -0.49062389897821784 -0.058270242 0.0
19.76 0.30106291700000004 -0.49062389897821784 -0.067981949 0.0
19.78 0.310774624 -0.4438978133612447 -0.077693656 0.005840760702121641
19.8 0.320486331 -0.4205347705527582 -0.09711707 0.017522282106364924
19.82 0.320486331 -0.36212716353154173 -0.126252191 0.023363042808486563
19.84 0.310774624 -0.2861972744039604 -0.155387312 0.029203803510608202
19.86 0.30106291700000004 -0.2044266245742574 -0.184522433 0.03504456421272985
19.88 0.281639503 -0.10513369263818954 -0.213657554 0.046726085616973126
19.9 0.262216089 -0.03504456421272985 -0.22336926099999999 0.05256684631909477
19.92 0.242792675 0.017522282106364924 -0.233080968 0.058407607021216404
19.94 0.22336926099999999 0.046726085616973126 -0.233080968 0.046726085616973126
19.96 0.203945847 0.058407607021216404 -0.213657554 0.011681521404243281
19.98 0.184522433 0.05256684631909477 -0.17481072600000003 -0.029203803510608202
20.0 0.17481072600000003 0.04088532491485148 -0.116540484 -0.11097445334031117
