jeudi 12 décembre 2024	16:58:12	Sampling Period : 50  ms		Experiment

t	Alpha1L		Alpha2L		Alpha1R		Alpha2R		T_Alpha1L	T_Alpha2L	T_Alpha1R	T_Alpha2R
0	0,000000E+0	0,000000E+0	0,000000E+0	0,000000E+0
1	0,000000E+0	0,000000E+0	0,000000E+0	0,000000E+0
2	0,000000E+0	0,000000E+0	0,000000E+0	0,000000E+0
3	0,000000E+0	0,000000E+0	0,000000E+0	0,000000E+0
4	0,000000E+0	0,000000E+0	0,000000E+0	0,000000E+0
5	0,000000E+0	2,000000E+0	0,000000E+0	0,000000E+0
6	65,535000E+3	5,000000E+0	0,000000E+0	0,000000E+0
7	65,534000E+3	7,000000E+0	0,000000E+0	0,000000E+0
8	65,533000E+3	8,000000E+0	0,000000E+0	0,000000E+0
9	65,533000E+3	9,000000E+0	0,000000E+0	0,000000E+0
10	65,533000E+3	9,000000E+0	0,000000E+0	0,000000E+0
11	65,532000E+3	10,000000E+0	0,000000E+0	0,000000E+0
12	65,532000E+3	9,000000E+0	0,000000E+0	0,000000E+0
13	65,532000E+3	9,000000E+0	0,000000E+0	0,000000E+0
14	65,532000E+3	9,000000E+0	0,000000E+0	0,000000E+0
15	65,532000E+3	9,000000E+0	0,000000E+0	0,000000E+0
16	65,533000E+3	9,000000E+0	0,000000E+0	0,000000E+0
17	65,532000E+3	9,000000E+0	0,000000E+0	0,000000E+0
18	65,532000E+3	9,000000E+0	0,000000E+0	0,000000E+0
19	65,532000E+3	9,000000E+0	0,000000E+0	0,000000E+0
20	65,532000E+3	8,000000E+0	0,000000E+0	0,000000E+0
21	65,532000E+3	8,000000E+0	0,000000E+0	0,000000E+0
22	65,532000E+3	8,000000E+0	0,000000E+0	0,000000E+0
23	65,532000E+3	8,000000E+0	0,000000E+0	0,000000E+0
24	65,532000E+3	8,000000E+0	0,000000E+0	0,000000E+0
25	65,532000E+3	9,000000E+0	0,000000E+0	0,000000E+0
26	65,532000E+3	9,000000E+0	0,000000E+0	0,000000E+0
27	65,532000E+3	10,000000E+0	0,000000E+0	0,000000E+0
28	65,532000E+3	9,000000E+0	0,000000E+0	0,000000E+0
29	65,532000E+3	9,000000E+0	0,000000E+0	0,000000E+0
30	65,532000E+3	8,000000E+0	0,000000E+0	0,000000E+0
31	65,532000E+3	9,000000E+0	0,000000E+0	0,000000E+0
32	65,532000E+3	9,000000E+0	0,000000E+0	0,000000E+0
33	65,532000E+3	9,000000E+0	0,000000E+0	0,000000E+0
34	65,532000E+3	8,000000E+0	0,000000E+0	0,000000E+0
35	65,532000E+3	9,000000E+0	0,000000E+0	0,000000E+0
36	65,532000E+3	9,000000E+0	0,000000E+0	0,000000E+0
37	65,532000E+3	9,000000E+0	0,000000E+0	0,000000E+0
38	65,532000E+3	9,000000E+0	0,000000E+0	0,000000E+0
39	65,532000E+3	9,000000E+0	0,000000E+0	0,000000E+0
40	65,533000E+3	8,000000E+0	0,000000E+0	0,000000E+0
41	65,533000E+3	8,000000E+0	0,000000E+0	0,000000E+0
42	65,533000E+3	8,000000E+0	0,000000E+0	0,000000E+0
43	65,533000E+3	8,000000E+0	0,000000E+0	0,000000E+0
44	65,533000E+3	8,000000E+0	0,000000E+0	0,000000E+0
45	65,533000E+3	9,000000E+0	0,000000E+0	0,000000E+0
46	65,533000E+3	8,000000E+0	0,000000E+0	0,000000E+0
47	65,533000E+3	8,000000E+0	0,000000E+0	0,000000E+0
48	65,533000E+3	8,000000E+0	0,000000E+0	0,000000E+0
49	65,532000E+3	8,000000E+0	0,000000E+0	0,000000E+0
50	65,532000E+3	8,000000E+0	0,000000E+0	0,000000E+0
51	65,533000E+3	8,000000E+0	0,000000E+0	0,000000E+0
52	65,533000E+3	8,000000E+0	0,000000E+0	0,000000E+0
53	65,533000E+3	8,000000E+0	0,000000E+0	0,000000E+0
54	65,533000E+3	8,000000E+0	0,000000E+0	0,000000E+0
55	65,533000E+3	8,000000E+0	0,000000E+0	0,000000E+0
56	65,533000E+3	8,000000E+0	0,000000E+0	0,000000E+0
57	65,533000E+3	8,000000E+0	0,000000E+0	0,000000E+0
58	65,533000E+3	8,000000E+0	0,000000E+0	0,000000E+0
59	65,533000E+3	8,000000E+0	0,000000E+0	0,000000E+0
60	65,533000E+3	8,000000E+0	0,000000E+0	0,000000E+0
61	65,533000E+3	8,000000E+0	0,000000E+0	0,000000E+0
62	65,533000E+3	7,000000E+0	0,000000E+0	0,000000E+0
63	65,533000E+3	7,000000E+0	0,000000E+0	0,000000E+0
64	65,533000E+3	7,000000E+0	0,000000E+0	0,000000E+0
65	65,533000E+3	7,000000E+0	0,000000E+0	0,000000E+0
66	65,533000E+3	7,000000E+0	0,000000E+0	0,000000E+0
67	65,533000E+3	7,000000E+0	0,000000E+0	0,000000E+0
68	65,533000E+3	7,000000E+0	0,000000E+0	0,000000E+0
69	65,533000E+3	7,000000E+0	0,000000E+0	0,000000E+0
70	65,533000E+3	7,000000E+0	0,000000E+0	0,000000E+0
71	65,533000E+3	7,000000E+0	0,000000E+0	0,000000E+0
72	65,533000E+3	7,000000E+0	0,000000E+0	0,000000E+0
73	65,533000E+3	7,000000E+0	0,000000E+0	0,000000E+0
74	65,533000E+3	7,000000E+0	0,000000E+0	0,000000E+0
75	65,533000E+3	7,000000E+0	0,000000E+0	0,000000E+0
76	65,533000E+3	7,000000E+0	0,000000E+0	0,000000E+0
77	65,533000E+3	7,000000E+0	0,000000E+0	0,000000E+0
78	65,533000E+3	7,000000E+0	0,000000E+0	0,000000E+0
79	65,533000E+3	7,000000E+0	0,000000E+0	0,000000E+0
80	65,533000E+3	7,000000E+0	0,000000E+0	0,000000E+0
81	65,533000E+3	7,000000E+0	0,000000E+0	0,000000E+0
82	65,533000E+3	7,000000E+0	0,000000E+0	0,000000E+0
83	65,533000E+3	7,000000E+0	0,000000E+0	0,000000E+0
84	65,533000E+3	7,000000E+0	0,000000E+0	0,000000E+0
85	65,533000E+3	7,000000E+0	0,000000E+0	0,000000E+0
86	65,533000E+3	7,000000E+0	0,000000E+0	0,000000E+0
87	65,533000E+3	6,000000E+0	0,000000E+0	0,000000E+0
88	65,533000E+3	6,000000E+0	0,000000E+0	0,000000E+0
89	65,533000E+3	6,000000E+0	0,000000E+0	0,000000E+0
90	65,533000E+3	6,000000E+0	0,000000E+0	0,000000E+0
91	65,533000E+3	6,000000E+0	0,000000E+0	0,000000E+0
92	65,533000E+3	6,000000E+0	0,000000E+0	0,000000E+0
93	65,533000E+3	6,000000E+0	0,000000E+0	0,000000E+0
94	65,533000E+3	6,000000E+0	0,000000E+0	0,000000E+0
95	65,533000E+3	7,000000E+0	0,000000E+0	0,000000E+0
96	65,533000E+3	6,000000E+0	0,000000E+0	0,000000E+0
97	65,533000E+3	7,000000E+0	0,000000E+0	0,000000E+0
98	65,533000E+3	6,000000E+0	0,000000E+0	0,000000E+0
99	65,533000E+3	7,000000E+0	0,000000E+0	0,000000E+0
100	65,533000E+3	7,000000E+0	0,000000E+0	0,000000E+0
101	65,533000E+3	7,000000E+0	0,000000E+0	0,000000E+0
102	65,533000E+3	6,000000E+0	0,000000E+0	0,000000E+0
103	65,533000E+3	6,000000E+0	0,000000E+0	0,000000E+0
104	65,533000E+3	6,000000E+0	0,000000E+0	0,000000E+0
105	65,533000E+3	6,000000E+0	0,000000E+0	0,000000E+0
106	65,533000E+3	6,000000E+0	0,000000E+0	0,000000E+0
107	65,533000E+3	7,000000E+0	0,000000E+0	0,000000E+0
108	65,534000E+3	7,000000E+0	0,000000E+0	0,000000E+0
109	65,534000E+3	7,000000E+0	0,000000E+0	0,000000E+0
110	65,534000E+3	6,000000E+0	0,000000E+0	0,000000E+0
111	65,534000E+3	6,000000E+0	0,000000E+0	0,000000E+0
112	65,534000E+3	6,000000E+0	0,000000E+0	0,000000E+0
113	65,534000E+3	6,000000E+0	0,000000E+0	0,000000E+0
114	65,534000E+3	6,000000E+0	0,000000E+0	0,000000E+0
115	65,533000E+3	6,000000E+0	0,000000E+0	0,000000E+0
116	65,533000E+3	6,000000E+0	0,000000E+0	0,000000E+0
117	65,533000E+3	6,000000E+0	0,000000E+0	0,000000E+0
118	65,533000E+3	6,000000E+0	0,000000E+0	0,000000E+0
119	65,533000E+3	6,000000E+0	0,000000E+0	0,000000E+0
120	65,534000E+3	6,000000E+0	0,000000E+0	0,000000E+0
121	65,534000E+3	6,000000E+0	0,000000E+0	0,000000E+0
122	65,534000E+3	6,000000E+0	0,000000E+0	0,000000E+0
123	65,534000E+3	6,000000E+0	0,000000E+0	0,000000E+0
124	65,534000E+3	6,000000E+0	0,000000E+0	0,000000E+0
125	65,534000E+3	7,000000E+0	0,000000E+0	0,000000E+0
126	65,534000E+3	7,000000E+0	0,000000E+0	0,000000E+0
127	65,534000E+3	7,000000E+0	0,000000E+0	0,000000E+0
128	65,534000E+3	6,000000E+0	0,000000E+0	0,000000E+0
129	65,534000E+3	6,000000E+0	0,000000E+0	0,000000E+0
130	65,534000E+3	5,000000E+0	0,000000E+0	0,000000E+0
131	65,534000E+3	5,000000E+0	0,000000E+0	0,000000E+0
132	65,534000E+3	5,000000E+0	0,000000E+0	0,000000E+0
133	65,534000E+3	6,000000E+0	0,000000E+0	0,000000E+0
134	65,534000E+3	6,000000E+0	0,000000E+0	0,000000E+0
135	65,534000E+3	5,000000E+0	0,000000E+0	0,000000E+0
136	65,534000E+3	5,000000E+0	0,000000E+0	0,000000E+0
137	65,534000E+3	5,000000E+0	0,000000E+0	0,000000E+0
138	65,534000E+3	5,000000E+0	0,000000E+0	0,000000E+0
139	65,534000E+3	5,000000E+0	0,000000E+0	0,000000E+0
140	65,534000E+3	5,000000E+0	0,000000E+0	0,000000E+0
141	65,534000E+3	5,000000E+0	0,000000E+0	0,000000E+0
142	65,534000E+3	5,000000E+0	0,000000E+0	0,000000E+0
143	65,534000E+3	5,000000E+0	0,000000E+0	0,000000E+0
144	65,534000E+3	5,000000E+0	0,000000E+0	0,000000E+0
145	65,534000E+3	5,000000E+0	0,000000E+0	0,000000E+0
146	65,534000E+3	5,000000E+0	0,000000E+0	0,000000E+0
147	65,534000E+3	5,000000E+0	0,000000E+0	0,000000E+0
148	65,534000E+3	5,000000E+0	0,000000E+0	0,000000E+0
149	65,534000E+3	5,000000E+0	0,000000E+0	0,000000E+0
150	65,534000E+3	4,000000E+0	0,000000E+0	0,000000E+0
151	65,534000E+3	4,000000E+0	0,000000E+0	0,000000E+0
152	65,534000E+3	4,000000E+0	0,000000E+0	0,000000E+0
153	65,534000E+3	5,000000E+0	0,000000E+0	0,000000E+0
154	65,534000E+3	5,000000E+0	0,000000E+0	0,000000E+0
155	65,534000E+3	5,000000E+0	0,000000E+0	0,000000E+0
156	65,534000E+3	5,000000E+0	0,000000E+0	0,000000E+0
157	65,534000E+3	5,000000E+0	0,000000E+0	0,000000E+0
158	65,534000E+3	5,000000E+0	0,000000E+0	0,000000E+0
159	65,534000E+3	4,000000E+0	0,000000E+0	0,000000E+0
160	65,534000E+3	4,000000E+0	0,000000E+0	0,000000E+0
161	65,534000E+3	4,000000E+0	0,000000E+0	0,000000E+0
162	65,534000E+3	4,000000E+0	0,000000E+0	0,000000E+0
163	65,534000E+3	4,000000E+0	0,000000E+0	0,000000E+0
164	65,534000E+3	4,000000E+0	0,000000E+0	0,000000E+0
165	65,534000E+3	4,000000E+0	0,000000E+0	0,000000E+0
166	65,534000E+3	4,000000E+0	0,000000E+0	0,000000E+0
167	65,534000E+3	4,000000E+0	0,000000E+0	0,000000E+0
168	65,534000E+3	4,000000E+0	0,000000E+0	0,000000E+0
169	65,534000E+3	4,000000E+0	0,000000E+0	0,000000E+0
170	65,534000E+3	3,000000E+0	0,000000E+0	0,000000E+0
171	65,534000E+3	4,000000E+0	0,000000E+0	0,000000E+0
172	65,534000E+3	4,000000E+0	0,000000E+0	0,000000E+0
173	65,534000E+3	4,000000E+0	0,000000E+0	0,000000E+0
174	65,534000E+3	4,000000E+0	0,000000E+0	0,000000E+0
175	65,535000E+3	4,000000E+0	0,000000E+0	0,000000E+0
176	65,535000E+3	4,000000E+0	0,000000E+0	0,000000E+0
177	65,535000E+3	4,000000E+0	0,000000E+0	0,000000E+0
178	65,535000E+3	4,000000E+0	0,000000E+0	0,000000E+0
179	65,535000E+3	4,000000E+0	0,000000E+0	0,000000E+0
180	65,535000E+3	3,000000E+0	0,000000E+0	0,000000E+0
181	65,535000E+3	3,000000E+0	0,000000E+0	0,000000E+0
182	65,535000E+3	3,000000E+0	0,000000E+0	0,000000E+0
183	65,535000E+3	3,000000E+0	0,000000E+0	0,000000E+0
184	65,535000E+3	3,000000E+0	0,000000E+0	0,000000E+0
185	65,535000E+3	3,000000E+0	0,000000E+0	0,000000E+0
186	65,535000E+3	3,000000E+0	0,000000E+0	0,000000E+0
187	65,535000E+3	3,000000E+0	0,000000E+0	0,000000E+0
188	65,535000E+3	3,000000E+0	0,000000E+0	0,000000E+0
189	65,535000E+3	3,000000E+0	0,000000E+0	0,000000E+0
190	65,535000E+3	3,000000E+0	0,000000E+0	0,000000E+0
191	65,535000E+3	3,000000E+0	0,000000E+0	0,000000E+0
192	65,535000E+3	3,000000E+0	0,000000E+0	0,000000E+0
193	65,535000E+3	3,000000E+0	0,000000E+0	0,000000E+0
194	65,535000E+3	2,000000E+0	0,000000E+0	0,000000E+0
195	65,535000E+3	2,000000E+0	0,000000E+0	0,000000E+0
196	65,535000E+3	2,000000E+0	0,000000E+0	0,000000E+0
197	65,535000E+3	3,000000E+0	0,000000E+0	0,000000E+0
198	65,535000E+3	3,000000E+0	0,000000E+0	0,000000E+0
199	65,535000E+3	3,000000E+0	0,000000E+0	0,000000E+0
200	65,535000E+3	3,000000E+0	0,000000E+0	0,000000E+0
201	65,535000E+3	2,000000E+0	0,000000E+0	0,000000E+0
202	65,535000E+3	2,000000E+0	0,000000E+0	0,000000E+0
203	65,535000E+3	2,000000E+0	0,000000E+0	0,000000E+0
204	65,535000E+3	2,000000E+0	0,000000E+0	0,000000E+0
205	65,535000E+3	2,000000E+0	0,000000E+0	0,000000E+0
206	65,535000E+3	2,000000E+0	0,000000E+0	0,000000E+0
207	65,535000E+3	2,000000E+0	0,000000E+0	0,000000E+0
208	65,535000E+3	2,000000E+0	0,000000E+0	0,000000E+0
209	65,535000E+3	2,000000E+0	0,000000E+0	0,000000E+0
210	65,535000E+3	2,000000E+0	0,000000E+0	0,000000E+0
211	65,535000E+3	2,000000E+0	0,000000E+0	0,000000E+0
212	65,535000E+3	2,000000E+0	0,000000E+0	0,000000E+0
213	65,535000E+3	2,000000E+0	0,000000E+0	0,000000E+0
214	65,535000E+3	2,000000E+0	0,000000E+0	0,000000E+0
215	65,535000E+3	2,000000E+0	0,000000E+0	0,000000E+0
216	65,535000E+3	2,000000E+0	0,000000E+0	0,000000E+0
217	65,535000E+3	2,000000E+0	0,000000E+0	0,000000E+0
218	65,535000E+3	2,000000E+0	0,000000E+0	0,000000E+0
219	65,535000E+3	2,000000E+0	0,000000E+0	0,000000E+0
220	65,535000E+3	2,000000E+0	0,000000E+0	0,000000E+0
221	65,535000E+3	2,000000E+0	0,000000E+0	0,000000E+0
222	65,535000E+3	1,000000E+0	0,000000E+0	0,000000E+0
223	65,535000E+3	1,000000E+0	0,000000E+0	0,000000E+0
224	0,000000E+0	1,000000E+0	0,000000E+0	0,000000E+0
225	0,000000E+0	1,000000E+0	0,000000E+0	0,000000E+0
226	0,000000E+0	1,000000E+0	0,000000E+0	0,000000E+0
227	0,000000E+0	1,000000E+0	0,000000E+0	0,000000E+0
228	0,000000E+0	1,000000E+0	0,000000E+0	0,000000E+0
229	0,000000E+0	1,000000E+0	0,000000E+0	0,000000E+0
230	0,000000E+0	1,000000E+0	0,000000E+0	0,000000E+0
231	0,000000E+0	1,000000E+0	0,000000E+0	0,000000E+0
232	0,000000E+0	1,000000E+0	0,000000E+0	0,000000E+0
233	65,535000E+3	1,000000E+0	0,000000E+0	0,000000E+0
234	65,535000E+3	1,000000E+0	0,000000E+0	0,000000E+0
235	65,535000E+3	1,000000E+0	0,000000E+0	0,000000E+0
236	0,000000E+0	1,000000E+0	0,000000E+0	0,000000E+0
237	0,000000E+0	1,000000E+0	0,000000E+0	0,000000E+0
238	0,000000E+0	0,000000E+0	0,000000E+0	0,000000E+0
239	0,000000E+0	0,000000E+0	0,000000E+0	0,000000E+0
240	0,000000E+0	0,000000E+0	0,000000E+0	0,000000E+0
241	0,000000E+0	1,000000E+0	0,000000E+0	0,000000E+0
242	0,000000E+0	1,000000E+0	0,000000E+0	0,000000E+0
243	0,000000E+0	1,000000E+0	0,000000E+0	0,000000E+0
244	0,000000E+0	0,000000E+0	0,000000E+0	0,000000E+0
245	0,000000E+0	0,000000E+0	0,000000E+0	0,000000E+0
246	0,000000E+0	0,000000E+0	0,000000E+0	0,000000E+0
247	0,000000E+0	0,000000E+0	0,000000E+0	0,000000E+0
248	0,000000E+0	0,000000E+0	0,000000E+0	0,000000E+0
249	0,000000E+0	0,000000E+0	0,000000E+0	0,000000E+0
250	0,000000E+0	0,000000E+0	0,000000E+0	0,000000E+0
251	0,000000E+0	0,000000E+0	0,000000E+0	0,000000E+0
252	0,000000E+0	0,000000E+0	0,000000E+0	0,000000E+0
253	0,000000E+0	0,000000E+0	0,000000E+0	0,000000E+0
254	0,000000E+0	0,000000E+0	0,000000E+0	0,000000E+0
255	0,000000E+0	0,000000E+0	0,000000E+0	0,000000E+0
256	0,000000E+0	0,000000E+0	0,000000E+0	0,000000E+0
257	0,000000E+0	0,000000E+0	0,000000E+0	0,000000E+0
258	0,000000E+0	0,000000E+0	0,000000E+0	0,000000E+0
259	0,000000E+0	0,000000E+0	0,000000E+0	0,000000E+0
260	0,000000E+0	0,000000E+0	0,000000E+0	0,000000E+0
261	0,000000E+0	0,000000E+0	0,000000E+0	0,000000E+0
262	0,000000E+0	0,000000E+0	0,000000E+0	0,000000E+0
263	0,000000E+0	0,000000E+0	0,000000E+0	0,000000E+0
264	0,000000E+0	0,000000E+0	0,000000E+0	0,000000E+0
265	0,000000E+0	0,000000E+0	0,000000E+0	0,000000E+0
266	0,000000E+0	0,000000E+0	0,000000E+0	0,000000E+0
267	0,000000E+0	0,000000E+0	0,000000E+0	0,000000E+0
268	0,000000E+0	0,000000E+0	0,000000E+0	0,000000E+0
269	0,000000E+0	0,000000E+0	0,000000E+0	0,000000E+0
270	0,000000E+0	0,000000E+0	0,000000E+0	0,000000E+0
271	0,000000E+0	0,000000E+0	0,000000E+0	0,000000E+0
272	0,000000E+0	0,000000E+0	0,000000E+0	0,000000E+0
273	0,000000E+0	0,000000E+0	0,000000E+0	0,000000E+0
274	0,000000E+0	0,000000E+0	0,000000E+0	0,000000E+0
275	0,000000E+0	0,000000E+0	0,000000E+0	0,000000E+0
276	0,000000E+0	0,000000E+0	0,000000E+0	0,000000E+0
277	0,000000E+0	0,000000E+0	0,000000E+0	0,000000E+0
278	0,000000E+0	0,000000E+0	0,000000E+0	0,000000E+0
279	0,000000E+0	0,000000E+0	0,000000E+0	0,000000E+0
280	0,000000E+0	0,000000E+0	0,000000E+0	0,000000E+0
281	0,000000E+0	0,000000E+0	0,000000E+0	0,000000E+0
282	0,000000E+0	0,000000E+0	0,000000E+0	0,000000E+0
283	0,000000E+0	0,000000E+0	0,000000E+0	0,000000E+0
284	0,000000E+0	0,000000E+0	0,000000E+0	0,000000E+0
285	0,000000E+0	0,000000E+0	0,000000E+0	0,000000E+0
286	0,000000E+0	0,000000E+0	0,000000E+0	0,000000E+0
287	0,000000E+0	0,000000E+0	0,000000E+0	0,000000E+0
288	0,000000E+0	0,000000E+0	0,000000E+0	0,000000E+0
289	0,000000E+0	0,000000E+0	0,000000E+0	0,000000E+0
290	0,000000E+0	0,000000E+0	0,000000E+0	0,000000E+0
291	0,000000E+0	0,000000E+0	0,000000E+0	0,000000E+0
292	0,000000E+0	0,000000E+0	0,000000E+0	0,000000E+0
293	0,000000E+0	0,000000E+0	0,000000E+0	0,000000E+0
294	0,000000E+0	0,000000E+0	0,000000E+0	0,000000E+0
295	0,000000E+0	0,000000E+0	0,000000E+0	0,000000E+0
296	0,000000E+0	0,000000E+0	0,000000E+0	0,000000E+0
297	0,000000E+0	0,000000E+0	0,000000E+0	0,000000E+0
298	0,000000E+0	0,000000E+0	0,000000E+0	0,000000E+0
299	0,000000E+0	0,000000E+0	0,000000E+0	0,000000E+0
300	0,000000E+0	0,000000E+0	0,000000E+0	0,000000E+0
301	0,000000E+0	0,000000E+0	0,000000E+0	0,000000E+0
302	0,000000E+0	0,000000E+0	0,000000E+0	0,000000E+0
303	0,000000E+0	0,000000E+0	0,000000E+0	0,000000E+0
304	0,000000E+0	0,000000E+0	0,000000E+0	0,000000E+0
305	0,000000E+0	0,000000E+0	0,000000E+0	0,000000E+0
306	0,000000E+0	0,000000E+0	0,000000E+0	0,000000E+0
307	0,000000E+0	0,000000E+0	0,000000E+0	0,000000E+0
308	0,000000E+0	0,000000E+0	0,000000E+0	0,000000E+0
309	0,000000E+0	0,000000E+0	0,000000E+0	0,000000E+0
310	0,000000E+0	0,000000E+0	0,000000E+0	0,000000E+0
311	0,000000E+0	0,000000E+0	0,000000E+0	0,000000E+0
312	0,000000E+0	0,000000E+0	0,000000E+0	0,000000E+0
313	0,000000E+0	0,000000E+0	0,000000E+0	0,000000E+0
314	0,000000E+0	0,000000E+0	0,000000E+0	0,000000E+0
315	0,000000E+0	0,000000E+0	0,000000E+0	0,000000E+0
316	0,000000E+0	0,000000E+0	0,000000E+0	0,000000E+0
317	0,000000E+0	0,000000E+0	0,000000E+0	0,000000E+0
318	0,000000E+0	0,000000E+0	0,000000E+0	0,000000E+0
319	0,000000E+0	0,000000E+0	0,000000E+0	0,000000E+0
320	0,000000E+0	0,000000E+0	0,000000E+0	0,000000E+0
321	0,000000E+0	0,000000E+0	0,000000E+0	0,000000E+0
322	0,000000E+0	0,000000E+0	0,000000E+0	0,000000E+0
323	0,000000E+0	0,000000E+0	0,000000E+0	0,000000E+0
324	0,000000E+0	0,000000E+0	0,000000E+0	0,000000E+0
325	0,000000E+0	0,000000E+0	0,000000E+0	0,000000E+0
326	0,000000E+0	0,000000E+0	0,000000E+0	0,000000E+0
327	0,000000E+0	0,000000E+0	0,000000E+0	0,000000E+0
328	0,000000E+0	0,000000E+0	0,000000E+0	0,000000E+0
329	0,000000E+0	0,000000E+0	0,000000E+0	0,000000E+0
330	0,000000E+0	0,000000E+0	0,000000E+0	0,000000E+0
331	0,000000E+0	0,000000E+0	0,000000E+0	0,000000E+0
332	0,000000E+0	0,000000E+0	0,000000E+0	0,000000E+0
333	0,000000E+0	0,000000E+0	0,000000E+0	0,000000E+0
334	0,000000E+0	0,000000E+0	0,000000E+0	0,000000E+0
335	0,000000E+0	0,000000E+0	0,000000E+0	0,000000E+0
336	0,000000E+0	0,000000E+0	0,000000E+0	0,000000E+0
337	0,000000E+0	0,000000E+0	0,000000E+0	0,000000E+0
338	0,000000E+0	0,000000E+0	0,000000E+0	0,000000E+0
339	0,000000E+0	0,000000E+0	0,000000E+0	0,000000E+0
340	0,000000E+0	0,000000E+0	0,000000E+0	0,000000E+0
341	0,000000E+0	0,000000E+0	0,000000E+0	0,000000E+0
342	0,000000E+0	0,000000E+0	0,000000E+0	0,000000E+0
343	0,000000E+0	0,000000E+0	0,000000E+0	0,000000E+0
344	0,000000E+0	0,000000E+0	0,000000E+0	0,000000E+0
345	0,000000E+0	0,000000E+0	0,000000E+0	0,000000E+0
346	0,000000E+0	0,000000E+0	0,000000E+0	0,000000E+0
347	0,000000E+0	0,000000E+0	0,000000E+0	0,000000E+0
348	0,000000E+0	0,000000E+0	0,000000E+0	0,000000E+0
349	0,000000E+0	0,000000E+0	0,000000E+0	0,000000E+0
350	0,000000E+0	0,000000E+0	0,000000E+0	0,000000E+0
351	0,000000E+0	0,000000E+0	0,000000E+0	0,000000E+0
352	0,000000E+0	0,000000E+0	0,000000E+0	0,000000E+0
353	0,000000E+0	0,000000E+0	0,000000E+0	0,000000E+0
354	0,000000E+0	0,000000E+0	0,000000E+0	0,000000E+0
355	0,000000E+0	0,000000E+0	0,000000E+0	0,000000E+0
356	0,000000E+0	0,000000E+0	0,000000E+0	0,000000E+0
357	0,000000E+0	0,000000E+0	0,000000E+0	0,000000E+0
358	0,000000E+0	0,000000E+0	0,000000E+0	0,000000E+0
359	0,000000E+0	0,000000E+0	0,000000E+0	0,000000E+0
360	0,000000E+0	0,000000E+0	0,000000E+0	0,000000E+0
361	0,000000E+0	0,000000E+0	0,000000E+0	0,000000E+0
362	0,000000E+0	0,000000E+0	0,000000E+0	0,000000E+0
363	0,000000E+0	0,000000E+0	0,000000E+0	0,000000E+0
364	0,000000E+0	0,000000E+0	0,000000E+0	0,000000E+0
365	0,000000E+0	0,000000E+0	0,000000E+0	0,000000E+0
366	0,000000E+0	0,000000E+0	0,000000E+0	0,000000E+0
367	0,000000E+0	0,000000E+0	0,000000E+0	0,000000E+0
368	0,000000E+0	0,000000E+0	0,000000E+0	0,000000E+0
369	0,000000E+0	0,000000E+0	0,000000E+0	0,000000E+0
370	0,000000E+0	0,000000E+0	0,000000E+0	0,000000E+0
371	0,000000E+0	0,000000E+0	0,000000E+0	0,000000E+0
372	0,000000E+0	0,000000E+0	0,000000E+0	0,000000E+0
373	0,000000E+0	0,000000E+0	0,000000E+0	0,000000E+0
374	0,000000E+0	0,000000E+0	0,000000E+0	0,000000E+0
375	0,000000E+0	0,000000E+0	0,000000E+0	0,000000E+0
376	0,000000E+0	0,000000E+0	0,000000E+0	0,000000E+0
377	0,000000E+0	0,000000E+0	0,000000E+0	0,000000E+0
378	0,000000E+0	0,000000E+0	0,000000E+0	0,000000E+0
379	0,000000E+0	0,000000E+0	0,000000E+0	0,000000E+0
380	0,000000E+0	0,000000E+0	0,000000E+0	0,000000E+0
381	0,000000E+0	0,000000E+0	0,000000E+0	0,000000E+0
382	0,000000E+0	0,000000E+0	0,000000E+0	0,000000E+0
383	0,000000E+0	0,000000E+0	0,000000E+0	0,000000E+0
384	0,000000E+0	0,000000E+0	0,000000E+0	0,000000E+0
385	0,000000E+0	0,000000E+0	0,000000E+0	0,000000E+0
386	0,000000E+0	0,000000E+0	0,000000E+0	0,000000E+0
387	0,000000E+0	0,000000E+0	0,000000E+0	0,000000E+0
388	0,000000E+0	0,000000E+0	0,000000E+0	0,000000E+0
389	0,000000E+0	0,000000E+0	0,000000E+0	0,000000E+0
390	0,000000E+0	0,000000E+0	0,000000E+0	0,000000E+0
391	0,000000E+0	0,000000E+0	0,000000E+0	0,000000E+0
392	0,000000E+0	0,000000E+0	0,000000E+0	0,000000E+0
393	0,000000E+0	0,000000E+0	0,000000E+0	0,000000E+0
394	0,000000E+0	0,000000E+0	0,000000E+0	0,000000E+0
395	0,000000E+0	0,000000E+0	0,000000E+0	0,000000E+0
396	0,000000E+0	0,000000E+0	0,000000E+0	0,000000E+0
397	0,000000E+0	0,000000E+0	0,000000E+0	0,000000E+0
398	0,000000E+0	0,000000E+0	0,000000E+0	0,000000E+0
399	0,000000E+0	0,000000E+0	0,000000E+0	0,000000E+0
400	0,000000E+0	0,000000E+0	0,000000E+0	0,000000E+0
401	0,000000E+0	0,000000E+0	0,000000E+0	0,000000E+0
402	0,000000E+0	0,000000E+0	0,000000E+0	0,000000E+0
403	0,000000E+0	0,000000E+0	0,000000E+0	0,000000E+0
404	0,000000E+0	0,000000E+0	0,000000E+0	0,000000E+0
405	0,000000E+0	0,000000E+0	0,000000E+0	0,000000E+0
406	0,000000E+0	0,000000E+0	0,000000E+0	0,000000E+0
407	0,000000E+0	0,000000E+0	0,000000E+0	0,000000E+0
408	0,000000E+0	0,000000E+0	0,000000E+0	0,000000E+0
409	0,000000E+0	0,000000E+0	0,000000E+0	0,000000E+0
410	0,000000E+0	0,000000E+0	0,000000E+0	0,000000E+0
411	0,000000E+0	0,000000E+0	0,000000E+0	0,000000E+0
412	0,000000E+0	0,000000E+0	0,000000E+0	0,000000E+0
413	0,000000E+0	0,000000E+0	0,000000E+0	0,000000E+0
414	0,000000E+0	0,000000E+0	0,000000E+0	0,000000E+0
415	0,000000E+0	0,000000E+0	0,000000E+0	0,000000E+0
416	0,000000E+0	0,000000E+0	0,000000E+0	0,000000E+0
417	0,000000E+0	0,000000E+0	0,000000E+0	0,000000E+0
418	0,000000E+0	0,000000E+0	0,000000E+0	0,000000E+0
419	0,000000E+0	0,000000E+0	0,000000E+0	0,000000E+0
420	0,000000E+0	0,000000E+0	0,000000E+0	0,000000E+0
421	0,000000E+0	0,000000E+0	0,000000E+0	0,000000E+0
422	0,000000E+0	0,000000E+0	0,000000E+0	0,000000E+0
423	0,000000E+0	0,000000E+0	0,000000E+0	0,000000E+0
424	0,000000E+0	0,000000E+0	0,000000E+0	0,000000E+0
425	0,000000E+0	0,000000E+0	0,000000E+0	0,000000E+0
426	0,000000E+0	0,000000E+0	0,000000E+0	0,000000E+0
427	0,000000E+0	0,000000E+0	0,000000E+0	0,000000E+0
428	0,000000E+0	0,000000E+0	0,000000E+0	0,000000E+0
429	0,000000E+0	0,000000E+0	0,000000E+0	0,000000E+0
430	0,000000E+0	0,000000E+0	0,000000E+0	0,000000E+0
431	0,000000E+0	0,000000E+0	0,000000E+0	0,000000E+0
432	0,000000E+0	0,000000E+0	0,000000E+0	0,000000E+0
433	0,000000E+0	0,000000E+0	0,000000E+0	0,000000E+0
434	0,000000E+0	0,000000E+0	0,000000E+0	0,000000E+0
435	0,000000E+0	0,000000E+0	0,000000E+0	0,000000E+0
436	0,000000E+0	0,000000E+0	0,000000E+0	0,000000E+0
437	0,000000E+0	0,000000E+0	0,000000E+0	0,000000E+0
438	0,000000E+0	0,000000E+0	0,000000E+0	0,000000E+0
439	0,000000E+0	0,000000E+0	0,000000E+0	0,000000E+0
440	0,000000E+0	0,000000E+0	0,000000E+0	0,000000E+0
441	0,000000E+0	0,000000E+0	0,000000E+0	0,000000E+0
442	0,000000E+0	0,000000E+0	0,000000E+0	0,000000E+0
443	0,000000E+0	0,000000E+0	0,000000E+0	0,000000E+0
444	0,000000E+0	0,000000E+0	0,000000E+0	0,000000E+0
445	0,000000E+0	0,000000E+0	0,000000E+0	0,000000E+0
446	0,000000E+0	0,000000E+0	0,000000E+0	0,000000E+0
447	0,000000E+0	0,000000E+0	0,000000E+0	0,000000E+0
448	0,000000E+0	0,000000E+0	0,000000E+0	0,000000E+0
449	0,000000E+0	0,000000E+0	0,000000E+0	0,000000E+0
450	0,000000E+0	0,000000E+0	0,000000E+0	0,000000E+0
451	0,000000E+0	0,000000E+0	0,000000E+0	0,000000E+0
452	0,000000E+0	0,000000E+0	0,000000E+0	0,000000E+0
453	0,000000E+0	0,000000E+0	0,000000E+0	0,000000E+0
454	0,000000E+0	0,000000E+0	0,000000E+0	0,000000E+0
455	0,000000E+0	0,000000E+0	0,000000E+0	0,000000E+0
456	0,000000E+0	0,000000E+0	0,000000E+0	0,000000E+0
457	0,000000E+0	0,000000E+0	0,000000E+0	0,000000E+0
458	0,000000E+0	0,000000E+0	0,000000E+0	0,000000E+0
459	0,000000E+0	0,000000E+0	0,000000E+0	0,000000E+0
460	0,000000E+0	0,000000E+0	0,000000E+0	0,000000E+0
461	0,000000E+0	0,000000E+0	0,000000E+0	0,000000E+0
462	0,000000E+0	0,000000E+0	0,000000E+0	0,000000E+0
463	0,000000E+0	0,000000E+0	0,000000E+0	0,000000E+0
464	0,000000E+0	0,000000E+0	0,000000E+0	0,000000E+0
465	0,000000E+0	0,000000E+0	0,000000E+0	0,000000E+0
466	0,000000E+0	0,000000E+0	0,000000E+0	0,000000E+0
467	0,000000E+0	0,000000E+0	0,000000E+0	0,000000E+0
468	0,000000E+0	0,000000E+0	0,000000E+0	0,000000E+0
469	0,000000E+0	0,000000E+0	0,000000E+0	0,000000E+0
470	0,000000E+0	0,000000E+0	0,000000E+0	0,000000E+0
471	0,000000E+0	0,000000E+0	0,000000E+0	0,000000E+0
472	0,000000E+0	0,000000E+0	0,000000E+0	0,000000E+0
473	0,000000E+0	0,000000E+0	0,000000E+0	0,000000E+0
474	0,000000E+0	0,000000E+0	0,000000E+0	0,000000E+0
475	0,000000E+0	0,000000E+0	0,000000E+0	0,000000E+0
476	0,000000E+0	0,000000E+0	0,000000E+0	0,000000E+0
477	0,000000E+0	0,000000E+0	0,000000E+0	0,000000E+0
478	0,000000E+0	0,000000E+0	0,000000E+0	0,000000E+0
479	0,000000E+0	0,000000E+0	0,000000E+0	0,000000E+0
480	0,000000E+0	0,000000E+0	0,000000E+0	0,000000E+0
481	0,000000E+0	0,000000E+0	0,000000E+0	0,000000E+0
482	0,000000E+0	0,000000E+0	0,000000E+0	0,000000E+0
483	0,000000E+0	0,000000E+0	0,000000E+0	0,000000E+0
484	0,000000E+0	0,000000E+0	0,000000E+0	0,000000E+0
485	0,000000E+0	0,000000E+0	0,000000E+0	0,000000E+0
486	0,000000E+0	0,000000E+0	0,000000E+0	0,000000E+0
487	0,000000E+0	0,000000E+0	0,000000E+0	0,000000E+0
488	0,000000E+0	0,000000E+0	0,000000E+0	0,000000E+0
489	0,000000E+0	0,000000E+0	0,000000E+0	0,000000E+0
490	0,000000E+0	0,000000E+0	0,000000E+0	0,000000E+0
491	0,000000E+0	0,000000E+0	0,000000E+0	0,000000E+0
492	0,000000E+0	0,000000E+0	0,000000E+0	0,000000E+0
493	0,000000E+0	0,000000E+0	0,000000E+0	0,000000E+0
494	0,000000E+0	0,000000E+0	0,000000E+0	0,000000E+0
495	0,000000E+0	0,000000E+0	0,000000E+0	0,000000E+0
496	0,000000E+0	0,000000E+0	0,000000E+0	0,000000E+0
497	0,000000E+0	0,000000E+0	0,000000E+0	0,000000E+0
498	0,000000E+0	0,000000E+0	0,000000E+0	0,000000E+0
499	0,000000E+0	0,000000E+0	0,000000E+0	0,000000E+0
500	0,000000E+0	0,000000E+0	0,000000E+0	0,000000E+0
501	0,000000E+0	0,000000E+0	0,000000E+0	0,000000E+0
502	0,000000E+0	0,000000E+0	0,000000E+0	0,000000E+0
503	0,000000E+0	0,000000E+0	0,000000E+0	0,000000E+0
504	0,000000E+0	0,000000E+0	0,000000E+0	0,000000E+0
505	0,000000E+0	0,000000E+0	0,000000E+0	0,000000E+0
506	0,000000E+0	0,000000E+0	0,000000E+0	0,000000E+0
507	0,000000E+0	0,000000E+0	0,000000E+0	0,000000E+0
508	0,000000E+0	0,000000E+0	0,000000E+0	0,000000E+0
509	0,000000E+0	0,000000E+0	0,000000E+0	0,000000E+0
510	0,000000E+0	0,000000E+0	0,000000E+0	0,000000E+0
511	0,000000E+0	0,000000E+0	0,000000E+0	0,000000E+0
512	0,000000E+0	0,000000E+0	0,000000E+0	0,000000E+0
513	0,000000E+0	0,000000E+0	0,000000E+0	0,000000E+0
514	0,000000E+0	0,000000E+0	0,000000E+0	0,000000E+0
515	0,000000E+0	0,000000E+0	0,000000E+0	0,000000E+0
516	0,000000E+0	0,000000E+0	0,000000E+0	0,000000E+0
517	0,000000E+0	0,000000E+0	0,000000E+0	0,000000E+0
518	0,000000E+0	0,000000E+0	0,000000E+0	0,000000E+0
519	0,000000E+0	0,000000E+0	0,000000E+0	0,000000E+0
520	0,000000E+0	0,000000E+0	0,000000E+0	0,000000E+0
521	0,000000E+0	0,000000E+0	0,000000E+0	0,000000E+0
522	0,000000E+0	0,000000E+0	0,000000E+0	0,000000E+0
523	0,000000E+0	0,000000E+0	0,000000E+0	0,000000E+0
524	0,000000E+0	0,000000E+0	0,000000E+0	0,000000E+0
525	0,000000E+0	0,000000E+0	0,000000E+0	0,000000E+0
526	0,000000E+0	0,000000E+0	0,000000E+0	0,000000E+0
527	0,000000E+0	0,000000E+0	0,000000E+0	0,000000E+0
528	0,000000E+0	0,000000E+0	0,000000E+0	0,000000E+0
529	0,000000E+0	0,000000E+0	0,000000E+0	0,000000E+0
530	0,000000E+0	0,000000E+0	0,000000E+0	0,000000E+0
531	0,000000E+0	0,000000E+0	0,000000E+0	0,000000E+0
532	0,000000E+0	0,000000E+0	0,000000E+0	0,000000E+0
533	0,000000E+0	0,000000E+0	0,000000E+0	0,000000E+0
534	0,000000E+0	0,000000E+0	0,000000E+0	0,000000E+0
535	0,000000E+0	0,000000E+0	0,000000E+0	0,000000E+0
536	1,000000E+0	0,000000E+0	0,000000E+0	0,000000E+0
537	1,000000E+0	0,000000E+0	0,000000E+0	0,000000E+0
538	2,000000E+0	0,000000E+0	0,000000E+0	0,000000E+0
539	2,000000E+0	0,000000E+0	0,000000E+0	0,000000E+0
540	3,000000E+0	0,000000E+0	0,000000E+0	0,000000E+0
541	3,000000E+0	0,000000E+0	0,000000E+0	0,000000E+0
542	4,000000E+0	0,000000E+0	0,000000E+0	0,000000E+0
543	4,000000E+0	0,000000E+0	0,000000E+0	0,000000E+0
544	4,000000E+0	0,000000E+0	0,000000E+0	0,000000E+0
545	5,000000E+0	0,000000E+0	0,000000E+0	0,000000E+0
546	7,000000E+0	0,000000E+0	0,000000E+0	0,000000E+0
547	8,000000E+0	65,535000E+3	0,000000E+0	0,000000E+0
548	10,000000E+0	65,535000E+3	0,000000E+0	0,000000E+0
549	11,000000E+0	65,534000E+3	0,000000E+0	0,000000E+0
550	13,000000E+0	65,533000E+3	0,000000E+0	0,000000E+0
551	16,000000E+0	65,532000E+3	0,000000E+0	0,000000E+0
552	18,000000E+0	65,530000E+3	0,000000E+0	0,000000E+0
553	22,000000E+0	65,527000E+3	0,000000E+0	0,000000E+0
554	24,000000E+0	65,525000E+3	0,000000E+0	0,000000E+0
555	26,000000E+0	65,524000E+3	0,000000E+0	0,000000E+0
556	26,000000E+0	65,526000E+3	0,000000E+0	0,000000E+0
557	25,000000E+0	65,532000E+3	0,000000E+0	0,000000E+0
558	20,000000E+0	5,000000E+0	0,000000E+0	0,000000E+0
559	14,000000E+0	19,000000E+0	0,000000E+0	0,000000E+0
560	6,000000E+0	33,000000E+0	0,000000E+0	0,000000E+0
561	65,534000E+3	50,000000E+0	0,000000E+0	0,000000E+0
562	65,527000E+3	61,000000E+0	0,000000E+0	0,000000E+0
563	65,518000E+3	73,000000E+0	0,000000E+0	0,000000E+0
564	65,511000E+3	77,000000E+0	0,000000E+0	0,000000E+0
565	65,504000E+3	85,000000E+0	0,000000E+0	0,000000E+0
566	65,499000E+3	85,000000E+0	0,000000E+0	0,000000E+0
567	65,494000E+3	87,000000E+0	0,000000E+0	0,000000E+0
568	65,492000E+3	83,000000E+0	0,000000E+0	0,000000E+0
569	65,489000E+3	84,000000E+0	0,000000E+0	0,000000E+0
570	65,488000E+3	79,000000E+0	0,000000E+0	0,000000E+0
571	65,485000E+3	78,000000E+0	0,000000E+0	0,000000E+0
572	65,484000E+3	71,000000E+0	0,000000E+0	0,000000E+0
573	65,484000E+3	65,000000E+0	0,000000E+0	0,000000E+0
574	65,485000E+3	57,000000E+0	0,000000E+0	0,000000E+0
575	65,486000E+3	50,000000E+0	0,000000E+0	0,000000E+0
576	65,489000E+3	41,000000E+0	0,000000E+0	0,000000E+0
577	65,491000E+3	33,000000E+0	0,000000E+0	0,000000E+0
578	65,494000E+3	24,000000E+0	0,000000E+0	0,000000E+0
579	65,497000E+3	14,000000E+0	0,000000E+0	0,000000E+0
580	65,500000E+3	6,000000E+0	0,000000E+0	0,000000E+0
581	65,504000E+3	65,533000E+3	0,000000E+0	0,000000E+0
582	65,508000E+3	65,525000E+3	0,000000E+0	0,000000E+0
583	65,512000E+3	65,514000E+3	0,000000E+0	0,000000E+0
584	65,517000E+3	65,506000E+3	0,000000E+0	0,000000E+0
585	65,522000E+3	65,495000E+3	0,000000E+0	0,000000E+0
586	65,526000E+3	65,488000E+3	0,000000E+0	0,000000E+0
587	65,531000E+3	65,477000E+3	0,000000E+0	0,000000E+0
588	65,535000E+3	65,474000E+3	0,000000E+0	0,000000E+0
589	3,000000E+0	65,464000E+3	0,000000E+0	0,000000E+0
590	7,000000E+0	65,462000E+3	0,000000E+0	0,000000E+0
591	13,000000E+0	65,454000E+3	0,000000E+0	0,000000E+0
592	17,000000E+0	65,454000E+3	0,000000E+0	0,000000E+0
593	22,000000E+0	65,448000E+3	0,000000E+0	0,000000E+0
594	25,000000E+0	65,451000E+3	0,000000E+0	0,000000E+0
595	29,000000E+0	65,448000E+3	0,000000E+0	0,000000E+0
596	31,000000E+0	65,454000E+3	0,000000E+0	0,000000E+0
597	33,000000E+0	65,456000E+3	0,000000E+0	0,000000E+0
598	32,000000E+0	65,465000E+3	0,000000E+0	0,000000E+0
599	33,000000E+0	65,474000E+3	0,000000E+0	0,000000E+0
600	31,000000E+0	65,487000E+3	0,000000E+0	0,000000E+0
601	30,000000E+0	65,503000E+3	0,000000E+0	0,000000E+0
602	28,000000E+0	65,517000E+3	0,000000E+0	0,000000E+0
603	27,000000E+0	65,530000E+3	0,000000E+0	0,000000E+0
604	25,000000E+0	2,000000E+0	0,000000E+0	0,000000E+0
605	24,000000E+0	7,000000E+0	0,000000E+0	0,000000E+0
606	22,000000E+0	9,000000E+0	0,000000E+0	0,000000E+0
607	20,000000E+0	9,000000E+0	0,000000E+0	0,000000E+0
608	18,000000E+0	8,000000E+0	0,000000E+0	0,000000E+0
609	16,000000E+0	6,000000E+0	0,000000E+0	0,000000E+0
610	13,000000E+0	3,000000E+0	0,000000E+0	0,000000E+0
611	12,000000E+0	2,000000E+0	0,000000E+0	0,000000E+0
612	11,000000E+0	1,000000E+0	0,000000E+0	0,000000E+0
613	10,000000E+0	1,000000E+0	0,000000E+0	0,000000E+0
614	9,000000E+0	1,000000E+0	0,000000E+0	0,000000E+0
615	8,000000E+0	1,000000E+0	0,000000E+0	0,000000E+0
616	7,000000E+0	1,000000E+0	0,000000E+0	0,000000E+0
617	6,000000E+0	1,000000E+0	0,000000E+0	0,000000E+0
618	5,000000E+0	1,000000E+0	0,000000E+0	0,000000E+0
619	5,000000E+0	0,000000E+0	0,000000E+0	0,000000E+0
620	4,000000E+0	0,000000E+0	0,000000E+0	0,000000E+0
621	3,000000E+0	0,000000E+0	0,000000E+0	0,000000E+0
622	2,000000E+0	0,000000E+0	0,000000E+0	0,000000E+0
623	2,000000E+0	0,000000E+0	0,000000E+0	0,000000E+0
624	2,000000E+0	0,000000E+0	0,000000E+0	0,000000E+0
625	3,000000E+0	0,000000E+0	0,000000E+0	0,000000E+0
626	3,000000E+0	0,000000E+0	0,000000E+0	0,000000E+0
627	2,000000E+0	0,000000E+0	0,000000E+0	0,000000E+0
628	2,000000E+0	0,000000E+0	0,000000E+0	0,000000E+0
629	2,000000E+0	0,000000E+0	0,000000E+0	0,000000E+0
630	2,000000E+0	0,000000E+0	0,000000E+0	0,000000E+0
631	2,000000E+0	0,000000E+0	0,000000E+0	0,000000E+0
632	2,000000E+0	0,000000E+0	0,000000E+0	0,000000E+0
633	2,000000E+0	0,000000E+0	0,000000E+0	0,000000E+0
634	2,000000E+0	0,000000E+0	0,000000E+0	0,000000E+0
635	2,000000E+0	0,000000E+0	0,000000E+0	0,000000E+0
636	2,000000E+0	0,000000E+0	0,000000E+0	0,000000E+0
637	2,000000E+0	0,000000E+0	0,000000E+0	0,000000E+0
638	3,000000E+0	0,000000E+0	0,000000E+0	0,000000E+0
639	3,000000E+0	0,000000E+0	0,000000E+0	0,000000E+0
640	4,000000E+0	0,000000E+0	0,000000E+0	0,000000E+0
641	5,000000E+0	0,000000E+0	0,000000E+0	0,000000E+0
642	6,000000E+0	0,000000E+0	0,000000E+0	0,000000E+0
643	6,000000E+0	0,000000E+0	0,000000E+0	0,000000E+0
644	7,000000E+0	65,535000E+3	0,000000E+0	0,000000E+0
645	7,000000E+0	65,535000E+3	0,000000E+0	0,000000E+0
646	9,000000E+0	65,534000E+3	0,000000E+0	0,000000E+0
647	10,000000E+0	65,534000E+3	0,000000E+0	0,000000E+0
648	13,000000E+0	65,533000E+3	0,000000E+0	0,000000E+0
649	16,000000E+0	65,531000E+3	0,000000E+0	0,000000E+0
650	19,000000E+0	65,530000E+3	0,000000E+0	0,000000E+0
651	22,000000E+0	65,526000E+3	0,000000E+0	0,000000E+0
652	24,000000E+0	65,524000E+3	0,000000E+0	0,000000E+0
653	26,000000E+0	65,523000E+3	0,000000E+0	0,000000E+0
654	27,000000E+0	65,526000E+3	0,000000E+0	0,000000E+0
655	26,000000E+0	65,532000E+3	0,000000E+0	0,000000E+0
656	22,000000E+0	5,000000E+0	0,000000E+0	0,000000E+0
657	15,000000E+0	20,000000E+0	0,000000E+0	0,000000E+0
658	7,000000E+0	33,000000E+0	0,000000E+0	0,000000E+0
659	65,535000E+3	50,000000E+0	0,000000E+0	0,000000E+0
660	65,526000E+3	60,000000E+0	0,000000E+0	0,000000E+0
661	65,518000E+3	72,000000E+0	0,000000E+0	0,000000E+0
662	65,511000E+3	76,000000E+0	0,000000E+0	0,000000E+0
663	65,504000E+3	85,000000E+0	0,000000E+0	0,000000E+0
664	65,500000E+3	84,000000E+0	0,000000E+0	0,000000E+0
665	65,494000E+3	89,000000E+0	0,000000E+0	0,000000E+0
666	65,491000E+3	85,000000E+0	0,000000E+0	0,000000E+0
667	65,487000E+3	85,000000E+0	0,000000E+0	0,000000E+0
668	65,487000E+3	80,000000E+0	0,000000E+0	0,000000E+0
669	65,485000E+3	77,000000E+0	0,000000E+0	0,000000E+0
670	65,485000E+3	71,000000E+0	0,000000E+0	0,000000E+0
671	65,485000E+3	65,000000E+0	0,000000E+0	0,000000E+0
672	65,486000E+3	57,000000E+0	0,000000E+0	0,000000E+0
673	65,488000E+3	50,000000E+0	0,000000E+0	0,000000E+0
674	65,490000E+3	43,000000E+0	0,000000E+0	0,000000E+0
675	65,491000E+3	34,000000E+0	0,000000E+0	0,000000E+0
676	65,493000E+3	24,000000E+0	0,000000E+0	0,000000E+0
677	65,494000E+3	14,000000E+0	0,000000E+0	0,000000E+0
678	65,498000E+3	5,000000E+0	0,000000E+0	0,000000E+0
679	65,502000E+3	65,533000E+3	0,000000E+0	0,000000E+0
680	65,507000E+3	65,525000E+3	0,000000E+0	0,000000E+0
681	65,512000E+3	65,514000E+3	0,000000E+0	0,000000E+0
682	65,517000E+3	65,507000E+3	0,000000E+0	0,000000E+0
683	65,522000E+3	65,495000E+3	0,000000E+0	0,000000E+0
684	65,527000E+3	65,488000E+3	0,000000E+0	0,000000E+0
685	65,531000E+3	65,477000E+3	0,000000E+0	0,000000E+0
686	65,535000E+3	65,473000E+3	0,000000E+0	0,000000E+0
687	3,000000E+0	65,464000E+3	0,000000E+0	0,000000E+0
688	7,000000E+0	65,462000E+3	0,000000E+0	0,000000E+0
689	12,000000E+0	65,454000E+3	0,000000E+0	0,000000E+0
690	17,000000E+0	65,454000E+3	0,000000E+0	0,000000E+0
691	22,000000E+0	65,448000E+3	0,000000E+0	0,000000E+0
692	25,000000E+0	65,451000E+3	0,000000E+0	0,000000E+0
693	29,000000E+0	65,447000E+3	0,000000E+0	0,000000E+0
694	31,000000E+0	65,455000E+3	0,000000E+0	0,000000E+0
695	33,000000E+0	65,456000E+3	0,000000E+0	0,000000E+0
696	33,000000E+0	65,466000E+3	0,000000E+0	0,000000E+0
697	33,000000E+0	65,474000E+3	0,000000E+0	0,000000E+0
698	31,000000E+0	65,487000E+3	0,000000E+0	0,000000E+0
699	31,000000E+0	65,502000E+3	0,000000E+0	0,000000E+0
700	29,000000E+0	65,516000E+3	0,000000E+0	0,000000E+0
701	27,000000E+0	65,530000E+3	0,000000E+0	0,000000E+0
702	25,000000E+0	2,000000E+0	0,000000E+0	0,000000E+0
703	23,000000E+0	7,000000E+0	0,000000E+0	0,000000E+0
704	21,000000E+0	9,000000E+0	0,000000E+0	0,000000E+0
705	20,000000E+0	9,000000E+0	0,000000E+0	0,000000E+0
706	17,000000E+0	8,000000E+0	0,000000E+0	0,000000E+0
707	16,000000E+0	6,000000E+0	0,000000E+0	0,000000E+0
708	13,000000E+0	4,000000E+0	0,000000E+0	0,000000E+0
709	12,000000E+0	2,000000E+0	0,000000E+0	0,000000E+0
710	11,000000E+0	1,000000E+0	0,000000E+0	0,000000E+0
711	10,000000E+0	1,000000E+0	0,000000E+0	0,000000E+0
712	9,000000E+0	1,000000E+0	0,000000E+0	0,000000E+0
713	8,000000E+0	1,000000E+0	0,000000E+0	0,000000E+0
714	7,000000E+0	1,000000E+0	0,000000E+0	0,000000E+0
715	6,000000E+0	1,000000E+0	0,000000E+0	0,000000E+0
716	5,000000E+0	1,000000E+0	0,000000E+0	0,000000E+0
717	4,000000E+0	1,000000E+0	0,000000E+0	0,000000E+0
718	3,000000E+0	1,000000E+0	0,000000E+0	0,000000E+0
719	3,000000E+0	0,000000E+0	0,000000E+0	0,000000E+0
720	2,000000E+0	0,000000E+0	0,000000E+0	0,000000E+0
721	2,000000E+0	65,535000E+3	0,000000E+0	0,000000E+0
722	2,000000E+0	0,000000E+0	0,000000E+0	0,000000E+0
723	3,000000E+0	0,000000E+0	0,000000E+0	0,000000E+0
724	3,000000E+0	0,000000E+0	0,000000E+0	0,000000E+0
725	3,000000E+0	0,000000E+0	0,000000E+0	0,000000E+0
726	2,000000E+0	0,000000E+0	0,000000E+0	0,000000E+0
727	2,000000E+0	0,000000E+0	0,000000E+0	0,000000E+0
728	2,000000E+0	0,000000E+0	0,000000E+0	0,000000E+0
729	1,000000E+0	0,000000E+0	0,000000E+0	0,000000E+0
730	1,000000E+0	0,000000E+0	0,000000E+0	0,000000E+0
731	1,000000E+0	0,000000E+0	0,000000E+0	0,000000E+0
732	2,000000E+0	0,000000E+0	0,000000E+0	0,000000E+0
733	2,000000E+0	0,000000E+0	0,000000E+0	0,000000E+0
734	2,000000E+0	0,000000E+0	0,000000E+0	0,000000E+0
735	2,000000E+0	0,000000E+0	0,000000E+0	0,000000E+0
736	3,000000E+0	0,000000E+0	0,000000E+0	0,000000E+0
737	3,000000E+0	0,000000E+0	0,000000E+0	0,000000E+0
738	4,000000E+0	0,000000E+0	0,000000E+0	0,000000E+0
739	5,000000E+0	0,000000E+0	0,000000E+0	0,000000E+0
740	6,000000E+0	0,000000E+0	0,000000E+0	0,000000E+0
741	6,000000E+0	0,000000E+0	0,000000E+0	0,000000E+0
742	7,000000E+0	65,535000E+3	0,000000E+0	0,000000E+0
743	7,000000E+0	65,535000E+3	0,000000E+0	0,000000E+0
744	8,000000E+0	65,535000E+3	0,000000E+0	0,000000E+0
745	10,000000E+0	65,534000E+3	0,000000E+0	0,000000E+0
746	12,000000E+0	65,533000E+3	0,000000E+0	0,000000E+0
747	16,000000E+0	65,531000E+3	0,000000E+0	0,000000E+0
748	19,000000E+0	65,530000E+3	0,000000E+0	0,000000E+0
749	23,000000E+0	65,526000E+3	0,000000E+0	0,000000E+0
750	24,000000E+0	65,524000E+3	0,000000E+0	0,000000E+0
751	26,000000E+0	65,523000E+3	0,000000E+0	0,000000E+0
752	27,000000E+0	65,526000E+3	0,000000E+0	0,000000E+0
753	26,000000E+0	65,532000E+3	0,000000E+0	0,000000E+0
754	22,000000E+0	5,000000E+0	0,000000E+0	0,000000E+0
755	15,000000E+0	20,000000E+0	0,000000E+0	0,000000E+0
756	7,000000E+0	33,000000E+0	0,000000E+0	0,000000E+0
757	65,534000E+3	51,000000E+0	0,000000E+0	0,000000E+0
758	65,527000E+3	59,000000E+0	0,000000E+0	0,000000E+0
759	65,517000E+3	72,000000E+0	0,000000E+0	0,000000E+0
760	65,511000E+3	75,000000E+0	0,000000E+0	0,000000E+0
761	65,504000E+3	85,000000E+0	0,000000E+0	0,000000E+0
762	65,499000E+3	85,000000E+0	0,000000E+0	0,000000E+0
763	65,493000E+3	90,000000E+0	0,000000E+0	0,000000E+0
764	65,491000E+3	85,000000E+0	0,000000E+0	0,000000E+0
765	65,488000E+3	84,000000E+0	0,000000E+0	0,000000E+0
766	65,487000E+3	78,000000E+0	0,000000E+0	0,000000E+0
767	65,485000E+3	76,000000E+0	0,000000E+0	0,000000E+0
768	65,485000E+3	71,000000E+0	0,000000E+0	0,000000E+0
769	65,485000E+3	65,000000E+0	0,000000E+0	0,000000E+0
770	65,487000E+3	57,000000E+0	0,000000E+0	0,000000E+0
771	65,488000E+3	50,000000E+0	0,000000E+0	0,000000E+0
772	65,491000E+3	43,000000E+0	0,000000E+0	0,000000E+0
773	65,491000E+3	34,000000E+0	0,000000E+0	0,000000E+0
774	65,492000E+3	24,000000E+0	0,000000E+0	0,000000E+0
775	65,494000E+3	14,000000E+0	0,000000E+0	0,000000E+0
776	65,498000E+3	5,000000E+0	0,000000E+0	0,000000E+0
777	65,502000E+3	65,533000E+3	0,000000E+0	0,000000E+0
778	65,507000E+3	65,525000E+3	0,000000E+0	0,000000E+0
779	65,512000E+3	65,514000E+3	0,000000E+0	0,000000E+0
780	65,517000E+3	65,506000E+3	0,000000E+0	0,000000E+0
781	65,522000E+3	65,495000E+3	0,000000E+0	0,000000E+0
782	65,527000E+3	65,488000E+3	0,000000E+0	0,000000E+0
783	65,531000E+3	65,477000E+3	0,000000E+0	0,000000E+0
784	65,535000E+3	65,473000E+3	0,000000E+0	0,000000E+0
785	3,000000E+0	65,464000E+3	0,000000E+0	0,000000E+0
786	7,000000E+0	65,462000E+3	0,000000E+0	0,000000E+0
787	13,000000E+0	65,454000E+3	0,000000E+0	0,000000E+0
788	17,000000E+0	65,453000E+3	0,000000E+0	0,000000E+0
789	22,000000E+0	65,448000E+3	0,000000E+0	0,000000E+0
790	25,000000E+0	65,451000E+3	0,000000E+0	0,000000E+0
791	29,000000E+0	65,448000E+3	0,000000E+0	0,000000E+0
792	31,000000E+0	65,455000E+3	0,000000E+0	0,000000E+0
793	33,000000E+0	65,456000E+3	0,000000E+0	0,000000E+0
794	33,000000E+0	65,466000E+3	0,000000E+0	0,000000E+0
795	33,000000E+0	65,474000E+3	0,000000E+0	0,000000E+0
796	31,000000E+0	65,488000E+3	0,000000E+0	0,000000E+0
797	30,000000E+0	65,503000E+3	0,000000E+0	0,000000E+0
798	29,000000E+0	65,517000E+3	0,000000E+0	0,000000E+0
799	27,000000E+0	65,530000E+3	0,000000E+0	0,000000E+0
800	25,000000E+0	2,000000E+0	0,000000E+0	0,000000E+0
801	23,000000E+0	7,000000E+0	0,000000E+0	0,000000E+0
802	21,000000E+0	9,000000E+0	0,000000E+0	0,000000E+0
803	20,000000E+0	9,000000E+0	0,000000E+0	0,000000E+0
804	17,000000E+0	8,000000E+0	0,000000E+0	0,000000E+0
805	15,000000E+0	6,000000E+0	0,000000E+0	0,000000E+0
806	13,000000E+0	3,000000E+0	0,000000E+0	0,000000E+0
807	12,000000E+0	2,000000E+0	0,000000E+0	0,000000E+0
808	11,000000E+0	1,000000E+0	0,000000E+0	0,000000E+0
809	10,000000E+0	1,000000E+0	0,000000E+0	0,000000E+0
810	9,000000E+0	1,000000E+0	0,000000E+0	0,000000E+0
811	8,000000E+0	1,000000E+0	0,000000E+0	0,000000E+0
812	7,000000E+0	1,000000E+0	0,000000E+0	0,000000E+0
813	6,000000E+0	1,000000E+0	0,000000E+0	0,000000E+0
814	5,000000E+0	1,000000E+0	0,000000E+0	0,000000E+0
815	4,000000E+0	1,000000E+0	0,000000E+0	0,000000E+0
816	3,000000E+0	1,000000E+0	0,000000E+0	0,000000E+0
817	3,000000E+0	0,000000E+0	0,000000E+0	0,000000E+0
818	2,000000E+0	0,000000E+0	0,000000E+0	0,000000E+0
819	2,000000E+0	65,535000E+3	0,000000E+0	0,000000E+0
820	2,000000E+0	0,000000E+0	0,000000E+0	0,000000E+0
821	3,000000E+0	0,000000E+0	0,000000E+0	0,000000E+0
822	3,000000E+0	0,000000E+0	0,000000E+0	0,000000E+0
823	3,000000E+0	0,000000E+0	0,000000E+0	0,000000E+0
824	3,000000E+0	0,000000E+0	0,000000E+0	0,000000E+0
825	2,000000E+0	0,000000E+0	0,000000E+0	0,000000E+0
826	2,000000E+0	0,000000E+0	0,000000E+0	0,000000E+0
827	1,000000E+0	0,000000E+0	0,000000E+0	0,000000E+0
828	1,000000E+0	0,000000E+0	0,000000E+0	0,000000E+0
829	1,000000E+0	0,000000E+0	0,000000E+0	0,000000E+0
830	2,000000E+0	0,000000E+0	0,000000E+0	0,000000E+0
831	2,000000E+0	0,000000E+0	0,000000E+0	0,000000E+0
832	2,000000E+0	0,000000E+0	0,000000E+0	0,000000E+0
833	2,000000E+0	0,000000E+0	0,000000E+0	0,000000E+0
834	3,000000E+0	0,000000E+0	0,000000E+0	0,000000E+0
835	3,000000E+0	0,000000E+0	0,000000E+0	0,000000E+0
836	4,000000E+0	0,000000E+0	0,000000E+0	0,000000E+0
837	5,000000E+0	0,000000E+0	0,000000E+0	0,000000E+0
838	6,000000E+0	0,000000E+0	0,000000E+0	0,000000E+0
839	6,000000E+0	0,000000E+0	0,000000E+0	0,000000E+0
840	7,000000E+0	65,535000E+3	0,000000E+0	0,000000E+0
841	7,000000E+0	65,535000E+3	0,000000E+0	0,000000E+0
842	8,000000E+0	65,534000E+3	0,000000E+0	0,000000E+0
843	10,000000E+0	65,534000E+3	0,000000E+0	0,000000E+0
844	12,000000E+0	65,533000E+3	0,000000E+0	0,000000E+0
845	16,000000E+0	65,531000E+3	0,000000E+0	0,000000E+0
846	19,000000E+0	65,530000E+3	0,000000E+0	0,000000E+0
847	23,000000E+0	65,526000E+3	0,000000E+0	0,000000E+0
848	24,000000E+0	65,524000E+3	0,000000E+0	0,000000E+0
849	26,000000E+0	65,523000E+3	0,000000E+0	0,000000E+0
850	27,000000E+0	65,526000E+3	0,000000E+0	0,000000E+0
851	26,000000E+0	65,533000E+3	0,000000E+0	0,000000E+0
852	23,000000E+0	5,000000E+0	0,000000E+0	0,000000E+0
853	15,000000E+0	20,000000E+0	0,000000E+0	0,000000E+0
854	7,000000E+0	33,000000E+0	0,000000E+0	0,000000E+0
855	65,534000E+3	50,000000E+0	0,000000E+0	0,000000E+0
856	65,527000E+3	59,000000E+0	0,000000E+0	0,000000E+0
857	65,517000E+3	72,000000E+0	0,000000E+0	0,000000E+0
858	65,511000E+3	76,000000E+0	0,000000E+0	0,000000E+0
859	65,504000E+3	85,000000E+0	0,000000E+0	0,000000E+0
860	65,499000E+3	84,000000E+0	0,000000E+0	0,000000E+0
861	65,494000E+3	89,000000E+0	0,000000E+0	0,000000E+0
862	65,491000E+3	85,000000E+0	0,000000E+0	0,000000E+0
863	65,487000E+3	84,000000E+0	0,000000E+0	0,000000E+0
864	65,487000E+3	79,000000E+0	0,000000E+0	0,000000E+0
865	65,485000E+3	76,000000E+0	0,000000E+0	0,000000E+0
866	65,485000E+3	71,000000E+0	0,000000E+0	0,000000E+0
867	65,485000E+3	64,000000E+0	0,000000E+0	0,000000E+0
868	65,487000E+3	57,000000E+0	0,000000E+0	0,000000E+0
869	65,489000E+3	50,000000E+0	0,000000E+0	0,000000E+0
870	65,491000E+3	43,000000E+0	0,000000E+0	0,000000E+0
871	65,491000E+3	34,000000E+0	0,000000E+0	0,000000E+0
872	65,493000E+3	24,000000E+0	0,000000E+0	0,000000E+0
873	65,494000E+3	14,000000E+0	0,000000E+0	0,000000E+0
874	65,498000E+3	5,000000E+0	0,000000E+0	0,000000E+0
875	65,502000E+3	65,533000E+3	0,000000E+0	0,000000E+0
876	65,507000E+3	65,525000E+3	0,000000E+0	0,000000E+0
877	65,512000E+3	65,514000E+3	0,000000E+0	0,000000E+0
878	65,517000E+3	65,506000E+3	0,000000E+0	0,000000E+0
879	65,522000E+3	65,494000E+3	0,000000E+0	0,000000E+0
880	65,527000E+3	65,488000E+3	0,000000E+0	0,000000E+0
881	65,531000E+3	65,477000E+3	0,000000E+0	0,000000E+0
882	65,535000E+3	65,473000E+3	0,000000E+0	0,000000E+0
883	3,000000E+0	65,464000E+3	0,000000E+0	0,000000E+0
884	7,000000E+0	65,462000E+3	0,000000E+0	0,000000E+0
885	13,000000E+0	65,453000E+3	0,000000E+0	0,000000E+0
886	17,000000E+0	65,454000E+3	0,000000E+0	0,000000E+0
887	21,000000E+0	65,449000E+3	0,000000E+0	0,000000E+0
888	25,000000E+0	65,451000E+3	0,000000E+0	0,000000E+0
889	29,000000E+0	65,448000E+3	0,000000E+0	0,000000E+0
890	31,000000E+0	65,456000E+3	0,000000E+0	0,000000E+0
891	33,000000E+0	65,456000E+3	0,000000E+0	0,000000E+0
892	33,000000E+0	65,466000E+3	0,000000E+0	0,000000E+0
893	33,000000E+0	65,474000E+3	0,000000E+0	0,000000E+0
894	31,000000E+0	65,487000E+3	0,000000E+0	0,000000E+0
895	30,000000E+0	65,503000E+3	0,000000E+0	0,000000E+0
896	29,000000E+0	65,517000E+3	0,000000E+0	0,000000E+0
897	27,000000E+0	65,531000E+3	0,000000E+0	0,000000E+0
898	25,000000E+0	2,000000E+0	0,000000E+0	0,000000E+0
899	23,000000E+0	7,000000E+0	0,000000E+0	0,000000E+0
900	21,000000E+0	9,000000E+0	0,000000E+0	0,000000E+0
901	20,000000E+0	9,000000E+0	0,000000E+0	0,000000E+0
902	18,000000E+0	8,000000E+0	0,000000E+0	0,000000E+0
903	16,000000E+0	6,000000E+0	0,000000E+0	0,000000E+0
904	13,000000E+0	3,000000E+0	0,000000E+0	0,000000E+0
905	12,000000E+0	2,000000E+0	0,000000E+0	0,000000E+0
906	11,000000E+0	1,000000E+0	0,000000E+0	0,000000E+0
907	10,000000E+0	1,000000E+0	0,000000E+0	0,000000E+0
908	9,000000E+0	1,000000E+0	0,000000E+0	0,000000E+0
909	8,000000E+0	1,000000E+0	0,000000E+0	0,000000E+0
910	7,000000E+0	1,000000E+0	0,000000E+0	0,000000E+0
911	6,000000E+0	1,000000E+0	0,000000E+0	0,000000E+0
912	5,000000E+0	1,000000E+0	0,000000E+0	0,000000E+0
913	4,000000E+0	1,000000E+0	0,000000E+0	0,000000E+0
914	3,000000E+0	2,000000E+0	0,000000E+0	0,000000E+0
915	2,000000E+0	0,000000E+0	0,000000E+0	0,000000E+0
916	2,000000E+0	0,000000E+0	0,000000E+0	0,000000E+0
917	2,000000E+0	65,534000E+3	0,000000E+0	0,000000E+0
918	3,000000E+0	0,000000E+0	0,000000E+0	0,000000E+0
919	3,000000E+0	0,000000E+0	0,000000E+0	0,000000E+0
920	3,000000E+0	0,000000E+0	0,000000E+0	0,000000E+0
921	3,000000E+0	0,000000E+0	0,000000E+0	0,000000E+0
922	2,000000E+0	0,000000E+0	0,000000E+0	0,000000E+0
923	2,000000E+0	0,000000E+0	0,000000E+0	0,000000E+0
924	1,000000E+0	0,000000E+0	0,000000E+0	0,000000E+0
925	1,000000E+0	0,000000E+0	0,000000E+0	0,000000E+0
926	1,000000E+0	0,000000E+0	0,000000E+0	0,000000E+0
927	2,000000E+0	0,000000E+0	0,000000E+0	0,000000E+0
928	2,000000E+0	0,000000E+0	0,000000E+0	0,000000E+0
929	2,000000E+0	0,000000E+0	0,000000E+0	0,000000E+0
930	2,000000E+0	0,000000E+0	0,000000E+0	0,000000E+0
931	2,000000E+0	0,000000E+0	0,000000E+0	0,000000E+0
932	3,000000E+0	0,000000E+0	0,000000E+0	0,000000E+0
933	3,000000E+0	0,000000E+0	0,000000E+0	0,000000E+0
934	4,000000E+0	0,000000E+0	0,000000E+0	0,000000E+0
935	5,000000E+0	0,000000E+0	0,000000E+0	0,000000E+0
936	6,000000E+0	0,000000E+0	0,000000E+0	0,000000E+0
937	6,000000E+0	0,000000E+0	0,000000E+0	0,000000E+0
938	7,000000E+0	65,535000E+3	0,000000E+0	0,000000E+0
939	7,000000E+0	65,535000E+3	0,000000E+0	0,000000E+0
940	9,000000E+0	65,534000E+3	0,000000E+0	0,000000E+0
941	10,000000E+0	65,534000E+3	0,000000E+0	0,000000E+0
942	13,000000E+0	65,533000E+3	0,000000E+0	0,000000E+0
943	16,000000E+0	65,531000E+3	0,000000E+0	0,000000E+0
944	19,000000E+0	65,530000E+3	0,000000E+0	0,000000E+0
945	22,000000E+0	65,526000E+3	0,000000E+0	0,000000E+0
946	24,000000E+0	65,524000E+3	0,000000E+0	0,000000E+0
947	26,000000E+0	65,523000E+3	0,000000E+0	0,000000E+0
948	27,000000E+0	65,526000E+3	0,000000E+0	0,000000E+0
949	26,000000E+0	65,533000E+3	0,000000E+0	0,000000E+0
950	23,000000E+0	5,000000E+0	0,000000E+0	0,000000E+0
951	15,000000E+0	20,000000E+0	0,000000E+0	0,000000E+0
952	7,000000E+0	33,000000E+0	0,000000E+0	0,000000E+0
953	65,535000E+3	50,000000E+0	0,000000E+0	0,000000E+0
954	65,526000E+3	59,000000E+0	0,000000E+0	0,000000E+0
955	65,517000E+3	72,000000E+0	0,000000E+0	0,000000E+0
956	65,511000E+3	76,000000E+0	0,000000E+0	0,000000E+0
957	65,504000E+3	85,000000E+0	0,000000E+0	0,000000E+0
958	65,499000E+3	84,000000E+0	0,000000E+0	0,000000E+0
959	65,494000E+3	89,000000E+0	0,000000E+0	0,000000E+0
960	65,491000E+3	84,000000E+0	0,000000E+0	0,000000E+0
961	65,487000E+3	84,000000E+0	0,000000E+0	0,000000E+0
962	65,487000E+3	79,000000E+0	0,000000E+0	0,000000E+0
963	65,485000E+3	76,000000E+0	0,000000E+0	0,000000E+0
964	65,485000E+3	71,000000E+0	0,000000E+0	0,000000E+0
965	65,485000E+3	64,000000E+0	0,000000E+0	0,000000E+0
966	65,487000E+3	57,000000E+0	0,000000E+0	0,000000E+0
967	65,489000E+3	50,000000E+0	0,000000E+0	0,000000E+0
968	65,491000E+3	42,000000E+0	0,000000E+0	0,000000E+0
969	65,491000E+3	34,000000E+0	0,000000E+0	0,000000E+0
970	65,493000E+3	24,000000E+0	0,000000E+0	0,000000E+0
971	65,494000E+3	14,000000E+0	0,000000E+0	0,000000E+0
972	65,498000E+3	5,000000E+0	0,000000E+0	0,000000E+0
973	65,502000E+3	65,533000E+3	0,000000E+0	0,000000E+0
974	65,507000E+3	65,525000E+3	0,000000E+0	0,000000E+0
975	65,512000E+3	65,515000E+3	0,000000E+0	0,000000E+0
976	65,517000E+3	65,506000E+3	0,000000E+0	0,000000E+0
977	65,522000E+3	65,494000E+3	0,000000E+0	0,000000E+0
978	65,526000E+3	65,488000E+3	0,000000E+0	0,000000E+0
979	65,531000E+3	65,477000E+3	0,000000E+0	0,000000E+0
980	65,535000E+3	65,474000E+3	0,000000E+0	0,000000E+0
981	3,000000E+0	65,465000E+3	0,000000E+0	0,000000E+0
982	7,000000E+0	65,462000E+3	0,000000E+0	0,000000E+0
983	12,000000E+0	65,454000E+3	0,000000E+0	0,000000E+0
984	17,000000E+0	65,453000E+3	0,000000E+0	0,000000E+0
985	21,000000E+0	65,448000E+3	0,000000E+0	0,000000E+0
986	25,000000E+0	65,451000E+3	0,000000E+0	0,000000E+0
987	29,000000E+0	65,448000E+3	0,000000E+0	0,000000E+0
988	31,000000E+0	65,455000E+3	0,000000E+0	0,000000E+0
989	33,000000E+0	65,456000E+3	0,000000E+0	0,000000E+0
990	33,000000E+0	65,466000E+3	0,000000E+0	0,000000E+0
991	33,000000E+0	65,474000E+3	0,000000E+0	0,000000E+0
992	31,000000E+0	65,487000E+3	0,000000E+0	0,000000E+0
993	30,000000E+0	65,502000E+3	0,000000E+0	0,000000E+0
994	29,000000E+0	65,518000E+3	0,000000E+0	0,000000E+0
995	27,000000E+0	65,531000E+3	0,000000E+0	0,000000E+0
996	25,000000E+0	2,000000E+0	0,000000E+0	0,000000E+0
997	23,000000E+0	7,000000E+0	0,000000E+0	0,000000E+0
998	21,000000E+0	9,000000E+0	0,000000E+0	0,000000E+0
999	20,000000E+0	9,000000E+0	0,000000E+0	0,000000E+0
1000	17,000000E+0	8,000000E+0	0,000000E+0	0,000000E+0
