0.0 0.021978021978029005 0.417582417582409 -0.1538461538461462 0.2417582417582338
0.02 0.021978021978029005 0.417582417582409 -0.1538461538461462 0.2417582417582338
0.04 0.021978021978029005 0.417582417582409 -0.1538461538461462 0.2417582417582338
0.06 0.021978021978029005 0.417582417582409 -0.1538461538461462 0.2417582417582338
0.08 -0.2417582417582338 0.0659340659340586 0.8131868131868174 1.1208791208791098
0.1 -0.7692307692307594 -0.2857142857142918 2.483516483516496 2.3516483516483504
0.12 -1.296703296703285 -0.8131868131868174 4.065934065934073 4.109890109890102
0.14 -2.0 -1.4285714285714306 5.736263736263737 5.692307692307679
0.16 -2.703296703296701 -2.219780219780233 7.670329670329679 7.538461538461533
0.18 -3.318681318681314 -2.923076923076934 9.42857142857143 9.296703296703285
0.2 -4.109890109890102 -3.7142857142857224 11.186813186813197 10.967032967032964
0.22 -4.813186813186803 -4.505494505494511 12.945054945054949 12.637362637362628
0.24 -5.516483516483504 -5.208791208791212 14.52747252747254 14.395604395604394
0.26 -6.307692307692307 -6.000000000000014 16.37362637362638 16.06593406593406
0.28 -7.098901098901095 -6.703296703296715 17.868131868131883 17.736263736263737
0.3 -7.890109890109883 -7.406593406593416 19.45054945054946 19.318681318681314
0.32 -8.593406593406584 -8.109890109890117 21.032967032967036 20.98901098901098
0.34 -9.384615384615373 -8.901098901098905 22.615384615384627 22.395604395604394
0.36 -10.087912087912088 -9.692307692307693 24.02197802197803 23.97802197802197
0.38 -10.791208791208788 -10.30769230769232 25.516483516483532 25.472527472527474
0.4 -11.49450549450549 -11.09890109890111 27.01098901098902 26.879120879120876
0.42 -12.109890109890102 -11.80219780219781 28.329670329670336 28.285714285714278
0.44 -12.725274725274716 -12.417582417582423 29.82417582417584 29.692307692307686
0.46 -13.340659340659329 -13.032967032967036 31.23076923076924 31.010989010989007
0.48 -13.956043956043956 -13.736263736263751 32.63736263736264 32.505494505494504
0.5 -14.57142857142857 -14.263736263736277 33.780219780219795 33.73626373626373
0.52 -15.186813186813183 -14.87912087912089 35.1868131868132 35.05494505494505
0.54 -15.802197802197796 -15.406593406593416 36.24175824175825 36.285714285714285
0.56 -16.32967032967032 -15.934065934065941 37.648351648351664 37.6043956043956
0.58 -16.857142857142847 -16.461538461538467 38.79120879120879 38.747252747252745
0.6 -17.384615384615373 -17.07692307692308 40.02197802197804 39.89010989010988
0.62 -17.912087912087912 -17.604395604395606 41.076923076923094 40.94505494505494
0.64 -18.439560439560438 -18.043956043956058 42.21978021978023 41.99999999999999
0.66 -18.879120879120876 -18.483516483516496 43.1868131868132 43.05494505494505
0.68 -19.49450549450549 -19.01098901098902 44.24175824175825 44.10989010989011
0.7 -19.758241758241752 -19.45054945054946 45.120879120879124 44.989010989010985
0.72 -20.19780219780219 -19.978021978021985 46.08791208791209 45.95604395604395
0.74 -20.637362637362628 -20.417582417582423 46.879120879120876 46.83516483516483
0.76 -21.076923076923066 -20.769230769230774 47.75824175824178 47.62637362637362
0.78 -21.516483516483518 -21.20879120879121 48.54945054945057 48.417582417582416
0.8 -21.86813186813187 -21.560439560439576 49.34065934065936 49.29670329670329
0.82 -22.21978021978022 -21.82417582417584 50.04395604395606 49.91208791208791
0.84 -22.483516483516482 -22.17582417582419 50.74725274725276 50.61538461538461
0.86 -22.747252747252745 -22.439560439560452 51.274725274725284 51.230769230769226
0.88 -23.098901098901095 -22.791208791208803 51.8901098901099 51.84615384615385
0.9 -23.362637362637358 -22.967032967032978 52.50549450549451 52.37362637362637
0.92 -23.538461538461533 -23.23076923076924 52.94505494505495 52.81318681318681
0.94 -23.714285714285708 -23.406593406593416 53.2967032967033 53.340659340659336
0.96 -23.890109890109883 -23.67032967032968 53.64835164835165 53.692307692307686
0.98 -24.241758241758234 -24.02197802197803 54.26373626373626 54.30769230769231
1.0 -24.241758241758234 -24.02197802197803 54.26373626373626 54.30769230769231
1.02 -24.41758241758241 -24.197802197802204 54.527472527472526 54.48351648351648
1.04 -24.505494505494497 -24.285714285714292 54.61538461538461 54.65934065934066
1.06 -24.593406593406584 -24.37362637362638 54.7032967032967 54.65934065934066
1.08 -24.681318681318672 -24.461538461538467 54.7032967032967 54.83516483516483
1.1 -24.681318681318672 -24.461538461538467 54.7032967032967 54.83516483516483
1.12 -24.76923076923076 -24.461538461538467 54.7032967032967 54.83516483516483
1.14 -24.681318681318672 -24.461538461538467 54.7032967032967 54.83516483516483
1.16 -24.681318681318672 -24.461538461538467 54.7032967032967 54.83516483516483
1.18 -24.76923076923076 -24.461538461538467 54.7032967032967 54.83516483516483
1.2 -24.681318681318672 -24.461538461538467 54.7032967032967 54.83516483516483
1.22 -24.76923076923076 -24.461538461538467 54.7032967032967 54.83516483516483
1.24 -24.76923076923076 -24.461538461538467 54.7032967032967 54.83516483516483
1.26 -24.681318681318672 -24.461538461538467 54.7032967032967 54.83516483516483
1.28 -24.681318681318672 -24.461538461538467 54.7032967032967 54.83516483516483
1.3 -24.76923076923076 -24.461538461538467 54.7032967032967 54.83516483516483
1.32 -24.76923076923076 -24.461538461538467 54.7032967032967 54.92307692307692
1.34 -24.681318681318672 -24.637362637362642 54.7032967032967 55.098901098901095
1.36 -24.681318681318672 -24.72527472527473 54.7032967032967 55.36263736263736
1.38 -24.76923076923076 -24.989010989010993 54.7032967032967 55.8021978021978
1.4 -24.76923076923076 -25.252747252747255 54.7032967032967 56.417582417582416
1.42 -24.681318681318672 -25.692307692307708 54.7032967032967 57.12087912087912
1.44 -24.681318681318672 -26.30769230769232 54.7032967032967 58.0
1.46 -24.76923076923076 -26.835164835164846 54.7032967032967 58.79120879120879
1.48 -24.76923076923076 -27.538461538461547 54.7032967032967 59.75824175824175
1.5 -24.76923076923076 -28.241758241758248 54.79120879120879 60.72527472527472
1.52 -24.76923076923076 -29.032967032967036 54.7032967032967 61.604395604395606
1.54 -24.76923076923076 -29.912087912087927 54.7032967032967 62.395604395604394
1.56 -24.76923076923076 -30.87912087912089 54.7032967032967 63.098901098901095
1.58 -24.76923076923076 -31.846153846153854 54.79120879120879 63.71428571428571
1.6 -24.76923076923076 -32.81318681318682 54.79120879120879 64.24175824175825
1.62 -24.76923076923076 -33.60439560439562 54.79120879120879 64.76923076923077
1.64 -24.76923076923076 -34.483516483516496 54.79120879120879 64.94505494505495
1.66 -24.681318681318672 -35.1868131868132 54.79120879120879 65.03296703296704
1.68 -24.681318681318672 -35.8901098901099 54.79120879120879 65.03296703296704
1.7 -24.593406593406584 -36.5934065934066 54.79120879120879 64.85714285714286
1.72 -24.593406593406584 -37.120879120879124 54.79120879120879 64.41758241758242
1.74 -24.593406593406584 -37.560439560439576 54.79120879120879 63.89010989010988
1.76 -24.41758241758241 -37.91208791208793 54.79120879120879 63.18681318681318
1.78 -24.41758241758241 -38.175824175824175 54.79120879120879 62.395604395604394
1.8 -24.241758241758234 -38.26373626373626 54.79120879120879 61.34065934065934
1.82 -24.06593406593406 -38.26373626373626 54.79120879120879 60.1978021978022
1.84 -23.890109890109883 -38.26373626373626 54.79120879120879 59.05494505494505
1.86 -23.714285714285708 -38.26373626373626 54.79120879120879 57.73626373626374
1.88 -23.538461538461533 -38.26373626373626 54.7032967032967 56.59340659340659
1.9 -23.27472527472527 -38.08791208791209 54.79120879120879 55.18681318681318
1.92 -23.010989010989007 -37.91208791208793 54.79120879120879 54.30769230769231
1.94 -22.659340659340657 -37.648351648351664 54.7032967032967 52.9010989010989
1.96 -22.21978021978022 -37.208791208791226 54.7032967032967 52.10989010989011
1.98 -21.78021978021978 -36.769230769230774 54.61538461538461 51.49450549450549
2.0 -21.25274725274724 -36.24175824175825 54.43956043956044 51.05494505494505
2.02 -20.637362637362628 -35.80219780219781 54.175824175824175 50.79120879120879
2.04 -19.84615384615384 -35.1868131868132 53.824175824175825 50.967032967032964
2.06 -19.14285714285714 -34.65934065934067 53.472527472527474 51.14285714285714
2.08 -18.087912087912088 -34.04395604395606 53.032967032967036 51.58241758241758
2.1 -17.032967032967022 -33.428571428571445 52.50549450549451 52.10989010989011
2.12 -15.890109890109883 -32.72527472527473 51.978021978021985 52.637362637362635
2.14 -14.835164835164832 -32.10989010989012 51.53846153846155 53.16483516483516
2.16 -13.868131868131869 -31.406593406593416 51.45054945054946 53.51648351648351
2.18 -13.252747252747241 -30.615384615384627 51.45054945054946 53.956043956043956
2.2 -12.813186813186803 -30.000000000000014 51.8901098901099 54.13186813186813
2.22 -12.637362637362628 -29.47252747252749 52.50549450549451 54.30769230769231
2.24 -12.813186813186803 -28.85714285714286 53.56043956043956 54.48351648351648
2.26 -13.164835164835154 -28.329670329670336 54.7032967032967 54.57142857142857
2.28 -13.780219780219781 -27.890109890109898 56.02197802197804 54.65934065934066
2.3 -14.57142857142857 -27.538461538461547 57.428571428571445 54.747252747252745
2.32 -15.714285714285708 -27.186813186813197 58.835164835164846 54.747252747252745
2.34 -16.857142857142847 -26.923076923076934 60.329670329670336 54.747252747252745
2.36 -18.263736263736263 -26.74725274725276 61.64835164835165 54.83516483516483
2.38 -19.670329670329664 -26.483516483516496 62.96703296703299 54.747252747252745
2.4 -21.25274725274724 -26.30769230769232 64.02197802197804 54.83516483516483
2.42 -22.747252747252745 -26.043956043956058 64.90109890109892 54.92307692307692
2.44 -24.241758241758234 -26.043956043956058 65.69230769230771 54.83516483516483
2.46 -25.64835164835165 -26.043956043956058 66.30769230769232 54.83516483516483
2.48 -27.05494505494505 -25.780219780219795 66.57142857142858 54.92307692307692
2.5 -28.46153846153846 -25.42857142857143 66.74725274725276 54.92307692307692
2.52 -29.86813186813186 -25.164835164835168 66.4835164835165 54.92307692307692
2.54 -31.186813186813183 -24.989010989010993 66.21978021978023 54.92307692307692
2.56 -32.417582417582416 -24.813186813186817 65.51648351648353 54.92307692307692
2.58 -33.38461538461538 -24.637362637362642 64.72527472527474 54.92307692307692
2.6 -34.17582417582417 -24.461538461538467 63.67032967032969 55.01098901098901
2.62 -34.879120879120876 -24.285714285714292 62.527472527472526 54.92307692307692
2.64 -35.318681318681314 -24.109890109890117 61.032967032967036 54.92307692307692
2.66 -35.75824175824175 -23.93406593406594 59.71428571428572 54.92307692307692
2.68 -35.93406593406593 -23.758241758241766 58.131868131868146 54.92307692307692
2.7 -36.1098901098901 -23.58241758241759 56.725274725274744 54.92307692307692
2.72 -36.1978021978022 -23.23076923076924 55.14285714285717 54.92307692307692
2.74 -36.1978021978022 -22.967032967032978 53.824175824175825 54.83516483516483
2.76 -36.021978021978015 -22.52747252747254 52.681318681318686 54.747252747252745
2.78 -35.93406593406593 -22.087912087912102 51.80219780219781 54.65934065934066
2.8 -35.58241758241758 -21.560439560439576 51.1868131868132 54.57142857142857
2.82 -35.318681318681314 -20.94505494505495 50.923076923076934 54.395604395604394
2.84 -34.79120879120879 -20.15384615384616 50.923076923076934 54.043956043956044
2.86 -34.35164835164835 -19.274725274725284 51.09890109890111 53.692307692307686
2.88 -33.82417582417582 -18.219780219780233 51.53846153846155 53.16483516483516
2.9 -33.12087912087912 -17.252747252747255 52.06593406593407 52.637362637362635
2.92 -32.505494505494504 -16.109890109890117 52.681318681318686 52.1978021978022
2.94 -31.802197802197796 -15.142857142857153 53.20879120879121 51.75824175824175
2.96 -31.098901098901095 -14.263736263736277 53.56043956043956 51.670329670329664
2.98 -30.483516483516482 -13.560439560439562 53.91208791208791 51.670329670329664
3.0 -29.86813186813186 -13.208791208791212 54.08791208791209 52.02197802197802
3.02 -29.25274725274725 -13.032967032967036 54.26373626373626 52.54945054945055
3.04 -28.725274725274723 -13.120879120879124 54.43956043956044 53.6043956043956
3.06 -28.19780219780219 -13.2967032967033 54.527472527472526 54.65934065934066
3.08 -27.758241758241752 -13.912087912087927 54.7032967032967 56.065934065934066
3.1 -27.4065934065934 -14.615384615384627 54.7032967032967 57.47252747252747
3.12 -27.05494505494505 -15.582417582417591 54.7032967032967 58.967032967032964
3.14 -26.879120879120876 -16.813186813186817 54.7032967032967 60.37362637362637
3.16 -26.527472527472526 -18.131868131868146 54.7032967032967 61.78021978021978
3.18 -26.263736263736256 -19.538461538461547 54.7032967032967 63.01098901098901
3.2 -26.175824175824168 -21.20879120879121 54.79120879120879 64.06593406593406
3.22 -25.912087912087912 -22.791208791208803 54.79120879120879 65.12087912087912
3.24 -25.736263736263737 -24.37362637362638 54.79120879120879 65.82417582417582
3.26 -25.64835164835165 -25.868131868131883 54.79120879120879 66.35164835164835
3.28 -25.472527472527474 -27.538461538461547 54.79120879120879 66.52747252747253
3.3 -25.296703296703285 -28.94505494505495 54.79120879120879 66.61538461538461
3.32 -25.12087912087911 -30.351648351648365 54.79120879120879 66.43956043956044
3.34 -24.945054945054935 -31.758241758241766 54.7032967032967 66.08791208791209
3.36 -24.76923076923076 -32.901098901098905 54.79120879120879 65.38461538461539
3.38 -24.593406593406584 -33.780219780219795 54.79120879120879 64.50549450549451
3.4 -24.41758241758241 -34.65934065934067 54.79120879120879 63.27472527472527
3.42 -24.241758241758234 -35.36263736263737 54.79120879120879 62.043956043956044
3.44 -23.97802197802197 -35.8901098901099 54.79120879120879 60.637362637362635
3.46 -23.714285714285708 -36.24175824175825 54.79120879120879 59.05494505494505
3.48 -23.450549450549445 -36.50549450549451 54.79120879120879 57.47252747252747
3.5 -23.186813186813183 -36.681318681318686 54.79120879120879 55.8021978021978
3.52 -22.835164835164832 -36.681318681318686 54.7032967032967 54.30769230769231
3.54 -22.483516483516482 -36.681318681318686 54.7032967032967 52.989010989010985
3.56 -22.043956043956044 -36.5934065934066 54.61538461538461 51.84615384615385
3.58 -21.604395604395606 -36.50549450549451 54.527472527472526 50.879120879120876
3.6 -20.90109890109889 -36.24175824175825 54.26373626373626 50.26373626373626
3.62 -20.19780219780219 -35.978021978021985 54.08791208791209 49.91208791208791
3.64 -19.4065934065934 -35.626373626373635 53.64835164835165 50.0
3.66 -18.439560439560438 -35.1868131868132 53.2967032967033 50.175824175824175
3.68 -17.384615384615373 -34.571428571428584 52.681318681318686 50.79120879120879
3.7 -16.153846153846146 -33.95604395604397 51.978021978021985 51.4065934065934
3.72 -14.92307692307692 -33.252747252747255 51.36263736263737 52.10989010989011
3.74 -13.780219780219781 -32.549450549450555 50.74725274725276 52.72527472527472
3.76 -12.725274725274716 -31.846153846153854 50.571428571428584 53.340659340659336
3.78 -11.84615384615384 -31.23076923076924 50.571428571428584 53.692307692307686
3.8 -11.406593406593402 -30.439560439560452 50.923076923076934 53.956043956043956
3.82 -11.142857142857139 -29.82417582417584 51.53846153846155 54.21978021978022
3.84 -11.318681318681314 -29.20879120879121 52.5934065934066 54.395604395604394
3.86 -11.582417582417577 -28.681318681318686 53.73626373626374 54.57142857142857
3.88 -12.285714285714278 -28.241758241758248 55.230769230769255 54.65934065934066
3.9 -13.164835164835154 -27.80219780219781 56.725274725274744 54.65934065934066
3.92 -14.307692307692307 -27.45054945054946 58.30769230769232 54.747252747252745
3.94 -15.62637362637362 -27.186813186813197 59.80219780219781 54.83516483516483
3.96 -17.12087912087911 -26.835164835164846 61.2967032967033 54.83516483516483
3.98 -18.615384615384613 -26.571428571428584 62.61538461538461 54.83516483516483
4.0 -20.285714285714278 -26.39560439560441 63.84615384615387 54.83516483516483
4.02 -21.956043956043956 -26.219780219780233 64.81318681318683 54.83516483516483
4.04 -23.714285714285708 -26.131868131868146 65.51648351648353 55.01098901098901
4.06 -25.208791208791197 -26.043956043956058 66.21978021978023 54.83516483516483
4.08 -26.967032967032964 -25.868131868131883 66.4835164835165 54.92307692307692
4.1 -28.373626373626372 -25.516483516483532 66.65934065934067 54.92307692307692
4.12 -29.95604395604395 -25.252747252747255 66.4835164835165 54.92307692307692
4.14 -31.362637362637358 -25.07692307692308 66.13186813186815 54.92307692307692
4.16 -32.68131868131868 -24.813186813186817 65.34065934065936 54.92307692307692
4.18 -33.73626373626373 -24.637362637362642 64.63736263736266 54.92307692307692
4.2 -34.61538461538461 -24.37362637362638 63.40659340659343 54.92307692307692
4.22 -35.318681318681314 -24.285714285714292 62.08791208791209 54.92307692307692
4.24 -35.93406593406593 -24.109890109890117 60.5934065934066 54.92307692307692
4.26 -36.285714285714285 -23.846153846153854 59.09890109890111 54.92307692307692
4.28 -36.637362637362635 -23.67032967032968 57.428571428571445 54.92307692307692
4.3 -36.81318681318681 -23.406593406593416 55.84615384615387 54.92307692307692
4.32 -36.81318681318681 -23.054945054945065 54.26373626373626 54.92307692307692
4.34 -36.81318681318681 -22.703296703296715 52.85714285714286 54.83516483516483
4.36 -36.72527472527472 -22.263736263736277 51.626373626373635 54.65934065934066
4.38 -36.54945054945055 -21.82417582417584 50.65934065934067 54.65934065934066
4.4 -36.285714285714285 -21.20879120879121 50.131868131868146 54.48351648351648
4.42 -36.021978021978015 -20.5934065934066 49.86813186813188 54.21978021978022
4.44 -35.58241758241758 -19.538461538461547 49.95604395604397 53.780219780219774
4.46 -35.05494505494505 -18.65934065934067 50.21978021978023 53.340659340659336
4.48 -34.43956043956044 -17.516483516483518 50.74725274725276 52.81318681318681
4.5 -33.912087912087905 -16.37362637362638 51.45054945054946 52.10989010989011
4.52 -33.12087912087912 -15.23076923076924 52.24175824175825 51.49450549450549
4.54 -32.417582417582416 -14.087912087912102 52.85714285714286 50.967032967032964
4.56 -31.62637362637362 -13.120879120879124 53.2967032967033 50.7032967032967
4.58 -30.835164835164832 -12.241758241758248 53.64835164835165 50.7032967032967
4.6 -30.219780219780212 -11.626373626373635 54.0 50.967032967032964
4.62 -29.6043956043956 -11.186813186813197 54.175824175824175 51.4065934065934
4.64 -29.076923076923073 -11.274725274725284 54.35164835164835 52.46153846153846
4.66 -28.549450549450547 -11.45054945054946 54.43956043956044 53.51648351648351
4.68 -28.021978021978015 -12.065934065934073 54.61538461538461 54.92307692307692
4.7 -27.670329670329664 -12.681318681318686 54.61538461538461 56.32967032967033
4.72 -27.318681318681314 -13.736263736263751 54.7032967032967 57.91208791208791
4.74 -27.05494505494505 -14.87912087912089 54.7032967032967 59.49450549450549
4.76 -26.79120879120879 -16.197802197802204 54.7032967032967 60.9010989010989
4.78 -26.439560439560438 -17.692307692307708 54.7032967032967 62.30769230769231
4.8 -26.263736263736256 -19.274725274725284 54.7032967032967 63.53846153846153
4.82 -26.08791208791208 -20.85714285714286 54.879120879120904 64.41758241758242
4.84 -25.912087912087912 -22.615384615384627 54.79120879120879 65.38461538461539
4.86 -25.736263736263737 -24.02197802197803 54.79120879120879 66.08791208791209
4.88 -25.560439560439562 -25.692307692307708 54.79120879120879 66.43956043956044
4.9 -25.12087912087911 -28.681318681318686 54.79120879120879 66.43956043956044
4.92 -25.12087912087911 -28.681318681318686 54.79120879120879 66.43956043956044
4.94 -25.032967032967022 -30.000000000000014 54.79120879120879 66.35164835164835
4.96 -24.857142857142847 -31.318681318681328 54.79120879120879 65.73626373626374
4.98 -24.593406593406584 -32.37362637362638 54.79120879120879 65.12087912087912
5.0 -24.505494505494497 -33.252747252747255 54.879120879120904 63.89010989010988
5.02 -24.32967032967032 -34.04395604395606 54.79120879120879 62.747252747252745
5.04 -24.06593406593406 -34.65934065934067 54.79120879120879 61.42857142857143
5.06 -23.890109890109883 -35.09890109890111 54.879120879120904 60.1098901098901
5.08 -23.62637362637362 -35.45054945054946 54.79120879120879 58.527472527472526
5.1 -23.450549450549445 -35.626373626373635 54.879120879120904 57.03296703296703
5.12 -23.098901098901095 -35.71428571428572 54.79120879120879 55.450549450549445
5.14 -22.747252747252745 -35.71428571428572 54.79120879120879 54.21978021978022
5.16 -22.395604395604394 -35.626373626373635 54.7032967032967 52.989010989010985
5.18 -21.956043956043956 -35.626373626373635 54.61538461538461 52.02197802197802
5.2 -21.34065934065933 -35.45054945054946 54.43956043956044 51.49450549450549
5.22 -20.725274725274716 -35.274725274725284 54.175824175824175 51.05494505494505
5.24 -19.84615384615384 -34.923076923076934 53.91208791208791 51.05494505494505
5.26 -19.14285714285714 -34.483516483516496 53.56043956043956 51.14285714285714
5.28 -18.087912087912088 -33.95604395604397 53.120879120879124 51.58241758241758
5.3 -17.032967032967022 -33.34065934065936 52.5934065934066 52.02197802197802
5.32 -15.978021978021971 -32.72527472527473 51.978021978021985 52.637362637362635
5.34 -14.92307692307692 -32.02197802197803 51.626373626373635 53.16483516483516
5.36 -13.956043956043956 -31.406593406593416 51.53846153846155 53.51648351648351
5.38 -13.252747252747241 -30.615384615384627 51.53846153846155 53.86813186813187
5.4 -12.90109890109889 -30.087912087912102 51.978021978021985 54.13186813186813
5.42 -12.725274725274716 -29.47252747252749 52.5934065934066 54.30769230769231
5.44 -12.90109890109889 -28.94505494505495 53.64835164835165 54.48351648351648
5.46 -13.340659340659329 -28.417582417582423 54.79120879120879 54.57142857142857
5.48 -14.043956043956044 -27.978021978021985 56.19780219780222 54.65934065934066
5.5 -14.92307692307692 -27.538461538461547 57.60439560439562 54.65934065934066
5.52 -16.06593406593406 -27.186813186813197 59.09890109890111 54.747252747252745
5.54 -17.208791208791197 -26.835164835164846 60.5934065934066 54.83516483516483
5.56 -18.7032967032967 -26.65934065934067 61.824175824175825 54.83516483516483
5.58 -20.021978021978015 -26.483516483516496 63.14285714285717 54.83516483516483
5.6 -21.78021978021978 -26.219780219780233 64.19780219780222 54.83516483516483
5.62 -23.186813186813183 -26.131868131868146 64.989010989011 55.01098901098901
5.64 -24.76923076923076 -26.131868131868146 65.7802197802198 54.83516483516483
5.66 -26.263736263736256 -26.043956043956058 66.30769230769232 54.83516483516483
5.68 -27.84615384615384 -25.780219780219795 66.57142857142858 54.92307692307692
5.7 -29.25274725274725 -25.340659340659343 66.65934065934067 54.92307692307692
5.72 -30.747252747252745 -25.164835164835168 66.39560439560441 54.92307692307692
5.74 -32.153846153846146 -24.989010989010993 65.95604395604397 54.92307692307692
5.76 -33.38461538461538 -24.72527472527473 65.16483516483518 54.92307692307692
5.78 -34.26373626373626 -24.549450549450555 64.3736263736264 54.92307692307692
5.8 -35.14285714285714 -24.37362637362638 63.14285714285717 54.92307692307692
5.82 -35.75824175824175 -24.285714285714292 61.824175824175825 54.92307692307692
5.84 -36.1978021978022 -24.02197802197803 60.329670329670336 54.92307692307692
5.86 -36.54945054945055 -23.846153846153854 58.835164835164846 54.92307692307692
5.88 -36.81318681318681 -23.58241758241759 57.25274725274727 54.92307692307692
5.9 -36.989010989010985 -23.318681318681328 55.67032967032969 54.92307692307692
5.92 -36.989010989010985 -23.054945054945065 54.08791208791209 54.83516483516483
5.94 -36.989010989010985 -22.703296703296715 52.681318681318686 54.747252747252745
5.96 -36.81318681318681 -22.263736263736277 51.53846153846155 54.65934065934066
5.98 -36.637362637362635 -21.82417582417584 50.65934065934067 54.65934065934066
6.0 -36.37362637362637 -21.20879120879121 50.131868131868146 54.48351648351648
6.02 -36.021978021978015 -20.50549450549451 49.780219780219795 54.21978021978022
6.04 -35.58241758241758 -19.538461538461547 49.86813186813188 53.780219780219774
6.06 -35.05494505494505 -18.65934065934067 50.131868131868146 53.42857142857142
6.08 -34.43956043956044 -17.516483516483518 50.74725274725276 52.81318681318681
6.1 -33.82417582417582 -16.37362637362638 51.45054945054946 52.1978021978022
6.12 -33.12087912087912 -15.23076923076924 52.24175824175825 51.49450549450549
6.14 -32.417582417582416 -14.087912087912102 52.85714285714286 50.967032967032964
6.16 -31.62637362637362 -13.120879120879124 53.38461538461539 50.79120879120879
6.18 -30.92307692307692 -12.241758241758248 53.73626373626374 50.7032967032967
6.2 -30.219780219780212 -11.626373626373635 54.0 51.05494505494505
6.22 -29.6043956043956 -11.362637362637372 54.175824175824175 51.49450549450549
6.24 -28.989010989010985 -11.45054945054946 54.35164835164835 52.54945054945055
6.26 -28.549450549450547 -11.626373626373635 54.43956043956044 53.6043956043956
6.28 -28.021978021978015 -12.241758241758248 54.61538461538461 55.18681318681318
6.3 -27.582417582417577 -12.945054945054949 54.7032967032967 56.505494505494504
6.32 -27.230769230769226 -14.087912087912102 54.7032967032967 58.175824175824175
6.34 -26.967032967032964 -15.142857142857153 54.7032967032967 59.670329670329664
6.36 -26.615384615384613 -16.637362637362642 54.7032967032967 61.16483516483517
6.38 -26.439560439560438 -18.131868131868146 54.79120879120879 62.48351648351648
6.4 -26.175824175824168 -19.978021978021985 54.79120879120879 63.71428571428571
6.42 -26.0 -21.472527472527474 54.79120879120879 64.5934065934066
6.44 -25.912087912087912 -23.142857142857153 54.79120879120879 65.56043956043956
6.46 -25.64835164835165 -24.72527472527473 54.79120879120879 66.17582417582418
6.48 -25.560439560439562 -26.483516483516496 54.79120879120879 66.43956043956044
6.5 -25.384615384615373 -27.978021978021985 54.79120879120879 66.61538461538461
6.52 -25.12087912087911 -29.560439560439576 54.79120879120879 66.43956043956044
6.54 -24.945054945054935 -30.791208791208803 54.79120879120879 66.17582417582418
6.56 -24.76923076923076 -32.197802197802204 54.79120879120879 65.56043956043956
6.58 -24.593406593406584 -33.252747252747255 54.879120879120904 64.5934065934066
6.6 -24.41758241758241 -34.21978021978023 54.79120879120879 63.450549450549445
6.62 -24.241758241758234 -34.923076923076934 54.79120879120879 62.21978021978022
6.64 -23.97802197802197 -35.53846153846155 54.79120879120879 60.72527472527472
6.66 -23.714285714285708 -35.978021978021985 54.879120879120904 59.318681318681314
6.68 -23.450549450549445 -36.24175824175825 54.879120879120904 57.73626373626374
6.7 -23.186813186813183 -36.41758241758242 54.79120879120879 55.97802197802198
6.72 -22.92307692307692 -36.50549450549451 54.7032967032967 54.48351648351648
6.74 -22.483516483516482 -36.50549450549451 54.7032967032967 53.07692307692307
6.76 -22.13186813186813 -36.41758241758242 54.61538461538461 51.84615384615385
6.78 -21.604395604395606 -36.329670329670336 54.527472527472526 50.879120879120876
6.8 -20.98901098901098 -36.24175824175825 54.26373626373626 50.26373626373626
6.82 -20.19780219780219 -35.8901098901099 54.08791208791209 49.91208791208791
6.84 -19.4065934065934 -35.53846153846155 53.73626373626374 50.0
6.86 -18.439560439560438 -35.09890109890111 53.2967032967033 50.26373626373626
6.88 -17.296703296703285 -34.571428571428584 52.681318681318686 50.79120879120879
6.9 -16.153846153846146 -33.95604395604397 51.978021978021985 51.4065934065934
6.92 -15.010989010989007 -33.252747252747255 51.36263736263737 52.10989010989011
6.94 -13.780219780219781 -32.63736263736264 50.74725274725276 52.81318681318681
6.96 -12.725274725274716 -31.846153846153854 50.571428571428584 53.340659340659336
6.98 -11.934065934065927 -31.23076923076924 50.571428571428584 53.692307692307686
7.0 -11.406593406593402 -30.52747252747254 50.923076923076934 53.956043956043956
7.02 -11.142857142857139 -29.912087912087927 51.53846153846155 54.21978021978022
7.04 -11.318681318681314 -29.2967032967033 52.5934065934066 54.395604395604394
7.06 -11.582417582417577 -28.681318681318686 53.73626373626374 54.57142857142857
7.08 -12.285714285714278 -28.241758241758248 55.31868131868134 54.65934065934066
7.1 -13.164835164835154 -27.80219780219781 56.725274725274744 54.747252747252745
7.12 -14.395604395604394 -27.45054945054946 58.30769230769232 54.747252747252745
7.14 -15.62637362637362 -27.186813186813197 59.80219780219781 54.83516483516483
7.16 -17.12087912087911 -26.835164835164846 61.2967032967033 54.747252747252745
7.18 -18.7032967032967 -26.571428571428584 62.61538461538461 54.83516483516483
7.2 -20.373626373626365 -26.39560439560441 63.84615384615387 54.83516483516483
7.22 -21.956043956043956 -26.219780219780233 64.81318681318683 54.83516483516483
7.24 -23.802197802197796 -26.131868131868146 65.60439560439562 55.01098901098901
7.26 -25.296703296703285 -26.043956043956058 66.21978021978023 54.83516483516483
7.28 -26.967032967032964 -25.868131868131883 66.57142857142858 54.92307692307692
7.3 -28.46153846153846 -25.42857142857143 66.65934065934067 54.92307692307692
7.32 -29.95604395604395 -25.252747252747255 66.4835164835165 54.92307692307692
7.34 -31.362637362637358 -24.989010989010993 66.13186813186815 54.92307692307692
7.36 -32.59340659340659 -24.813186813186817 65.34065934065936 54.92307692307692
7.38 -33.73626373626373 -24.637362637362642 64.63736263736266 54.92307692307692
7.4 -34.61538461538461 -24.461538461538467 63.40659340659343 55.01098901098901
7.42 -35.4065934065934 -24.285714285714292 62.08791208791209 54.92307692307692
7.44 -35.93406593406593 -24.109890109890117 60.5934065934066 54.92307692307692
7.46 -36.37362637362637 -23.93406593406594 59.09890109890111 54.92307692307692
7.48 -36.637362637362635 -23.67032967032968 57.51648351648353 54.92307692307692
7.5 -36.81318681318681 -23.406593406593416 55.84615384615387 54.92307692307692
7.52 -36.81318681318681 -23.054945054945065 54.26373626373626 54.92307692307692
7.54 -36.81318681318681 -22.791208791208803 52.85714285714286 54.83516483516483
7.56 -36.72527472527472 -22.263736263736277 51.626373626373635 54.65934065934066
7.58 -36.54945054945055 -21.82417582417584 50.65934065934067 54.65934065934066
7.6 -36.285714285714285 -21.20879120879121 50.131868131868146 54.395604395604394
7.62 -36.021978021978015 -20.5934065934066 49.780219780219795 54.21978021978022
7.64 -35.58241758241758 -19.538461538461547 49.95604395604397 53.780219780219774
7.66 -35.05494505494505 -18.65934065934067 50.21978021978023 53.340659340659336
7.68 -34.43956043956044 -17.516483516483518 50.74725274725276 52.81318681318681
7.7 -33.912087912087905 -16.461538461538467 51.45054945054946 52.10989010989011
7.72 -33.12087912087912 -15.318681318681328 52.24175824175825 51.58241758241758
7.74 -32.417582417582416 -14.17582417582419 52.85714285714286 50.967032967032964
7.76 -31.62637362637362 -13.120879120879124 53.2967032967033 50.7032967032967
7.78 -30.92307692307692 -12.329670329670336 53.64835164835165 50.61538461538461
7.8 -30.219780219780212 -11.714285714285722 54.0 51.05494505494505
7.82 -29.6043956043956 -11.362637362637372 54.175824175824175 51.49450549450549
7.84 -29.076923076923073 -11.45054945054946 54.35164835164835 52.54945054945055
7.86 -28.549450549450547 -11.626373626373635 54.43956043956044 53.692307692307686
7.88 -28.021978021978015 -12.15384615384616 54.61538461538461 55.098901098901095
7.9 -27.582417582417577 -12.945054945054949 54.7032967032967 56.505494505494504
7.92 -27.318681318681314 -14.000000000000014 54.7032967032967 58.175824175824175
7.94 -26.967032967032964 -15.142857142857153 54.7032967032967 59.670329670329664
7.96 -26.615384615384613 -16.72527472527473 54.7032967032967 61.16483516483517
7.98 -26.439560439560438 -18.131868131868146 54.7032967032967 62.48351648351648
8.0 -26.175824175824168 -19.890109890109898 54.79120879120879 63.62637362637362
8.02 -26.0 -21.472527472527474 54.79120879120879 64.5934065934066
8.04 -25.912087912087912 -23.23076923076924 54.79120879120879 65.56043956043956
8.06 -25.64835164835165 -24.72527472527473 54.79120879120879 66.17582417582418
8.08 -25.560439560439562 -26.483516483516496 54.79120879120879 66.43956043956044
8.1 -25.384615384615373 -27.978021978021985 54.79120879120879 66.61538461538461
8.12 -25.208791208791197 -29.560439560439576 54.79120879120879 66.43956043956044
8.14 -25.032967032967022 -30.87912087912089 54.79120879120879 66.26373626373626
8.16 -24.76923076923076 -32.197802197802204 54.79120879120879 65.47252747252747
8.18 -24.593406593406584 -33.252747252747255 54.79120879120879 64.5934065934066
8.2 -24.41758241758241 -34.21978021978023 54.79120879120879 63.450549450549445
8.22 -24.153846153846146 -34.923076923076934 54.79120879120879 62.21978021978022
8.24 -23.97802197802197 -35.53846153846155 54.79120879120879 60.81318681318681
8.26 -23.714285714285708 -35.978021978021985 54.79120879120879 59.318681318681314
8.28 -23.538461538461533 -36.24175824175825 54.79120879120879 57.824175824175825
8.3 -23.27472527472527 -36.41758241758242 54.79120879120879 55.97802197802198
8.32 -22.92307692307692 -36.50549450549451 54.7032967032967 54.48351648351648
8.34 -22.483516483516482 -36.50549450549451 54.7032967032967 53.07692307692307
8.36 -22.13186813186813 -36.41758241758242 54.61538461538461 51.84615384615385
8.38 -21.604395604395606 -36.329670329670336 54.527472527472526 50.879120879120876
8.4 -20.90109890109889 -36.15384615384616 54.26373626373626 50.26373626373626
8.42 -20.19780219780219 -35.8901098901099 54.08791208791209 49.91208791208791
8.44 -19.4065934065934 -35.53846153846155 53.73626373626374 50.0
8.46 -18.439560439560438 -35.09890109890111 53.2967032967033 50.26373626373626
8.48 -17.296703296703285 -34.571428571428584 52.769230769230774 50.79120879120879
8.5 -16.153846153846146 -33.95604395604397 52.06593406593407 51.4065934065934
8.52 -13.692307692307693 -32.549450549450555 50.74725274725276 52.72527472527472
8.54 -13.692307692307693 -32.549450549450555 50.74725274725276 52.72527472527472
8.56 -12.637362637362628 -31.846153846153854 50.571428571428584 53.340659340659336
8.58 -11.84615384615384 -31.23076923076924 50.483516483516496 53.692307692307686
8.6 -11.406593406593402 -30.439560439560452 50.923076923076934 53.956043956043956
8.62 -11.054945054945051 -29.912087912087927 51.45054945054946 54.21978021978022
8.64 -11.230769230769226 -29.2967032967033 52.50549450549451 54.395604395604394
8.66 -11.49450549450549 -28.681318681318686 53.56043956043956 54.57142857142857
8.68 -12.109890109890102 -28.241758241758248 55.05494505494508 54.65934065934066
8.7 -12.90109890109889 -27.80219780219781 56.46153846153848 54.747252747252745
8.72 -15.186813186813183 -27.186813186813197 59.53846153846155 54.747252747252745
8.74 -15.186813186813183 -27.186813186813197 59.53846153846155 54.747252747252745
8.76 -16.76923076923076 -26.835164835164846 61.032967032967036 54.83516483516483
8.78 -18.175824175824175 -26.571428571428584 62.35164835164835 54.83516483516483
8.8 -19.758241758241752 -26.39560439560441 63.582417582417605 54.83516483516483
8.82 -21.428571428571416 -26.219780219780233 64.72527472527474 54.83516483516483
8.84 -23.098901098901095 -26.043956043956058 65.34065934065936 55.01098901098901
8.86 -24.593406593406584 -25.95604395604397 66.04395604395606 54.83516483516483
8.88 -26.08791208791208 -25.868131868131883 66.4835164835165 54.83516483516483
8.9 -27.582417582417577 -25.60439560439562 66.65934065934067 54.92307692307692
8.92 -28.989010989010985 -25.252747252747255 66.4835164835165 54.92307692307692
8.94 -30.395604395604394 -25.07692307692308 66.39560439560441 54.92307692307692
8.96 -31.714285714285708 -24.901098901098905 65.69230769230771 54.92307692307692
8.98 -32.857142857142854 -24.637362637362642 64.90109890109892 55.01098901098901
9.0 -33.73626373626373 -24.461538461538467 63.75824175824178 54.92307692307692
9.02 -34.43956043956044 -24.285714285714292 62.61538461538461 55.01098901098901
9.04 -35.05494505494505 -24.109890109890117 61.20879120879121 54.92307692307692
9.06 -35.4065934065934 -23.93406593406594 59.80219780219781 54.92307692307692
9.08 -35.75824175824175 -23.758241758241766 58.30769230769232 55.01098901098901
9.1 -35.93406593406593 -23.494505494505503 56.90109890109892 54.92307692307692
9.12 -36.021978021978015 -23.23076923076924 55.31868131868134 54.83516483516483
9.14 -36.021978021978015 -22.967032967032978 53.91208791208791 54.83516483516483
9.16 -35.93406593406593 -22.52747252747254 52.769230769230774 54.747252747252745
9.18 -35.75824175824175 -22.17582417582419 51.80219780219781 54.65934065934066
9.2 -35.58241758241758 -21.560439560439576 51.274725274725284 54.57142857142857
9.22 -35.230769230769226 -21.032967032967036 50.923076923076934 54.395604395604394
9.24 -34.79120879120879 -20.15384615384616 50.923076923076934 54.043956043956044
9.26 -34.35164835164835 -19.274725274725284 51.01098901098902 53.692307692307686
9.28 -33.82417582417582 -18.219780219780233 51.53846153846155 53.25274725274725
9.3 -33.208791208791204 -17.252747252747255 52.06593406593407 52.637362637362635
9.32 -31.802197802197796 -15.142857142857153 53.20879120879121 51.75824175824175
9.34 -31.802197802197796 -15.142857142857153 53.20879120879121 51.75824175824175
9.36 -31.098901098901095 -14.263736263736277 53.64835164835165 51.58241758241758
9.38 -30.483516483516482 -13.64835164835165 53.91208791208791 51.58241758241758
9.4 -29.780219780219774 -13.120879120879124 54.175824175824175 52.02197802197802
9.42 -28.725274725274723 -13.032967032967036 54.43956043956044 53.6043956043956
9.44 -28.725274725274723 -13.032967032967036 54.43956043956044 53.6043956043956
9.46 -28.19780219780219 -13.2967032967033 54.61538461538461 54.747252747252745
9.48 -27.758241758241752 -13.912087912087927 54.7032967032967 56.065934065934066
9.5 -27.4065934065934 -14.615384615384627 54.7032967032967 57.47252747252747
9.52 -27.05494505494505 -15.670329670329679 54.7032967032967 59.05494505494505
9.54 -26.879120879120876 -16.813186813186817 54.7032967032967 60.37362637362637
9.56 -26.527472527472526 -18.131868131868146 54.7032967032967 61.78021978021978
9.58 -26.263736263736256 -19.538461538461547 54.7032967032967 63.01098901098901
9.6 -26.08791208791208 -21.20879120879121 54.79120879120879 64.06593406593406
9.62 -25.912087912087912 -22.703296703296715 54.79120879120879 65.12087912087912
9.64 -25.736263736263737 -24.37362637362638 54.79120879120879 65.82417582417582
9.66 -25.64835164835165 -25.868131868131883 54.79120879120879 66.35164835164835
9.68 -25.472527472527474 -27.45054945054946 54.79120879120879 66.52747252747253
9.7 -25.296703296703285 -28.94505494505495 54.79120879120879 66.61538461538461
9.72 -25.12087912087911 -30.351648351648365 54.79120879120879 66.35164835164835
9.74 -24.945054945054935 -31.67032967032968 54.79120879120879 66.08791208791209
9.76 -24.681318681318672 -32.81318681318682 54.79120879120879 65.38461538461539
9.78 -24.593406593406584 -33.780219780219795 54.879120879120904 64.50549450549451
9.8 -24.32967032967032 -34.65934065934067 54.79120879120879 63.27472527472527
9.82 -24.153846153846146 -35.36263736263737 54.879120879120904 62.043956043956044
9.84 -23.97802197802197 -35.8901098901099 54.79120879120879 60.54945054945055
9.86 -23.714285714285708 -36.24175824175825 54.79120879120879 59.05494505494505
9.88 -23.538461538461533 -36.50549450549451 54.79120879120879 57.47252747252747
9.9 -23.186813186813183 -36.681318681318686 54.79120879120879 55.89010989010989
9.92 -22.92307692307692 -36.681318681318686 54.79120879120879 54.395604395604394
9.94 -22.483516483516482 -36.681318681318686 54.7032967032967 52.989010989010985
9.96 -22.043956043956044 -36.681318681318686 54.61538461538461 51.84615384615385
9.98 -21.604395604395606 -36.50549450549451 54.527472527472526 50.879120879120876
10.0 -20.90109890109889 -36.329670329670336 54.26373626373626 50.26373626373626
10.02 -20.19780219780219 -35.978021978021985 54.08791208791209 49.91208791208791
10.04 -19.4065934065934 -35.626373626373635 53.64835164835165 50.0
10.06 -18.439560439560438 -35.1868131868132 53.2967032967033 50.175824175824175
10.08 -17.384615384615373 -34.571428571428584 52.5934065934066 50.79120879120879
10.1 -16.153846153846146 -33.95604395604397 51.978021978021985 51.4065934065934
10.12 -14.92307692307692 -33.252747252747255 51.274725274725284 52.10989010989011
10.14 -13.780219780219781 -32.63736263736264 50.74725274725276 52.72527472527472
10.16 -12.725274725274716 -31.846153846153854 50.571428571428584 53.340659340659336
10.18 -11.84615384615384 -31.23076923076924 50.483516483516496 53.692307692307686
10.2 -11.406593406593402 -30.52747252747254 50.835164835164846 53.956043956043956
10.22 -11.054945054945051 -29.912087912087927 51.45054945054946 54.21978021978022
10.24 -11.230769230769226 -29.2967032967033 52.50549450549451 54.395604395604394
10.26 -11.406593406593402 -28.681318681318686 53.64835164835165 54.48351648351648
10.28 -12.109890109890102 -28.241758241758248 55.05494505494508 54.65934065934066
10.3 -12.90109890109889 -27.80219780219781 56.46153846153848 54.747252747252745
10.32 -14.043956043956044 -27.45054945054946 58.04395604395606 54.747252747252745
10.34 -15.27472527472527 -27.09890109890111 59.626373626373635 54.83516483516483
10.36 -16.681318681318672 -26.835164835164846 60.94505494505495 54.83516483516483
10.38 -18.263736263736263 -26.65934065934067 62.35164835164835 54.83516483516483
10.4 -19.84615384615384 -26.39560439560441 63.582417582417605 54.747252747252745
10.42 -21.428571428571416 -26.219780219780233 64.63736263736266 54.83516483516483
10.44 -23.098901098901095 -26.043956043956058 65.34065934065936 54.92307692307692
10.46 -24.593406593406584 -25.95604395604397 66.04395604395606 54.83516483516483
10.48 -26.175824175824168 -25.868131868131883 66.4835164835165 54.83516483516483
10.5 -27.582417582417577 -25.60439560439562 66.65934065934067 54.92307692307692
10.52 -29.076923076923073 -25.340659340659343 66.4835164835165 54.92307692307692
10.54 -30.483516483516482 -25.07692307692308 66.30769230769232 55.01098901098901
10.56 -31.802197802197796 -24.901098901098905 65.60439560439562 54.92307692307692
10.58 -32.857142857142854 -24.72527472527473 64.90109890109892 54.92307692307692
10.6 -33.73626373626373 -24.461538461538467 63.84615384615387 54.92307692307692
10.62 -34.43956043956044 -24.37362637362638 62.61538461538461 54.92307692307692
10.64 -34.967032967032964 -24.197802197802204 61.20879120879121 54.92307692307692
10.66 -35.4065934065934 -24.02197802197803 59.80219780219781 54.92307692307692
10.68 -35.75824175824175 -23.758241758241766 58.30769230769232 54.92307692307692
10.7 -35.93406593406593 -23.58241758241759 56.81318681318683 54.92307692307692
10.72 -36.021978021978015 -23.23076923076924 55.14285714285717 54.83516483516483
10.74 -36.021978021978015 -22.967032967032978 53.91208791208791 54.83516483516483
10.76 -35.93406593406593 -22.52747252747254 52.769230769230774 54.747252747252745
10.78 -35.75824175824175 -22.17582417582419 51.8901098901099 54.65934065934066
10.8 -35.58241758241758 -21.648351648351664 51.274725274725284 54.57142857142857
10.82 -35.230769230769226 -21.032967032967036 50.923076923076934 54.395604395604394
10.84 -34.79120879120879 -20.15384615384616 50.923076923076934 54.043956043956044
10.86 -34.35164835164835 -19.274725274725284 51.01098901098902 53.692307692307686
10.88 -33.73626373626373 -18.219780219780233 51.53846153846155 53.16483516483516
10.9 -33.208791208791204 -17.252747252747255 52.06593406593407 52.637362637362635
10.92 -32.505494505494504 -16.109890109890117 52.681318681318686 52.1978021978022
10.94 -31.802197802197796 -15.142857142857153 53.20879120879121 51.75824175824175
10.96 -31.098901098901095 -14.263736263736277 53.56043956043956 51.58241758241758
10.98 -30.483516483516482 -13.560439560439562 53.91208791208791 51.58241758241758
11.0 -29.86813186813186 -13.120879120879124 54.175824175824175 52.02197802197802
11.02 -29.25274725274725 -12.945054945054949 54.26373626373626 52.54945054945055
11.04 -28.725274725274723 -12.945054945054949 54.43956043956044 53.42857142857142
11.06 -28.285714285714278 -13.120879120879124 54.61538461538461 54.57142857142857
11.08 -27.758241758241752 -13.736263736263751 54.61538461538461 55.89010989010989
11.1 -27.49450549450549 -14.351648351648365 54.7032967032967 57.29670329670329
11.12 -27.14285714285714 -15.406593406593416 54.7032967032967 58.79120879120879
11.14 -26.879120879120876 -16.461538461538467 54.7032967032967 60.1978021978022
11.16 -26.527472527472526 -17.780219780219795 54.7032967032967 61.604395604395606
11.18 -26.351648351648343 -19.09890109890111 54.7032967032967 62.83516483516483
11.2 -26.08791208791208 -20.681318681318686 54.79120879120879 63.89010989010988
11.22 -26.0 -22.17582417582419 54.79120879120879 64.94505494505495
11.24 -25.824175824175825 -23.67032967032968 54.79120879120879 65.64835164835165
11.26 -25.64835164835165 -25.252747252747255 54.79120879120879 66.26373626373626
11.28 -25.472527472527474 -26.74725274725276 54.79120879120879 66.43956043956044
11.3 -25.296703296703285 -28.065934065934073 54.79120879120879 66.61538461538461
11.32 -25.208791208791197 -29.47252747252749 54.79120879120879 66.43956043956044
11.34 -25.032967032967022 -30.703296703296715 54.79120879120879 66.26373626373626
11.36 -24.857142857142847 -31.93406593406594 54.79120879120879 65.64835164835165
11.38 -24.681318681318672 -32.901098901098905 54.79120879120879 64.94505494505495
11.4 -24.41758241758241 -33.780219780219795 54.79120879120879 63.71428571428571
11.42 -24.32967032967032 -34.483516483516496 54.79120879120879 62.65934065934066
11.44 -24.06593406593406 -35.01098901098902 54.79120879120879 61.252747252747255
11.46 -23.890109890109883 -35.45054945054946 54.879120879120904 59.84615384615384
11.48 -23.62637362637362 -35.626373626373635 54.79120879120879 58.35164835164835
11.5 -23.450549450549445 -35.80219780219781 54.79120879120879 56.94505494505494
11.52 -23.098901098901095 -35.80219780219781 54.79120879120879 55.36263736263736
11.54 -22.835164835164832 -35.80219780219781 54.79120879120879 54.13186813186813
11.56 -22.395604395604394 -35.80219780219781 54.7032967032967 52.9010989010989
11.58 -21.956043956043956 -35.80219780219781 54.61538461538461 52.10989010989011
11.6 -21.34065934065933 -35.53846153846155 54.43956043956044 51.4065934065934
11.62 -20.637362637362628 -35.274725274725284 54.175824175824175 51.05494505494505
11.64 -19.84615384615384 -34.923076923076934 53.91208791208791 51.05494505494505
11.66 -19.05494505494505 -34.483516483516496 53.56043956043956 51.14285714285714
11.68 -18.087912087912088 -33.95604395604397 53.120879120879124 51.58241758241758
11.7 -17.032967032967022 -33.34065934065936 52.50549450549451 52.10989010989011
11.72 -15.978021978021971 -32.72527472527473 51.978021978021985 52.637362637362635
11.74 -14.92307692307692 -32.02197802197803 51.626373626373635 53.16483516483516
11.76 -13.956043956043956 -31.318681318681328 51.53846153846155 53.51648351648351
11.78 -13.252747252747241 -30.703296703296715 51.53846153846155 53.956043956043956
11.8 -12.90109890109889 -30.087912087912102 51.8901098901099 54.13186813186813
11.82 -12.725274725274716 -29.47252747252749 52.5934065934066 54.30769230769231
11.84 -12.90109890109889 -28.94505494505495 53.64835164835165 54.48351648351648
11.86 -13.252747252747241 -28.417582417582423 54.79120879120879 54.57142857142857
11.88 -14.043956043956044 -27.978021978021985 56.19780219780222 54.65934065934066
11.9 -14.835164835164832 -27.538461538461547 57.60439560439562 54.747252747252745
11.92 -15.978021978021971 -27.274725274725284 59.09890109890111 54.747252747252745
11.94 -17.12087912087911 -26.923076923076934 60.50549450549451 54.83516483516483
11.96 -18.7032967032967 -26.65934065934067 61.91208791208791 54.83516483516483
11.98 -20.021978021978015 -26.483516483516496 63.14285714285717 54.83516483516483
12.0 -21.692307692307693 -26.219780219780233 64.2857142857143 54.83516483516483
12.02 -23.186813186813183 -26.131868131868146 64.989010989011 55.098901098901095
12.04 -24.76923076923076 -26.131868131868146 65.69230769230771 54.83516483516483
12.06 -26.175824175824168 -26.043956043956058 66.30769230769232 54.83516483516483
12.08 -27.84615384615384 -25.868131868131883 66.57142857142858 54.92307692307692
12.1 -29.25274725274725 -25.340659340659343 66.65934065934067 54.92307692307692
12.12 -30.747252747252745 -25.164835164835168 66.39560439560441 54.92307692307692
12.14 -32.06593406593406 -24.989010989010993 65.95604395604397 54.92307692307692
12.16 -33.29670329670329 -24.72527472527473 65.16483516483518 54.92307692307692
12.18 -34.35164835164835 -24.549450549450555 64.3736263736264 54.92307692307692
12.2 -35.14285714285714 -24.37362637362638 63.14285714285717 54.92307692307692
12.22 -35.75824175824175 -24.197802197802204 61.824175824175825 54.92307692307692
12.24 -36.1978021978022 -24.02197802197803 60.329670329670336 54.92307692307692
12.26 -36.54945054945055 -23.846153846153854 58.923076923076934 54.92307692307692
12.28 -36.81318681318681 -23.67032967032968 57.34065934065936 54.92307692307692
12.3 -36.9010989010989 -23.318681318681328 55.67032967032969 54.83516483516483
12.32 -36.989010989010985 -23.054945054945065 54.08791208791209 54.83516483516483
12.34 -36.9010989010989 -22.703296703296715 52.681318681318686 54.747252747252745
12.36 -36.81318681318681 -22.263736263736277 51.53846153846155 54.65934065934066
12.38 -36.637362637362635 -21.82417582417584 50.65934065934067 54.65934065934066
12.4 -36.37362637362637 -21.20879120879121 50.04395604395606 54.48351648351648
12.42 -36.021978021978015 -20.50549450549451 49.780219780219795 54.21978021978022
12.44 -35.58241758241758 -19.538461538461547 49.86813186813188 53.780219780219774
12.46 -35.05494505494505 -18.65934065934067 50.131868131868146 53.340659340659336
12.48 -34.43956043956044 -17.42857142857143 50.74725274725276 52.81318681318681
12.5 -33.82417582417582 -16.37362637362638 51.53846153846155 52.1978021978022
12.52 -33.12087912087912 -15.23076923076924 52.24175824175825 51.49450549450549
12.54 -32.417582417582416 -14.087912087912102 52.85714285714286 50.967032967032964
12.56 -31.62637362637362 -13.120879120879124 53.2967032967033 50.79120879120879
12.58 -30.92307692307692 -12.241758241758248 53.73626373626374 50.61538461538461
12.6 -30.219780219780212 -11.626373626373635 54.0 50.967032967032964
12.62 -29.6043956043956 -11.274725274725284 54.175824175824175 51.4065934065934
12.64 -28.989010989010985 -11.274725274725284 54.35164835164835 52.46153846153846
12.66 -28.549450549450547 -11.45054945054946 54.43956043956044 53.51648351648351
12.68 -28.021978021978015 -12.065934065934073 54.527472527472526 54.92307692307692
12.7 -27.582417582417577 -12.769230769230774 54.7032967032967 56.32967032967033
12.72 -27.318681318681314 -13.736263736263751 54.7032967032967 58.0
12.74 -27.05494505494505 -14.87912087912089 54.7032967032967 59.49450549450549
12.76 -26.79120879120879 -16.197802197802204 54.7032967032967 60.989010989010985
12.78 -26.439560439560438 -17.604395604395606 54.7032967032967 62.30769230769231
12.8 -26.263736263736256 -19.274725274725284 54.79120879120879 63.53846153846153
12.82 -26.08791208791208 -20.85714285714286 54.879120879120904 64.41758241758242
12.84 -25.912087912087912 -22.439560439560452 54.79120879120879 65.38461538461539
12.86 -25.736263736263737 -23.93406593406594 54.79120879120879 66.08791208791209
12.88 -25.64835164835165 -25.692307692307708 54.79120879120879 66.43956043956044
12.9 -25.384615384615373 -27.186813186813197 54.79120879120879 66.61538461538461
12.92 -25.208791208791197 -28.681318681318686 54.79120879120879 66.43956043956044
12.94 -25.032967032967022 -30.000000000000014 54.79120879120879 66.35164835164835
12.96 -24.857142857142847 -31.318681318681328 54.79120879120879 65.73626373626374
12.98 -24.681318681318672 -32.37362637362638 54.79120879120879 65.12087912087912
13.0 -24.505494505494497 -33.252747252747255 54.879120879120904 63.89010989010988
13.02 -24.32967032967032 -34.04395604395606 54.879120879120904 62.747252747252745
13.04 -24.153846153846146 -34.65934065934067 54.79120879120879 61.42857142857143
13.06 -23.890109890109883 -35.09890109890111 54.79120879120879 60.1098901098901
13.08 -23.62637362637362 -35.45054945054946 54.79120879120879 58.527472527472526
13.1 -23.450549450549445 -35.626373626373635 54.879120879120904 57.03296703296703
13.12 -23.098901098901095 -35.71428571428572 54.79120879120879 55.450549450549445
13.14 -22.835164835164832 -35.71428571428572 54.79120879120879 54.21978021978022
13.16 -22.395604395604394 -35.626373626373635 54.7032967032967 52.989010989010985
13.18 -21.956043956043956 -35.626373626373635 54.61538461538461 52.10989010989011
13.2 -21.428571428571416 -35.45054945054946 54.43956043956044 51.49450549450549
13.22 -20.725274725274716 -35.1868131868132 54.175824175824175 51.05494505494505
13.24 -19.14285714285714 -34.483516483516496 53.56043956043956 51.14285714285714
13.26 -19.14285714285714 -34.483516483516496 53.56043956043956 51.14285714285714
13.28 -18.087912087912088 -33.95604395604397 53.120879120879124 51.58241758241758
13.3 -17.032967032967022 -33.34065934065936 52.50549450549451 52.02197802197802
13.32 -15.978021978021971 -32.72527472527473 52.06593406593407 52.637362637362635
13.34 -14.92307692307692 -32.02197802197803 51.626373626373635 53.16483516483516
13.36 -13.956043956043956 -31.406593406593416 51.53846153846155 53.51648351648351
13.38 -13.252747252747241 -30.703296703296715 51.53846153846155 53.956043956043956
13.4 -12.90109890109889 -30.087912087912102 51.978021978021985 54.13186813186813
13.42 -12.725274725274716 -29.47252747252749 52.5934065934066 54.30769230769231
13.44 -12.989010989010978 -28.85714285714286 53.64835164835165 54.395604395604394
13.46 -13.252747252747241 -28.417582417582423 54.79120879120879 54.57142857142857
13.48 -14.043956043956044 -27.978021978021985 56.19780219780222 54.65934065934066
13.5 -14.835164835164832 -27.538461538461547 57.60439560439562 54.747252747252745
13.52 -16.06593406593406 -27.186813186813197 59.09890109890111 54.747252747252745
13.54 -17.208791208791197 -26.835164835164846 60.50549450549451 54.83516483516483
13.56 -18.7032967032967 -26.65934065934067 61.91208791208791 54.83516483516483
13.58 -20.021978021978015 -26.39560439560441 63.14285714285717 54.83516483516483
13.6 -21.78021978021978 -26.219780219780233 64.2857142857143 54.747252747252745
13.62 -23.186813186813183 -26.131868131868146 64.989010989011 55.01098901098901
13.64 -24.857142857142847 -26.131868131868146 65.7802197802198 54.83516483516483
13.66 -27.84615384615384 -25.780219780219795 66.57142857142858 54.92307692307692
13.68 -27.84615384615384 -25.780219780219795 66.57142857142858 54.92307692307692
13.7 -29.340659340659336 -25.42857142857143 66.65934065934067 54.92307692307692
13.72 -30.747252747252745 -25.164835164835168 66.39560439560441 54.92307692307692
13.74 -32.06593406593406 -24.989010989010993 65.95604395604397 54.92307692307692
13.76 -33.29670329670329 -24.72527472527473 65.25274725274727 54.92307692307692
13.78 -34.26373626373626 -24.549450549450555 64.3736263736264 54.92307692307692
13.8 -35.14285714285714 -24.37362637362638 63.14285714285717 54.92307692307692
13.82 -35.75824175824175 -24.197802197802204 61.824175824175825 54.92307692307692
13.84 -36.1978021978022 -24.02197802197803 60.41758241758242 54.92307692307692
13.86 -36.54945054945055 -23.846153846153854 58.835164835164846 54.92307692307692
13.88 -36.81318681318681 -23.58241758241759 57.34065934065936 54.83516483516483
13.9 -36.989010989010985 -23.406593406593416 55.67032967032969 54.83516483516483
13.92 -36.989010989010985 -23.054945054945065 54.175824175824175 54.83516483516483
13.94 -36.989010989010985 -22.703296703296715 52.769230769230774 54.747252747252745
13.96 -36.81318681318681 -22.263736263736277 51.626373626373635 54.65934065934066
13.98 -36.637362637362635 -21.82417582417584 50.65934065934067 54.65934065934066
14.0 -36.285714285714285 -21.20879120879121 50.131868131868146 54.48351648351648
14.02 -36.021978021978015 -20.5934065934066 49.780219780219795 54.21978021978022
14.04 -35.58241758241758 -19.538461538461547 49.86813186813188 53.780219780219774
14.06 -35.05494505494505 -18.65934065934067 50.131868131868146 53.340659340659336
14.08 -34.43956043956044 -17.516483516483518 50.835164835164846 52.81318681318681
14.1 -33.82417582417582 -16.37362637362638 51.45054945054946 52.1978021978022
14.12 -33.12087912087912 -15.318681318681328 52.24175824175825 51.49450549450549
14.14 -32.417582417582416 -14.17582417582419 52.85714285714286 50.967032967032964
14.16 -31.538461538461533 -13.120879120879124 53.2967032967033 50.7032967032967
14.18 -30.92307692307692 -12.241758241758248 53.64835164835165 50.7032967032967
14.2 -30.131868131868124 -11.626373626373635 54.0 50.967032967032964
14.22 -29.51648351648351 -11.186813186813197 54.26373626373626 51.49450549450549
14.24 -28.989010989010985 -11.274725274725284 54.35164835164835 52.46153846153846
14.26 -28.46153846153846 -11.45054945054946 54.43956043956044 53.42857142857142
14.28 -28.021978021978015 -12.065934065934073 54.61538461538461 54.92307692307692
14.3 -27.670329670329664 -12.681318681318686 54.7032967032967 56.32967032967033
14.32 -27.318681318681314 -13.824175824175839 54.7032967032967 58.0
14.34 -27.05494505494505 -14.87912087912089 54.7032967032967 59.49450549450549
14.36 -26.7032967032967 -16.197802197802204 54.79120879120879 60.989010989010985
14.38 -26.439560439560438 -17.604395604395606 54.7032967032967 62.30769230769231
14.4 -26.263736263736256 -19.274725274725284 54.79120879120879 63.53846153846153
14.42 -26.08791208791208 -20.85714285714286 54.879120879120904 64.41758241758242
14.44 -26.0 -22.52747252747254 54.879120879120904 65.38461538461539
14.46 -25.824175824175825 -24.02197802197803 54.79120879120879 66.08791208791209
14.48 -25.560439560439562 -25.692307692307708 54.79120879120879 66.43956043956044
14.5 -25.384615384615373 -27.186813186813197 54.79120879120879 66.61538461538461
14.52 -25.12087912087911 -28.681318681318686 54.879120879120904 66.43956043956044
14.54 -25.032967032967022 -30.000000000000014 54.79120879120879 66.35164835164835
14.56 -24.857142857142847 -31.23076923076924 54.79120879120879 65.73626373626374
14.58 -24.681318681318672 -32.28571428571429 54.79120879120879 65.12087912087912
14.6 -24.41758241758241 -33.252747252747255 54.79120879120879 63.89010989010988
14.62 -24.241758241758234 -33.95604395604397 54.879120879120904 62.83516483516483
14.64 -24.06593406593406 -34.65934065934067 54.79120879120879 61.42857142857143
14.66 -23.890109890109883 -35.09890109890111 54.79120879120879 60.1098901098901
14.68 -23.62637362637362 -35.45054945054946 54.79120879120879 58.61538461538461
14.7 -23.450549450549445 -35.626373626373635 54.79120879120879 57.03296703296703
14.72 -23.098901098901095 -35.71428571428572 54.79120879120879 55.53846153846153
14.74 -22.835164835164832 -35.71428571428572 54.79120879120879 54.21978021978022
14.76 -22.395604395604394 -35.626373626373635 54.7032967032967 53.07692307692307
14.78 -21.956043956043956 -35.626373626373635 54.61538461538461 52.10989010989011
14.8 -21.34065934065933 -35.45054945054946 54.35164835164835 51.4065934065934
14.82 -20.725274725274716 -35.1868131868132 54.175824175824175 51.05494505494505
14.84 -19.84615384615384 -34.923076923076934 53.91208791208791 51.05494505494505
14.86 -19.05494505494505 -34.39560439560441 53.56043956043956 51.14285714285714
14.88 -18.087912087912088 -33.95604395604397 53.120879120879124 51.58241758241758
14.9 -17.032967032967022 -33.34065934065936 52.50549450549451 52.10989010989011
14.92 -15.978021978021971 -32.72527472527473 51.978021978021985 52.637362637362635
14.94 -14.92307692307692 -32.02197802197803 51.53846153846155 53.16483516483516
14.96 -13.956043956043956 -31.406593406593416 51.53846153846155 53.51648351648351
14.98 -13.252747252747241 -30.703296703296715 51.45054945054946 53.956043956043956
15.0 -12.90109890109889 -30.087912087912102 51.978021978021985 54.13186813186813
15.02 -12.725274725274716 -29.47252747252749 52.5934065934066 54.30769230769231
15.04 -12.989010989010978 -28.94505494505495 53.64835164835165 54.48351648351648
15.06 -13.252747252747241 -28.417582417582423 54.79120879120879 54.57142857142857
15.08 -14.043956043956044 -27.978021978021985 56.19780219780222 54.65934065934066
15.1 -14.835164835164832 -27.538461538461547 57.51648351648353 54.747252747252745
15.12 -15.978021978021971 -27.274725274725284 59.09890109890111 54.83516483516483
15.14 -17.208791208791197 -26.923076923076934 60.50549450549451 54.83516483516483
15.16 -18.7032967032967 -26.65934065934067 61.91208791208791 54.83516483516483
15.18 -20.021978021978015 -26.39560439560441 63.14285714285717 54.83516483516483
15.2 -21.692307692307693 -26.219780219780233 64.2857142857143 54.83516483516483
15.22 -23.27472527472527 -26.131868131868146 64.989010989011 55.01098901098901
15.24 -24.76923076923076 -26.131868131868146 65.69230769230771 54.83516483516483
15.26 -26.263736263736256 -26.043956043956058 66.30769230769232 54.83516483516483
15.28 -27.758241758241752 -25.780219780219795 66.57142857142858 54.92307692307692
15.3 -29.25274725274725 -25.340659340659343 66.65934065934067 54.92307692307692
15.32 -30.747252747252745 -25.164835164835168 66.4835164835165 54.92307692307692
15.34 -32.153846153846146 -24.989010989010993 66.04395604395606 54.92307692307692
15.36 -33.29670329670329 -24.72527472527473 65.25274725274727 54.92307692307692
15.38 -34.26373626373626 -24.549450549450555 64.3736263736264 54.92307692307692
15.4 -35.05494505494505 -24.37362637362638 63.14285714285717 54.92307692307692
15.42 -35.75824175824175 -24.197802197802204 61.824175824175825 54.92307692307692
15.44 -36.1978021978022 -24.02197802197803 60.41758241758242 54.92307692307692
15.46 -36.54945054945055 -23.846153846153854 58.835164835164846 54.92307692307692
15.48 -36.81318681318681 -23.67032967032968 57.34065934065936 54.92307692307692
15.5 -36.989010989010985 -23.406593406593416 55.67032967032969 54.83516483516483
15.52 -36.989010989010985 -23.054945054945065 54.175824175824175 54.83516483516483
15.54 -36.989010989010985 -22.703296703296715 52.769230769230774 54.747252747252745
15.56 -36.81318681318681 -22.351648351648365 51.53846153846155 54.65934065934066
15.58 -36.54945054945055 -21.82417582417584 50.65934065934067 54.65934065934066
15.6 -36.37362637362637 -21.20879120879121 50.131868131868146 54.48351648351648
15.62 -36.021978021978015 -20.5934065934066 49.780219780219795 54.21978021978022
15.64 -35.58241758241758 -19.538461538461547 49.86813186813188 53.780219780219774
15.66 -35.05494505494505 -18.65934065934067 50.131868131868146 53.340659340659336
15.68 -34.527472527472526 -17.516483516483518 50.74725274725276 52.81318681318681
15.7 -33.912087912087905 -16.37362637362638 51.45054945054946 52.1978021978022
15.72 -33.12087912087912 -15.318681318681328 52.24175824175825 51.49450549450549
15.74 -32.417582417582416 -14.17582417582419 52.85714285714286 50.967032967032964
15.76 -31.62637362637362 -13.120879120879124 53.2967032967033 50.7032967032967
15.78 -30.92307692307692 -12.241758241758248 53.64835164835165 50.61538461538461
15.8 -30.131868131868124 -11.626373626373635 54.08791208791209 50.967032967032964
15.82 -29.6043956043956 -11.186813186813197 54.175824175824175 51.49450549450549
15.84 -28.989010989010985 -11.274725274725284 54.35164835164835 52.46153846153846
15.86 -28.46153846153846 -11.538461538461547 54.43956043956044 53.51648351648351
15.88 -28.021978021978015 -12.065934065934073 54.61538461538461 55.01098901098901
15.9 -27.670329670329664 -12.681318681318686 54.61538461538461 56.417582417582416
15.92 -27.318681318681314 -13.824175824175839 54.7032967032967 58.0
15.94 -27.05494505494505 -14.87912087912089 54.7032967032967 59.49450549450549
15.96 -26.7032967032967 -16.285714285714292 54.7032967032967 60.989010989010985
15.98 -26.527472527472526 -17.692307692307708 54.7032967032967 62.30769230769231
16.0 -26.263736263736256 -19.274725274725284 54.79120879120879 63.53846153846153
16.02 -26.08791208791208 -20.85714285714286 54.879120879120904 64.41758241758242
16.04 -26.0 -22.52747252747254 54.79120879120879 65.38461538461539
16.06 -25.824175824175825 -24.02197802197803 54.79120879120879 66.08791208791209
16.08 -25.64835164835165 -25.692307692307708 54.79120879120879 66.43956043956044
16.1 -25.384615384615373 -27.186813186813197 54.879120879120904 66.61538461538461
16.12 -25.12087912087911 -28.681318681318686 54.79120879120879 66.43956043956044
16.14 -25.032967032967022 -30.000000000000014 54.79120879120879 66.35164835164835
16.16 -24.857142857142847 -31.318681318681328 54.79120879120879 65.73626373626374
16.18 -24.681318681318672 -32.37362637362638 54.879120879120904 65.03296703296704
16.2 -24.505494505494497 -33.252747252747255 54.79120879120879 63.97802197802197
16.22 -24.32967032967032 -33.95604395604397 54.879120879120904 62.747252747252745
16.24 -24.153846153846146 -34.65934065934067 54.79120879120879 61.42857142857143
16.26 -23.890109890109883 -35.09890109890111 54.79120879120879 60.1098901098901
16.28 -23.714285714285708 -35.45054945054946 54.79120879120879 58.61538461538461
16.3 -23.362637362637358 -35.626373626373635 54.79120879120879 57.03296703296703
16.32 -23.098901098901095 -35.71428571428572 54.79120879120879 55.450549450549445
16.34 -22.835164835164832 -35.71428571428572 54.79120879120879 54.21978021978022
16.36 -22.395604395604394 -35.626373626373635 54.7032967032967 52.989010989010985
16.38 -21.956043956043956 -35.626373626373635 54.61538461538461 52.02197802197802
16.4 -21.34065934065933 -35.45054945054946 54.43956043956044 51.4065934065934
16.42 -20.725274725274716 -35.1868131868132 54.175824175824175 51.05494505494505
16.44 -19.84615384615384 -34.923076923076934 53.91208791208791 51.05494505494505
16.46 -19.14285714285714 -34.483516483516496 53.64835164835165 51.14285714285714
16.48 -18.087912087912088 -33.95604395604397 53.120879120879124 51.58241758241758
16.5 -17.032967032967022 -33.428571428571445 52.5934065934066 52.10989010989011
16.52 -15.890109890109883 -32.72527472527473 51.978021978021985 52.637362637362635
16.54 -14.835164835164832 -32.10989010989012 51.53846153846155 53.16483516483516
16.56 -13.956043956043956 -31.406593406593416 51.45054945054946 53.51648351648351
16.58 -13.252747252747241 -30.703296703296715 51.45054945054946 53.86813186813187
16.6 -12.813186813186803 -30.087912087912102 51.8901098901099 54.13186813186813
16.62 -12.725274725274716 -29.47252747252749 52.50549450549451 54.30769230769231
16.64 -12.90109890109889 -28.85714285714286 53.56043956043956 54.48351648351648
16.66 -13.164835164835154 -28.417582417582423 54.7032967032967 54.57142857142857
16.68 -13.868131868131869 -27.978021978021985 56.10989010989013 54.65934065934066
16.7 -14.57142857142857 -27.538461538461547 57.428571428571445 54.747252747252745
16.72 -15.714285714285708 -27.186813186813197 58.923076923076934 54.747252747252745
16.74 -16.857142857142847 -26.923076923076934 60.329670329670336 54.83516483516483
16.76 -18.263736263736263 -26.65934065934067 61.64835164835165 54.83516483516483
16.78 -19.670329670329664 -26.483516483516496 62.96703296703299 54.83516483516483
16.8 -21.25274725274724 -26.219780219780233 64.10989010989013 54.747252747252745
16.82 -22.747252747252745 -26.131868131868146 64.90109890109892 54.83516483516483
16.84 -24.241758241758234 -26.043956043956058 65.69230769230771 54.92307692307692
16.86 -25.64835164835165 -26.043956043956058 66.30769230769232 54.92307692307692
16.88 -27.14285714285714 -25.780219780219795 66.57142857142858 54.92307692307692
16.9 -28.46153846153846 -25.42857142857143 66.65934065934067 54.92307692307692
16.92 -29.95604395604395 -25.164835164835168 66.57142857142858 54.92307692307692
16.94 -31.186813186813183 -24.989010989010993 66.21978021978023 54.92307692307692
16.96 -32.505494505494504 -24.813186813186817 65.42857142857144 54.92307692307692
16.98 -33.38461538461538 -24.637362637362642 64.72527472527474 54.92307692307692
17.0 -34.26373626373626 -24.461538461538467 63.67032967032969 54.92307692307692
17.02 -34.879120879120876 -24.285714285714292 62.43956043956044 54.92307692307692
17.04 -35.318681318681314 -24.197802197802204 61.032967032967036 54.92307692307692
17.06 -35.670329670329664 -24.02197802197803 59.71428571428572 54.92307692307692
17.08 -35.93406593406593 -23.758241758241766 58.131868131868146 54.92307692307692
17.1 -36.1098901098901 -23.494505494505503 56.637362637362656 54.92307692307692
17.12 -36.1098901098901 -23.23076923076924 55.14285714285717 54.92307692307692
17.14 -36.1098901098901 -22.967032967032978 53.824175824175825 54.83516483516483
17.16 -36.021978021978015 -22.52747252747254 52.681318681318686 54.747252747252745
17.18 -35.84615384615384 -22.087912087912102 51.80219780219781 54.65934065934066
17.2 -35.58241758241758 -21.560439560439576 51.274725274725284 54.57142857142857
17.22 -35.318681318681314 -20.94505494505495 50.835164835164846 54.395604395604394
17.24 -34.879120879120876 -20.15384615384616 50.923076923076934 54.043956043956044
17.26 -34.35164835164835 -19.274725274725284 51.09890109890111 53.692307692307686
17.28 -33.73626373626373 -18.219780219780233 51.53846153846155 53.16483516483516
17.3 -33.208791208791204 -17.252747252747255 52.06593406593407 52.637362637362635
17.32 -32.505494505494504 -16.197802197802204 52.681318681318686 52.1978021978022
17.34 -31.802197802197796 -15.23076923076924 53.20879120879121 51.75824175824175
17.36 -31.098901098901095 -14.263736263736277 53.56043956043956 51.58241758241758
17.38 -30.483516483516482 -13.560439560439562 53.91208791208791 51.58241758241758
17.4 -29.86813186813186 -13.120879120879124 54.175824175824175 52.02197802197802
17.42 -29.25274725274725 -12.857142857142861 54.26373626373626 52.46153846153846
17.44 -28.725274725274723 -12.945054945054949 54.43956043956044 53.51648351648351
17.46 -28.19780219780219 -13.120879120879124 54.61538461538461 54.57142857142857
17.48 -27.84615384615384 -13.736263736263751 54.7032967032967 55.97802197802198
17.5 -27.49450549450549 -14.351648351648365 54.7032967032967 57.38461538461538
17.52 -27.14285714285714 -15.406593406593416 54.7032967032967 58.879120879120876
17.54 -26.879120879120876 -16.37362637362638 54.7032967032967 60.1978021978022
17.56 -26.615384615384613 -17.780219780219795 54.7032967032967 61.604395604395606
17.58 -26.263736263736256 -19.09890109890111 54.7032967032967 62.83516483516483
17.6 -26.175824175824168 -20.769230769230774 54.79120879120879 63.89010989010988
17.62 -26.0 -22.17582417582419 54.79120879120879 64.94505494505495
17.64 -25.824175824175825 -23.67032967032968 54.79120879120879 65.64835164835165
17.66 -25.64835164835165 -25.164835164835168 54.79120879120879 66.26373626373626
17.68 -25.472527472527474 -26.835164835164846 54.79120879120879 66.43956043956044
17.7 -25.384615384615373 -28.241758241758248 54.79120879120879 66.61538461538461
17.72 -25.12087912087911 -29.560439560439576 54.79120879120879 66.43956043956044
17.74 -25.032967032967022 -30.703296703296715 54.79120879120879 66.26373626373626
17.76 -24.857142857142847 -31.846153846153854 54.879120879120904 65.64835164835165
17.78 -24.681318681318672 -32.901098901098905 54.79120879120879 64.94505494505495
17.8 -24.41758241758241 -33.780219780219795 54.879120879120904 63.71428571428571
17.82 -24.32967032967032 -34.39560439560441 54.79120879120879 62.65934065934066
17.84 -24.06593406593406 -35.01098901098902 54.79120879120879 61.252747252747255
17.86 -23.890109890109883 -35.45054945054946 54.79120879120879 59.93406593406593
17.88 -23.62637362637362 -35.626373626373635 54.879120879120904 58.43956043956044
17.9 -23.450549450549445 -35.80219780219781 54.79120879120879 56.857142857142854
17.92 -23.098901098901095 -35.8901098901099 54.79120879120879 55.36263736263736
17.94 -22.747252747252745 -35.80219780219781 54.79120879120879 54.13186813186813
17.96 -22.395604395604394 -35.80219780219781 54.7032967032967 52.9010989010989
17.98 -21.956043956043956 -35.71428571428572 54.61538461538461 52.02197802197802
18.0 -21.34065934065933 -35.53846153846155 54.43956043956044 51.4065934065934
18.02 -20.637362637362628 -35.274725274725284 54.175824175824175 51.05494505494505
18.04 -19.84615384615384 -34.923076923076934 53.91208791208791 51.05494505494505
18.06 -19.14285714285714 -34.571428571428584 53.64835164835165 51.14285714285714
18.08 -18.087912087912088 -33.95604395604397 53.120879120879124 51.49450549450549
18.1 -17.032967032967022 -33.34065934065936 52.50549450549451 52.02197802197802
18.12 -15.978021978021971 -32.72527472527473 51.978021978021985 52.637362637362635
18.14 -14.92307692307692 -32.02197802197803 51.626373626373635 53.16483516483516
18.16 -13.956043956043956 -31.406593406593416 51.45054945054946 53.6043956043956
18.18 -13.252747252747241 -30.703296703296715 51.53846153846155 53.956043956043956
18.2 -12.90109890109889 -30.000000000000014 51.978021978021985 54.13186813186813
18.22 -12.725274725274716 -29.47252747252749 52.5934065934066 54.30769230769231
18.24 -12.90109890109889 -28.94505494505495 53.64835164835165 54.48351648351648
18.26 -13.252747252747241 -28.417582417582423 54.79120879120879 54.57142857142857
18.28 -13.956043956043956 -27.978021978021985 56.19780219780222 54.65934065934066
18.3 -14.835164835164832 -27.538461538461547 57.60439560439562 54.747252747252745
18.32 -15.978021978021971 -27.186813186813197 59.09890109890111 54.83516483516483
18.34 -17.12087912087911 -26.923076923076934 60.50549450549451 54.83516483516483
18.36 -18.7032967032967 -26.65934065934067 61.91208791208791 54.83516483516483
18.38 -20.021978021978015 -26.483516483516496 63.14285714285717 54.83516483516483
18.4 -21.692307692307693 -26.219780219780233 64.2857142857143 54.83516483516483
18.42 -23.186813186813183 -26.131868131868146 64.989010989011 55.098901098901095
18.44 -24.76923076923076 -26.131868131868146 65.69230769230771 54.83516483516483
18.46 -26.263736263736256 -26.043956043956058 66.30769230769232 54.83516483516483
18.48 -27.84615384615384 -25.868131868131883 66.57142857142858 54.92307692307692
18.5 -29.25274725274725 -25.42857142857143 66.65934065934067 54.92307692307692
18.52 -30.747252747252745 -25.164835164835168 66.39560439560441 54.92307692307692
18.54 -32.153846153846146 -24.989010989010993 66.04395604395606 54.92307692307692
18.56 -33.29670329670329 -24.72527472527473 65.25274725274727 54.92307692307692
18.58 -34.26373626373626 -24.549450549450555 64.3736263736264 54.92307692307692
18.6 -35.14285714285714 -24.37362637362638 63.14285714285717 54.92307692307692
18.62 -35.75824175824175 -24.197802197802204 61.824175824175825 54.92307692307692
18.64 -36.1978021978022 -24.02197802197803 60.329670329670336 54.92307692307692
18.66 -36.54945054945055 -23.846153846153854 58.835164835164846 54.92307692307692
18.68 -36.81318681318681 -23.58241758241759 57.25274725274727 54.92307692307692
18.7 -36.9010989010989 -23.406593406593416 55.67032967032969 54.83516483516483
18.72 -36.9010989010989 -23.054945054945065 54.08791208791209 54.747252747252745
18.74 -36.989010989010985 -22.703296703296715 52.681318681318686 54.747252747252745
18.76 -36.81318681318681 -22.263736263736277 51.53846153846155 54.747252747252745
18.78 -36.637362637362635 -21.82417582417584 50.65934065934067 54.65934065934066
18.8 -36.285714285714285 -21.20879120879121 50.04395604395606 54.48351648351648
18.82 -36.021978021978015 -20.5934065934066 49.780219780219795 54.21978021978022
18.84 -35.58241758241758 -19.538461538461547 49.86813186813188 53.780219780219774
18.86 -35.05494505494505 -18.65934065934067 50.131868131868146 53.340659340659336
18.88 -34.527472527472526 -17.516483516483518 50.74725274725276 52.81318681318681
18.9 -33.82417582417582 -16.37362637362638 51.45054945054946 52.10989010989011
18.92 -33.12087912087912 -15.318681318681328 52.24175824175825 51.49450549450549
18.94 -32.417582417582416 -14.17582417582419 52.85714285714286 50.967032967032964
18.96 -31.62637362637362 -13.120879120879124 53.2967032967033 50.7032967032967
18.98 -30.92307692307692 -12.241758241758248 53.64835164835165 50.61538461538461
19.0 -30.219780219780212 -11.626373626373635 54.0 50.967032967032964
19.02 -29.6043956043956 -11.274725274725284 54.175824175824175 51.4065934065934
19.04 -28.989010989010985 -11.274725274725284 54.35164835164835 52.37362637362637
19.06 -28.549450549450547 -11.45054945054946 54.43956043956044 53.51648351648351
19.08 -28.021978021978015 -12.065934065934073 54.61538461538461 54.92307692307692
19.1 -27.582417582417577 -12.769230769230774 54.61538461538461 56.32967032967033
19.12 -27.318681318681314 -13.736263736263751 54.7032967032967 57.91208791208791
19.14 -26.967032967032964 -14.87912087912089 54.7032967032967 59.49450549450549
19.16 -26.7032967032967 -16.197802197802204 54.7032967032967 60.9010989010989
19.18 -26.263736263736256 -19.186813186813197 54.79120879120879 63.53846153846153
19.2 -26.263736263736256 -19.186813186813197 54.79120879120879 63.53846153846153
19.22 -26.08791208791208 -20.85714285714286 54.879120879120904 64.41758241758242
19.24 -25.912087912087912 -22.439560439560452 54.79120879120879 65.38461538461539
19.26 -25.824175824175825 -24.02197802197803 54.79120879120879 66.08791208791209
19.28 -25.64835164835165 -25.60439560439562 54.79120879120879 66.43956043956044
19.3 -25.384615384615373 -27.186813186813197 54.79120879120879 66.61538461538461
19.32 -25.208791208791197 -28.681318681318686 54.879120879120904 66.52747252747253
19.34 -25.032967032967022 -29.912087912087927 54.79120879120879 66.35164835164835
19.36 -24.857142857142847 -31.23076923076924 54.79120879120879 65.73626373626374
19.38 -24.681318681318672 -32.37362637362638 54.79120879120879 65.03296703296704
19.4 -24.505494505494497 -33.252747252747255 54.879120879120904 63.89010989010988
19.42 -24.32967032967032 -34.04395604395606 54.879120879120904 62.83516483516483
19.44 -24.06593406593406 -34.65934065934067 54.879120879120904 61.34065934065934
19.46 -23.890109890109883 -35.09890109890111 54.879120879120904 60.021978021978015
19.48 -23.714285714285708 -35.45054945054946 54.79120879120879 58.527472527472526
19.5 -23.362637362637358 -35.626373626373635 54.79120879120879 56.94505494505494
19.52 -23.098901098901095 -35.71428571428572 54.79120879120879 55.450549450549445
19.54 -22.835164835164832 -35.71428571428572 54.79120879120879 54.13186813186813
19.56 -22.395604395604394 -35.626373626373635 54.7032967032967 52.989010989010985
19.58 -21.956043956043956 -35.626373626373635 54.61538461538461 52.10989010989011
19.6 -21.428571428571416 -35.45054945054946 54.43956043956044 51.4065934065934
19.62 -20.637362637362628 -35.1868131868132 54.175824175824175 51.05494505494505
19.64 -19.84615384615384 -34.923076923076934 53.91208791208791 51.05494505494505
19.66 -19.14285714285714 -34.483516483516496 53.56043956043956 51.14285714285714
19.68 -18.087912087912088 -33.86813186813188 53.120879120879124 51.58241758241758
19.7 -17.032967032967022 -33.34065934065936 52.50549450549451 52.02197802197802
19.72 -15.890109890109883 -32.72527472527473 51.978021978021985 52.637362637362635
19.74 -14.92307692307692 -32.02197802197803 51.626373626373635 53.16483516483516
19.76 -13.956043956043956 -31.318681318681328 51.53846153846155 53.6043956043956
19.78 -13.252747252747241 -30.703296703296715 51.53846153846155 53.86813186813187
19.8 -12.90109890109889 -30.087912087912102 51.978021978021985 54.13186813186813
19.82 -12.725274725274716 -29.47252747252749 52.5934065934066 54.30769230769231
19.84 -12.989010989010978 -28.94505494505495 53.56043956043956 54.48351648351648
19.86 -13.252747252747241 -28.417582417582423 54.79120879120879 54.57142857142857
19.88 -14.043956043956044 -27.978021978021985 56.19780219780222 54.65934065934066
19.9 -14.835164835164832 -27.538461538461547 57.60439560439562 54.747252747252745
19.92 -15.978021978021971 -27.274725274725284 59.09890109890111 54.83516483516483
19.94 -17.12087912087911 -26.923076923076934 60.50549450549451 54.747252747252745
19.96 -18.7032967032967 -26.65934065934067 61.91208791208791 54.83516483516483
19.98 -20.021978021978015 -26.39560439560441 63.14285714285717 54.83516483516483
20.0 -21.692307692307693 -26.219780219780233 64.2857142857143 54.83516483516483
