0 1.022000E+3 1.023000E+3 0.000000E+0 0.000000E+0
1 1.021000E+3 1.022000E+3 0.000000E+0 0.000000E+0
2 1.022000E+3 1.022000E+3 0.000000E+0 0.000000E+0
3 1.022000E+3 1.022000E+3 0.000000E+0 0.000000E+0
4 1.022000E+3 1.021000E+3 0.000000E+0 0.000000E+0
5 1.022000E+3 1.018000E+3 0.000000E+0 0.000000E+0
6 1.023000E+3 1.016000E+3 0.000000E+0 0.000000E+0
7 1.024000E+3 1.012000E+3 0.000000E+0 0.000000E+0
8 1.025000E+3 1.009000E+3 0.000000E+0 0.000000E+0
9 1.026000E+3 1.006000E+3 0.000000E+0 0.000000E+0
10 1.027000E+3 1.003000E+3 0.000000E+0 0.000000E+0
11 1.028000E+3 1.000000E+3 0.000000E+0 0.000000E+0
12 1.029000E+3 997.000000E+0 0.000000E+0 0.000000E+0
13 1.031000E+3 995.000000E+0 0.000000E+0 0.000000E+0
14 1.032000E+3 992.000000E+0 0.000000E+0 0.000000E+0
15 1.034000E+3 989.000000E+0 0.000000E+0 0.000000E+0
16 1.036000E+3 986.000000E+0 0.000000E+0 0.000000E+0
17 1.036000E+3 984.000000E+0 0.000000E+0 0.000000E+0
18 1.038000E+3 981.000000E+0 0.000000E+0 0.000000E+0
19 1.039000E+3 978.000000E+0 0.000000E+0 0.000000E+0
20 1.041000E+3 975.000000E+0 0.000000E+0 0.000000E+0
21 1.042000E+3 972.000000E+0 0.000000E+0 0.000000E+0
22 1.043000E+3 969.000000E+0 0.000000E+0 0.000000E+0
23 1.044000E+3 966.000000E+0 0.000000E+0 0.000000E+0
24 1.045000E+3 963.000000E+0 0.000000E+0 0.000000E+0
25 1.047000E+3 960.000000E+0 0.000000E+0 0.000000E+0
26 1.049000E+3 957.000000E+0 0.000000E+0 0.000000E+0
27 1.050000E+3 954.000000E+0 0.000000E+0 0.000000E+0
28 1.051000E+3 951.000000E+0 0.000000E+0 0.000000E+0
29 1.052000E+3 948.000000E+0 0.000000E+0 0.000000E+0
30 1.054000E+3 945.000000E+0 0.000000E+0 0.000000E+0
31 1.055000E+3 942.000000E+0 0.000000E+0 0.000000E+0
32 1.056000E+3 939.000000E+0 0.000000E+0 0.000000E+0
33 1.057000E+3 937.000000E+0 0.000000E+0 0.000000E+0
34 1.059000E+3 934.000000E+0 0.000000E+0 0.000000E+0
35 1.060000E+3 931.000000E+0 0.000000E+0 0.000000E+0
36 1.061000E+3 928.000000E+0 0.000000E+0 0.000000E+0
37 1.063000E+3 926.000000E+0 0.000000E+0 0.000000E+0
38 1.064000E+3 924.000000E+0 0.000000E+0 0.000000E+0
39 1.065000E+3 921.000000E+0 0.000000E+0 0.000000E+0
40 1.067000E+3 918.000000E+0 0.000000E+0 0.000000E+0
41 1.068000E+3 914.000000E+0 0.000000E+0 0.000000E+0
42 1.069000E+3 912.000000E+0 0.000000E+0 0.000000E+0
43 1.070000E+3 910.000000E+0 0.000000E+0 0.000000E+0
44 1.072000E+3 907.000000E+0 0.000000E+0 0.000000E+0
45 1.073000E+3 904.000000E+0 0.000000E+0 0.000000E+0
46 1.074000E+3 902.000000E+0 0.000000E+0 0.000000E+0
47 1.075000E+3 899.000000E+0 0.000000E+0 0.000000E+0
48 1.076000E+3 896.000000E+0 0.000000E+0 0.000000E+0
49 1.077000E+3 894.000000E+0 0.000000E+0 0.000000E+0
50 1.079000E+3 891.000000E+0 0.000000E+0 0.000000E+0
51 1.080000E+3 889.000000E+0 0.000000E+0 0.000000E+0
52 1.082000E+3 885.000000E+0 0.000000E+0 0.000000E+0
53 1.083000E+3 883.000000E+0 0.000000E+0 0.000000E+0
54 1.084000E+3 881.000000E+0 0.000000E+0 0.000000E+0
55 1.085000E+3 878.000000E+0 0.000000E+0 0.000000E+0
56 1.086000E+3 875.000000E+0 0.000000E+0 0.000000E+0
57 1.087000E+3 873.000000E+0 0.000000E+0 0.000000E+0
58 1.089000E+3 870.000000E+0 0.000000E+0 0.000000E+0
59 1.090000E+3 868.000000E+0 0.000000E+0 0.000000E+0
60 1.091000E+3 866.000000E+0 0.000000E+0 0.000000E+0
61 1.092000E+3 863.000000E+0 0.000000E+0 0.000000E+0
62 1.093000E+3 860.000000E+0 0.000000E+0 0.000000E+0
63 1.094000E+3 858.000000E+0 0.000000E+0 0.000000E+0
64 1.096000E+3 855.000000E+0 0.000000E+0 0.000000E+0
65 1.096000E+3 852.000000E+0 0.000000E+0 0.000000E+0
66 1.097000E+3 849.000000E+0 0.000000E+0 0.000000E+0
67 1.099000E+3 847.000000E+0 0.000000E+0 0.000000E+0
68 1.100000E+3 845.000000E+0 0.000000E+0 0.000000E+0
69 1.100000E+3 842.000000E+0 0.000000E+0 0.000000E+0
70 1.102000E+3 840.000000E+0 0.000000E+0 0.000000E+0
71 1.103000E+3 838.000000E+0 0.000000E+0 0.000000E+0
72 1.104000E+3 835.000000E+0 0.000000E+0 0.000000E+0
73 1.105000E+3 833.000000E+0 0.000000E+0 0.000000E+0
74 1.106000E+3 830.000000E+0 0.000000E+0 0.000000E+0
75 1.108000E+3 828.000000E+0 0.000000E+0 0.000000E+0
76 1.109000E+3 825.000000E+0 0.000000E+0 0.000000E+0
77 1.110000E+3 823.000000E+0 0.000000E+0 0.000000E+0
78 1.111000E+3 821.000000E+0 0.000000E+0 0.000000E+0
79 1.112000E+3 818.000000E+0 0.000000E+0 0.000000E+0
80 1.114000E+3 816.000000E+0 0.000000E+0 0.000000E+0
81 1.114000E+3 814.000000E+0 0.000000E+0 0.000000E+0
82 1.116000E+3 812.000000E+0 0.000000E+0 0.000000E+0
83 1.117000E+3 810.000000E+0 0.000000E+0 0.000000E+0
84 1.118000E+3 807.000000E+0 0.000000E+0 0.000000E+0
85 1.119000E+3 805.000000E+0 0.000000E+0 0.000000E+0
86 1.120000E+3 803.000000E+0 0.000000E+0 0.000000E+0
87 1.120000E+3 801.000000E+0 0.000000E+0 0.000000E+0
88 1.121000E+3 798.000000E+0 0.000000E+0 0.000000E+0
89 1.122000E+3 795.000000E+0 0.000000E+0 0.000000E+0
90 1.124000E+3 793.000000E+0 0.000000E+0 0.000000E+0
91 1.124000E+3 791.000000E+0 0.000000E+0 0.000000E+0
92 1.125000E+3 789.000000E+0 0.000000E+0 0.000000E+0
93 1.126000E+3 787.000000E+0 0.000000E+0 0.000000E+0
94 1.127000E+3 784.000000E+0 0.000000E+0 0.000000E+0
95 1.129000E+3 782.000000E+0 0.000000E+0 0.000000E+0
96 1.130000E+3 780.000000E+0 0.000000E+0 0.000000E+0
97 1.131000E+3 777.000000E+0 0.000000E+0 0.000000E+0
98 1.132000E+3 775.000000E+0 0.000000E+0 0.000000E+0
99 1.132000E+3 773.000000E+0 0.000000E+0 0.000000E+0
100 1.134000E+3 771.000000E+0 0.000000E+0 0.000000E+0
101 1.134000E+3 768.000000E+0 0.000000E+0 0.000000E+0
102 1.135000E+3 766.000000E+0 0.000000E+0 0.000000E+0
103 1.137000E+3 764.000000E+0 0.000000E+0 0.000000E+0
104 1.137000E+3 762.000000E+0 0.000000E+0 0.000000E+0
105 1.138000E+3 760.000000E+0 0.000000E+0 0.000000E+0
106 1.139000E+3 758.000000E+0 0.000000E+0 0.000000E+0
107 1.141000E+3 756.000000E+0 0.000000E+0 0.000000E+0
108 1.141000E+3 754.000000E+0 0.000000E+0 0.000000E+0
109 1.142000E+3 753.000000E+0 0.000000E+0 0.000000E+0
110 1.143000E+3 750.000000E+0 0.000000E+0 0.000000E+0
111 1.144000E+3 747.000000E+0 0.000000E+0 0.000000E+0
112 1.145000E+3 746.000000E+0 0.000000E+0 0.000000E+0
113 1.146000E+3 743.000000E+0 0.000000E+0 0.000000E+0
114 1.147000E+3 742.000000E+0 0.000000E+0 0.000000E+0
115 1.147000E+3 740.000000E+0 0.000000E+0 0.000000E+0
116 1.148000E+3 738.000000E+0 0.000000E+0 0.000000E+0
117 1.149000E+3 735.000000E+0 0.000000E+0 0.000000E+0
118 1.150000E+3 733.000000E+0 0.000000E+0 0.000000E+0
119 1.151000E+3 732.000000E+0 0.000000E+0 0.000000E+0
120 1.152000E+3 729.000000E+0 0.000000E+0 0.000000E+0
121 1.153000E+3 728.000000E+0 0.000000E+0 0.000000E+0
122 1.154000E+3 726.000000E+0 0.000000E+0 0.000000E+0
123 1.155000E+3 725.000000E+0 0.000000E+0 0.000000E+0
124 1.156000E+3 722.000000E+0 0.000000E+0 0.000000E+0
125 1.157000E+3 721.000000E+0 0.000000E+0 0.000000E+0
126 1.158000E+3 719.000000E+0 0.000000E+0 0.000000E+0
127 1.159000E+3 717.000000E+0 0.000000E+0 0.000000E+0
128 1.160000E+3 715.000000E+0 0.000000E+0 0.000000E+0
129 1.160000E+3 713.000000E+0 0.000000E+0 0.000000E+0
130 1.161000E+3 711.000000E+0 0.000000E+0 0.000000E+0
131 1.162000E+3 709.000000E+0 0.000000E+0 0.000000E+0
132 1.163000E+3 707.000000E+0 0.000000E+0 0.000000E+0
133 1.164000E+3 706.000000E+0 0.000000E+0 0.000000E+0
134 1.164000E+3 704.000000E+0 0.000000E+0 0.000000E+0
135 1.165000E+3 702.000000E+0 0.000000E+0 0.000000E+0
136 1.166000E+3 700.000000E+0 0.000000E+0 0.000000E+0
137 1.167000E+3 699.000000E+0 0.000000E+0 0.000000E+0
138 1.168000E+3 696.000000E+0 0.000000E+0 0.000000E+0
139 1.169000E+3 695.000000E+0 0.000000E+0 0.000000E+0
140 1.170000E+3 693.000000E+0 0.000000E+0 0.000000E+0
141 1.170000E+3 691.000000E+0 0.000000E+0 0.000000E+0
142 1.171000E+3 689.000000E+0 0.000000E+0 0.000000E+0
143 1.172000E+3 688.000000E+0 0.000000E+0 0.000000E+0
144 1.173000E+3 686.000000E+0 0.000000E+0 0.000000E+0
145 1.173000E+3 684.000000E+0 0.000000E+0 0.000000E+0
146 1.174000E+3 683.000000E+0 0.000000E+0 0.000000E+0
147 1.174000E+3 681.000000E+0 0.000000E+0 0.000000E+0
148 1.175000E+3 679.000000E+0 0.000000E+0 0.000000E+0
149 1.176000E+3 678.000000E+0 0.000000E+0 0.000000E+0
150 1.177000E+3 676.000000E+0 0.000000E+0 0.000000E+0
151 1.178000E+3 674.000000E+0 0.000000E+0 0.000000E+0
152 1.178000E+3 673.000000E+0 0.000000E+0 0.000000E+0
153 1.179000E+3 671.000000E+0 0.000000E+0 0.000000E+0
154 1.180000E+3 670.000000E+0 0.000000E+0 0.000000E+0
155 1.180000E+3 668.000000E+0 0.000000E+0 0.000000E+0
156 1.181000E+3 667.000000E+0 0.000000E+0 0.000000E+0
157 1.182000E+3 666.000000E+0 0.000000E+0 0.000000E+0
158 1.183000E+3 664.000000E+0 0.000000E+0 0.000000E+0
159 1.183000E+3 663.000000E+0 0.000000E+0 0.000000E+0
160 1.184000E+3 661.000000E+0 0.000000E+0 0.000000E+0
161 1.185000E+3 660.000000E+0 0.000000E+0 0.000000E+0
162 1.186000E+3 658.000000E+0 0.000000E+0 0.000000E+0
163 1.186000E+3 656.000000E+0 0.000000E+0 0.000000E+0
164 1.187000E+3 655.000000E+0 0.000000E+0 0.000000E+0
165 1.188000E+3 654.000000E+0 0.000000E+0 0.000000E+0
166 1.188000E+3 652.000000E+0 0.000000E+0 0.000000E+0
167 1.189000E+3 651.000000E+0 0.000000E+0 0.000000E+0
168 1.189000E+3 649.000000E+0 0.000000E+0 0.000000E+0
169 1.190000E+3 648.000000E+0 0.000000E+0 0.000000E+0
170 1.190000E+3 647.000000E+0 0.000000E+0 0.000000E+0
171 1.191000E+3 646.000000E+0 0.000000E+0 0.000000E+0
172 1.192000E+3 644.000000E+0 0.000000E+0 0.000000E+0
173 1.193000E+3 643.000000E+0 0.000000E+0 0.000000E+0
174 1.193000E+3 641.000000E+0 0.000000E+0 0.000000E+0
175 1.194000E+3 640.000000E+0 0.000000E+0 0.000000E+0
176 1.194000E+3 639.000000E+0 0.000000E+0 0.000000E+0
177 1.195000E+3 638.000000E+0 0.000000E+0 0.000000E+0
178 1.195000E+3 636.000000E+0 0.000000E+0 0.000000E+0
179 1.196000E+3 635.000000E+0 0.000000E+0 0.000000E+0
180 1.196000E+3 633.000000E+0 0.000000E+0 0.000000E+0
181 1.196000E+3 633.000000E+0 0.000000E+0 0.000000E+0
182 1.197000E+3 632.000000E+0 0.000000E+0 0.000000E+0
183 1.198000E+3 630.000000E+0 0.000000E+0 0.000000E+0
184 1.199000E+3 629.000000E+0 0.000000E+0 0.000000E+0
185 1.199000E+3 628.000000E+0 0.000000E+0 0.000000E+0
186 1.200000E+3 627.000000E+0 0.000000E+0 0.000000E+0
187 1.200000E+3 626.000000E+0 0.000000E+0 0.000000E+0
188 1.200000E+3 625.000000E+0 0.000000E+0 0.000000E+0
189 1.201000E+3 624.000000E+0 0.000000E+0 0.000000E+0
190 1.201000E+3 622.000000E+0 0.000000E+0 0.000000E+0
191 1.202000E+3 621.000000E+0 0.000000E+0 0.000000E+0
192 1.202000E+3 620.000000E+0 0.000000E+0 0.000000E+0
193 1.203000E+3 619.000000E+0 0.000000E+0 0.000000E+0
194 1.203000E+3 618.000000E+0 0.000000E+0 0.000000E+0
195 1.204000E+3 617.000000E+0 0.000000E+0 0.000000E+0
196 1.204000E+3 615.000000E+0 0.000000E+0 0.000000E+0
197 1.205000E+3 614.000000E+0 0.000000E+0 0.000000E+0
198 1.205000E+3 614.000000E+0 0.000000E+0 0.000000E+0
199 1.206000E+3 613.000000E+0 0.000000E+0 0.000000E+0
200 1.206000E+3 612.000000E+0 0.000000E+0 0.000000E+0
201 1.207000E+3 612.000000E+0 0.000000E+0 0.000000E+0
202 1.207000E+3 611.000000E+0 0.000000E+0 0.000000E+0
203 1.207000E+3 610.000000E+0 0.000000E+0 0.000000E+0
204 1.207000E+3 609.000000E+0 0.000000E+0 0.000000E+0
205 1.208000E+3 607.000000E+0 0.000000E+0 0.000000E+0
206 1.208000E+3 606.000000E+0 0.000000E+0 0.000000E+0
207 1.209000E+3 606.000000E+0 0.000000E+0 0.000000E+0
208 1.209000E+3 605.000000E+0 0.000000E+0 0.000000E+0
209 1.210000E+3 604.000000E+0 0.000000E+0 0.000000E+0
210 1.210000E+3 603.000000E+0 0.000000E+0 0.000000E+0
211 1.210000E+3 603.000000E+0 0.000000E+0 0.000000E+0
212 1.210000E+3 602.000000E+0 0.000000E+0 0.000000E+0
213 1.211000E+3 601.000000E+0 0.000000E+0 0.000000E+0
214 1.211000E+3 600.000000E+0 0.000000E+0 0.000000E+0
215 1.211000E+3 599.000000E+0 0.000000E+0 0.000000E+0
216 1.212000E+3 599.000000E+0 0.000000E+0 0.000000E+0
217 1.212000E+3 598.000000E+0 0.000000E+0 0.000000E+0
218 1.212000E+3 597.000000E+0 0.000000E+0 0.000000E+0
219 1.213000E+3 597.000000E+0 0.000000E+0 0.000000E+0
220 1.213000E+3 596.000000E+0 0.000000E+0 0.000000E+0
221 1.214000E+3 596.000000E+0 0.000000E+0 0.000000E+0
222 1.214000E+3 594.000000E+0 0.000000E+0 0.000000E+0
223 1.214000E+3 594.000000E+0 0.000000E+0 0.000000E+0
224 1.214000E+3 594.000000E+0 0.000000E+0 0.000000E+0
225 1.214000E+3 593.000000E+0 0.000000E+0 0.000000E+0
226 1.215000E+3 593.000000E+0 0.000000E+0 0.000000E+0
227 1.215000E+3 592.000000E+0 0.000000E+0 0.000000E+0
228 1.215000E+3 592.000000E+0 0.000000E+0 0.000000E+0
229 1.216000E+3 591.000000E+0 0.000000E+0 0.000000E+0
230 1.216000E+3 591.000000E+0 0.000000E+0 0.000000E+0
231 1.216000E+3 591.000000E+0 0.000000E+0 0.000000E+0
232 1.216000E+3 590.000000E+0 0.000000E+0 0.000000E+0
233 1.216000E+3 589.000000E+0 0.000000E+0 0.000000E+0
234 1.216000E+3 589.000000E+0 0.000000E+0 0.000000E+0
235 1.216000E+3 589.000000E+0 0.000000E+0 0.000000E+0
236 1.216000E+3 589.000000E+0 0.000000E+0 0.000000E+0
237 1.217000E+3 588.000000E+0 0.000000E+0 0.000000E+0
238 1.217000E+3 588.000000E+0 0.000000E+0 0.000000E+0
239 1.216000E+3 588.000000E+0 0.000000E+0 0.000000E+0
240 1.217000E+3 587.000000E+0 0.000000E+0 0.000000E+0
241 1.217000E+3 587.000000E+0 0.000000E+0 0.000000E+0
242 1.217000E+3 587.000000E+0 0.000000E+0 0.000000E+0
243 1.217000E+3 587.000000E+0 0.000000E+0 0.000000E+0
244 1.217000E+3 587.000000E+0 0.000000E+0 0.000000E+0
245 1.217000E+3 586.000000E+0 0.000000E+0 0.000000E+0
246 1.217000E+3 586.000000E+0 0.000000E+0 0.000000E+0
247 1.217000E+3 586.000000E+0 0.000000E+0 0.000000E+0
248 1.217000E+3 586.000000E+0 0.000000E+0 0.000000E+0
249 1.217000E+3 586.000000E+0 0.000000E+0 0.000000E+0
250 1.217000E+3 586.000000E+0 0.000000E+0 0.000000E+0
251 1.217000E+3 586.000000E+0 0.000000E+0 0.000000E+0
252 1.217000E+3 586.000000E+0 0.000000E+0 0.000000E+0
253 1.217000E+3 586.000000E+0 0.000000E+0 0.000000E+0
254 1.217000E+3 586.000000E+0 0.000000E+0 0.000000E+0
255 1.218000E+3 586.000000E+0 0.000000E+0 0.000000E+0
256 1.218000E+3 587.000000E+0 0.000000E+0 0.000000E+0
257 1.218000E+3 586.000000E+0 0.000000E+0 0.000000E+0
258 1.218000E+3 586.000000E+0 0.000000E+0 0.000000E+0
259 1.218000E+3 586.000000E+0 0.000000E+0 0.000000E+0
260 1.218000E+3 586.000000E+0 0.000000E+0 0.000000E+0
261 1.217000E+3 586.000000E+0 0.000000E+0 0.000000E+0
262 1.218000E+3 586.000000E+0 0.000000E+0 0.000000E+0
263 1.218000E+3 586.000000E+0 0.000000E+0 0.000000E+0
264 1.218000E+3 586.000000E+0 0.000000E+0 0.000000E+0
265 1.218000E+3 586.000000E+0 0.000000E+0 0.000000E+0
266 1.218000E+3 586.000000E+0 0.000000E+0 0.000000E+0
267 1.218000E+3 586.000000E+0 0.000000E+0 0.000000E+0
268 1.218000E+3 586.000000E+0 0.000000E+0 0.000000E+0
269 1.218000E+3 586.000000E+0 0.000000E+0 0.000000E+0
270 1.218000E+3 586.000000E+0 0.000000E+0 0.000000E+0
271 1.218000E+3 586.000000E+0 0.000000E+0 0.000000E+0
272 1.218000E+3 586.000000E+0 0.000000E+0 0.000000E+0
273 1.218000E+3 586.000000E+0 0.000000E+0 0.000000E+0
274 1.218000E+3 586.000000E+0 0.000000E+0 0.000000E+0
275 1.218000E+3 586.000000E+0 0.000000E+0 0.000000E+0
276 1.218000E+3 586.000000E+0 0.000000E+0 0.000000E+0
277 1.218000E+3 586.000000E+0 0.000000E+0 0.000000E+0
278 1.218000E+3 586.000000E+0 0.000000E+0 0.000000E+0
279 1.217000E+3 586.000000E+0 0.000000E+0 0.000000E+0
280 1.218000E+3 586.000000E+0 0.000000E+0 0.000000E+0
281 1.217000E+3 586.000000E+0 0.000000E+0 0.000000E+0
282 1.218000E+3 586.000000E+0 0.000000E+0 0.000000E+0
283 1.218000E+3 586.000000E+0 0.000000E+0 0.000000E+0
284 1.218000E+3 586.000000E+0 0.000000E+0 0.000000E+0
285 1.218000E+3 586.000000E+0 0.000000E+0 0.000000E+0
286 1.218000E+3 586.000000E+0 0.000000E+0 0.000000E+0
287 1.218000E+3 586.000000E+0 0.000000E+0 0.000000E+0
288 1.218000E+3 586.000000E+0 0.000000E+0 0.000000E+0
289 1.218000E+3 586.000000E+0 0.000000E+0 0.000000E+0
290 1.217000E+3 586.000000E+0 0.000000E+0 0.000000E+0
291 1.218000E+3 586.000000E+0 0.000000E+0 0.000000E+0
292 1.218000E+3 586.000000E+0 0.000000E+0 0.000000E+0
293 1.218000E+3 586.000000E+0 0.000000E+0 0.000000E+0
294 1.218000E+3 586.000000E+0 0.000000E+0 0.000000E+0
295 1.218000E+3 586.000000E+0 0.000000E+0 0.000000E+0
296 1.218000E+3 586.000000E+0 0.000000E+0 0.000000E+0
297 1.218000E+3 586.000000E+0 0.000000E+0 0.000000E+0
298 1.218000E+3 587.000000E+0 0.000000E+0 0.000000E+0
299 1.218000E+3 586.000000E+0 0.000000E+0 0.000000E+0
300 1.218000E+3 586.000000E+0 0.000000E+0 0.000000E+0
301 1.218000E+3 586.000000E+0 0.000000E+0 0.000000E+0
302 1.218000E+3 587.000000E+0 0.000000E+0 0.000000E+0
303 1.218000E+3 586.000000E+0 0.000000E+0 0.000000E+0
304 1.218000E+3 586.000000E+0 0.000000E+0 0.000000E+0
305 1.218000E+3 586.000000E+0 0.000000E+0 0.000000E+0
306 1.218000E+3 586.000000E+0 0.000000E+0 0.000000E+0
307 1.218000E+3 586.000000E+0 0.000000E+0 0.000000E+0
308 1.218000E+3 586.000000E+0 0.000000E+0 0.000000E+0
309 1.218000E+3 586.000000E+0 0.000000E+0 0.000000E+0
310 1.218000E+3 586.000000E+0 0.000000E+0 0.000000E+0
311 1.218000E+3 586.000000E+0 0.000000E+0 0.000000E+0
312 1.218000E+3 586.000000E+0 0.000000E+0 0.000000E+0
313 1.217000E+3 586.000000E+0 0.000000E+0 0.000000E+0
314 1.218000E+3 586.000000E+0 0.000000E+0 0.000000E+0
315 1.218000E+3 586.000000E+0 0.000000E+0 0.000000E+0
316 1.218000E+3 586.000000E+0 0.000000E+0 0.000000E+0
317 1.218000E+3 586.000000E+0 0.000000E+0 0.000000E+0
318 1.218000E+3 586.000000E+0 0.000000E+0 0.000000E+0
319 1.218000E+3 586.000000E+0 0.000000E+0 0.000000E+0
320 1.218000E+3 586.000000E+0 0.000000E+0 0.000000E+0
321 1.218000E+3 586.000000E+0 0.000000E+0 0.000000E+0
322 1.218000E+3 586.000000E+0 0.000000E+0 0.000000E+0
323 1.218000E+3 586.000000E+0 0.000000E+0 0.000000E+0
324 1.218000E+3 586.000000E+0 0.000000E+0 0.000000E+0
325 1.218000E+3 586.000000E+0 0.000000E+0 0.000000E+0
326 1.218000E+3 586.000000E+0 0.000000E+0 0.000000E+0
327 1.218000E+3 586.000000E+0 0.000000E+0 0.000000E+0
328 1.217000E+3 586.000000E+0 0.000000E+0 0.000000E+0
329 1.218000E+3 586.000000E+0 0.000000E+0 0.000000E+0
330 1.218000E+3 586.000000E+0 0.000000E+0 0.000000E+0
331 1.218000E+3 586.000000E+0 0.000000E+0 0.000000E+0
332 1.218000E+3 586.000000E+0 0.000000E+0 0.000000E+0
333 1.218000E+3 587.000000E+0 0.000000E+0 0.000000E+0
334 1.218000E+3 586.000000E+0 0.000000E+0 0.000000E+0
335 1.218000E+3 586.000000E+0 0.000000E+0 0.000000E+0
336 1.218000E+3 587.000000E+0 0.000000E+0 0.000000E+0
337 1.218000E+3 586.000000E+0 0.000000E+0 0.000000E+0
338 1.218000E+3 586.000000E+0 0.000000E+0 0.000000E+0
339 1.218000E+3 586.000000E+0 0.000000E+0 0.000000E+0
340 1.218000E+3 586.000000E+0 0.000000E+0 0.000000E+0
341 1.218000E+3 586.000000E+0 0.000000E+0 0.000000E+0
342 1.218000E+3 586.000000E+0 0.000000E+0 0.000000E+0
343 1.218000E+3 586.000000E+0 0.000000E+0 0.000000E+0
344 1.218000E+3 586.000000E+0 0.000000E+0 0.000000E+0
345 1.218000E+3 586.000000E+0 0.000000E+0 0.000000E+0
346 1.218000E+3 586.000000E+0 0.000000E+0 0.000000E+0
347 1.218000E+3 586.000000E+0 0.000000E+0 0.000000E+0
348 1.218000E+3 586.000000E+0 0.000000E+0 0.000000E+0
349 1.218000E+3 586.000000E+0 0.000000E+0 0.000000E+0
350 1.218000E+3 586.000000E+0 0.000000E+0 0.000000E+0
351 1.218000E+3 586.000000E+0 0.000000E+0 0.000000E+0
352 1.218000E+3 586.000000E+0 0.000000E+0 0.000000E+0
353 1.218000E+3 586.000000E+0 0.000000E+0 0.000000E+0
354 1.218000E+3 586.000000E+0 0.000000E+0 0.000000E+0
355 1.218000E+3 586.000000E+0 0.000000E+0 0.000000E+0
356 1.218000E+3 586.000000E+0 0.000000E+0 0.000000E+0
357 1.218000E+3 586.000000E+0 0.000000E+0 0.000000E+0
358 1.218000E+3 586.000000E+0 0.000000E+0 0.000000E+0
359 1.218000E+3 586.000000E+0 0.000000E+0 0.000000E+0
360 1.218000E+3 586.000000E+0 0.000000E+0 0.000000E+0
361 1.218000E+3 586.000000E+0 0.000000E+0 0.000000E+0
362 1.218000E+3 586.000000E+0 0.000000E+0 0.000000E+0
363 1.218000E+3 586.000000E+0 0.000000E+0 0.000000E+0
364 1.218000E+3 586.000000E+0 0.000000E+0 0.000000E+0
365 1.218000E+3 586.000000E+0 0.000000E+0 0.000000E+0
366 1.218000E+3 587.000000E+0 0.000000E+0 0.000000E+0
367 1.218000E+3 586.000000E+0 0.000000E+0 0.000000E+0
368 1.218000E+3 586.000000E+0 0.000000E+0 0.000000E+0
369 1.218000E+3 586.000000E+0 0.000000E+0 0.000000E+0
370 1.218000E+3 586.000000E+0 0.000000E+0 0.000000E+0
371 1.218000E+3 586.000000E+0 0.000000E+0 0.000000E+0
372 1.218000E+3 586.000000E+0 0.000000E+0 0.000000E+0
373 1.218000E+3 586.000000E+0 0.000000E+0 0.000000E+0
374 1.218000E+3 586.000000E+0 0.000000E+0 0.000000E+0
375 1.218000E+3 586.000000E+0 0.000000E+0 0.000000E+0
376 1.218000E+3 586.000000E+0 0.000000E+0 0.000000E+0
377 1.218000E+3 586.000000E+0 0.000000E+0 0.000000E+0
378 1.218000E+3 586.000000E+0 0.000000E+0 0.000000E+0
379 1.218000E+3 586.000000E+0 0.000000E+0 0.000000E+0
380 1.218000E+3 586.000000E+0 0.000000E+0 0.000000E+0
381 1.218000E+3 586.000000E+0 0.000000E+0 0.000000E+0
382 1.218000E+3 587.000000E+0 0.000000E+0 0.000000E+0
383 1.218000E+3 586.000000E+0 0.000000E+0 0.000000E+0
384 1.218000E+3 586.000000E+0 0.000000E+0 0.000000E+0
385 1.218000E+3 586.000000E+0 0.000000E+0 0.000000E+0
386 1.218000E+3 586.000000E+0 0.000000E+0 0.000000E+0
387 1.218000E+3 586.000000E+0 0.000000E+0 0.000000E+0
388 1.218000E+3 586.000000E+0 0.000000E+0 0.000000E+0
389 1.218000E+3 586.000000E+0 0.000000E+0 0.000000E+0
390 1.218000E+3 586.000000E+0 0.000000E+0 0.000000E+0
391 1.218000E+3 586.000000E+0 0.000000E+0 0.000000E+0
392 1.218000E+3 586.000000E+0 0.000000E+0 0.000000E+0
393 1.218000E+3 586.000000E+0 0.000000E+0 0.000000E+0
394 1.218000E+3 586.000000E+0 0.000000E+0 0.000000E+0
395 1.218000E+3 586.000000E+0 0.000000E+0 0.000000E+0
396 1.218000E+3 586.000000E+0 0.000000E+0 0.000000E+0
397 1.218000E+3 586.000000E+0 0.000000E+0 0.000000E+0
398 1.218000E+3 586.000000E+0 0.000000E+0 0.000000E+0
399 1.218000E+3 586.000000E+0 0.000000E+0 0.000000E+0
400 1.218000E+3 586.000000E+0 0.000000E+0 0.000000E+0
401 1.218000E+3 586.000000E+0 0.000000E+0 0.000000E+0
402 1.218000E+3 586.000000E+0 0.000000E+0 0.000000E+0
403 1.218000E+3 586.000000E+0 0.000000E+0 0.000000E+0
404 1.218000E+3 586.000000E+0 0.000000E+0 0.000000E+0
405 1.218000E+3 586.000000E+0 0.000000E+0 0.000000E+0
406 1.218000E+3 586.000000E+0 0.000000E+0 0.000000E+0
407 1.218000E+3 586.000000E+0 0.000000E+0 0.000000E+0
408 1.218000E+3 586.000000E+0 0.000000E+0 0.000000E+0
409 1.218000E+3 586.000000E+0 0.000000E+0 0.000000E+0
410 1.218000E+3 586.000000E+0 0.000000E+0 0.000000E+0
411 1.218000E+3 586.000000E+0 0.000000E+0 0.000000E+0
412 1.218000E+3 586.000000E+0 0.000000E+0 0.000000E+0
413 1.218000E+3 586.000000E+0 0.000000E+0 0.000000E+0
414 1.218000E+3 586.000000E+0 0.000000E+0 0.000000E+0
415 1.218000E+3 586.000000E+0 0.000000E+0 0.000000E+0
416 1.218000E+3 586.000000E+0 0.000000E+0 0.000000E+0
417 1.218000E+3 587.000000E+0 0.000000E+0 0.000000E+0
418 1.218000E+3 586.000000E+0 0.000000E+0 0.000000E+0
419 1.218000E+3 586.000000E+0 0.000000E+0 0.000000E+0
420 1.218000E+3 586.000000E+0 0.000000E+0 0.000000E+0
421 1.218000E+3 586.000000E+0 0.000000E+0 0.000000E+0
422 1.218000E+3 586.000000E+0 0.000000E+0 0.000000E+0
423 1.218000E+3 586.000000E+0 0.000000E+0 0.000000E+0
424 1.218000E+3 586.000000E+0 0.000000E+0 0.000000E+0
425 1.218000E+3 586.000000E+0 0.000000E+0 0.000000E+0
426 1.218000E+3 586.000000E+0 0.000000E+0 0.000000E+0
427 1.218000E+3 586.000000E+0 0.000000E+0 0.000000E+0
428 1.218000E+3 586.000000E+0 0.000000E+0 0.000000E+0
429 1.218000E+3 586.000000E+0 0.000000E+0 0.000000E+0
430 1.218000E+3 586.000000E+0 0.000000E+0 0.000000E+0
431 1.218000E+3 586.000000E+0 0.000000E+0 0.000000E+0
432 1.218000E+3 586.000000E+0 0.000000E+0 0.000000E+0
433 1.218000E+3 586.000000E+0 0.000000E+0 0.000000E+0
434 1.218000E+3 587.000000E+0 0.000000E+0 0.000000E+0
435 1.218000E+3 586.000000E+0 0.000000E+0 0.000000E+0
436 1.218000E+3 586.000000E+0 0.000000E+0 0.000000E+0
437 1.218000E+3 586.000000E+0 0.000000E+0 0.000000E+0
438 1.218000E+3 586.000000E+0 0.000000E+0 0.000000E+0
439 1.218000E+3 587.000000E+0 0.000000E+0 0.000000E+0
440 1.218000E+3 586.000000E+0 0.000000E+0 0.000000E+0
441 1.218000E+3 586.000000E+0 0.000000E+0 0.000000E+0
442 1.218000E+3 586.000000E+0 0.000000E+0 0.000000E+0
443 1.218000E+3 587.000000E+0 0.000000E+0 0.000000E+0
444 1.218000E+3 586.000000E+0 0.000000E+0 0.000000E+0
445 1.218000E+3 586.000000E+0 0.000000E+0 0.000000E+0
446 1.218000E+3 586.000000E+0 0.000000E+0 0.000000E+0
447 1.218000E+3 586.000000E+0 0.000000E+0 0.000000E+0
448 1.218000E+3 586.000000E+0 0.000000E+0 0.000000E+0
449 1.218000E+3 586.000000E+0 0.000000E+0 0.000000E+0
450 1.218000E+3 586.000000E+0 0.000000E+0 0.000000E+0
451 1.218000E+3 586.000000E+0 0.000000E+0 0.000000E+0
452 1.218000E+3 586.000000E+0 0.000000E+0 0.000000E+0
453 1.218000E+3 586.000000E+0 0.000000E+0 0.000000E+0
454 1.218000E+3 586.000000E+0 0.000000E+0 0.000000E+0
455 1.218000E+3 586.000000E+0 0.000000E+0 0.000000E+0
456 1.218000E+3 586.000000E+0 0.000000E+0 0.000000E+0
457 1.218000E+3 586.000000E+0 0.000000E+0 0.000000E+0
458 1.218000E+3 586.000000E+0 0.000000E+0 0.000000E+0
459 1.218000E+3 586.000000E+0 0.000000E+0 0.000000E+0
460 1.218000E+3 586.000000E+0 0.000000E+0 0.000000E+0
461 1.218000E+3 586.000000E+0 0.000000E+0 0.000000E+0
462 1.218000E+3 586.000000E+0 0.000000E+0 0.000000E+0
463 1.218000E+3 586.000000E+0 0.000000E+0 0.000000E+0
464 1.218000E+3 586.000000E+0 0.000000E+0 0.000000E+0
465 1.218000E+3 586.000000E+0 0.000000E+0 0.000000E+0
466 1.218000E+3 586.000000E+0 0.000000E+0 0.000000E+0
467 1.218000E+3 586.000000E+0 0.000000E+0 0.000000E+0
468 1.218000E+3 587.000000E+0 0.000000E+0 0.000000E+0
469 1.218000E+3 586.000000E+0 0.000000E+0 0.000000E+0
470 1.218000E+3 586.000000E+0 0.000000E+0 0.000000E+0
471 1.218000E+3 586.000000E+0 0.000000E+0 0.000000E+0
472 1.218000E+3 586.000000E+0 0.000000E+0 0.000000E+0
473 1.218000E+3 586.000000E+0 0.000000E+0 0.000000E+0
474 1.218000E+3 586.000000E+0 0.000000E+0 0.000000E+0
475 1.218000E+3 587.000000E+0 0.000000E+0 0.000000E+0
476 1.218000E+3 586.000000E+0 0.000000E+0 0.000000E+0
477 1.218000E+3 586.000000E+0 0.000000E+0 0.000000E+0
478 1.218000E+3 586.000000E+0 0.000000E+0 0.000000E+0
479 1.218000E+3 586.000000E+0 0.000000E+0 0.000000E+0
480 1.218000E+3 587.000000E+0 0.000000E+0 0.000000E+0
481 1.218000E+3 586.000000E+0 0.000000E+0 0.000000E+0
482 1.218000E+3 586.000000E+0 0.000000E+0 0.000000E+0
483 1.218000E+3 586.000000E+0 0.000000E+0 0.000000E+0
484 1.218000E+3 586.000000E+0 0.000000E+0 0.000000E+0
485 1.218000E+3 586.000000E+0 0.000000E+0 0.000000E+0
486 1.218000E+3 586.000000E+0 0.000000E+0 0.000000E+0
487 1.218000E+3 586.000000E+0 0.000000E+0 0.000000E+0
488 1.218000E+3 586.000000E+0 0.000000E+0 0.000000E+0
489 1.218000E+3 586.000000E+0 0.000000E+0 0.000000E+0
490 1.218000E+3 586.000000E+0 0.000000E+0 0.000000E+0
491 1.218000E+3 586.000000E+0 0.000000E+0 0.000000E+0
492 1.218000E+3 586.000000E+0 0.000000E+0 0.000000E+0
493 1.218000E+3 586.000000E+0 0.000000E+0 0.000000E+0
494 1.218000E+3 586.000000E+0 0.000000E+0 0.000000E+0
495 1.218000E+3 586.000000E+0 0.000000E+0 0.000000E+0
496 1.218000E+3 586.000000E+0 0.000000E+0 0.000000E+0
497 1.218000E+3 586.000000E+0 0.000000E+0 0.000000E+0
498 1.218000E+3 586.000000E+0 0.000000E+0 0.000000E+0
499 1.218000E+3 587.000000E+0 0.000000E+0 0.000000E+0
500 1.218000E+3 586.000000E+0 0.000000E+0 0.000000E+0
501 1.217000E+3 586.000000E+0 0.000000E+0 0.000000E+0
502 1.218000E+3 586.000000E+0 0.000000E+0 0.000000E+0
503 1.218000E+3 586.000000E+0 0.000000E+0 0.000000E+0
504 1.218000E+3 586.000000E+0 0.000000E+0 0.000000E+0
505 1.218000E+3 586.000000E+0 0.000000E+0 0.000000E+0
506 1.219000E+3 582.000000E+0 0.000000E+0 0.000000E+0
507 1.221000E+3 577.000000E+0 0.000000E+0 0.000000E+0
508 1.226000E+3 566.000000E+0 0.000000E+0 0.000000E+0
509 1.230000E+3 554.000000E+0 0.000000E+0 0.000000E+0
510 1.238000E+3 535.000000E+0 0.000000E+0 0.000000E+0
511 1.245000E+3 518.000000E+0 0.000000E+0 0.000000E+0
512 1.255000E+3 496.000000E+0 0.000000E+0 0.000000E+0
513 1.265000E+3 474.000000E+0 0.000000E+0 0.000000E+0
514 1.277000E+3 448.000000E+0 0.000000E+0 0.000000E+0
515 1.290000E+3 425.000000E+0 0.000000E+0 0.000000E+0
516 1.303000E+3 403.000000E+0 0.000000E+0 0.000000E+0
517 1.316000E+3 380.000000E+0 0.000000E+0 0.000000E+0
518 1.330000E+3 355.000000E+0 0.000000E+0 0.000000E+0
519 1.343000E+3 334.000000E+0 0.000000E+0 0.000000E+0
520 1.358000E+3 311.000000E+0 0.000000E+0 0.000000E+0
521 1.371000E+3 294.000000E+0 0.000000E+0 0.000000E+0
522 1.383000E+3 275.000000E+0 0.000000E+0 0.000000E+0
523 1.395000E+3 261.000000E+0 0.000000E+0 0.000000E+0
524 1.407000E+3 249.000000E+0 0.000000E+0 0.000000E+0
525 1.417000E+3 239.000000E+0 0.000000E+0 0.000000E+0
526 1.426000E+3 232.000000E+0 0.000000E+0 0.000000E+0
527 1.434000E+3 226.000000E+0 0.000000E+0 0.000000E+0
528 1.440000E+3 223.000000E+0 0.000000E+0 0.000000E+0
529 1.446000E+3 222.000000E+0 0.000000E+0 0.000000E+0
530 1.451000E+3 225.000000E+0 0.000000E+0 0.000000E+0
531 1.454000E+3 229.000000E+0 0.000000E+0 0.000000E+0
532 1.456000E+3 236.000000E+0 0.000000E+0 0.000000E+0
533 1.457000E+3 246.000000E+0 0.000000E+0 0.000000E+0
534 1.457000E+3 259.000000E+0 0.000000E+0 0.000000E+0
535 1.457000E+3 274.000000E+0 0.000000E+0 0.000000E+0
536 1.455000E+3 291.000000E+0 0.000000E+0 0.000000E+0
537 1.453000E+3 312.000000E+0 0.000000E+0 0.000000E+0
538 1.446000E+3 332.000000E+0 0.000000E+0 0.000000E+0
539 1.440000E+3 356.000000E+0 0.000000E+0 0.000000E+0
540 1.432000E+3 380.000000E+0 0.000000E+0 0.000000E+0
541 1.423000E+3 406.000000E+0 0.000000E+0 0.000000E+0
542 1.412000E+3 429.000000E+0 0.000000E+0 0.000000E+0
543 1.401000E+3 457.000000E+0 0.000000E+0 0.000000E+0
544 1.389000E+3 481.000000E+0 0.000000E+0 0.000000E+0
545 1.378000E+3 508.000000E+0 0.000000E+0 0.000000E+0
546 1.366000E+3 529.000000E+0 0.000000E+0 0.000000E+0
547 1.354000E+3 554.000000E+0 0.000000E+0 0.000000E+0
548 1.342000E+3 570.000000E+0 0.000000E+0 0.000000E+0
549 1.331000E+3 587.000000E+0 0.000000E+0 0.000000E+0
550 1.319000E+3 597.000000E+0 0.000000E+0 0.000000E+0
551 1.310000E+3 603.000000E+0 0.000000E+0 0.000000E+0
552 1.301000E+3 604.000000E+0 0.000000E+0 0.000000E+0
553 1.294000E+3 604.000000E+0 0.000000E+0 0.000000E+0
554 1.287000E+3 602.000000E+0 0.000000E+0 0.000000E+0
555 1.280000E+3 598.000000E+0 0.000000E+0 0.000000E+0
556 1.274000E+3 596.000000E+0 0.000000E+0 0.000000E+0
557 1.269000E+3 593.000000E+0 0.000000E+0 0.000000E+0
558 1.265000E+3 591.000000E+0 0.000000E+0 0.000000E+0
559 1.260000E+3 589.000000E+0 0.000000E+0 0.000000E+0
560 1.255000E+3 589.000000E+0 0.000000E+0 0.000000E+0
561 1.251000E+3 588.000000E+0 0.000000E+0 0.000000E+0
562 1.248000E+3 587.000000E+0 0.000000E+0 0.000000E+0
563 1.246000E+3 586.000000E+0 0.000000E+0 0.000000E+0
564 1.243000E+3 586.000000E+0 0.000000E+0 0.000000E+0
565 1.241000E+3 586.000000E+0 0.000000E+0 0.000000E+0
566 1.238000E+3 585.000000E+0 0.000000E+0 0.000000E+0
567 1.237000E+3 584.000000E+0 0.000000E+0 0.000000E+0
568 1.237000E+3 585.000000E+0 0.000000E+0 0.000000E+0
569 1.235000E+3 585.000000E+0 0.000000E+0 0.000000E+0
570 1.234000E+3 584.000000E+0 0.000000E+0 0.000000E+0
571 1.232000E+3 585.000000E+0 0.000000E+0 0.000000E+0
572 1.231000E+3 584.000000E+0 0.000000E+0 0.000000E+0
573 1.230000E+3 584.000000E+0 0.000000E+0 0.000000E+0
574 1.229000E+3 584.000000E+0 0.000000E+0 0.000000E+0
575 1.228000E+3 584.000000E+0 0.000000E+0 0.000000E+0
576 1.227000E+3 584.000000E+0 0.000000E+0 0.000000E+0
577 1.226000E+3 584.000000E+0 0.000000E+0 0.000000E+0
578 1.226000E+3 584.000000E+0 0.000000E+0 0.000000E+0
579 1.225000E+3 584.000000E+0 0.000000E+0 0.000000E+0
580 1.224000E+3 584.000000E+0 0.000000E+0 0.000000E+0
581 1.224000E+3 584.000000E+0 0.000000E+0 0.000000E+0
582 1.223000E+3 584.000000E+0 0.000000E+0 0.000000E+0
583 1.223000E+3 584.000000E+0 0.000000E+0 0.000000E+0
584 1.222000E+3 584.000000E+0 0.000000E+0 0.000000E+0
585 1.221000E+3 584.000000E+0 0.000000E+0 0.000000E+0
586 1.220000E+3 584.000000E+0 0.000000E+0 0.000000E+0
587 1.219000E+3 584.000000E+0 0.000000E+0 0.000000E+0
588 1.218000E+3 584.000000E+0 0.000000E+0 0.000000E+0
589 1.216000E+3 584.000000E+0 0.000000E+0 0.000000E+0
590 1.214000E+3 585.000000E+0 0.000000E+0 0.000000E+0
591 1.212000E+3 584.000000E+0 0.000000E+0 0.000000E+0
592 1.210000E+3 584.000000E+0 0.000000E+0 0.000000E+0
593 1.208000E+3 585.000000E+0 0.000000E+0 0.000000E+0
594 1.205000E+3 585.000000E+0 0.000000E+0 0.000000E+0
595 1.203000E+3 585.000000E+0 0.000000E+0 0.000000E+0
596 1.198000E+3 587.000000E+0 0.000000E+0 0.000000E+0
597 1.194000E+3 587.000000E+0 0.000000E+0 0.000000E+0
598 1.189000E+3 589.000000E+0 0.000000E+0 0.000000E+0
599 1.183000E+3 591.000000E+0 0.000000E+0 0.000000E+0
600 1.177000E+3 595.000000E+0 0.000000E+0 0.000000E+0
601 1.169000E+3 597.000000E+0 0.000000E+0 0.000000E+0
602 1.162000E+3 601.000000E+0 0.000000E+0 0.000000E+0
603 1.154000E+3 605.000000E+0 0.000000E+0 0.000000E+0
604 1.148000E+3 606.000000E+0 0.000000E+0 0.000000E+0
605 1.141000E+3 607.000000E+0 0.000000E+0 0.000000E+0
606 1.136000E+3 600.000000E+0 0.000000E+0 0.000000E+0
607 1.132000E+3 591.000000E+0 0.000000E+0 0.000000E+0
608 1.133000E+3 574.000000E+0 0.000000E+0 0.000000E+0
609 1.135000E+3 557.000000E+0 0.000000E+0 0.000000E+0
610 1.141000E+3 532.000000E+0 0.000000E+0 0.000000E+0
611 1.148000E+3 509.000000E+0 0.000000E+0 0.000000E+0
612 1.159000E+3 479.000000E+0 0.000000E+0 0.000000E+0
613 1.170000E+3 455.000000E+0 0.000000E+0 0.000000E+0
614 1.184000E+3 426.000000E+0 0.000000E+0 0.000000E+0
615 1.198000E+3 402.000000E+0 0.000000E+0 0.000000E+0
616 1.214000E+3 375.000000E+0 0.000000E+0 0.000000E+0
617 1.229000E+3 350.000000E+0 0.000000E+0 0.000000E+0
618 1.246000E+3 326.000000E+0 0.000000E+0 0.000000E+0
619 1.261000E+3 304.000000E+0 0.000000E+0 0.000000E+0
620 1.277000E+3 282.000000E+0 0.000000E+0 0.000000E+0
621 1.292000E+3 264.000000E+0 0.000000E+0 0.000000E+0
622 1.307000E+3 248.000000E+0 0.000000E+0 0.000000E+0
623 1.322000E+3 236.000000E+0 0.000000E+0 0.000000E+0
624 1.335000E+3 226.000000E+0 0.000000E+0 0.000000E+0
625 1.349000E+3 217.000000E+0 0.000000E+0 0.000000E+0
626 1.362000E+3 213.000000E+0 0.000000E+0 0.000000E+0
627 1.373000E+3 212.000000E+0 0.000000E+0 0.000000E+0
628 1.382000E+3 212.000000E+0 0.000000E+0 0.000000E+0
629 1.391000E+3 214.000000E+0 0.000000E+0 0.000000E+0
630 1.399000E+3 221.000000E+0 0.000000E+0 0.000000E+0
631 1.404000E+3 230.000000E+0 0.000000E+0 0.000000E+0
632 1.409000E+3 244.000000E+0 0.000000E+0 0.000000E+0
633 1.411000E+3 259.000000E+0 0.000000E+0 0.000000E+0
634 1.412000E+3 277.000000E+0 0.000000E+0 0.000000E+0
635 1.412000E+3 296.000000E+0 0.000000E+0 0.000000E+0
636 1.412000E+3 316.000000E+0 0.000000E+0 0.000000E+0
637 1.410000E+3 342.000000E+0 0.000000E+0 0.000000E+0
638 1.406000E+3 363.000000E+0 0.000000E+0 0.000000E+0
639 1.402000E+3 393.000000E+0 0.000000E+0 0.000000E+0
640 1.394000E+3 417.000000E+0 0.000000E+0 0.000000E+0
641 1.386000E+3 447.000000E+0 0.000000E+0 0.000000E+0
642 1.377000E+3 472.000000E+0 0.000000E+0 0.000000E+0
643 1.368000E+3 501.000000E+0 0.000000E+0 0.000000E+0
644 1.358000E+3 523.000000E+0 0.000000E+0 0.000000E+0
645 1.348000E+3 549.000000E+0 0.000000E+0 0.000000E+0
646 1.337000E+3 566.000000E+0 0.000000E+0 0.000000E+0
647 1.327000E+3 585.000000E+0 0.000000E+0 0.000000E+0
648 1.317000E+3 595.000000E+0 0.000000E+0 0.000000E+0
649 1.308000E+3 603.000000E+0 0.000000E+0 0.000000E+0
650 1.301000E+3 604.000000E+0 0.000000E+0 0.000000E+0
651 1.294000E+3 603.000000E+0 0.000000E+0 0.000000E+0
652 1.287000E+3 601.000000E+0 0.000000E+0 0.000000E+0
653 1.280000E+3 598.000000E+0 0.000000E+0 0.000000E+0
654 1.275000E+3 595.000000E+0 0.000000E+0 0.000000E+0
655 1.269000E+3 593.000000E+0 0.000000E+0 0.000000E+0
656 1.265000E+3 591.000000E+0 0.000000E+0 0.000000E+0
657 1.260000E+3 590.000000E+0 0.000000E+0 0.000000E+0
658 1.256000E+3 589.000000E+0 0.000000E+0 0.000000E+0
659 1.251000E+3 588.000000E+0 0.000000E+0 0.000000E+0
660 1.248000E+3 586.000000E+0 0.000000E+0 0.000000E+0
661 1.246000E+3 586.000000E+0 0.000000E+0 0.000000E+0
662 1.243000E+3 586.000000E+0 0.000000E+0 0.000000E+0
663 1.241000E+3 585.000000E+0 0.000000E+0 0.000000E+0
664 1.238000E+3 586.000000E+0 0.000000E+0 0.000000E+0
665 1.237000E+3 585.000000E+0 0.000000E+0 0.000000E+0
666 1.235000E+3 585.000000E+0 0.000000E+0 0.000000E+0
667 1.234000E+3 585.000000E+0 0.000000E+0 0.000000E+0
668 1.233000E+3 585.000000E+0 0.000000E+0 0.000000E+0
669 1.232000E+3 585.000000E+0 0.000000E+0 0.000000E+0
670 1.231000E+3 585.000000E+0 0.000000E+0 0.000000E+0
671 1.230000E+3 585.000000E+0 0.000000E+0 0.000000E+0
672 1.230000E+3 585.000000E+0 0.000000E+0 0.000000E+0
673 1.229000E+3 584.000000E+0 0.000000E+0 0.000000E+0
674 1.228000E+3 584.000000E+0 0.000000E+0 0.000000E+0
675 1.227000E+3 584.000000E+0 0.000000E+0 0.000000E+0
676 1.226000E+3 584.000000E+0 0.000000E+0 0.000000E+0
677 1.225000E+3 584.000000E+0 0.000000E+0 0.000000E+0
678 1.224000E+3 584.000000E+0 0.000000E+0 0.000000E+0
679 1.224000E+3 584.000000E+0 0.000000E+0 0.000000E+0
680 1.223000E+3 585.000000E+0 0.000000E+0 0.000000E+0
681 1.223000E+3 584.000000E+0 0.000000E+0 0.000000E+0
682 1.221000E+3 585.000000E+0 0.000000E+0 0.000000E+0
683 1.221000E+3 585.000000E+0 0.000000E+0 0.000000E+0
684 1.220000E+3 584.000000E+0 0.000000E+0 0.000000E+0
685 1.219000E+3 584.000000E+0 0.000000E+0 0.000000E+0
686 1.217000E+3 584.000000E+0 0.000000E+0 0.000000E+0
687 1.216000E+3 584.000000E+0 0.000000E+0 0.000000E+0
688 1.214000E+3 584.000000E+0 0.000000E+0 0.000000E+0
689 1.212000E+3 585.000000E+0 0.000000E+0 0.000000E+0
690 1.210000E+3 585.000000E+0 0.000000E+0 0.000000E+0
691 1.208000E+3 585.000000E+0 0.000000E+0 0.000000E+0
692 1.205000E+3 585.000000E+0 0.000000E+0 0.000000E+0
693 1.202000E+3 585.000000E+0 0.000000E+0 0.000000E+0
694 1.198000E+3 586.000000E+0 0.000000E+0 0.000000E+0
695 1.194000E+3 588.000000E+0 0.000000E+0 0.000000E+0
696 1.189000E+3 589.000000E+0 0.000000E+0 0.000000E+0
697 1.183000E+3 591.000000E+0 0.000000E+0 0.000000E+0
698 1.176000E+3 595.000000E+0 0.000000E+0 0.000000E+0
699 1.169000E+3 597.000000E+0 0.000000E+0 0.000000E+0
700 1.162000E+3 601.000000E+0 0.000000E+0 0.000000E+0
701 1.154000E+3 605.000000E+0 0.000000E+0 0.000000E+0
702 1.147000E+3 606.000000E+0 0.000000E+0 0.000000E+0
703 1.141000E+3 606.000000E+0 0.000000E+0 0.000000E+0
704 1.136000E+3 600.000000E+0 0.000000E+0 0.000000E+0
705 1.132000E+3 591.000000E+0 0.000000E+0 0.000000E+0
706 1.133000E+3 574.000000E+0 0.000000E+0 0.000000E+0
707 1.136000E+3 557.000000E+0 0.000000E+0 0.000000E+0
708 1.141000E+3 531.000000E+0 0.000000E+0 0.000000E+0
709 1.148000E+3 508.000000E+0 0.000000E+0 0.000000E+0
710 1.158000E+3 481.000000E+0 0.000000E+0 0.000000E+0
711 1.169000E+3 455.000000E+0 0.000000E+0 0.000000E+0
712 1.184000E+3 427.000000E+0 0.000000E+0 0.000000E+0
713 1.198000E+3 403.000000E+0 0.000000E+0 0.000000E+0
714 1.214000E+3 375.000000E+0 0.000000E+0 0.000000E+0
715 1.229000E+3 349.000000E+0 0.000000E+0 0.000000E+0
716 1.246000E+3 325.000000E+0 0.000000E+0 0.000000E+0
717 1.260000E+3 304.000000E+0 0.000000E+0 0.000000E+0
718 1.276000E+3 282.000000E+0 0.000000E+0 0.000000E+0
719 1.291000E+3 264.000000E+0 0.000000E+0 0.000000E+0
720 1.306000E+3 248.000000E+0 0.000000E+0 0.000000E+0
721 1.320000E+3 236.000000E+0 0.000000E+0 0.000000E+0
722 1.336000E+3 226.000000E+0 0.000000E+0 0.000000E+0
723 1.349000E+3 217.000000E+0 0.000000E+0 0.000000E+0
724 1.362000E+3 213.000000E+0 0.000000E+0 0.000000E+0
725 1.373000E+3 212.000000E+0 0.000000E+0 0.000000E+0
726 1.383000E+3 213.000000E+0 0.000000E+0 0.000000E+0
727 1.391000E+3 215.000000E+0 0.000000E+0 0.000000E+0
728 1.399000E+3 221.000000E+0 0.000000E+0 0.000000E+0
729 1.404000E+3 230.000000E+0 0.000000E+0 0.000000E+0
730 1.408000E+3 243.000000E+0 0.000000E+0 0.000000E+0
731 1.411000E+3 258.000000E+0 0.000000E+0 0.000000E+0
732 1.413000E+3 277.000000E+0 0.000000E+0 0.000000E+0
733 1.412000E+3 297.000000E+0 0.000000E+0 0.000000E+0
734 1.412000E+3 315.000000E+0 0.000000E+0 0.000000E+0
735 1.411000E+3 340.000000E+0 0.000000E+0 0.000000E+0
736 1.406000E+3 365.000000E+0 0.000000E+0 0.000000E+0
737 1.402000E+3 393.000000E+0 0.000000E+0 0.000000E+0
738 1.394000E+3 417.000000E+0 0.000000E+0 0.000000E+0
739 1.386000E+3 447.000000E+0 0.000000E+0 0.000000E+0
740 1.377000E+3 472.000000E+0 0.000000E+0 0.000000E+0
741 1.369000E+3 501.000000E+0 0.000000E+0 0.000000E+0
742 1.357000E+3 524.000000E+0 0.000000E+0 0.000000E+0
743 1.347000E+3 550.000000E+0 0.000000E+0 0.000000E+0
744 1.337000E+3 566.000000E+0 0.000000E+0 0.000000E+0
745 1.327000E+3 585.000000E+0 0.000000E+0 0.000000E+0
746 1.317000E+3 595.000000E+0 0.000000E+0 0.000000E+0
747 1.308000E+3 602.000000E+0 0.000000E+0 0.000000E+0
748 1.301000E+3 604.000000E+0 0.000000E+0 0.000000E+0
749 1.294000E+3 603.000000E+0 0.000000E+0 0.000000E+0
750 1.287000E+3 601.000000E+0 0.000000E+0 0.000000E+0
751 1.281000E+3 598.000000E+0 0.000000E+0 0.000000E+0
752 1.275000E+3 595.000000E+0 0.000000E+0 0.000000E+0
753 1.269000E+3 593.000000E+0 0.000000E+0 0.000000E+0
754 1.265000E+3 591.000000E+0 0.000000E+0 0.000000E+0
755 1.260000E+3 590.000000E+0 0.000000E+0 0.000000E+0
756 1.256000E+3 589.000000E+0 0.000000E+0 0.000000E+0
757 1.251000E+3 588.000000E+0 0.000000E+0 0.000000E+0
758 1.248000E+3 587.000000E+0 0.000000E+0 0.000000E+0
759 1.246000E+3 586.000000E+0 0.000000E+0 0.000000E+0
760 1.243000E+3 586.000000E+0 0.000000E+0 0.000000E+0
761 1.241000E+3 586.000000E+0 0.000000E+0 0.000000E+0
762 1.239000E+3 585.000000E+0 0.000000E+0 0.000000E+0
763 1.237000E+3 585.000000E+0 0.000000E+0 0.000000E+0
764 1.235000E+3 585.000000E+0 0.000000E+0 0.000000E+0
765 1.234000E+3 585.000000E+0 0.000000E+0 0.000000E+0
766 1.233000E+3 585.000000E+0 0.000000E+0 0.000000E+0
767 1.232000E+3 585.000000E+0 0.000000E+0 0.000000E+0
768 1.231000E+3 584.000000E+0 0.000000E+0 0.000000E+0
769 1.230000E+3 583.000000E+0 0.000000E+0 0.000000E+0
770 1.230000E+3 584.000000E+0 0.000000E+0 0.000000E+0
771 1.229000E+3 584.000000E+0 0.000000E+0 0.000000E+0
772 1.228000E+3 584.000000E+0 0.000000E+0 0.000000E+0
773 1.227000E+3 584.000000E+0 0.000000E+0 0.000000E+0
774 1.226000E+3 584.000000E+0 0.000000E+0 0.000000E+0
775 1.225000E+3 585.000000E+0 0.000000E+0 0.000000E+0
776 1.224000E+3 584.000000E+0 0.000000E+0 0.000000E+0
777 1.224000E+3 585.000000E+0 0.000000E+0 0.000000E+0
778 1.223000E+3 584.000000E+0 0.000000E+0 0.000000E+0
779 1.222000E+3 584.000000E+0 0.000000E+0 0.000000E+0
780 1.222000E+3 585.000000E+0 0.000000E+0 0.000000E+0
781 1.221000E+3 584.000000E+0 0.000000E+0 0.000000E+0
782 1.220000E+3 585.000000E+0 0.000000E+0 0.000000E+0
783 1.219000E+3 584.000000E+0 0.000000E+0 0.000000E+0
784 1.218000E+3 585.000000E+0 0.000000E+0 0.000000E+0
785 1.216000E+3 584.000000E+0 0.000000E+0 0.000000E+0
786 1.214000E+3 585.000000E+0 0.000000E+0 0.000000E+0
787 1.213000E+3 585.000000E+0 0.000000E+0 0.000000E+0
788 1.210000E+3 585.000000E+0 0.000000E+0 0.000000E+0
789 1.208000E+3 585.000000E+0 0.000000E+0 0.000000E+0
790 1.205000E+3 585.000000E+0 0.000000E+0 0.000000E+0
791 1.202000E+3 585.000000E+0 0.000000E+0 0.000000E+0
792 1.198000E+3 586.000000E+0 0.000000E+0 0.000000E+0
793 1.194000E+3 588.000000E+0 0.000000E+0 0.000000E+0
794 1.189000E+3 589.000000E+0 0.000000E+0 0.000000E+0
795 1.183000E+3 591.000000E+0 0.000000E+0 0.000000E+0
796 1.177000E+3 595.000000E+0 0.000000E+0 0.000000E+0
797 1.170000E+3 597.000000E+0 0.000000E+0 0.000000E+0
798 1.162000E+3 601.000000E+0 0.000000E+0 0.000000E+0
799 1.154000E+3 605.000000E+0 0.000000E+0 0.000000E+0
800 1.147000E+3 607.000000E+0 0.000000E+0 0.000000E+0
801 1.141000E+3 606.000000E+0 0.000000E+0 0.000000E+0
802 1.137000E+3 600.000000E+0 0.000000E+0 0.000000E+0
803 1.133000E+3 591.000000E+0 0.000000E+0 0.000000E+0
804 1.133000E+3 575.000000E+0 0.000000E+0 0.000000E+0
805 1.136000E+3 557.000000E+0 0.000000E+0 0.000000E+0
806 1.141000E+3 531.000000E+0 0.000000E+0 0.000000E+0
807 1.147000E+3 508.000000E+0 0.000000E+0 0.000000E+0
808 1.159000E+3 481.000000E+0 0.000000E+0 0.000000E+0
809 1.170000E+3 455.000000E+0 0.000000E+0 0.000000E+0
810 1.184000E+3 427.000000E+0 0.000000E+0 0.000000E+0
811 1.197000E+3 403.000000E+0 0.000000E+0 0.000000E+0
812 1.214000E+3 375.000000E+0 0.000000E+0 0.000000E+0
813 1.229000E+3 349.000000E+0 0.000000E+0 0.000000E+0
814 1.245000E+3 325.000000E+0 0.000000E+0 0.000000E+0
815 1.260000E+3 304.000000E+0 0.000000E+0 0.000000E+0
816 1.276000E+3 283.000000E+0 0.000000E+0 0.000000E+0
817 1.290000E+3 264.000000E+0 0.000000E+0 0.000000E+0
818 1.306000E+3 248.000000E+0 0.000000E+0 0.000000E+0
819 1.321000E+3 236.000000E+0 0.000000E+0 0.000000E+0
820 1.336000E+3 226.000000E+0 0.000000E+0 0.000000E+0
821 1.349000E+3 217.000000E+0 0.000000E+0 0.000000E+0
822 1.362000E+3 214.000000E+0 0.000000E+0 0.000000E+0
823 1.373000E+3 211.000000E+0 0.000000E+0 0.000000E+0
824 1.382000E+3 213.000000E+0 0.000000E+0 0.000000E+0
825 1.391000E+3 214.000000E+0 0.000000E+0 0.000000E+0
826 1.399000E+3 222.000000E+0 0.000000E+0 0.000000E+0
827 1.404000E+3 230.000000E+0 0.000000E+0 0.000000E+0
828 1.408000E+3 244.000000E+0 0.000000E+0 0.000000E+0
829 1.411000E+3 259.000000E+0 0.000000E+0 0.000000E+0
830 1.412000E+3 277.000000E+0 0.000000E+0 0.000000E+0
831 1.412000E+3 296.000000E+0 0.000000E+0 0.000000E+0
832 1.411000E+3 317.000000E+0 0.000000E+0 0.000000E+0
833 1.410000E+3 342.000000E+0 0.000000E+0 0.000000E+0
834 1.406000E+3 364.000000E+0 0.000000E+0 0.000000E+0
835 1.402000E+3 393.000000E+0 0.000000E+0 0.000000E+0
836 1.395000E+3 417.000000E+0 0.000000E+0 0.000000E+0
837 1.386000E+3 447.000000E+0 0.000000E+0 0.000000E+0
838 1.377000E+3 472.000000E+0 0.000000E+0 0.000000E+0
839 1.368000E+3 501.000000E+0 0.000000E+0 0.000000E+0
840 1.358000E+3 523.000000E+0 0.000000E+0 0.000000E+0
841 1.347000E+3 550.000000E+0 0.000000E+0 0.000000E+0
842 1.337000E+3 567.000000E+0 0.000000E+0 0.000000E+0
843 1.327000E+3 585.000000E+0 0.000000E+0 0.000000E+0
844 1.318000E+3 595.000000E+0 0.000000E+0 0.000000E+0
845 1.308000E+3 602.000000E+0 0.000000E+0 0.000000E+0
846 1.301000E+3 604.000000E+0 0.000000E+0 0.000000E+0
847 1.294000E+3 603.000000E+0 0.000000E+0 0.000000E+0
848 1.287000E+3 601.000000E+0 0.000000E+0 0.000000E+0
849 1.281000E+3 598.000000E+0 0.000000E+0 0.000000E+0
850 1.275000E+3 595.000000E+0 0.000000E+0 0.000000E+0
851 1.270000E+3 593.000000E+0 0.000000E+0 0.000000E+0
852 1.265000E+3 591.000000E+0 0.000000E+0 0.000000E+0
853 1.260000E+3 590.000000E+0 0.000000E+0 0.000000E+0
854 1.256000E+3 589.000000E+0 0.000000E+0 0.000000E+0
855 1.252000E+3 588.000000E+0 0.000000E+0 0.000000E+0
856 1.248000E+3 587.000000E+0 0.000000E+0 0.000000E+0
857 1.246000E+3 586.000000E+0 0.000000E+0 0.000000E+0
858 1.243000E+3 586.000000E+0 0.000000E+0 0.000000E+0
859 1.241000E+3 586.000000E+0 0.000000E+0 0.000000E+0
860 1.239000E+3 585.000000E+0 0.000000E+0 0.000000E+0
861 1.237000E+3 585.000000E+0 0.000000E+0 0.000000E+0
862 1.235000E+3 585.000000E+0 0.000000E+0 0.000000E+0
863 1.234000E+3 584.000000E+0 0.000000E+0 0.000000E+0
864 1.233000E+3 585.000000E+0 0.000000E+0 0.000000E+0
865 1.232000E+3 585.000000E+0 0.000000E+0 0.000000E+0
866 1.231000E+3 584.000000E+0 0.000000E+0 0.000000E+0
867 1.231000E+3 583.000000E+0 0.000000E+0 0.000000E+0
868 1.230000E+3 584.000000E+0 0.000000E+0 0.000000E+0
869 1.229000E+3 585.000000E+0 0.000000E+0 0.000000E+0
870 1.228000E+3 584.000000E+0 0.000000E+0 0.000000E+0
871 1.226000E+3 585.000000E+0 0.000000E+0 0.000000E+0
872 1.226000E+3 585.000000E+0 0.000000E+0 0.000000E+0
873 1.225000E+3 584.000000E+0 0.000000E+0 0.000000E+0
874 1.224000E+3 584.000000E+0 0.000000E+0 0.000000E+0
875 1.224000E+3 584.000000E+0 0.000000E+0 0.000000E+0
876 1.223000E+3 584.000000E+0 0.000000E+0 0.000000E+0
877 1.223000E+3 584.000000E+0 0.000000E+0 0.000000E+0
878 1.222000E+3 585.000000E+0 0.000000E+0 0.000000E+0
879 1.220000E+3 585.000000E+0 0.000000E+0 0.000000E+0
880 1.220000E+3 584.000000E+0 0.000000E+0 0.000000E+0
881 1.219000E+3 585.000000E+0 0.000000E+0 0.000000E+0
882 1.217000E+3 584.000000E+0 0.000000E+0 0.000000E+0
883 1.217000E+3 584.000000E+0 0.000000E+0 0.000000E+0
884 1.214000E+3 585.000000E+0 0.000000E+0 0.000000E+0
885 1.212000E+3 585.000000E+0 0.000000E+0 0.000000E+0
886 1.210000E+3 585.000000E+0 0.000000E+0 0.000000E+0
887 1.208000E+3 585.000000E+0 0.000000E+0 0.000000E+0
888 1.205000E+3 585.000000E+0 0.000000E+0 0.000000E+0
889 1.202000E+3 585.000000E+0 0.000000E+0 0.000000E+0
890 1.198000E+3 587.000000E+0 0.000000E+0 0.000000E+0
891 1.195000E+3 588.000000E+0 0.000000E+0 0.000000E+0
892 1.189000E+3 590.000000E+0 0.000000E+0 0.000000E+0
893 1.183000E+3 591.000000E+0 0.000000E+0 0.000000E+0
894 1.177000E+3 595.000000E+0 0.000000E+0 0.000000E+0
895 1.169000E+3 597.000000E+0 0.000000E+0 0.000000E+0
896 1.162000E+3 601.000000E+0 0.000000E+0 0.000000E+0
897 1.154000E+3 605.000000E+0 0.000000E+0 0.000000E+0
898 1.148000E+3 606.000000E+0 0.000000E+0 0.000000E+0
899 1.141000E+3 606.000000E+0 0.000000E+0 0.000000E+0
900 1.136000E+3 599.000000E+0 0.000000E+0 0.000000E+0
901 1.133000E+3 591.000000E+0 0.000000E+0 0.000000E+0
902 1.133000E+3 574.000000E+0 0.000000E+0 0.000000E+0
903 1.136000E+3 557.000000E+0 0.000000E+0 0.000000E+0
904 1.141000E+3 532.000000E+0 0.000000E+0 0.000000E+0
905 1.148000E+3 508.000000E+0 0.000000E+0 0.000000E+0
906 1.158000E+3 481.000000E+0 0.000000E+0 0.000000E+0
907 1.170000E+3 455.000000E+0 0.000000E+0 0.000000E+0
908 1.184000E+3 427.000000E+0 0.000000E+0 0.000000E+0
909 1.198000E+3 403.000000E+0 0.000000E+0 0.000000E+0
910 1.214000E+3 375.000000E+0 0.000000E+0 0.000000E+0
911 1.229000E+3 350.000000E+0 0.000000E+0 0.000000E+0
912 1.246000E+3 325.000000E+0 0.000000E+0 0.000000E+0
913 1.260000E+3 304.000000E+0 0.000000E+0 0.000000E+0
914 1.276000E+3 282.000000E+0 0.000000E+0 0.000000E+0
915 1.290000E+3 264.000000E+0 0.000000E+0 0.000000E+0
916 1.306000E+3 248.000000E+0 0.000000E+0 0.000000E+0
917 1.321000E+3 236.000000E+0 0.000000E+0 0.000000E+0
918 1.336000E+3 226.000000E+0 0.000000E+0 0.000000E+0
919 1.349000E+3 218.000000E+0 0.000000E+0 0.000000E+0
920 1.362000E+3 214.000000E+0 0.000000E+0 0.000000E+0
921 1.373000E+3 211.000000E+0 0.000000E+0 0.000000E+0
922 1.382000E+3 213.000000E+0 0.000000E+0 0.000000E+0
923 1.391000E+3 215.000000E+0 0.000000E+0 0.000000E+0
924 1.398000E+3 221.000000E+0 0.000000E+0 0.000000E+0
925 1.404000E+3 230.000000E+0 0.000000E+0 0.000000E+0
926 1.408000E+3 243.000000E+0 0.000000E+0 0.000000E+0
927 1.411000E+3 258.000000E+0 0.000000E+0 0.000000E+0
928 1.412000E+3 276.000000E+0 0.000000E+0 0.000000E+0
929 1.412000E+3 296.000000E+0 0.000000E+0 0.000000E+0
930 1.412000E+3 316.000000E+0 0.000000E+0 0.000000E+0
931 1.410000E+3 341.000000E+0 0.000000E+0 0.000000E+0
932 1.406000E+3 364.000000E+0 0.000000E+0 0.000000E+0
933 1.401000E+3 393.000000E+0 0.000000E+0 0.000000E+0
934 1.394000E+3 418.000000E+0 0.000000E+0 0.000000E+0
935 1.387000E+3 448.000000E+0 0.000000E+0 0.000000E+0
936 1.377000E+3 473.000000E+0 0.000000E+0 0.000000E+0
937 1.368000E+3 501.000000E+0 0.000000E+0 0.000000E+0
938 1.357000E+3 523.000000E+0 0.000000E+0 0.000000E+0
939 1.348000E+3 550.000000E+0 0.000000E+0 0.000000E+0
940 1.337000E+3 566.000000E+0 0.000000E+0 0.000000E+0
941 1.328000E+3 586.000000E+0 0.000000E+0 0.000000E+0
942 1.317000E+3 595.000000E+0 0.000000E+0 0.000000E+0
943 1.308000E+3 602.000000E+0 0.000000E+0 0.000000E+0
944 1.301000E+3 604.000000E+0 0.000000E+0 0.000000E+0
945 1.294000E+3 603.000000E+0 0.000000E+0 0.000000E+0
946 1.287000E+3 601.000000E+0 0.000000E+0 0.000000E+0
947 1.281000E+3 598.000000E+0 0.000000E+0 0.000000E+0
948 1.275000E+3 595.000000E+0 0.000000E+0 0.000000E+0
949 1.269000E+3 593.000000E+0 0.000000E+0 0.000000E+0
950 1.265000E+3 591.000000E+0 0.000000E+0 0.000000E+0
951 1.260000E+3 589.000000E+0 0.000000E+0 0.000000E+0
952 1.256000E+3 589.000000E+0 0.000000E+0 0.000000E+0
953 1.251000E+3 588.000000E+0 0.000000E+0 0.000000E+0
954 1.248000E+3 587.000000E+0 0.000000E+0 0.000000E+0
955 1.245000E+3 586.000000E+0 0.000000E+0 0.000000E+0
956 1.243000E+3 586.000000E+0 0.000000E+0 0.000000E+0
957 1.240000E+3 586.000000E+0 0.000000E+0 0.000000E+0
958 1.238000E+3 585.000000E+0 0.000000E+0 0.000000E+0
959 1.237000E+3 585.000000E+0 0.000000E+0 0.000000E+0
960 1.235000E+3 585.000000E+0 0.000000E+0 0.000000E+0
961 1.234000E+3 585.000000E+0 0.000000E+0 0.000000E+0
962 1.233000E+3 585.000000E+0 0.000000E+0 0.000000E+0
963 1.232000E+3 584.000000E+0 0.000000E+0 0.000000E+0
964 1.231000E+3 585.000000E+0 0.000000E+0 0.000000E+0
965 1.230000E+3 585.000000E+0 0.000000E+0 0.000000E+0
966 1.229000E+3 584.000000E+0 0.000000E+0 0.000000E+0
967 1.228000E+3 584.000000E+0 0.000000E+0 0.000000E+0
968 1.228000E+3 584.000000E+0 0.000000E+0 0.000000E+0
969 1.227000E+3 584.000000E+0 0.000000E+0 0.000000E+0
970 1.226000E+3 584.000000E+0 0.000000E+0 0.000000E+0
971 1.225000E+3 584.000000E+0 0.000000E+0 0.000000E+0
972 1.224000E+3 584.000000E+0 0.000000E+0 0.000000E+0
973 1.224000E+3 584.000000E+0 0.000000E+0 0.000000E+0
974 1.223000E+3 585.000000E+0 0.000000E+0 0.000000E+0
975 1.223000E+3 584.000000E+0 0.000000E+0 0.000000E+0
976 1.221000E+3 585.000000E+0 0.000000E+0 0.000000E+0
977 1.221000E+3 585.000000E+0 0.000000E+0 0.000000E+0
978 1.220000E+3 584.000000E+0 0.000000E+0 0.000000E+0
979 1.219000E+3 585.000000E+0 0.000000E+0 0.000000E+0
980 1.217000E+3 584.000000E+0 0.000000E+0 0.000000E+0
981 1.216000E+3 585.000000E+0 0.000000E+0 0.000000E+0
982 1.214000E+3 585.000000E+0 0.000000E+0 0.000000E+0
983 1.213000E+3 585.000000E+0 0.000000E+0 0.000000E+0
984 1.210000E+3 585.000000E+0 0.000000E+0 0.000000E+0
985 1.208000E+3 585.000000E+0 0.000000E+0 0.000000E+0
986 1.205000E+3 585.000000E+0 0.000000E+0 0.000000E+0
987 1.202000E+3 586.000000E+0 0.000000E+0 0.000000E+0
988 1.198000E+3 586.000000E+0 0.000000E+0 0.000000E+0
989 1.195000E+3 587.000000E+0 0.000000E+0 0.000000E+0
990 1.189000E+3 589.000000E+0 0.000000E+0 0.000000E+0
991 1.183000E+3 591.000000E+0 0.000000E+0 0.000000E+0
992 1.177000E+3 595.000000E+0 0.000000E+0 0.000000E+0
993 1.169000E+3 597.000000E+0 0.000000E+0 0.000000E+0
994 1.162000E+3 601.000000E+0 0.000000E+0 0.000000E+0
995 1.154000E+3 605.000000E+0 0.000000E+0 0.000000E+0
996 1.148000E+3 606.000000E+0 0.000000E+0 0.000000E+0
997 1.141000E+3 606.000000E+0 0.000000E+0 0.000000E+0
998 1.136000E+3 600.000000E+0 0.000000E+0 0.000000E+0
999 1.133000E+3 591.000000E+0 0.000000E+0 0.000000E+0
1000 1.133000E+3 574.000000E+0 0.000000E+0 0.000000E+0
