0 0.000000E+0 0.000000E+0 0.000000E+0 0.000000E+0
1 0.000000E+0 0.000000E+0 0.000000E+0 0.000000E+0
2 65.535000E+3 2.000000E+0 0.000000E+0 0.000000E+0
3 0.000000E+0 0.000000E+0 0.000000E+0 0.000000E+0
4 0.000000E+0 2.000000E+0 0.000000E+0 65.534000E+3
5 0.000000E+0 0.000000E+0 0.000000E+0 0.000000E+0
6 0.000000E+0 0.000000E+0 0.000000E+0 65.535000E+3
7 0.000000E+0 0.000000E+0 0.000000E+0 0.000000E+0
8 65.535000E+3 0.000000E+0 3.000000E+0 0.000000E+0
9 0.000000E+0 0.000000E+0 3.000000E+0 0.000000E+0
10 0.000000E+0 0.000000E+0 8.000000E+0 0.000000E+0
11 0.000000E+0 0.000000E+0 9.000000E+0 1.000000E+0
12 0.000000E+0 1.000000E+0 10.000000E+0 0.000000E+0
13 0.000000E+0 0.000000E+0 11.000000E+0 0.000000E+0
14 65.535000E+3 0.000000E+0 12.000000E+0 65.535000E+3
15 0.000000E+0 0.000000E+0 10.000000E+0 0.000000E+0
16 65.535000E+3 0.000000E+0 11.000000E+0 65.532000E+3
17 0.000000E+0 0.000000E+0 8.000000E+0 65.535000E+3
18 65.535000E+3 0.000000E+0 8.000000E+0 65.530000E+3
19 0.000000E+0 0.000000E+0 6.000000E+0 65.533000E+3
20 0.000000E+0 2.000000E+0 9.000000E+0 65.529000E+3
21 0.000000E+0 0.000000E+0 7.000000E+0 65.535000E+3
22 0.000000E+0 1.000000E+0 9.000000E+0 65.532000E+3
23 0.000000E+0 0.000000E+0 5.000000E+0 0.000000E+0
24 0.000000E+0 2.000000E+0 8.000000E+0 65.532000E+3
25 0.000000E+0 0.000000E+0 7.000000E+0 0.000000E+0
26 0.000000E+0 1.000000E+0 7.000000E+0 65.532000E+3
27 0.000000E+0 0.000000E+0 7.000000E+0 0.000000E+0
28 65.534000E+3 2.000000E+0 10.000000E+0 65.535000E+3
29 0.000000E+0 0.000000E+0 8.000000E+0 0.000000E+0
30 0.000000E+0 2.000000E+0 10.000000E+0 0.000000E+0
31 0.000000E+0 0.000000E+0 10.000000E+0 0.000000E+0
32 65.535000E+3 0.000000E+0 10.000000E+0 65.535000E+3
33 0.000000E+0 0.000000E+0 10.000000E+0 0.000000E+0
34 65.534000E+3 1.000000E+0 10.000000E+0 65.535000E+3
35 0.000000E+0 0.000000E+0 9.000000E+0 0.000000E+0
36 0.000000E+0 1.000000E+0 10.000000E+0 65.535000E+3
37 0.000000E+0 0.000000E+0 8.000000E+0 0.000000E+0
38 0.000000E+0 3.000000E+0 9.000000E+0 65.535000E+3
39 0.000000E+0 0.000000E+0 8.000000E+0 0.000000E+0
40 65.535000E+3 2.000000E+0 9.000000E+0 65.534000E+3
41 0.000000E+0 0.000000E+0 8.000000E+0 0.000000E+0
42 0.000000E+0 3.000000E+0 9.000000E+0 65.534000E+3
43 0.000000E+0 0.000000E+0 8.000000E+0 0.000000E+0
44 65.535000E+3 2.000000E+0 10.000000E+0 65.532000E+3
45 65.535000E+3 0.000000E+0 9.000000E+0 0.000000E+0
46 65.534000E+3 3.000000E+0 11.000000E+0 65.531000E+3
47 65.535000E+3 0.000000E+0 9.000000E+0 0.000000E+0
48 65.534000E+3 2.000000E+0 10.000000E+0 65.531000E+3
49 65.535000E+3 0.000000E+0 10.000000E+0 0.000000E+0
50 65.535000E+3 4.000000E+0 12.000000E+0 65.530000E+3
51 0.000000E+0 0.000000E+0 9.000000E+0 0.000000E+0
52 65.535000E+3 3.000000E+0 10.000000E+0 65.533000E+3
53 65.535000E+3 0.000000E+0 9.000000E+0 0.000000E+0
54 65.534000E+3 4.000000E+0 12.000000E+0 65.534000E+3
55 0.000000E+0 0.000000E+0 9.000000E+0 0.000000E+0
56 65.534000E+3 4.000000E+0 9.000000E+0 65.534000E+3
57 0.000000E+0 0.000000E+0 8.000000E+0 0.000000E+0
58 65.535000E+3 4.000000E+0 10.000000E+0 65.534000E+3
59 65.535000E+3 1.000000E+0 10.000000E+0 0.000000E+0
60 65.534000E+3 4.000000E+0 12.000000E+0 65.533000E+3
61 65.535000E+3 1.000000E+0 10.000000E+0 0.000000E+0
62 65.531000E+3 4.000000E+0 12.000000E+0 65.533000E+3
63 65.532000E+3 1.000000E+0 10.000000E+0 0.000000E+0
64 65.532000E+3 4.000000E+0 12.000000E+0 65.533000E+3
65 65.532000E+3 1.000000E+0 11.000000E+0 0.000000E+0
66 65.534000E+3 4.000000E+0 13.000000E+0 65.535000E+3
67 65.534000E+3 1.000000E+0 13.000000E+0 0.000000E+0
68 65.532000E+3 5.000000E+0 15.000000E+0 65.533000E+3
69 65.534000E+3 2.000000E+0 13.000000E+0 0.000000E+0
70 65.531000E+3 5.000000E+0 11.000000E+0 65.534000E+3
71 65.534000E+3 1.000000E+0 10.000000E+0 65.535000E+3
72 65.531000E+3 5.000000E+0 13.000000E+0 65.532000E+3
73 65.534000E+3 2.000000E+0 12.000000E+0 0.000000E+0
74 65.534000E+3 5.000000E+0 14.000000E+0 65.531000E+3
75 65.534000E+3 2.000000E+0 11.000000E+0 65.535000E+3
76 65.534000E+3 4.000000E+0 12.000000E+0 65.532000E+3
77 65.532000E+3 2.000000E+0 11.000000E+0 65.534000E+3
78 65.532000E+3 4.000000E+0 14.000000E+0 65.531000E+3
79 65.534000E+3 2.000000E+0 12.000000E+0 65.534000E+3
80 65.533000E+3 7.000000E+0 13.000000E+0 65.526000E+3
81 65.532000E+3 3.000000E+0 12.000000E+0 65.532000E+3
82 65.529000E+3 5.000000E+0 14.000000E+0 65.528000E+3
83 65.531000E+3 2.000000E+0 13.000000E+0 65.531000E+3
84 65.531000E+3 4.000000E+0 14.000000E+0 65.528000E+3
85 65.531000E+3 2.000000E+0 13.000000E+0 65.532000E+3
86 65.530000E+3 6.000000E+0 16.000000E+0 65.529000E+3
87 65.531000E+3 3.000000E+0 15.000000E+0 65.532000E+3
88 65.529000E+3 6.000000E+0 16.000000E+0 65.527000E+3
89 65.531000E+3 3.000000E+0 14.000000E+0 65.533000E+3
90 65.531000E+3 6.000000E+0 15.000000E+0 65.530000E+3
91 65.532000E+3 4.000000E+0 15.000000E+0 65.533000E+3
92 65.530000E+3 6.000000E+0 15.000000E+0 65.530000E+3
93 65.531000E+3 3.000000E+0 14.000000E+0 65.533000E+3
94 65.531000E+3 6.000000E+0 14.000000E+0 65.530000E+3
95 65.531000E+3 4.000000E+0 13.000000E+0 65.534000E+3
96 65.530000E+3 6.000000E+0 14.000000E+0 65.529000E+3
97 65.529000E+3 4.000000E+0 13.000000E+0 65.534000E+3
98 65.528000E+3 6.000000E+0 16.000000E+0 65.530000E+3
99 65.531000E+3 3.000000E+0 13.000000E+0 65.535000E+3
100 65.530000E+3 6.000000E+0 14.000000E+0 65.531000E+3
101 65.531000E+3 3.000000E+0 14.000000E+0 65.534000E+3
102 65.528000E+3 8.000000E+0 15.000000E+0 65.531000E+3
103 65.530000E+3 5.000000E+0 14.000000E+0 65.534000E+3
104 65.529000E+3 7.000000E+0 15.000000E+0 65.531000E+3
105 65.530000E+3 4.000000E+0 14.000000E+0 65.532000E+3
106 65.529000E+3 9.000000E+0 16.000000E+0 65.531000E+3
107 65.530000E+3 4.000000E+0 16.000000E+0 65.533000E+3
108 65.529000E+3 8.000000E+0 16.000000E+0 65.530000E+3
109 65.530000E+3 5.000000E+0 15.000000E+0 65.532000E+3
110 65.527000E+3 8.000000E+0 17.000000E+0 65.529000E+3
111 65.529000E+3 5.000000E+0 14.000000E+0 65.533000E+3
112 65.528000E+3 8.000000E+0 16.000000E+0 65.529000E+3
113 65.529000E+3 5.000000E+0 16.000000E+0 65.533000E+3
114 65.526000E+3 8.000000E+0 16.000000E+0 65.530000E+3
115 65.527000E+3 5.000000E+0 15.000000E+0 65.532000E+3
116 65.527000E+3 8.000000E+0 16.000000E+0 65.529000E+3
117 65.528000E+3 5.000000E+0 15.000000E+0 65.532000E+3
118 65.528000E+3 7.000000E+0 16.000000E+0 65.529000E+3
119 65.528000E+3 5.000000E+0 15.000000E+0 65.531000E+3
120 65.527000E+3 8.000000E+0 17.000000E+0 65.527000E+3
121 65.528000E+3 6.000000E+0 16.000000E+0 65.529000E+3
122 65.526000E+3 11.000000E+0 16.000000E+0 65.527000E+3
123 65.530000E+3 7.000000E+0 15.000000E+0 65.528000E+3
124 65.528000E+3 6.000000E+0 15.000000E+0 65.524000E+3
125 65.528000E+3 4.000000E+0 14.000000E+0 65.527000E+3
126 65.526000E+3 8.000000E+0 14.000000E+0 65.526000E+3
127 65.527000E+3 5.000000E+0 15.000000E+0 65.526000E+3
128 65.525000E+3 7.000000E+0 16.000000E+0 65.527000E+3
129 65.529000E+3 6.000000E+0 14.000000E+0 65.530000E+3
130 65.528000E+3 9.000000E+0 17.000000E+0 65.528000E+3
131 65.529000E+3 5.000000E+0 16.000000E+0 65.529000E+3
132 65.527000E+3 9.000000E+0 17.000000E+0 65.527000E+3
133 65.527000E+3 6.000000E+0 18.000000E+0 65.530000E+3
134 65.526000E+3 10.000000E+0 17.000000E+0 65.526000E+3
135 65.527000E+3 8.000000E+0 15.000000E+0 65.529000E+3
136 65.526000E+3 9.000000E+0 17.000000E+0 65.529000E+3
137 65.528000E+3 6.000000E+0 16.000000E+0 65.530000E+3
138 65.528000E+3 10.000000E+0 15.000000E+0 65.525000E+3
139 65.530000E+3 8.000000E+0 14.000000E+0 65.527000E+3
140 65.530000E+3 12.000000E+0 13.000000E+0 65.526000E+3
141 65.531000E+3 8.000000E+0 13.000000E+0 65.529000E+3
142 65.528000E+3 10.000000E+0 14.000000E+0 65.527000E+3
143 65.527000E+3 7.000000E+0 13.000000E+0 65.528000E+3
144 65.526000E+3 9.000000E+0 14.000000E+0 65.526000E+3
145 65.527000E+3 8.000000E+0 17.000000E+0 65.530000E+3
146 65.523000E+3 10.000000E+0 20.000000E+0 65.529000E+3
147 65.523000E+3 5.000000E+0 17.000000E+0 65.530000E+3
148 65.522000E+3 7.000000E+0 19.000000E+0 65.529000E+3
149 65.525000E+3 8.000000E+0 16.000000E+0 65.529000E+3
150 65.526000E+3 13.000000E+0 16.000000E+0 65.527000E+3
151 65.527000E+3 10.000000E+0 15.000000E+0 65.529000E+3
152 65.526000E+3 11.000000E+0 16.000000E+0 65.526000E+3
153 65.526000E+3 9.000000E+0 17.000000E+0 65.528000E+3
154 65.524000E+3 11.000000E+0 17.000000E+0 65.525000E+3
155 65.524000E+3 9.000000E+0 17.000000E+0 65.527000E+3
156 65.525000E+3 11.000000E+0 19.000000E+0 65.525000E+3
157 65.525000E+3 9.000000E+0 17.000000E+0 65.530000E+3
158 65.524000E+3 12.000000E+0 20.000000E+0 65.527000E+3
159 65.523000E+3 8.000000E+0 20.000000E+0 65.528000E+3
160 65.521000E+3 9.000000E+0 18.000000E+0 65.528000E+3
161 65.521000E+3 6.000000E+0 20.000000E+0 65.529000E+3
162 65.520000E+3 9.000000E+0 23.000000E+0 65.528000E+3
163 65.521000E+3 8.000000E+0 23.000000E+0 65.530000E+3
164 65.521000E+3 10.000000E+0 22.000000E+0 65.528000E+3
165 65.522000E+3 7.000000E+0 20.000000E+0 65.528000E+3
166 65.520000E+3 10.000000E+0 20.000000E+0 65.525000E+3
167 65.522000E+3 7.000000E+0 20.000000E+0 65.527000E+3
168 65.524000E+3 10.000000E+0 20.000000E+0 65.526000E+3
169 65.527000E+3 10.000000E+0 21.000000E+0 65.528000E+3
170 65.529000E+3 14.000000E+0 18.000000E+0 65.522000E+3
171 65.530000E+3 13.000000E+0 16.000000E+0 65.523000E+3
172 65.527000E+3 14.000000E+0 13.000000E+0 65.519000E+3
173 65.529000E+3 10.000000E+0 11.000000E+0 65.522000E+3
174 65.527000E+3 11.000000E+0 10.000000E+0 65.519000E+3
175 65.526000E+3 10.000000E+0 12.000000E+0 65.522000E+3
176 65.525000E+3 12.000000E+0 17.000000E+0 65.519000E+3
177 65.528000E+3 10.000000E+0 18.000000E+0 65.523000E+3
178 65.525000E+3 11.000000E+0 23.000000E+0 65.524000E+3
179 65.523000E+3 10.000000E+0 24.000000E+0 65.527000E+3
180 65.521000E+3 13.000000E+0 24.000000E+0 65.523000E+3
181 65.521000E+3 9.000000E+0 20.000000E+0 65.525000E+3
182 65.523000E+3 12.000000E+0 18.000000E+0 65.520000E+3
183 65.523000E+3 10.000000E+0 17.000000E+0 65.522000E+3
184 65.525000E+3 13.000000E+0 17.000000E+0 65.521000E+3
185 65.526000E+3 10.000000E+0 18.000000E+0 65.525000E+3
186 65.525000E+3 12.000000E+0 21.000000E+0 65.522000E+3
187 65.525000E+3 6.000000E+0 21.000000E+0 65.526000E+3
188 65.523000E+3 9.000000E+0 21.000000E+0 65.524000E+3
189 65.522000E+3 6.000000E+0 21.000000E+0 65.527000E+3
190 65.524000E+3 11.000000E+0 18.000000E+0 65.524000E+3
191 65.525000E+3 9.000000E+0 18.000000E+0 65.524000E+3
192 65.529000E+3 15.000000E+0 14.000000E+0 65.522000E+3
193 65.527000E+3 14.000000E+0 14.000000E+0 65.523000E+3
194 65.525000E+3 15.000000E+0 17.000000E+0 65.521000E+3
195 65.525000E+3 12.000000E+0 18.000000E+0 65.523000E+3
196 65.523000E+3 12.000000E+0 20.000000E+0 65.524000E+3
197 65.522000E+3 8.000000E+0 22.000000E+0 65.526000E+3
198 65.519000E+3 11.000000E+0 25.000000E+0 65.526000E+3
199 65.519000E+3 9.000000E+0 24.000000E+0 65.528000E+3
200 65.519000E+3 8.000000E+0 25.000000E+0 65.528000E+3
201 65.518000E+3 6.000000E+0 25.000000E+0 65.529000E+3
202 65.517000E+3 8.000000E+0 26.000000E+0 65.528000E+3
203 65.521000E+3 7.000000E+0 22.000000E+0 65.527000E+3
204 65.524000E+3 9.000000E+0 21.000000E+0 65.526000E+3
205 65.528000E+3 10.000000E+0 18.000000E+0 65.528000E+3
206 65.532000E+3 13.000000E+0 16.000000E+0 65.523000E+3
207 65.531000E+3 13.000000E+0 16.000000E+0 65.523000E+3
208 65.531000E+3 16.000000E+0 15.000000E+0 65.522000E+3
209 65.531000E+3 14.000000E+0 13.000000E+0 65.522000E+3
210 65.529000E+3 18.000000E+0 10.000000E+0 65.516000E+3
211 65.529000E+3 16.000000E+0 9.000000E+0 65.516000E+3
212 65.528000E+3 16.000000E+0 15.000000E+0 65.518000E+3
213 65.527000E+3 14.000000E+0 18.000000E+0 65.522000E+3
214 65.523000E+3 13.000000E+0 20.000000E+0 65.526000E+3
215 65.522000E+3 10.000000E+0 24.000000E+0 65.528000E+3
216 65.518000E+3 10.000000E+0 21.000000E+0 65.525000E+3
217 65.518000E+3 8.000000E+0 21.000000E+0 65.528000E+3
218 65.518000E+3 10.000000E+0 23.000000E+0 65.527000E+3
219 65.519000E+3 10.000000E+0 25.000000E+0 65.530000E+3
220 65.515000E+3 12.000000E+0 25.000000E+0 65.529000E+3
221 65.515000E+3 10.000000E+0 25.000000E+0 65.528000E+3
222 65.515000E+3 12.000000E+0 26.000000E+0 65.526000E+3
223 65.517000E+3 12.000000E+0 23.000000E+0 65.526000E+3
224 65.523000E+3 13.000000E+0 21.000000E+0 65.524000E+3
225 65.525000E+3 15.000000E+0 17.000000E+0 65.523000E+3
226 65.528000E+3 20.000000E+0 18.000000E+0 65.520000E+3
227 65.532000E+3 17.000000E+0 16.000000E+0 65.521000E+3
228 65.529000E+3 17.000000E+0 16.000000E+0 65.520000E+3
229 65.527000E+3 15.000000E+0 14.000000E+0 65.520000E+3
230 65.529000E+3 18.000000E+0 16.000000E+0 65.517000E+3
231 65.529000E+3 18.000000E+0 17.000000E+0 65.521000E+3
232 65.528000E+3 17.000000E+0 18.000000E+0 65.521000E+3
233 65.527000E+3 14.000000E+0 18.000000E+0 65.524000E+3
234 65.525000E+3 13.000000E+0 18.000000E+0 65.524000E+3
235 65.524000E+3 10.000000E+0 18.000000E+0 65.524000E+3
236 65.533000E+3 0.000000E+0 22.000000E+0 65.523000E+3
237 0.000000E+0 65.534000E+3 23.000000E+0 65.528000E+3
238 0.000000E+0 0.000000E+0 23.000000E+0 65.527000E+3
239 65.532000E+3 0.000000E+0 22.000000E+0 65.526000E+3
240 65.526000E+3 0.000000E+0 19.000000E+0 65.525000E+3
241 65.526000E+3 1.000000E+0 7.000000E+0 65.525000E+3
242 65.524000E+3 1.000000E+0 6.000000E+0 65.525000E+3
243 65.526000E+3 1.000000E+0 9.000000E+0 65.525000E+3
244 65.528000E+3 4.000000E+0 14.000000E+0 65.521000E+3
245 65.535000E+3 7.000000E+0 15.000000E+0 65.521000E+3
246 0.000000E+0 7.000000E+0 16.000000E+0 65.523000E+3
247 0.000000E+0 2.000000E+0 16.000000E+0 65.524000E+3
248 2.000000E+0 0.000000E+0 17.000000E+0 65.524000E+3
249 3.000000E+0 5.000000E+0 17.000000E+0 65.524000E+3
250 2.000000E+0 4.000000E+0 17.000000E+0 65.525000E+3
251 0.000000E+0 5.000000E+0 17.000000E+0 65.525000E+3
252 65.533000E+3 6.000000E+0 17.000000E+0 65.525000E+3
253 65.533000E+3 5.000000E+0 17.000000E+0 65.525000E+3
254 65.531000E+3 5.000000E+0 17.000000E+0 65.525000E+3
255 65.526000E+3 0.000000E+0 13.000000E+0 65.533000E+3
256 65.527000E+3 0.000000E+0 8.000000E+0 1.000000E+0
257 65.525000E+3 65.531000E+3 13.000000E+0 11.000000E+0
258 65.528000E+3 65.534000E+3 13.000000E+0 13.000000E+0
259 65.526000E+3 65.532000E+3 13.000000E+0 10.000000E+0
260 65.526000E+3 65.530000E+3 13.000000E+0 11.000000E+0
261 65.527000E+3 65.522000E+3 13.000000E+0 19.000000E+0
262 65.525000E+3 65.522000E+3 13.000000E+0 19.000000E+0
263 65.526000E+3 65.522000E+3 13.000000E+0 21.000000E+0
264 65.526000E+3 65.519000E+3 13.000000E+0 23.000000E+0
265 65.526000E+3 65.515000E+3 13.000000E+0 23.000000E+0
266 65.526000E+3 65.510000E+3 13.000000E+0 27.000000E+0
267 65.526000E+3 65.511000E+3 14.000000E+0 27.000000E+0
268 65.526000E+3 65.511000E+3 14.000000E+0 30.000000E+0
269 65.526000E+3 65.505000E+3 14.000000E+0 28.000000E+0
270 65.526000E+3 65.505000E+3 14.000000E+0 28.000000E+0
271 65.527000E+3 65.505000E+3 14.000000E+0 28.000000E+0
272 65.527000E+3 65.505000E+3 14.000000E+0 27.000000E+0
273 65.526000E+3 65.505000E+3 14.000000E+0 28.000000E+0
274 65.525000E+3 65.505000E+3 14.000000E+0 28.000000E+0
275 65.525000E+3 65.505000E+3 14.000000E+0 28.000000E+0
276 65.525000E+3 65.505000E+3 14.000000E+0 28.000000E+0
277 65.524000E+3 65.505000E+3 14.000000E+0 28.000000E+0
278 65.524000E+3 65.505000E+3 14.000000E+0 28.000000E+0
279 65.525000E+3 65.506000E+3 14.000000E+0 28.000000E+0
280 65.523000E+3 65.505000E+3 14.000000E+0 28.000000E+0
281 65.524000E+3 65.505000E+3 14.000000E+0 29.000000E+0
282 65.525000E+3 65.505000E+3 14.000000E+0 29.000000E+0
283 65.524000E+3 65.505000E+3 14.000000E+0 30.000000E+0
284 65.524000E+3 65.505000E+3 14.000000E+0 30.000000E+0
285 65.523000E+3 65.505000E+3 14.000000E+0 30.000000E+0
286 65.524000E+3 65.505000E+3 14.000000E+0 31.000000E+0
287 65.524000E+3 65.505000E+3 14.000000E+0 32.000000E+0
288 65.524000E+3 65.505000E+3 14.000000E+0 32.000000E+0
289 65.524000E+3 65.505000E+3 14.000000E+0 31.000000E+0
290 65.523000E+3 65.505000E+3 14.000000E+0 32.000000E+0
291 65.523000E+3 65.505000E+3 14.000000E+0 31.000000E+0
292 65.523000E+3 65.505000E+3 14.000000E+0 31.000000E+0
293 65.523000E+3 65.505000E+3 14.000000E+0 32.000000E+0
294 65.523000E+3 65.505000E+3 14.000000E+0 32.000000E+0
295 65.523000E+3 65.505000E+3 14.000000E+0 32.000000E+0
296 65.523000E+3 65.505000E+3 14.000000E+0 32.000000E+0
297 65.523000E+3 65.505000E+3 14.000000E+0 32.000000E+0
298 65.523000E+3 65.505000E+3 14.000000E+0 32.000000E+0
299 65.523000E+3 65.505000E+3 13.000000E+0 32.000000E+0
300 65.523000E+3 65.505000E+3 13.000000E+0 32.000000E+0
301 65.523000E+3 65.505000E+3 13.000000E+0 32.000000E+0
302 65.524000E+3 65.505000E+3 13.000000E+0 32.000000E+0
303 65.523000E+3 65.505000E+3 13.000000E+0 32.000000E+0
304 65.523000E+3 65.505000E+3 13.000000E+0 32.000000E+0
305 65.523000E+3 65.505000E+3 13.000000E+0 32.000000E+0
306 65.524000E+3 65.505000E+3 13.000000E+0 32.000000E+0
307 65.524000E+3 65.505000E+3 13.000000E+0 31.000000E+0
308 65.523000E+3 65.505000E+3 13.000000E+0 32.000000E+0
309 65.523000E+3 65.505000E+3 13.000000E+0 32.000000E+0
310 65.522000E+3 65.505000E+3 13.000000E+0 32.000000E+0
311 65.523000E+3 65.505000E+3 13.000000E+0 32.000000E+0
312 65.524000E+3 65.505000E+3 13.000000E+0 32.000000E+0
313 65.523000E+3 65.505000E+3 13.000000E+0 32.000000E+0
314 65.523000E+3 65.505000E+3 13.000000E+0 32.000000E+0
315 65.522000E+3 65.505000E+3 13.000000E+0 32.000000E+0
316 65.523000E+3 65.505000E+3 13.000000E+0 32.000000E+0
317 65.523000E+3 65.505000E+3 13.000000E+0 32.000000E+0
318 65.523000E+3 65.505000E+3 13.000000E+0 32.000000E+0
319 65.523000E+3 65.505000E+3 13.000000E+0 32.000000E+0
320 65.523000E+3 65.505000E+3 13.000000E+0 32.000000E+0
321 65.523000E+3 65.505000E+3 13.000000E+0 32.000000E+0
322 65.523000E+3 65.505000E+3 13.000000E+0 32.000000E+0
323 65.523000E+3 65.505000E+3 13.000000E+0 32.000000E+0
324 65.523000E+3 65.505000E+3 13.000000E+0 32.000000E+0
325 65.524000E+3 65.505000E+3 13.000000E+0 32.000000E+0
326 65.523000E+3 65.505000E+3 14.000000E+0 32.000000E+0
327 65.523000E+3 65.505000E+3 14.000000E+0 32.000000E+0
328 65.523000E+3 65.505000E+3 14.000000E+0 32.000000E+0
329 65.524000E+3 65.505000E+3 14.000000E+0 32.000000E+0
330 65.522000E+3 65.505000E+3 14.000000E+0 31.000000E+0
331 65.524000E+3 65.505000E+3 14.000000E+0 32.000000E+0
332 65.522000E+3 65.505000E+3 14.000000E+0 32.000000E+0
333 65.523000E+3 65.505000E+3 14.000000E+0 32.000000E+0
334 65.523000E+3 65.505000E+3 14.000000E+0 32.000000E+0
335 65.524000E+3 65.505000E+3 14.000000E+0 32.000000E+0
336 65.524000E+3 65.505000E+3 14.000000E+0 32.000000E+0
337 65.523000E+3 65.505000E+3 14.000000E+0 32.000000E+0
338 65.523000E+3 65.505000E+3 12.000000E+0 32.000000E+0
339 65.523000E+3 65.505000E+3 13.000000E+0 32.000000E+0
340 65.523000E+3 65.505000E+3 13.000000E+0 32.000000E+0
341 65.523000E+3 65.505000E+3 13.000000E+0 32.000000E+0
342 65.523000E+3 65.505000E+3 13.000000E+0 32.000000E+0
343 65.523000E+3 65.505000E+3 13.000000E+0 32.000000E+0
344 65.523000E+3 65.505000E+3 13.000000E+0 32.000000E+0
345 65.524000E+3 65.505000E+3 13.000000E+0 32.000000E+0
346 65.522000E+3 65.505000E+3 13.000000E+0 32.000000E+0
347 65.524000E+3 65.505000E+3 13.000000E+0 32.000000E+0
348 65.524000E+3 65.505000E+3 13.000000E+0 32.000000E+0
349 65.523000E+3 65.505000E+3 13.000000E+0 32.000000E+0
350 65.523000E+3 65.505000E+3 13.000000E+0 32.000000E+0
351 65.522000E+3 65.505000E+3 13.000000E+0 32.000000E+0
352 65.524000E+3 65.505000E+3 13.000000E+0 32.000000E+0
353 65.523000E+3 65.505000E+3 13.000000E+0 32.000000E+0
354 65.523000E+3 65.505000E+3 13.000000E+0 32.000000E+0
355 65.523000E+3 65.505000E+3 13.000000E+0 32.000000E+0
356 65.523000E+3 65.505000E+3 13.000000E+0 32.000000E+0
357 65.523000E+3 65.505000E+3 13.000000E+0 32.000000E+0
358 65.523000E+3 65.505000E+3 13.000000E+0 32.000000E+0
359 65.522000E+3 65.505000E+3 13.000000E+0 32.000000E+0
360 65.522000E+3 65.505000E+3 13.000000E+0 32.000000E+0
361 65.523000E+3 65.505000E+3 13.000000E+0 32.000000E+0
362 65.523000E+3 65.505000E+3 13.000000E+0 32.000000E+0
363 65.522000E+3 65.505000E+3 13.000000E+0 32.000000E+0
364 65.523000E+3 65.505000E+3 13.000000E+0 32.000000E+0
365 65.524000E+3 65.505000E+3 13.000000E+0 32.000000E+0
366 65.522000E+3 65.505000E+3 13.000000E+0 32.000000E+0
367 65.524000E+3 65.505000E+3 13.000000E+0 32.000000E+0
368 65.523000E+3 65.505000E+3 13.000000E+0 32.000000E+0
369 65.524000E+3 65.505000E+3 13.000000E+0 32.000000E+0
370 65.523000E+3 65.505000E+3 13.000000E+0 32.000000E+0
371 65.522000E+3 65.505000E+3 13.000000E+0 32.000000E+0
372 65.523000E+3 65.505000E+3 13.000000E+0 32.000000E+0
373 65.523000E+3 65.505000E+3 13.000000E+0 32.000000E+0
374 65.524000E+3 65.505000E+3 13.000000E+0 32.000000E+0
375 65.523000E+3 65.505000E+3 13.000000E+0 32.000000E+0
376 65.524000E+3 65.505000E+3 13.000000E+0 32.000000E+0
377 65.523000E+3 65.505000E+3 13.000000E+0 32.000000E+0
378 65.522000E+3 65.505000E+3 13.000000E+0 32.000000E+0
379 65.523000E+3 65.505000E+3 13.000000E+0 32.000000E+0
380 65.522000E+3 65.505000E+3 13.000000E+0 32.000000E+0
381 65.522000E+3 65.505000E+3 13.000000E+0 32.000000E+0
382 65.524000E+3 65.505000E+3 13.000000E+0 32.000000E+0
383 65.523000E+3 65.505000E+3 13.000000E+0 32.000000E+0
384 65.523000E+3 65.505000E+3 13.000000E+0 32.000000E+0
385 65.523000E+3 65.505000E+3 13.000000E+0 32.000000E+0
386 65.523000E+3 65.505000E+3 13.000000E+0 32.000000E+0
387 65.523000E+3 65.505000E+3 13.000000E+0 32.000000E+0
388 65.522000E+3 65.505000E+3 13.000000E+0 32.000000E+0
389 65.523000E+3 65.505000E+3 13.000000E+0 32.000000E+0
390 65.522000E+3 65.505000E+3 13.000000E+0 32.000000E+0
391 65.522000E+3 65.505000E+3 13.000000E+0 32.000000E+0
392 65.523000E+3 65.505000E+3 13.000000E+0 32.000000E+0
393 65.523000E+3 65.505000E+3 13.000000E+0 32.000000E+0
394 65.523000E+3 65.505000E+3 13.000000E+0 32.000000E+0
395 65.523000E+3 65.505000E+3 13.000000E+0 32.000000E+0
396 65.522000E+3 65.505000E+3 13.000000E+0 32.000000E+0
397 65.523000E+3 65.505000E+3 13.000000E+0 32.000000E+0
398 65.523000E+3 65.505000E+3 14.000000E+0 32.000000E+0
399 65.523000E+3 65.505000E+3 14.000000E+0 32.000000E+0
400 65.523000E+3 65.505000E+3 14.000000E+0 32.000000E+0
401 65.523000E+3 65.505000E+3 14.000000E+0 32.000000E+0
402 65.524000E+3 65.505000E+3 14.000000E+0 32.000000E+0
403 65.523000E+3 65.505000E+3 13.000000E+0 32.000000E+0
404 65.522000E+3 65.505000E+3 13.000000E+0 32.000000E+0
405 65.522000E+3 65.505000E+3 13.000000E+0 32.000000E+0
406 65.522000E+3 65.505000E+3 13.000000E+0 32.000000E+0
407 65.522000E+3 65.505000E+3 13.000000E+0 32.000000E+0
408 65.523000E+3 65.505000E+3 13.000000E+0 32.000000E+0
409 65.522000E+3 65.505000E+3 13.000000E+0 32.000000E+0
410 65.524000E+3 65.505000E+3 13.000000E+0 32.000000E+0
411 65.523000E+3 65.505000E+3 13.000000E+0 32.000000E+0
412 65.523000E+3 65.505000E+3 13.000000E+0 32.000000E+0
413 65.523000E+3 65.505000E+3 13.000000E+0 32.000000E+0
414 65.524000E+3 65.505000E+3 13.000000E+0 32.000000E+0
415 65.524000E+3 65.505000E+3 13.000000E+0 32.000000E+0
416 65.523000E+3 65.505000E+3 13.000000E+0 32.000000E+0
417 65.524000E+3 65.505000E+3 13.000000E+0 32.000000E+0
418 65.524000E+3 65.505000E+3 13.000000E+0 32.000000E+0
419 65.523000E+3 65.505000E+3 13.000000E+0 33.000000E+0
420 65.523000E+3 65.505000E+3 13.000000E+0 32.000000E+0
421 65.523000E+3 65.505000E+3 13.000000E+0 32.000000E+0
422 65.522000E+3 65.505000E+3 13.000000E+0 32.000000E+0
423 65.523000E+3 65.505000E+3 13.000000E+0 32.000000E+0
424 65.523000E+3 65.505000E+3 13.000000E+0 32.000000E+0
425 65.523000E+3 65.505000E+3 13.000000E+0 32.000000E+0
426 65.523000E+3 65.505000E+3 13.000000E+0 32.000000E+0
427 65.523000E+3 65.505000E+3 13.000000E+0 32.000000E+0
428 65.523000E+3 65.505000E+3 13.000000E+0 32.000000E+0
429 65.523000E+3 65.505000E+3 13.000000E+0 32.000000E+0
430 65.522000E+3 65.505000E+3 13.000000E+0 32.000000E+0
431 65.523000E+3 65.505000E+3 13.000000E+0 32.000000E+0
432 65.522000E+3 65.505000E+3 13.000000E+0 32.000000E+0
433 65.524000E+3 65.505000E+3 13.000000E+0 32.000000E+0
434 65.524000E+3 65.505000E+3 13.000000E+0 32.000000E+0
435 65.522000E+3 65.505000E+3 13.000000E+0 32.000000E+0
436 65.523000E+3 65.505000E+3 13.000000E+0 32.000000E+0
437 65.523000E+3 65.505000E+3 13.000000E+0 32.000000E+0
438 65.522000E+3 65.505000E+3 13.000000E+0 32.000000E+0
439 65.523000E+3 65.505000E+3 13.000000E+0 32.000000E+0
440 65.522000E+3 65.505000E+3 13.000000E+0 32.000000E+0
441 65.523000E+3 65.505000E+3 13.000000E+0 32.000000E+0
442 65.523000E+3 65.505000E+3 13.000000E+0 32.000000E+0
443 65.523000E+3 65.505000E+3 13.000000E+0 32.000000E+0
444 65.524000E+3 65.505000E+3 13.000000E+0 32.000000E+0
445 65.523000E+3 65.505000E+3 13.000000E+0 32.000000E+0
446 65.523000E+3 65.505000E+3 13.000000E+0 33.000000E+0
447 65.522000E+3 65.505000E+3 13.000000E+0 33.000000E+0
448 65.523000E+3 65.505000E+3 13.000000E+0 33.000000E+0
449 65.523000E+3 65.505000E+3 13.000000E+0 33.000000E+0
450 65.523000E+3 65.505000E+3 13.000000E+0 33.000000E+0
451 65.523000E+3 65.505000E+3 13.000000E+0 32.000000E+0
452 65.524000E+3 65.505000E+3 13.000000E+0 32.000000E+0
453 65.523000E+3 65.505000E+3 13.000000E+0 32.000000E+0
454 65.524000E+3 65.505000E+3 13.000000E+0 32.000000E+0
455 65.523000E+3 65.505000E+3 13.000000E+0 32.000000E+0
456 65.523000E+3 65.505000E+3 13.000000E+0 32.000000E+0
457 65.523000E+3 65.505000E+3 13.000000E+0 32.000000E+0
458 65.523000E+3 65.505000E+3 13.000000E+0 32.000000E+0
459 65.523000E+3 65.505000E+3 13.000000E+0 32.000000E+0
460 65.522000E+3 65.505000E+3 13.000000E+0 32.000000E+0
461 65.523000E+3 65.505000E+3 13.000000E+0 32.000000E+0
462 65.523000E+3 65.505000E+3 13.000000E+0 32.000000E+0
463 65.523000E+3 65.505000E+3 13.000000E+0 32.000000E+0
464 65.523000E+3 65.505000E+3 13.000000E+0 32.000000E+0
465 65.523000E+3 65.505000E+3 13.000000E+0 32.000000E+0
466 65.523000E+3 65.505000E+3 13.000000E+0 32.000000E+0
467 65.524000E+3 65.505000E+3 13.000000E+0 32.000000E+0
468 65.523000E+3 65.505000E+3 13.000000E+0 32.000000E+0
469 65.523000E+3 65.505000E+3 13.000000E+0 32.000000E+0
470 65.524000E+3 65.505000E+3 13.000000E+0 32.000000E+0
471 65.522000E+3 65.505000E+3 13.000000E+0 32.000000E+0
472 65.523000E+3 65.505000E+3 13.000000E+0 32.000000E+0
473 65.524000E+3 65.505000E+3 13.000000E+0 32.000000E+0
474 65.523000E+3 65.505000E+3 13.000000E+0 32.000000E+0
475 65.522000E+3 65.505000E+3 13.000000E+0 32.000000E+0
476 65.522000E+3 65.505000E+3 13.000000E+0 32.000000E+0
477 65.523000E+3 65.505000E+3 13.000000E+0 32.000000E+0
478 65.523000E+3 65.505000E+3 13.000000E+0 32.000000E+0
479 65.525000E+3 65.505000E+3 13.000000E+0 32.000000E+0
480 65.523000E+3 65.505000E+3 13.000000E+0 32.000000E+0
481 65.523000E+3 65.505000E+3 13.000000E+0 32.000000E+0
482 65.523000E+3 65.505000E+3 14.000000E+0 32.000000E+0
483 65.522000E+3 65.505000E+3 14.000000E+0 32.000000E+0
484 65.523000E+3 65.505000E+3 14.000000E+0 32.000000E+0
485 65.522000E+3 65.505000E+3 14.000000E+0 32.000000E+0
486 65.523000E+3 65.505000E+3 14.000000E+0 32.000000E+0
487 65.523000E+3 65.505000E+3 14.000000E+0 32.000000E+0
488 65.523000E+3 65.505000E+3 13.000000E+0 32.000000E+0
489 65.522000E+3 65.505000E+3 13.000000E+0 32.000000E+0
490 65.523000E+3 65.505000E+3 13.000000E+0 32.000000E+0
491 65.523000E+3 65.505000E+3 13.000000E+0 32.000000E+0
492 65.522000E+3 65.505000E+3 13.000000E+0 32.000000E+0
493 65.523000E+3 65.505000E+3 13.000000E+0 32.000000E+0
494 65.523000E+3 65.505000E+3 13.000000E+0 32.000000E+0
495 65.522000E+3 65.505000E+3 13.000000E+0 32.000000E+0
496 65.524000E+3 65.505000E+3 13.000000E+0 32.000000E+0
497 65.523000E+3 65.506000E+3 13.000000E+0 32.000000E+0
498 65.523000E+3 65.505000E+3 13.000000E+0 32.000000E+0
499 65.523000E+3 65.505000E+3 13.000000E+0 32.000000E+0
500 65.523000E+3 65.505000E+3 13.000000E+0 32.000000E+0
501 65.524000E+3 65.505000E+3 13.000000E+0 32.000000E+0
502 65.523000E+3 65.505000E+3 13.000000E+0 32.000000E+0
503 65.523000E+3 65.505000E+3 13.000000E+0 32.000000E+0
504 65.523000E+3 65.505000E+3 13.000000E+0 29.000000E+0
505 65.523000E+3 65.505000E+3 13.000000E+0 29.000000E+0
506 65.524000E+3 65.505000E+3 24.000000E+0 20.000000E+0
507 65.523000E+3 65.481000E+3 27.000000E+0 25.000000E+0
508 65.525000E+3 65.475000E+3 31.000000E+0 0.000000E+0
509 65.527000E+3 65.442000E+3 33.000000E+0 5.000000E+0
510 65.531000E+3 65.435000E+3 35.000000E+0 65.515000E+3
511 65.531000E+3 65.431000E+3 24.000000E+0 6.000000E+0
512 65.534000E+3 65.411000E+3 41.000000E+0 65.486000E+3
513 6.000000E+0 65.413000E+3 59.000000E+0 65.535000E+3
514 8.000000E+0 65.421000E+3 70.000000E+0 65.501000E+3
515 10.000000E+0 65.404000E+3 89.000000E+0 18.000000E+0
516 11.000000E+0 65.405000E+3 95.000000E+0 65.535000E+3
517 7.000000E+0 65.413000E+3 72.000000E+0 46.000000E+0
518 65.531000E+3 65.422000E+3 70.000000E+0 65.535000E+3
519 65.531000E+3 65.421000E+3 36.000000E+0 18.000000E+0
520 65.525000E+3 65.421000E+3 25.000000E+0 65.528000E+3
521 65.512000E+3 65.420000E+3 0.000000E+0 0.000000E+0
522 65.504000E+3 65.407000E+3 65.520000E+3 65.502000E+3
523 65.499000E+3 65.404000E+3 65.509000E+3 65.516000E+3
524 65.495000E+3 65.404000E+3 65.519000E+3 65.502000E+3
525 65.501000E+3 65.404000E+3 65.524000E+3 65.517000E+3
526 65.504000E+3 65.404000E+3 6.000000E+0 65.514000E+3
527 65.507000E+3 65.404000E+3 27.000000E+0 65.528000E+3
528 65.514000E+3 65.415000E+3 49.000000E+0 65.535000E+3
529 65.512000E+3 65.414000E+3 66.000000E+0 65.535000E+3
530 65.514000E+3 65.414000E+3 47.000000E+0 0.000000E+0
531 65.505000E+3 65.405000E+3 34.000000E+0 65.522000E+3
532 65.496000E+3 65.405000E+3 19.000000E+0 65.534000E+3
533 65.494000E+3 65.403000E+3 13.000000E+0 65.510000E+3
534 65.494000E+3 65.403000E+3 8.000000E+0 65.530000E+3
535 65.491000E+3 65.403000E+3 8.000000E+0 65.506000E+3
536 65.494000E+3 65.403000E+3 1.000000E+0 65.530000E+3
537 65.492000E+3 65.402000E+3 14.000000E+0 65.496000E+3
538 65.492000E+3 65.400000E+3 3.000000E+0 0.000000E+0
539 65.487000E+3 65.397000E+3 15.000000E+0 65.485000E+3
540 65.480000E+3 65.415000E+3 3.000000E+0 1.000000E+0
541 65.480000E+3 65.411000E+3 16.000000E+0 65.483000E+3
542 65.476000E+3 65.406000E+3 5.000000E+0 65.535000E+3
543 65.476000E+3 65.406000E+3 16.000000E+0 65.485000E+3
544 65.477000E+3 65.402000E+3 6.000000E+0 65.526000E+3
545 65.468000E+3 65.412000E+3 0.000000E+0 101.000000E+0
546 65.466000E+3 65.438000E+3 65.518000E+3 206.000000E+0
547 65.478000E+3 65.434000E+3 0.000000E+0 187.000000E+0
548 65.486000E+3 65.458000E+3 12.000000E+0 209.000000E+0
549 65.511000E+3 65.490000E+3 27.000000E+0 178.000000E+0
550 65.528000E+3 65.497000E+3 32.000000E+0 186.000000E+0
551 65.529000E+3 65.509000E+3 36.000000E+0 168.000000E+0
552 0.000000E+0 65.473000E+3 23.000000E+0 152.000000E+0
553 65.530000E+3 65.462000E+3 22.000000E+0 133.000000E+0
554 0.000000E+0 65.456000E+3 12.000000E+0 122.000000E+0
555 65.535000E+3 65.445000E+3 16.000000E+0 123.000000E+0
556 0.000000E+0 65.500000E+3 10.000000E+0 103.000000E+0
557 2.000000E+0 65.500000E+3 11.000000E+0 103.000000E+0
558 65.535000E+3 4.000000E+0 0.000000E+0 92.000000E+0
559 0.000000E+0 14.000000E+0 65.535000E+3 92.000000E+0
560 65.532000E+3 32.000000E+0 65.524000E+3 88.000000E+0
561 65.534000E+3 65.532000E+3 65.526000E+3 88.000000E+0
562 65.521000E+3 15.000000E+0 65.510000E+3 83.000000E+0
563 65.529000E+3 65.507000E+3 65.495000E+3 83.000000E+0
564 65.506000E+3 15.000000E+0 65.486000E+3 79.000000E+0
565 65.527000E+3 65.501000E+3 65.485000E+3 79.000000E+0
566 65.509000E+3 22.000000E+0 65.483000E+3 79.000000E+0
567 65.535000E+3 65.506000E+3 65.485000E+3 80.000000E+0
568 65.520000E+3 29.000000E+0 65.488000E+3 79.000000E+0
569 1.000000E+0 65.512000E+3 65.488000E+3 79.000000E+0
570 65.526000E+3 46.000000E+0 65.486000E+3 83.000000E+0
571 65.529000E+3 65.520000E+3 65.483000E+3 96.000000E+0
572 65.516000E+3 29.000000E+0 65.475000E+3 82.000000E+0
573 65.527000E+3 65.522000E+3 65.477000E+3 92.000000E+0
574 65.522000E+3 31.000000E+0 65.477000E+3 82.000000E+0
575 65.528000E+3 65.532000E+3 65.480000E+3 83.000000E+0
576 65.520000E+3 21.000000E+0 65.481000E+3 83.000000E+0
577 65.528000E+3 16.000000E+0 65.486000E+3 84.000000E+0
578 65.521000E+3 10.000000E+0 65.489000E+3 84.000000E+0
579 65.525000E+3 13.000000E+0 65.491000E+3 84.000000E+0
580 65.522000E+3 3.000000E+0 65.493000E+3 83.000000E+0
581 65.518000E+3 12.000000E+0 65.494000E+3 83.000000E+0
582 65.520000E+3 3.000000E+0 65.493000E+3 83.000000E+0
583 65.514000E+3 25.000000E+0 65.497000E+3 83.000000E+0
584 65.518000E+3 2.000000E+0 65.500000E+3 82.000000E+0
585 65.506000E+3 33.000000E+0 65.501000E+3 93.000000E+0
586 65.525000E+3 3.000000E+0 65.506000E+3 94.000000E+0
587 65.518000E+3 41.000000E+0 65.505000E+3 94.000000E+0
588 65.528000E+3 1.000000E+0 65.511000E+3 95.000000E+0
589 65.515000E+3 41.000000E+0 65.514000E+3 95.000000E+0
590 65.527000E+3 0.000000E+0 65.520000E+3 100.000000E+0
591 65.515000E+3 47.000000E+0 65.522000E+3 100.000000E+0
592 65.523000E+3 65.528000E+3 65.529000E+3 104.000000E+0
593 65.513000E+3 62.000000E+0 65.528000E+3 105.000000E+0
594 65.523000E+3 65.516000E+3 65.533000E+3 109.000000E+0
595 65.510000E+3 30.000000E+0 65.535000E+3 96.000000E+0
596 65.513000E+3 8.000000E+0 65.527000E+3 120.000000E+0
597 65.506000E+3 26.000000E+0 65.531000E+3 109.000000E+0
598 65.524000E+3 65.462000E+3 2.000000E+0 110.000000E+0
599 65.524000E+3 65.428000E+3 15.000000E+0 48.000000E+0
600 0.000000E+0 65.437000E+3 8.000000E+0 66.000000E+0
601 65.535000E+3 65.438000E+3 15.000000E+0 52.000000E+0
602 1.000000E+0 65.471000E+3 13.000000E+0 65.000000E+0
603 0.000000E+0 65.471000E+3 19.000000E+0 51.000000E+0
604 8.000000E+0 65.483000E+3 14.000000E+0 47.000000E+0
605 6.000000E+0 65.479000E+3 17.000000E+0 48.000000E+0
606 13.000000E+0 65.481000E+3 5.000000E+0 3.000000E+0
607 10.000000E+0 65.456000E+3 9.000000E+0 11.000000E+0
608 16.000000E+0 65.447000E+3 30.000000E+0 65.522000E+3
609 14.000000E+0 65.430000E+3 25.000000E+0 9.000000E+0
610 17.000000E+0 65.432000E+3 29.000000E+0 65.515000E+3
611 13.000000E+0 65.437000E+3 8.000000E+0 12.000000E+0
612 15.000000E+0 65.435000E+3 11.000000E+0 65.495000E+3
613 20.000000E+0 65.433000E+3 18.000000E+0 17.000000E+0
614 28.000000E+0 65.434000E+3 17.000000E+0 65.520000E+3
615 24.000000E+0 65.433000E+3 15.000000E+0 21.000000E+0
616 29.000000E+0 65.437000E+3 18.000000E+0 65.520000E+3
617 26.000000E+0 65.423000E+3 12.000000E+0 4.000000E+0
618 30.000000E+0 65.423000E+3 32.000000E+0 65.519000E+3
619 33.000000E+0 65.427000E+3 18.000000E+0 19.000000E+0
620 27.000000E+0 65.422000E+3 27.000000E+0 65.527000E+3
621 24.000000E+0 65.435000E+3 11.000000E+0 65.529000E+3
622 16.000000E+0 65.436000E+3 21.000000E+0 65.520000E+3
623 17.000000E+0 65.436000E+3 11.000000E+0 0.000000E+0
624 16.000000E+0 65.436000E+3 14.000000E+0 65.523000E+3
625 11.000000E+0 65.436000E+3 4.000000E+0 65.528000E+3
626 6.000000E+0 65.436000E+3 14.000000E+0 65.524000E+3
627 6.000000E+0 65.436000E+3 7.000000E+0 65.510000E+3
628 4.000000E+0 65.436000E+3 16.000000E+0 65.528000E+3
629 3.000000E+0 65.436000E+3 13.000000E+0 65.524000E+3
630 1.000000E+0 65.436000E+3 18.000000E+0 0.000000E+0
631 0.000000E+0 65.436000E+3 20.000000E+0 65.515000E+3
632 0.000000E+0 65.436000E+3 25.000000E+0 65.533000E+3
633 65.535000E+3 65.436000E+3 36.000000E+0 65.507000E+3
634 65.535000E+3 65.436000E+3 31.000000E+0 65.532000E+3
635 65.532000E+3 65.436000E+3 31.000000E+0 65.498000E+3
636 65.533000E+3 65.432000E+3 9.000000E+0 0.000000E+0
637 65.533000E+3 65.432000E+3 9.000000E+0 65.490000E+3
638 65.531000E+3 65.432000E+3 10.000000E+0 5.000000E+0
639 65.527000E+3 65.432000E+3 15.000000E+0 65.484000E+3
640 65.523000E+3 65.428000E+3 3.000000E+0 0.000000E+0
641 65.515000E+3 65.428000E+3 10.000000E+0 65.480000E+3
642 65.515000E+3 65.423000E+3 3.000000E+0 65.526000E+3
643 65.505000E+3 65.423000E+3 10.000000E+0 65.495000E+3
644 65.510000E+3 65.420000E+3 6.000000E+0 65.530000E+3
645 65.508000E+3 65.420000E+3 17.000000E+0 65.531000E+3
646 65.503000E+3 65.455000E+3 65.534000E+3 145.000000E+0
647 65.496000E+3 65.516000E+3 0.000000E+0 156.000000E+0
648 65.505000E+3 65.502000E+3 0.000000E+0 173.000000E+0
649 65.506000E+3 65.521000E+3 11.000000E+0 167.000000E+0
650 65.523000E+3 65.477000E+3 13.000000E+0 145.000000E+0
651 65.517000E+3 65.484000E+3 21.000000E+0 151.000000E+0
652 65.529000E+3 65.477000E+3 8.000000E+0 121.000000E+0
653 65.524000E+3 65.482000E+3 13.000000E+0 121.000000E+0
654 65.527000E+3 65.524000E+3 7.000000E+0 102.000000E+0
655 65.534000E+3 65.528000E+3 1.000000E+0 102.000000E+0
656 65.528000E+3 14.000000E+0 0.000000E+0 90.000000E+0
657 65.531000E+3 65.535000E+3 0.000000E+0 91.000000E+0
658 65.528000E+3 24.000000E+0 65.525000E+3 101.000000E+0
659 65.533000E+3 65.524000E+3 65.528000E+3 99.000000E+0
660 65.525000E+3 15.000000E+0 65.516000E+3 96.000000E+0
661 0.000000E+0 65.514000E+3 65.508000E+3 89.000000E+0
662 65.517000E+3 6.000000E+0 65.499000E+3 83.000000E+0
663 65.535000E+3 65.514000E+3 65.493000E+3 84.000000E+0
664 65.517000E+3 13.000000E+0 65.485000E+3 83.000000E+0
665 65.533000E+3 65.509000E+3 65.489000E+3 82.000000E+0
666 65.519000E+3 18.000000E+0 65.482000E+3 83.000000E+0
667 0.000000E+0 65.522000E+3 65.475000E+3 83.000000E+0
668 65.522000E+3 19.000000E+0 65.470000E+3 83.000000E+0
669 65.534000E+3 65.530000E+3 65.474000E+3 84.000000E+0
670 65.515000E+3 12.000000E+0 65.472000E+3 83.000000E+0
671 65.530000E+3 65.531000E+3 65.470000E+3 83.000000E+0
672 65.521000E+3 14.000000E+0 65.476000E+3 82.000000E+0
673 65.531000E+3 4.000000E+0 65.474000E+3 82.000000E+0
674 65.519000E+3 16.000000E+0 65.476000E+3 83.000000E+0
675 65.528000E+3 12.000000E+0 65.476000E+3 83.000000E+0
676 65.517000E+3 10.000000E+0 65.480000E+3 83.000000E+0
677 65.524000E+3 11.000000E+0 65.482000E+3 83.000000E+0
678 65.522000E+3 3.000000E+0 65.489000E+3 82.000000E+0
679 65.520000E+3 12.000000E+0 65.490000E+3 83.000000E+0
680 65.522000E+3 1.000000E+0 65.490000E+3 83.000000E+0
681 65.517000E+3 26.000000E+0 65.486000E+3 83.000000E+0
682 65.518000E+3 1.000000E+0 65.492000E+3 83.000000E+0
683 65.505000E+3 35.000000E+0 65.491000E+3 84.000000E+0
684 65.524000E+3 5.000000E+0 65.493000E+3 84.000000E+0
685 65.519000E+3 40.000000E+0 65.493000E+3 83.000000E+0
686 65.528000E+3 0.000000E+0 65.495000E+3 84.000000E+0
687 65.516000E+3 42.000000E+0 65.498000E+3 83.000000E+0
688 65.524000E+3 0.000000E+0 65.502000E+3 88.000000E+0
689 65.514000E+3 56.000000E+0 65.504000E+3 87.000000E+0
690 65.524000E+3 65.518000E+3 65.513000E+3 91.000000E+0
691 65.513000E+3 60.000000E+0 65.507000E+3 91.000000E+0
692 65.522000E+3 65.522000E+3 65.512000E+3 95.000000E+0
693 65.508000E+3 32.000000E+0 65.513000E+3 94.000000E+0
694 65.513000E+3 4.000000E+0 65.508000E+3 107.000000E+0
695 65.504000E+3 24.000000E+0 65.514000E+3 107.000000E+0
696 65.513000E+3 0.000000E+0 65.508000E+3 125.000000E+0
697 65.521000E+3 65.455000E+3 65.526000E+3 103.000000E+0
698 65.530000E+3 65.476000E+3 65.535000E+3 68.000000E+0
699 65.531000E+3 65.477000E+3 0.000000E+0 80.000000E+0
700 65.532000E+3 65.503000E+3 65.530000E+3 77.000000E+0
701 65.528000E+3 65.508000E+3 1.000000E+0 81.000000E+0
702 0.000000E+0 65.507000E+3 65.534000E+3 67.000000E+0
703 65.535000E+3 65.495000E+3 65.535000E+3 70.000000E+0
704 2.000000E+0 65.490000E+3 0.000000E+0 11.000000E+0
705 4.000000E+0 65.460000E+3 0.000000E+0 10.000000E+0
706 11.000000E+0 65.455000E+3 5.000000E+0 65.519000E+3
707 10.000000E+0 65.422000E+3 3.000000E+0 3.000000E+0
708 17.000000E+0 65.416000E+3 17.000000E+0 65.522000E+3
709 17.000000E+0 65.426000E+3 9.000000E+0 13.000000E+0
710 22.000000E+0 65.429000E+3 19.000000E+0 65.524000E+3
711 28.000000E+0 65.425000E+3 26.000000E+0 65.515000E+3
712 42.000000E+0 65.430000E+3 47.000000E+0 65.525000E+3
713 36.000000E+0 65.429000E+3 28.000000E+0 33.000000E+0
714 28.000000E+0 65.433000E+3 43.000000E+0 65.529000E+3
715 31.000000E+0 65.433000E+3 18.000000E+0 24.000000E+0
716 22.000000E+0 65.430000E+3 31.000000E+0 65.508000E+3
717 18.000000E+0 65.431000E+3 8.000000E+0 16.000000E+0
718 11.000000E+0 65.429000E+3 12.000000E+0 65.521000E+3
719 2.000000E+0 65.428000E+3 0.000000E+0 65.524000E+3
720 5.000000E+0 65.430000E+3 4.000000E+0 65.515000E+3
721 10.000000E+0 65.431000E+3 0.000000E+0 65.526000E+3
722 13.000000E+0 65.431000E+3 13.000000E+0 65.520000E+3
723 19.000000E+0 65.430000E+3 5.000000E+0 65.527000E+3
724 17.000000E+0 65.430000E+3 17.000000E+0 65.523000E+3
725 17.000000E+0 65.429000E+3 13.000000E+0 65.515000E+3
726 14.000000E+0 65.431000E+3 22.000000E+0 65.529000E+3
727 11.000000E+0 65.431000E+3 19.000000E+0 65.524000E+3
728 10.000000E+0 65.431000E+3 20.000000E+0 0.000000E+0
729 8.000000E+0 65.429000E+3 21.000000E+0 65.514000E+3
730 6.000000E+0 65.430000E+3 24.000000E+0 65.532000E+3
731 6.000000E+0 65.431000E+3 32.000000E+0 65.507000E+3
732 1.000000E+0 65.430000E+3 30.000000E+0 65.530000E+3
733 1.000000E+0 65.428000E+3 31.000000E+0 65.499000E+3
734 0.000000E+0 65.426000E+3 7.000000E+0 65.533000E+3
735 0.000000E+0 65.425000E+3 7.000000E+0 65.487000E+3
736 65.535000E+3 65.425000E+3 5.000000E+0 2.000000E+0
737 65.534000E+3 65.425000E+3 16.000000E+0 65.483000E+3
738 65.534000E+3 65.421000E+3 12.000000E+0 2.000000E+0
739 65.531000E+3 65.422000E+3 17.000000E+0 65.481000E+3
740 65.535000E+3 65.417000E+3 12.000000E+0 65.535000E+3
741 65.531000E+3 65.418000E+3 18.000000E+0 65.484000E+3
742 65.530000E+3 65.413000E+3 8.000000E+0 0.000000E+0
743 65.524000E+3 65.413000E+3 16.000000E+0 65.494000E+3
744 65.526000E+3 65.397000E+3 13.000000E+0 65.527000E+3
745 65.519000E+3 65.422000E+3 8.000000E+0 60.000000E+0
746 65.520000E+3 65.475000E+3 0.000000E+0 116.000000E+0
747 65.511000E+3 65.488000E+3 0.000000E+0 114.000000E+0
748 65.514000E+3 65.479000E+3 65.531000E+3 92.000000E+0
749 65.506000E+3 65.483000E+3 0.000000E+0 92.000000E+0
750 65.515000E+3 65.476000E+3 65.531000E+3 61.000000E+0
751 65.516000E+3 65.484000E+3 65.535000E+3 61.000000E+0
752 65.517000E+3 65.520000E+3 65.529000E+3 50.000000E+0
753 65.519000E+3 65.520000E+3 65.527000E+3 56.000000E+0
754 65.519000E+3 3.000000E+0 65.513000E+3 51.000000E+0
755 65.521000E+3 0.000000E+0 65.506000E+3 68.000000E+0
756 65.519000E+3 25.000000E+0 65.501000E+3 84.000000E+0
757 65.534000E+3 65.523000E+3 65.508000E+3 76.000000E+0
758 65.532000E+3 18.000000E+0 65.502000E+3 71.000000E+0
759 4.000000E+0 65.523000E+3 65.499000E+3 72.000000E+0
760 65.527000E+3 17.000000E+0 65.491000E+3 75.000000E+0
761 0.000000E+0 65.519000E+3 65.470000E+3 80.000000E+0
762 65.519000E+3 13.000000E+0 65.465000E+3 77.000000E+0
763 65.530000E+3 65.511000E+3 65.461000E+3 76.000000E+0
764 65.514000E+3 18.000000E+0 65.454000E+3 74.000000E+0
765 65.530000E+3 65.518000E+3 65.453000E+3 75.000000E+0
766 65.516000E+3 15.000000E+0 65.446000E+3 74.000000E+0
767 65.528000E+3 65.522000E+3 65.445000E+3 75.000000E+0
768 65.513000E+3 15.000000E+0 65.432000E+3 75.000000E+0
769 65.529000E+3 65.532000E+3 65.442000E+3 75.000000E+0
770 65.519000E+3 14.000000E+0 65.443000E+3 74.000000E+0
771 65.530000E+3 3.000000E+0 65.439000E+3 74.000000E+0
772 65.517000E+3 16.000000E+0 65.442000E+3 74.000000E+0
773 65.525000E+3 11.000000E+0 65.445000E+3 73.000000E+0
774 65.516000E+3 10.000000E+0 65.443000E+3 74.000000E+0
775 65.520000E+3 11.000000E+0 65.444000E+3 73.000000E+0
776 65.519000E+3 3.000000E+0 65.450000E+3 73.000000E+0
777 65.517000E+3 12.000000E+0 65.448000E+3 73.000000E+0
778 65.521000E+3 2.000000E+0 65.451000E+3 74.000000E+0
779 65.515000E+3 26.000000E+0 65.452000E+3 73.000000E+0
780 65.516000E+3 1.000000E+0 65.453000E+3 74.000000E+0
781 65.505000E+3 35.000000E+0 65.452000E+3 73.000000E+0
782 65.523000E+3 5.000000E+0 65.454000E+3 74.000000E+0
783 65.519000E+3 39.000000E+0 65.458000E+3 73.000000E+0
784 65.528000E+3 65.535000E+3 65.462000E+3 75.000000E+0
785 65.515000E+3 42.000000E+0 65.463000E+3 73.000000E+0
786 65.523000E+3 0.000000E+0 65.467000E+3 78.000000E+0
787 65.512000E+3 52.000000E+0 65.470000E+3 77.000000E+0
788 65.523000E+3 65.520000E+3 65.478000E+3 82.000000E+0
789 65.509000E+3 57.000000E+0 65.471000E+3 81.000000E+0
790 65.522000E+3 65.521000E+3 65.477000E+3 86.000000E+0
791 65.507000E+3 40.000000E+0 65.470000E+3 85.000000E+0
792 65.517000E+3 65.534000E+3 65.469000E+3 97.000000E+0
793 65.504000E+3 31.000000E+0 65.475000E+3 97.000000E+0
794 65.511000E+3 11.000000E+0 65.471000E+3 115.000000E+0
795 65.509000E+3 10.000000E+0 65.480000E+3 117.000000E+0
796 65.522000E+3 65.523000E+3 65.483000E+3 100.000000E+0
797 65.522000E+3 65.514000E+3 65.497000E+3 95.000000E+0
798 65.530000E+3 65.525000E+3 65.493000E+3 99.000000E+0
799 65.526000E+3 65.529000E+3 65.500000E+3 99.000000E+0
800 65.532000E+3 65.532000E+3 65.494000E+3 85.000000E+0
801 65.530000E+3 65.513000E+3 65.501000E+3 93.000000E+0
802 0.000000E+0 65.502000E+3 65.508000E+3 20.000000E+0
803 0.000000E+0 65.479000E+3 65.508000E+3 17.000000E+0
804 4.000000E+0 65.468000E+3 65.529000E+3 65.519000E+3
805 6.000000E+0 65.425000E+3 65.533000E+3 65.535000E+3
806 14.000000E+0 65.417000E+3 9.000000E+0 65.513000E+3
807 15.000000E+0 65.415000E+3 6.000000E+0 10.000000E+0
808 23.000000E+0 65.429000E+3 29.000000E+0 65.525000E+3
809 34.000000E+0 65.432000E+3 29.000000E+0 65.518000E+3
810 49.000000E+0 65.433000E+3 76.000000E+0 65.496000E+3
811 54.000000E+0 65.433000E+3 62.000000E+0 45.000000E+0
812 44.000000E+0 65.437000E+3 71.000000E+0 1.000000E+0
813 21.000000E+0 65.435000E+3 41.000000E+0 29.000000E+0
814 9.000000E+0 65.437000E+3 29.000000E+0 65.524000E+3
815 65.531000E+3 65.432000E+3 11.000000E+0 1.000000E+0
816 65.532000E+3 65.435000E+3 6.000000E+0 65.527000E+3
817 65.528000E+3 65.434000E+3 65.530000E+3 0.000000E+0
818 65.531000E+3 65.434000E+3 0.000000E+0 65.518000E+3
819 65.529000E+3 65.434000E+3 65.517000E+3 65.525000E+3
820 65.528000E+3 65.433000E+3 65.531000E+3 65.507000E+3
821 65.531000E+3 65.434000E+3 65.529000E+3 65.517000E+3
822 65.534000E+3 65.434000E+3 6.000000E+0 65.519000E+3
823 0.000000E+0 65.433000E+3 11.000000E+0 65.516000E+3
824 0.000000E+0 65.435000E+3 26.000000E+0 65.531000E+3
825 0.000000E+0 65.434000E+3 29.000000E+0 65.527000E+3
826 0.000000E+0 65.435000E+3 33.000000E+0 0.000000E+0
827 65.534000E+3 65.434000E+3 35.000000E+0 65.515000E+3
828 65.531000E+3 65.435000E+3 27.000000E+0 65.533000E+3
829 65.525000E+3 65.433000E+3 29.000000E+0 65.503000E+3
830 65.526000E+3 65.434000E+3 27.000000E+0 65.530000E+3
831 65.523000E+3 65.433000E+3 29.000000E+0 65.497000E+3
832 65.523000E+3 65.430000E+3 5.000000E+0 65.531000E+3
833 65.520000E+3 65.430000E+3 4.000000E+0 65.485000E+3
834 65.519000E+3 65.429000E+3 2.000000E+0 0.000000E+0
835 65.520000E+3 65.430000E+3 10.000000E+0 65.479000E+3
836 65.519000E+3 65.425000E+3 5.000000E+0 0.000000E+0
837 65.512000E+3 65.426000E+3 14.000000E+0 65.481000E+3
838 65.512000E+3 65.422000E+3 6.000000E+0 65.528000E+3
839 65.506000E+3 65.421000E+3 15.000000E+0 65.486000E+3
840 65.508000E+3 65.417000E+3 4.000000E+0 65.533000E+3
841 65.496000E+3 65.417000E+3 12.000000E+0 65.534000E+3
842 65.503000E+3 65.440000E+3 65.532000E+3 136.000000E+0
843 65.489000E+3 65.496000E+3 65.534000E+3 150.000000E+0
844 65.501000E+3 65.480000E+3 65.525000E+3 156.000000E+0
845 65.500000E+3 65.497000E+3 0.000000E+0 154.000000E+0
846 65.514000E+3 65.473000E+3 0.000000E+0 126.000000E+0
847 65.509000E+3 65.466000E+3 6.000000E+0 128.000000E+0
848 65.525000E+3 65.454000E+3 0.000000E+0 102.000000E+0
849 65.523000E+3 65.446000E+3 3.000000E+0 101.000000E+0
850 65.525000E+3 65.495000E+3 0.000000E+0 82.000000E+0
851 65.528000E+3 65.501000E+3 65.530000E+3 83.000000E+0
852 65.526000E+3 0.000000E+0 65.516000E+3 72.000000E+0
853 65.526000E+3 65.527000E+3 65.508000E+3 91.000000E+0
854 65.521000E+3 44.000000E+0 65.490000E+3 83.000000E+0
855 65.528000E+3 65.517000E+3 65.493000E+3 81.000000E+0
856 65.521000E+3 37.000000E+0 65.486000E+3 76.000000E+0
857 0.000000E+0 65.505000E+3 65.487000E+3 89.000000E+0
858 65.515000E+3 31.000000E+0 65.477000E+3 83.000000E+0
859 0.000000E+0 65.504000E+3 65.470000E+3 77.000000E+0
860 65.514000E+3 35.000000E+0 65.463000E+3 75.000000E+0
861 0.000000E+0 65.501000E+3 65.463000E+3 75.000000E+0
862 65.517000E+3 31.000000E+0 65.455000E+3 74.000000E+0
863 0.000000E+0 65.508000E+3 65.453000E+3 75.000000E+0
864 65.521000E+3 28.000000E+0 65.447000E+3 74.000000E+0
865 65.532000E+3 65.516000E+3 65.446000E+3 74.000000E+0
866 65.518000E+3 25.000000E+0 65.446000E+3 73.000000E+0
867 65.530000E+3 65.525000E+3 65.445000E+3 74.000000E+0
868 65.521000E+3 29.000000E+0 65.439000E+3 73.000000E+0
869 65.527000E+3 65.530000E+3 65.442000E+3 73.000000E+0
870 65.518000E+3 18.000000E+0 65.444000E+3 74.000000E+0
871 65.524000E+3 12.000000E+0 65.446000E+3 73.000000E+0
872 65.516000E+3 8.000000E+0 65.446000E+3 73.000000E+0
873 65.522000E+3 11.000000E+0 65.445000E+3 73.000000E+0
874 65.521000E+3 1.000000E+0 65.449000E+3 73.000000E+0
875 65.518000E+3 12.000000E+0 65.448000E+3 73.000000E+0
876 65.522000E+3 4.000000E+0 65.451000E+3 73.000000E+0
877 65.516000E+3 24.000000E+0 65.451000E+3 73.000000E+0
878 65.516000E+3 3.000000E+0 65.449000E+3 73.000000E+0
879 65.506000E+3 35.000000E+0 65.447000E+3 73.000000E+0
880 65.522000E+3 4.000000E+0 65.450000E+3 74.000000E+0
881 65.519000E+3 40.000000E+0 65.449000E+3 74.000000E+0
882 65.526000E+3 65.535000E+3 65.451000E+3 74.000000E+0
883 65.514000E+3 42.000000E+0 65.457000E+3 73.000000E+0
884 65.521000E+3 65.532000E+3 65.459000E+3 78.000000E+0
885 65.512000E+3 56.000000E+0 65.462000E+3 77.000000E+0
886 65.523000E+3 65.517000E+3 65.468000E+3 82.000000E+0
887 65.509000E+3 58.000000E+0 65.462000E+3 82.000000E+0
888 65.521000E+3 65.523000E+3 65.463000E+3 86.000000E+0
889 65.506000E+3 27.000000E+0 65.465000E+3 84.000000E+0
890 65.512000E+3 5.000000E+0 65.455000E+3 97.000000E+0
891 65.503000E+3 26.000000E+0 65.453000E+3 97.000000E+0
892 65.505000E+3 12.000000E+0 65.452000E+3 114.000000E+0
893 65.506000E+3 9.000000E+0 65.461000E+3 116.000000E+0
894 65.521000E+3 0.000000E+0 65.469000E+3 105.000000E+0
895 65.520000E+3 65.527000E+3 65.484000E+3 95.000000E+0
896 65.530000E+3 0.000000E+0 65.474000E+3 102.000000E+0
897 65.524000E+3 0.000000E+0 65.482000E+3 102.000000E+0
898 65.530000E+3 0.000000E+0 65.476000E+3 98.000000E+0
899 65.530000E+3 65.532000E+3 65.474000E+3 96.000000E+0
900 65.535000E+3 65.525000E+3 65.487000E+3 31.000000E+0
901 65.535000E+3 65.496000E+3 65.487000E+3 21.000000E+0
902 3.000000E+0 65.481000E+3 65.516000E+3 65.526000E+3
903 5.000000E+0 65.433000E+3 65.523000E+3 65.528000E+3
904 13.000000E+0 65.416000E+3 0.000000E+0 65.505000E+3
905 18.000000E+0 65.417000E+3 0.000000E+0 4.000000E+0
906 28.000000E+0 65.414000E+3 22.000000E+0 65.522000E+3
907 41.000000E+0 65.432000E+3 27.000000E+0 10.000000E+0
908 57.000000E+0 65.432000E+3 67.000000E+0 65.490000E+3
909 61.000000E+0 65.432000E+3 88.000000E+0 13.000000E+0
910 73.000000E+0 65.438000E+3 94.000000E+0 18.000000E+0
911 43.000000E+0 65.436000E+3 67.000000E+0 40.000000E+0
912 23.000000E+0 65.437000E+3 46.000000E+0 65.528000E+3
913 0.000000E+0 65.434000E+3 15.000000E+0 14.000000E+0
914 65.525000E+3 65.434000E+3 6.000000E+0 65.519000E+3
915 65.526000E+3 65.428000E+3 65.530000E+3 65.531000E+3
916 65.531000E+3 65.431000E+3 65.531000E+3 65.511000E+3
917 65.528000E+3 65.431000E+3 65.524000E+3 65.525000E+3
918 65.529000E+3 65.432000E+3 65.527000E+3 65.507000E+3
919 65.530000E+3 65.432000E+3 65.521000E+3 65.515000E+3
920 65.534000E+3 65.432000E+3 5.000000E+0 65.516000E+3
921 0.000000E+0 65.431000E+3 10.000000E+0 65.518000E+3
922 0.000000E+0 65.431000E+3 25.000000E+0 65.532000E+3
923 0.000000E+0 65.431000E+3 29.000000E+0 65.528000E+3
924 65.535000E+3 65.431000E+3 33.000000E+0 0.000000E+0
925 65.534000E+3 65.431000E+3 36.000000E+0 65.513000E+3
926 65.532000E+3 65.431000E+3 36.000000E+0 0.000000E+0
927 65.528000E+3 65.431000E+3 36.000000E+0 65.501000E+3
928 65.526000E+3 65.425000E+3 28.000000E+0 1.000000E+0
929 65.524000E+3 65.428000E+3 33.000000E+0 65.491000E+3
930 65.521000E+3 65.424000E+3 6.000000E+0 4.000000E+0
931 65.519000E+3 65.424000E+3 4.000000E+0 65.480000E+3
932 65.516000E+3 65.423000E+3 0.000000E+0 4.000000E+0
933 65.516000E+3 65.425000E+3 8.000000E+0 65.482000E+3
934 65.512000E+3 65.419000E+3 0.000000E+0 65.532000E+3
935 65.509000E+3 65.419000E+3 11.000000E+0 65.480000E+3
936 65.506000E+3 65.416000E+3 5.000000E+0 65.528000E+3
937 65.505000E+3 65.415000E+3 17.000000E+0 65.488000E+3
938 65.503000E+3 65.412000E+3 8.000000E+0 65.534000E+3
939 65.491000E+3 65.422000E+3 7.000000E+0 87.000000E+0
940 65.494000E+3 65.475000E+3 65.528000E+3 198.000000E+0
941 65.486000E+3 65.484000E+3 65.533000E+3 190.000000E+0
942 65.501000E+3 65.487000E+3 0.000000E+0 173.000000E+0
943 65.506000E+3 65.503000E+3 12.000000E+0 168.000000E+0
944 65.522000E+3 65.472000E+3 13.000000E+0 154.000000E+0
945 65.515000E+3 65.474000E+3 18.000000E+0 159.000000E+0
946 65.531000E+3 65.454000E+3 6.000000E+0 129.000000E+0
947 65.525000E+3 65.448000E+3 13.000000E+0 127.000000E+0
948 65.531000E+3 65.498000E+3 7.000000E+0 109.000000E+0
949 65.534000E+3 65.504000E+3 1.000000E+0 109.000000E+0
950 65.529000E+3 0.000000E+0 65.534000E+3 100.000000E+0
951 65.534000E+3 65.532000E+3 65.534000E+3 103.000000E+0
952 65.527000E+3 29.000000E+0 65.517000E+3 110.000000E+0
953 65.530000E+3 65.521000E+3 65.515000E+3 112.000000E+0
954 65.521000E+3 12.000000E+0 65.501000E+3 108.000000E+0
955 65.533000E+3 65.511000E+3 65.497000E+3 109.000000E+0
956 65.515000E+3 4.000000E+0 65.490000E+3 94.000000E+0
957 65.531000E+3 65.508000E+3 65.482000E+3 102.000000E+0
958 65.516000E+3 12.000000E+0 65.473000E+3 108.000000E+0
959 65.535000E+3 65.511000E+3 65.476000E+3 109.000000E+0
960 65.521000E+3 11.000000E+0 65.474000E+3 108.000000E+0
961 0.000000E+0 65.521000E+3 65.470000E+3 110.000000E+0
962 65.522000E+3 14.000000E+0 65.466000E+3 109.000000E+0
963 65.532000E+3 65.524000E+3 65.465000E+3 109.000000E+0
964 65.519000E+3 16.000000E+0 65.460000E+3 109.000000E+0
965 65.531000E+3 65.533000E+3 65.463000E+3 109.000000E+0
966 65.521000E+3 13.000000E+0 65.460000E+3 109.000000E+0
967 65.528000E+3 1.000000E+0 65.456000E+3 109.000000E+0
968 65.518000E+3 13.000000E+0 65.457000E+3 107.000000E+0
969 65.526000E+3 11.000000E+0 65.458000E+3 105.000000E+0
970 65.518000E+3 9.000000E+0 65.460000E+3 94.000000E+0
971 65.521000E+3 10.000000E+0 65.466000E+3 95.000000E+0
972 65.521000E+3 2.000000E+0 65.469000E+3 95.000000E+0
973 65.517000E+3 13.000000E+0 65.472000E+3 95.000000E+0
974 65.520000E+3 3.000000E+0 65.469000E+3 95.000000E+0
975 65.516000E+3 27.000000E+0 65.473000E+3 95.000000E+0
976 65.519000E+3 2.000000E+0 65.474000E+3 95.000000E+0
977 65.507000E+3 34.000000E+0 65.471000E+3 95.000000E+0
978 65.525000E+3 4.000000E+0 65.472000E+3 95.000000E+0
979 65.519000E+3 40.000000E+0 65.467000E+3 94.000000E+0
980 65.528000E+3 0.000000E+0 65.472000E+3 95.000000E+0
981 65.514000E+3 40.000000E+0 65.474000E+3 94.000000E+0
982 65.521000E+3 17.000000E+0 65.480000E+3 99.000000E+0
983 65.511000E+3 46.000000E+0 65.478000E+3 99.000000E+0
984 65.523000E+3 65.527000E+3 65.481000E+3 103.000000E+0
985 65.510000E+3 57.000000E+0 65.475000E+3 102.000000E+0
986 65.522000E+3 65.519000E+3 65.478000E+3 107.000000E+0
987 65.507000E+3 26.000000E+0 65.477000E+3 105.000000E+0
988 65.513000E+3 6.000000E+0 65.466000E+3 118.000000E+0
989 65.503000E+3 26.000000E+0 65.473000E+3 118.000000E+0
990 65.507000E+3 13.000000E+0 65.467000E+3 133.000000E+0
991 65.512000E+3 0.000000E+0 65.478000E+3 136.000000E+0
992 65.523000E+3 65.512000E+3 65.487000E+3 118.000000E+0
993 65.524000E+3 65.518000E+3 65.497000E+3 99.000000E+0
994 65.532000E+3 65.535000E+3 65.488000E+3 114.000000E+0
995 65.525000E+3 0.000000E+0 65.497000E+3 114.000000E+0
996 65.535000E+3 0.000000E+0 65.490000E+3 114.000000E+0
997 65.532000E+3 65.525000E+3 65.492000E+3 107.000000E+0
998 0.000000E+0 65.516000E+3 65.502000E+3 29.000000E+0
999 0.000000E+0 65.494000E+3 65.505000E+3 30.000000E+0
1000 7.000000E+0 65.480000E+3 65.525000E+3 65.530000E+3
