0 1.024000E+3 1.022000E+3 1.024000E+3 1.022000E+3
1 1.023000E+3 1.023000E+3 1.024000E+3 1.023000E+3
2 1.023000E+3 1.023000E+3 1.024000E+3 1.023000E+3
3 1.023000E+3 1.024000E+3 1.024000E+3 1.022000E+3
4 1.023000E+3 1.026000E+3 1.024000E+3 1.021000E+3
5 1.023000E+3 1.030000E+3 1.024000E+3 1.018000E+3
6 1.023000E+3 1.033000E+3 1.024000E+3 1.016000E+3
7 1.022000E+3 1.036000E+3 1.025000E+3 1.013000E+3
8 1.020000E+3 1.039000E+3 1.026000E+3 1.009000E+3
9 1.019000E+3 1.042000E+3 1.027000E+3 1.007000E+3
10 1.018000E+3 1.045000E+3 1.029000E+3 1.003000E+3
11 1.016000E+3 1.048000E+3 1.030000E+3 1.000000E+3
12 1.014000E+3 1.050000E+3 1.031000E+3 997.000000E+0
13 1.013000E+3 1.054000E+3 1.032000E+3 994.000000E+0
14 1.012000E+3 1.057000E+3 1.033000E+3 991.000000E+0
15 1.011000E+3 1.060000E+3 1.035000E+3 988.000000E+0
16 1.009000E+3 1.062000E+3 1.036000E+3 986.000000E+0
17 1.007000E+3 1.065000E+3 1.037000E+3 983.000000E+0
18 1.006000E+3 1.068000E+3 1.039000E+3 981.000000E+0
19 1.004000E+3 1.070000E+3 1.040000E+3 978.000000E+0
20 1.003000E+3 1.074000E+3 1.041000E+3 975.000000E+0
21 1.001000E+3 1.076000E+3 1.042000E+3 972.000000E+0
22 1.000000E+3 1.079000E+3 1.044000E+3 969.000000E+0
23 999.000000E+0 1.082000E+3 1.046000E+3 966.000000E+0
24 998.000000E+0 1.085000E+3 1.047000E+3 963.000000E+0
25 996.000000E+0 1.089000E+3 1.048000E+3 960.000000E+0
26 994.000000E+0 1.091000E+3 1.049000E+3 957.000000E+0
27 993.000000E+0 1.094000E+3 1.051000E+3 954.000000E+0
28 992.000000E+0 1.096000E+3 1.052000E+3 951.000000E+0
29 992.000000E+0 1.100000E+3 1.054000E+3 948.000000E+0
30 990.000000E+0 1.103000E+3 1.055000E+3 945.000000E+0
31 989.000000E+0 1.104000E+3 1.056000E+3 942.000000E+0
32 988.000000E+0 1.108000E+3 1.057000E+3 940.000000E+0
33 986.000000E+0 1.110000E+3 1.059000E+3 937.000000E+0
34 985.000000E+0 1.113000E+3 1.060000E+3 934.000000E+0
35 984.000000E+0 1.117000E+3 1.061000E+3 930.000000E+0
36 982.000000E+0 1.120000E+3 1.062000E+3 928.000000E+0
37 981.000000E+0 1.122000E+3 1.063000E+3 926.000000E+0
38 979.000000E+0 1.124000E+3 1.065000E+3 923.000000E+0
39 978.000000E+0 1.127000E+3 1.066000E+3 920.000000E+0
40 977.000000E+0 1.130000E+3 1.068000E+3 918.000000E+0
41 976.000000E+0 1.132000E+3 1.069000E+3 914.000000E+0
42 974.000000E+0 1.135000E+3 1.070000E+3 912.000000E+0
43 973.000000E+0 1.137000E+3 1.071000E+3 910.000000E+0
44 972.000000E+0 1.140000E+3 1.072000E+3 907.000000E+0
45 971.000000E+0 1.143000E+3 1.074000E+3 904.000000E+0
46 970.000000E+0 1.145000E+3 1.075000E+3 902.000000E+0
47 969.000000E+0 1.149000E+3 1.076000E+3 899.000000E+0
48 967.000000E+0 1.151000E+3 1.077000E+3 896.000000E+0
49 966.000000E+0 1.153000E+3 1.079000E+3 894.000000E+0
50 965.000000E+0 1.156000E+3 1.079000E+3 891.000000E+0
51 964.000000E+0 1.159000E+3 1.081000E+3 889.000000E+0
52 962.000000E+0 1.161000E+3 1.082000E+3 886.000000E+0
53 961.000000E+0 1.164000E+3 1.084000E+3 883.000000E+0
54 960.000000E+0 1.167000E+3 1.085000E+3 881.000000E+0
55 959.000000E+0 1.169000E+3 1.086000E+3 878.000000E+0
56 958.000000E+0 1.172000E+3 1.088000E+3 876.000000E+0
57 956.000000E+0 1.175000E+3 1.089000E+3 873.000000E+0
58 955.000000E+0 1.177000E+3 1.090000E+3 870.000000E+0
59 954.000000E+0 1.179000E+3 1.091000E+3 868.000000E+0
60 953.000000E+0 1.181000E+3 1.092000E+3 866.000000E+0
61 951.000000E+0 1.184000E+3 1.094000E+3 862.000000E+0
62 951.000000E+0 1.186000E+3 1.094000E+3 860.000000E+0
63 950.000000E+0 1.189000E+3 1.096000E+3 858.000000E+0
64 949.000000E+0 1.192000E+3 1.096000E+3 855.000000E+0
65 947.000000E+0 1.195000E+3 1.098000E+3 853.000000E+0
66 946.000000E+0 1.198000E+3 1.099000E+3 850.000000E+0
67 945.000000E+0 1.200000E+3 1.100000E+3 847.000000E+0
68 944.000000E+0 1.202000E+3 1.101000E+3 845.000000E+0
69 943.000000E+0 1.204000E+3 1.102000E+3 843.000000E+0
70 941.000000E+0 1.207000E+3 1.103000E+3 840.000000E+0
71 940.000000E+0 1.209000E+3 1.104000E+3 838.000000E+0
72 939.000000E+0 1.212000E+3 1.105000E+3 836.000000E+0
73 938.000000E+0 1.214000E+3 1.107000E+3 833.000000E+0
74 937.000000E+0 1.216000E+3 1.107000E+3 830.000000E+0
75 936.000000E+0 1.219000E+3 1.109000E+3 828.000000E+0
76 935.000000E+0 1.221000E+3 1.110000E+3 825.000000E+0
77 933.000000E+0 1.223000E+3 1.112000E+3 823.000000E+0
78 932.000000E+0 1.226000E+3 1.112000E+3 821.000000E+0
79 931.000000E+0 1.229000E+3 1.113000E+3 818.000000E+0
80 930.000000E+0 1.231000E+3 1.115000E+3 817.000000E+0
81 929.000000E+0 1.234000E+3 1.116000E+3 814.000000E+0
82 928.000000E+0 1.236000E+3 1.117000E+3 812.000000E+0
83 927.000000E+0 1.238000E+3 1.118000E+3 810.000000E+0
84 926.000000E+0 1.240000E+3 1.119000E+3 808.000000E+0
85 925.000000E+0 1.243000E+3 1.120000E+3 805.000000E+0
86 924.000000E+0 1.244000E+3 1.121000E+3 804.000000E+0
87 923.000000E+0 1.247000E+3 1.121000E+3 801.000000E+0
88 922.000000E+0 1.249000E+3 1.123000E+3 798.000000E+0
89 921.000000E+0 1.252000E+3 1.124000E+3 796.000000E+0
90 920.000000E+0 1.254000E+3 1.124000E+3 794.000000E+0
91 919.000000E+0 1.257000E+3 1.126000E+3 791.000000E+0
92 918.000000E+0 1.258000E+3 1.126000E+3 789.000000E+0
93 917.000000E+0 1.261000E+3 1.128000E+3 787.000000E+0
94 915.000000E+0 1.263000E+3 1.129000E+3 785.000000E+0
95 915.000000E+0 1.265000E+3 1.130000E+3 783.000000E+0
96 914.000000E+0 1.267000E+3 1.131000E+3 780.000000E+0
97 913.000000E+0 1.269000E+3 1.132000E+3 778.000000E+0
98 912.000000E+0 1.272000E+3 1.133000E+3 776.000000E+0
99 911.000000E+0 1.274000E+3 1.134000E+3 774.000000E+0
100 910.000000E+0 1.276000E+3 1.135000E+3 771.000000E+0
101 908.000000E+0 1.278000E+3 1.136000E+3 769.000000E+0
102 908.000000E+0 1.280000E+3 1.137000E+3 767.000000E+0
103 907.000000E+0 1.282000E+3 1.138000E+3 764.000000E+0
104 906.000000E+0 1.284000E+3 1.139000E+3 762.000000E+0
105 905.000000E+0 1.287000E+3 1.139000E+3 760.000000E+0
106 904.000000E+0 1.289000E+3 1.141000E+3 758.000000E+0
107 903.000000E+0 1.291000E+3 1.142000E+3 757.000000E+0
108 902.000000E+0 1.294000E+3 1.143000E+3 755.000000E+0
109 901.000000E+0 1.296000E+3 1.143000E+3 753.000000E+0
110 901.000000E+0 1.297000E+3 1.144000E+3 750.000000E+0
111 900.000000E+0 1.299000E+3 1.146000E+3 748.000000E+0
112 899.000000E+0 1.301000E+3 1.146000E+3 746.000000E+0
113 897.000000E+0 1.303000E+3 1.147000E+3 744.000000E+0
114 897.000000E+0 1.305000E+3 1.149000E+3 741.000000E+0
115 896.000000E+0 1.307000E+3 1.149000E+3 740.000000E+0
116 895.000000E+0 1.309000E+3 1.150000E+3 739.000000E+0
117 894.000000E+0 1.311000E+3 1.150000E+3 735.000000E+0
118 893.000000E+0 1.313000E+3 1.152000E+3 733.000000E+0
119 892.000000E+0 1.315000E+3 1.153000E+3 732.000000E+0
120 891.000000E+0 1.317000E+3 1.153000E+3 730.000000E+0
121 891.000000E+0 1.319000E+3 1.154000E+3 728.000000E+0
122 890.000000E+0 1.321000E+3 1.155000E+3 726.000000E+0
123 889.000000E+0 1.323000E+3 1.156000E+3 724.000000E+0
124 888.000000E+0 1.325000E+3 1.157000E+3 723.000000E+0
125 887.000000E+0 1.328000E+3 1.158000E+3 721.000000E+0
126 886.000000E+0 1.329000E+3 1.159000E+3 719.000000E+0
127 885.000000E+0 1.330000E+3 1.160000E+3 718.000000E+0
128 884.000000E+0 1.332000E+3 1.160000E+3 715.000000E+0
129 884.000000E+0 1.335000E+3 1.161000E+3 713.000000E+0
130 883.000000E+0 1.336000E+3 1.162000E+3 711.000000E+0
131 882.000000E+0 1.338000E+3 1.163000E+3 709.000000E+0
132 881.000000E+0 1.340000E+3 1.164000E+3 707.000000E+0
133 880.000000E+0 1.342000E+3 1.164000E+3 706.000000E+0
134 879.000000E+0 1.343000E+3 1.165000E+3 704.000000E+0
135 879.000000E+0 1.345000E+3 1.166000E+3 702.000000E+0
136 877.000000E+0 1.346000E+3 1.167000E+3 701.000000E+0
137 876.000000E+0 1.348000E+3 1.169000E+3 698.000000E+0
138 875.000000E+0 1.350000E+3 1.169000E+3 697.000000E+0
139 874.000000E+0 1.352000E+3 1.171000E+3 696.000000E+0
140 874.000000E+0 1.353000E+3 1.172000E+3 694.000000E+0
141 873.000000E+0 1.355000E+3 1.172000E+3 692.000000E+0
142 873.000000E+0 1.357000E+3 1.173000E+3 690.000000E+0
143 872.000000E+0 1.359000E+3 1.173000E+3 688.000000E+0
144 872.000000E+0 1.361000E+3 1.173000E+3 687.000000E+0
145 872.000000E+0 1.363000E+3 1.174000E+3 684.000000E+0
146 871.000000E+0 1.364000E+3 1.174000E+3 682.000000E+0
147 870.000000E+0 1.367000E+3 1.174000E+3 680.000000E+0
148 869.000000E+0 1.369000E+3 1.174000E+3 678.000000E+0
149 869.000000E+0 1.371000E+3 1.175000E+3 677.000000E+0
150 867.000000E+0 1.372000E+3 1.177000E+3 675.000000E+0
151 866.000000E+0 1.373000E+3 1.178000E+3 675.000000E+0
152 865.000000E+0 1.374000E+3 1.180000E+3 674.000000E+0
153 863.000000E+0 1.375000E+3 1.181000E+3 672.000000E+0
154 862.000000E+0 1.376000E+3 1.182000E+3 671.000000E+0
155 861.000000E+0 1.377000E+3 1.183000E+3 670.000000E+0
156 861.000000E+0 1.379000E+3 1.184000E+3 668.000000E+0
157 861.000000E+0 1.380000E+3 1.185000E+3 666.000000E+0
158 861.000000E+0 1.383000E+3 1.185000E+3 664.000000E+0
159 861.000000E+0 1.384000E+3 1.185000E+3 663.000000E+0
160 860.000000E+0 1.386000E+3 1.185000E+3 661.000000E+0
161 860.000000E+0 1.388000E+3 1.185000E+3 659.000000E+0
162 860.000000E+0 1.390000E+3 1.186000E+3 657.000000E+0
163 859.000000E+0 1.392000E+3 1.186000E+3 655.000000E+0
164 859.000000E+0 1.393000E+3 1.186000E+3 653.000000E+0
165 858.000000E+0 1.395000E+3 1.187000E+3 651.000000E+0
166 857.000000E+0 1.396000E+3 1.187000E+3 651.000000E+0
167 857.000000E+0 1.397000E+3 1.189000E+3 650.000000E+0
168 855.000000E+0 1.398000E+3 1.190000E+3 650.000000E+0
169 853.000000E+0 1.398000E+3 1.191000E+3 649.000000E+0
170 852.000000E+0 1.399000E+3 1.193000E+3 648.000000E+0
171 851.000000E+0 1.400000E+3 1.194000E+3 647.000000E+0
172 850.000000E+0 1.401000E+3 1.194000E+3 646.000000E+0
173 850.000000E+0 1.403000E+3 1.195000E+3 645.000000E+0
174 849.000000E+0 1.405000E+3 1.196000E+3 644.000000E+0
175 849.000000E+0 1.406000E+3 1.196000E+3 641.000000E+0
176 849.000000E+0 1.407000E+3 1.196000E+3 640.000000E+0
177 848.000000E+0 1.409000E+3 1.196000E+3 638.000000E+0
178 848.000000E+0 1.411000E+3 1.196000E+3 636.000000E+0
179 848.000000E+0 1.413000E+3 1.196000E+3 635.000000E+0
180 848.000000E+0 1.413000E+3 1.197000E+3 633.000000E+0
181 848.000000E+0 1.415000E+3 1.196000E+3 632.000000E+0
182 848.000000E+0 1.416000E+3 1.197000E+3 631.000000E+0
183 847.000000E+0 1.418000E+3 1.197000E+3 630.000000E+0
184 844.000000E+0 1.427000E+3 1.197000E+3 628.000000E+0
185 844.000000E+0 1.431000E+3 1.198000E+3 624.000000E+0
186 845.000000E+0 1.432000E+3 1.198000E+3 622.000000E+0
187 844.000000E+0 1.433000E+3 1.200000E+3 621.000000E+0
188 844.000000E+0 1.433000E+3 1.200000E+3 620.000000E+0
189 844.000000E+0 1.434000E+3 1.201000E+3 620.000000E+0
190 843.000000E+0 1.435000E+3 1.202000E+3 618.000000E+0
191 842.000000E+0 1.437000E+3 1.202000E+3 616.000000E+0
192 841.000000E+0 1.441000E+3 1.203000E+3 613.000000E+0
193 842.000000E+0 1.442000E+3 1.203000E+3 612.000000E+0
194 841.000000E+0 1.444000E+3 1.204000E+3 611.000000E+0
195 840.000000E+0 1.446000E+3 1.204000E+3 609.000000E+0
196 840.000000E+0 1.447000E+3 1.205000E+3 607.000000E+0
197 838.000000E+0 1.448000E+3 1.206000E+3 605.000000E+0
198 838.000000E+0 1.449000E+3 1.206000E+3 604.000000E+0
199 838.000000E+0 1.450000E+3 1.207000E+3 603.000000E+0
200 837.000000E+0 1.451000E+3 1.207000E+3 603.000000E+0
201 837.000000E+0 1.452000E+3 1.208000E+3 602.000000E+0
202 837.000000E+0 1.452000E+3 1.208000E+3 601.000000E+0
203 837.000000E+0 1.453000E+3 1.208000E+3 600.000000E+0
204 837.000000E+0 1.454000E+3 1.209000E+3 599.000000E+0
205 836.000000E+0 1.454000E+3 1.209000E+3 598.000000E+0
206 836.000000E+0 1.455000E+3 1.209000E+3 596.000000E+0
207 836.000000E+0 1.456000E+3 1.209000E+3 595.000000E+0
208 836.000000E+0 1.458000E+3 1.209000E+3 593.000000E+0
209 836.000000E+0 1.459000E+3 1.210000E+3 592.000000E+0
210 836.000000E+0 1.459000E+3 1.210000E+3 591.000000E+0
211 836.000000E+0 1.460000E+3 1.210000E+3 590.000000E+0
212 837.000000E+0 1.460000E+3 1.210000E+3 590.000000E+0
213 837.000000E+0 1.461000E+3 1.210000E+3 589.000000E+0
214 837.000000E+0 1.462000E+3 1.210000E+3 587.000000E+0
215 836.000000E+0 1.463000E+3 1.210000E+3 586.000000E+0
216 837.000000E+0 1.463000E+3 1.211000E+3 585.000000E+0
217 837.000000E+0 1.464000E+3 1.210000E+3 584.000000E+0
218 836.000000E+0 1.464000E+3 1.211000E+3 583.000000E+0
219 836.000000E+0 1.465000E+3 1.211000E+3 583.000000E+0
220 836.000000E+0 1.465000E+3 1.210000E+3 582.000000E+0
221 836.000000E+0 1.466000E+3 1.211000E+3 582.000000E+0
222 837.000000E+0 1.466000E+3 1.211000E+3 580.000000E+0
223 837.000000E+0 1.467000E+3 1.211000E+3 580.000000E+0
224 836.000000E+0 1.467000E+3 1.211000E+3 580.000000E+0
225 836.000000E+0 1.468000E+3 1.211000E+3 579.000000E+0
226 836.000000E+0 1.468000E+3 1.211000E+3 579.000000E+0
227 836.000000E+0 1.469000E+3 1.212000E+3 579.000000E+0
228 836.000000E+0 1.469000E+3 1.212000E+3 578.000000E+0
229 835.000000E+0 1.470000E+3 1.212000E+3 577.000000E+0
230 835.000000E+0 1.470000E+3 1.212000E+3 577.000000E+0
231 835.000000E+0 1.470000E+3 1.213000E+3 577.000000E+0
232 835.000000E+0 1.472000E+3 1.213000E+3 576.000000E+0
233 834.000000E+0 1.472000E+3 1.214000E+3 575.000000E+0
234 834.000000E+0 1.472000E+3 1.214000E+3 575.000000E+0
235 833.000000E+0 1.473000E+3 1.214000E+3 575.000000E+0
236 833.000000E+0 1.473000E+3 1.214000E+3 574.000000E+0
237 833.000000E+0 1.473000E+3 1.215000E+3 574.000000E+0
238 832.000000E+0 1.474000E+3 1.215000E+3 574.000000E+0
239 832.000000E+0 1.474000E+3 1.215000E+3 574.000000E+0
240 832.000000E+0 1.474000E+3 1.215000E+3 574.000000E+0
241 832.000000E+0 1.473000E+3 1.215000E+3 574.000000E+0
242 832.000000E+0 1.474000E+3 1.215000E+3 574.000000E+0
243 832.000000E+0 1.474000E+3 1.215000E+3 574.000000E+0
244 832.000000E+0 1.474000E+3 1.215000E+3 574.000000E+0
245 832.000000E+0 1.474000E+3 1.215000E+3 574.000000E+0
246 832.000000E+0 1.474000E+3 1.216000E+3 574.000000E+0
247 833.000000E+0 1.475000E+3 1.215000E+3 574.000000E+0
248 832.000000E+0 1.475000E+3 1.216000E+3 573.000000E+0
249 832.000000E+0 1.475000E+3 1.215000E+3 573.000000E+0
250 832.000000E+0 1.476000E+3 1.216000E+3 573.000000E+0
251 832.000000E+0 1.476000E+3 1.216000E+3 573.000000E+0
252 832.000000E+0 1.476000E+3 1.215000E+3 572.000000E+0
253 832.000000E+0 1.476000E+3 1.216000E+3 573.000000E+0
254 832.000000E+0 1.476000E+3 1.215000E+3 573.000000E+0
255 831.000000E+0 1.476000E+3 1.216000E+3 573.000000E+0
256 831.000000E+0 1.476000E+3 1.216000E+3 573.000000E+0
257 832.000000E+0 1.476000E+3 1.216000E+3 573.000000E+0
258 832.000000E+0 1.475000E+3 1.216000E+3 573.000000E+0
259 832.000000E+0 1.475000E+3 1.216000E+3 573.000000E+0
260 831.000000E+0 1.476000E+3 1.215000E+3 572.000000E+0
261 832.000000E+0 1.475000E+3 1.216000E+3 573.000000E+0
262 832.000000E+0 1.475000E+3 1.216000E+3 573.000000E+0
263 832.000000E+0 1.475000E+3 1.215000E+3 573.000000E+0
264 832.000000E+0 1.475000E+3 1.215000E+3 573.000000E+0
265 831.000000E+0 1.475000E+3 1.216000E+3 573.000000E+0
266 832.000000E+0 1.475000E+3 1.216000E+3 573.000000E+0
267 832.000000E+0 1.475000E+3 1.216000E+3 573.000000E+0
268 832.000000E+0 1.475000E+3 1.216000E+3 573.000000E+0
269 832.000000E+0 1.475000E+3 1.216000E+3 572.000000E+0
270 832.000000E+0 1.475000E+3 1.215000E+3 573.000000E+0
271 832.000000E+0 1.475000E+3 1.215000E+3 573.000000E+0
272 832.000000E+0 1.476000E+3 1.216000E+3 573.000000E+0
273 832.000000E+0 1.475000E+3 1.216000E+3 573.000000E+0
274 832.000000E+0 1.475000E+3 1.216000E+3 573.000000E+0
275 832.000000E+0 1.476000E+3 1.216000E+3 573.000000E+0
276 832.000000E+0 1.475000E+3 1.216000E+3 573.000000E+0
277 832.000000E+0 1.475000E+3 1.215000E+3 573.000000E+0
278 832.000000E+0 1.476000E+3 1.216000E+3 573.000000E+0
279 831.000000E+0 1.475000E+3 1.216000E+3 572.000000E+0
280 832.000000E+0 1.476000E+3 1.216000E+3 572.000000E+0
281 832.000000E+0 1.475000E+3 1.215000E+3 573.000000E+0
282 832.000000E+0 1.476000E+3 1.215000E+3 572.000000E+0
283 832.000000E+0 1.475000E+3 1.216000E+3 573.000000E+0
284 832.000000E+0 1.476000E+3 1.216000E+3 573.000000E+0
285 832.000000E+0 1.475000E+3 1.216000E+3 572.000000E+0
286 832.000000E+0 1.476000E+3 1.216000E+3 572.000000E+0
287 831.000000E+0 1.476000E+3 1.216000E+3 573.000000E+0
288 831.000000E+0 1.475000E+3 1.216000E+3 573.000000E+0
289 832.000000E+0 1.475000E+3 1.216000E+3 572.000000E+0
290 832.000000E+0 1.475000E+3 1.216000E+3 572.000000E+0
291 832.000000E+0 1.476000E+3 1.216000E+3 573.000000E+0
292 832.000000E+0 1.476000E+3 1.216000E+3 573.000000E+0
293 831.000000E+0 1.475000E+3 1.216000E+3 573.000000E+0
294 832.000000E+0 1.475000E+3 1.215000E+3 572.000000E+0
295 831.000000E+0 1.476000E+3 1.216000E+3 573.000000E+0
296 831.000000E+0 1.476000E+3 1.216000E+3 573.000000E+0
297 831.000000E+0 1.476000E+3 1.216000E+3 573.000000E+0
298 832.000000E+0 1.476000E+3 1.215000E+3 573.000000E+0
299 832.000000E+0 1.476000E+3 1.216000E+3 573.000000E+0
300 832.000000E+0 1.475000E+3 1.216000E+3 573.000000E+0
301 832.000000E+0 1.475000E+3 1.216000E+3 573.000000E+0
302 832.000000E+0 1.476000E+3 1.216000E+3 572.000000E+0
303 832.000000E+0 1.476000E+3 1.216000E+3 573.000000E+0
304 832.000000E+0 1.476000E+3 1.215000E+3 572.000000E+0
305 832.000000E+0 1.475000E+3 1.216000E+3 573.000000E+0
306 832.000000E+0 1.476000E+3 1.215000E+3 573.000000E+0
307 832.000000E+0 1.476000E+3 1.216000E+3 573.000000E+0
308 832.000000E+0 1.476000E+3 1.216000E+3 573.000000E+0
309 831.000000E+0 1.475000E+3 1.216000E+3 573.000000E+0
310 832.000000E+0 1.476000E+3 1.216000E+3 572.000000E+0
311 832.000000E+0 1.476000E+3 1.216000E+3 573.000000E+0
312 831.000000E+0 1.475000E+3 1.215000E+3 573.000000E+0
313 832.000000E+0 1.476000E+3 1.216000E+3 573.000000E+0
314 832.000000E+0 1.475000E+3 1.216000E+3 573.000000E+0
315 831.000000E+0 1.475000E+3 1.216000E+3 573.000000E+0
316 831.000000E+0 1.476000E+3 1.216000E+3 573.000000E+0
317 832.000000E+0 1.475000E+3 1.215000E+3 573.000000E+0
318 832.000000E+0 1.475000E+3 1.215000E+3 573.000000E+0
319 831.000000E+0 1.475000E+3 1.216000E+3 573.000000E+0
320 832.000000E+0 1.476000E+3 1.216000E+3 573.000000E+0
321 831.000000E+0 1.476000E+3 1.215000E+3 572.000000E+0
322 832.000000E+0 1.476000E+3 1.216000E+3 572.000000E+0
323 832.000000E+0 1.476000E+3 1.215000E+3 573.000000E+0
324 832.000000E+0 1.475000E+3 1.216000E+3 572.000000E+0
325 832.000000E+0 1.475000E+3 1.215000E+3 573.000000E+0
326 832.000000E+0 1.476000E+3 1.216000E+3 573.000000E+0
327 832.000000E+0 1.476000E+3 1.216000E+3 573.000000E+0
328 832.000000E+0 1.476000E+3 1.216000E+3 573.000000E+0
329 832.000000E+0 1.476000E+3 1.215000E+3 572.000000E+0
330 832.000000E+0 1.476000E+3 1.216000E+3 572.000000E+0
331 832.000000E+0 1.475000E+3 1.215000E+3 573.000000E+0
332 832.000000E+0 1.475000E+3 1.216000E+3 572.000000E+0
333 832.000000E+0 1.475000E+3 1.216000E+3 573.000000E+0
334 832.000000E+0 1.476000E+3 1.215000E+3 573.000000E+0
335 832.000000E+0 1.476000E+3 1.216000E+3 573.000000E+0
336 832.000000E+0 1.475000E+3 1.216000E+3 572.000000E+0
337 832.000000E+0 1.475000E+3 1.216000E+3 573.000000E+0
338 832.000000E+0 1.475000E+3 1.216000E+3 573.000000E+0
339 832.000000E+0 1.476000E+3 1.216000E+3 573.000000E+0
340 832.000000E+0 1.476000E+3 1.216000E+3 573.000000E+0
341 832.000000E+0 1.476000E+3 1.216000E+3 573.000000E+0
342 832.000000E+0 1.475000E+3 1.216000E+3 573.000000E+0
343 832.000000E+0 1.475000E+3 1.216000E+3 573.000000E+0
344 832.000000E+0 1.475000E+3 1.216000E+3 573.000000E+0
345 832.000000E+0 1.476000E+3 1.216000E+3 573.000000E+0
346 832.000000E+0 1.476000E+3 1.216000E+3 573.000000E+0
347 832.000000E+0 1.475000E+3 1.216000E+3 573.000000E+0
348 832.000000E+0 1.475000E+3 1.216000E+3 573.000000E+0
349 832.000000E+0 1.476000E+3 1.216000E+3 572.000000E+0
350 832.000000E+0 1.476000E+3 1.216000E+3 573.000000E+0
351 832.000000E+0 1.475000E+3 1.216000E+3 573.000000E+0
352 832.000000E+0 1.475000E+3 1.216000E+3 573.000000E+0
353 832.000000E+0 1.476000E+3 1.216000E+3 573.000000E+0
354 832.000000E+0 1.476000E+3 1.216000E+3 573.000000E+0
355 832.000000E+0 1.475000E+3 1.216000E+3 572.000000E+0
356 832.000000E+0 1.475000E+3 1.216000E+3 573.000000E+0
357 832.000000E+0 1.476000E+3 1.216000E+3 572.000000E+0
358 831.000000E+0 1.475000E+3 1.215000E+3 573.000000E+0
359 832.000000E+0 1.475000E+3 1.216000E+3 573.000000E+0
360 832.000000E+0 1.476000E+3 1.216000E+3 573.000000E+0
361 832.000000E+0 1.476000E+3 1.215000E+3 573.000000E+0
362 832.000000E+0 1.476000E+3 1.216000E+3 573.000000E+0
363 832.000000E+0 1.476000E+3 1.216000E+3 573.000000E+0
364 832.000000E+0 1.476000E+3 1.215000E+3 573.000000E+0
365 832.000000E+0 1.476000E+3 1.216000E+3 573.000000E+0
366 832.000000E+0 1.475000E+3 1.216000E+3 572.000000E+0
367 832.000000E+0 1.475000E+3 1.216000E+3 572.000000E+0
368 832.000000E+0 1.476000E+3 1.216000E+3 572.000000E+0
369 832.000000E+0 1.476000E+3 1.216000E+3 573.000000E+0
370 832.000000E+0 1.476000E+3 1.216000E+3 573.000000E+0
371 832.000000E+0 1.475000E+3 1.216000E+3 573.000000E+0
372 832.000000E+0 1.475000E+3 1.215000E+3 573.000000E+0
373 831.000000E+0 1.476000E+3 1.216000E+3 573.000000E+0
374 831.000000E+0 1.476000E+3 1.216000E+3 573.000000E+0
375 832.000000E+0 1.475000E+3 1.215000E+3 572.000000E+0
376 832.000000E+0 1.476000E+3 1.216000E+3 573.000000E+0
377 832.000000E+0 1.475000E+3 1.216000E+3 572.000000E+0
378 832.000000E+0 1.475000E+3 1.215000E+3 573.000000E+0
379 832.000000E+0 1.476000E+3 1.216000E+3 573.000000E+0
380 832.000000E+0 1.475000E+3 1.216000E+3 573.000000E+0
381 832.000000E+0 1.476000E+3 1.216000E+3 573.000000E+0
382 832.000000E+0 1.476000E+3 1.215000E+3 573.000000E+0
383 832.000000E+0 1.476000E+3 1.216000E+3 572.000000E+0
384 832.000000E+0 1.475000E+3 1.216000E+3 573.000000E+0
385 832.000000E+0 1.476000E+3 1.216000E+3 573.000000E+0
386 832.000000E+0 1.476000E+3 1.216000E+3 572.000000E+0
387 832.000000E+0 1.476000E+3 1.216000E+3 572.000000E+0
388 832.000000E+0 1.476000E+3 1.216000E+3 573.000000E+0
389 831.000000E+0 1.476000E+3 1.216000E+3 573.000000E+0
390 832.000000E+0 1.476000E+3 1.216000E+3 573.000000E+0
391 832.000000E+0 1.475000E+3 1.216000E+3 573.000000E+0
392 832.000000E+0 1.475000E+3 1.215000E+3 573.000000E+0
393 832.000000E+0 1.475000E+3 1.216000E+3 573.000000E+0
394 832.000000E+0 1.476000E+3 1.216000E+3 573.000000E+0
395 831.000000E+0 1.475000E+3 1.216000E+3 573.000000E+0
396 832.000000E+0 1.476000E+3 1.216000E+3 573.000000E+0
397 832.000000E+0 1.475000E+3 1.216000E+3 573.000000E+0
398 832.000000E+0 1.476000E+3 1.215000E+3 573.000000E+0
399 832.000000E+0 1.475000E+3 1.216000E+3 573.000000E+0
400 832.000000E+0 1.476000E+3 1.216000E+3 573.000000E+0
401 831.000000E+0 1.475000E+3 1.216000E+3 573.000000E+0
402 832.000000E+0 1.476000E+3 1.215000E+3 573.000000E+0
403 831.000000E+0 1.476000E+3 1.216000E+3 573.000000E+0
404 832.000000E+0 1.475000E+3 1.216000E+3 573.000000E+0
405 832.000000E+0 1.475000E+3 1.216000E+3 573.000000E+0
406 832.000000E+0 1.476000E+3 1.216000E+3 573.000000E+0
407 832.000000E+0 1.476000E+3 1.216000E+3 572.000000E+0
408 832.000000E+0 1.475000E+3 1.216000E+3 572.000000E+0
409 832.000000E+0 1.476000E+3 1.216000E+3 573.000000E+0
410 831.000000E+0 1.476000E+3 1.216000E+3 573.000000E+0
411 832.000000E+0 1.476000E+3 1.216000E+3 573.000000E+0
412 832.000000E+0 1.476000E+3 1.216000E+3 573.000000E+0
413 832.000000E+0 1.475000E+3 1.216000E+3 572.000000E+0
414 832.000000E+0 1.475000E+3 1.216000E+3 572.000000E+0
415 832.000000E+0 1.475000E+3 1.216000E+3 573.000000E+0
416 832.000000E+0 1.475000E+3 1.216000E+3 573.000000E+0
417 832.000000E+0 1.476000E+3 1.215000E+3 573.000000E+0
418 831.000000E+0 1.476000E+3 1.215000E+3 573.000000E+0
419 832.000000E+0 1.475000E+3 1.216000E+3 573.000000E+0
420 832.000000E+0 1.475000E+3 1.216000E+3 573.000000E+0
421 832.000000E+0 1.475000E+3 1.216000E+3 573.000000E+0
422 831.000000E+0 1.476000E+3 1.216000E+3 572.000000E+0
423 832.000000E+0 1.476000E+3 1.216000E+3 573.000000E+0
424 832.000000E+0 1.476000E+3 1.216000E+3 573.000000E+0
425 832.000000E+0 1.476000E+3 1.216000E+3 573.000000E+0
426 831.000000E+0 1.476000E+3 1.215000E+3 572.000000E+0
427 832.000000E+0 1.475000E+3 1.216000E+3 573.000000E+0
428 832.000000E+0 1.476000E+3 1.216000E+3 573.000000E+0
429 832.000000E+0 1.476000E+3 1.216000E+3 573.000000E+0
430 832.000000E+0 1.476000E+3 1.216000E+3 573.000000E+0
431 832.000000E+0 1.476000E+3 1.216000E+3 573.000000E+0
432 832.000000E+0 1.475000E+3 1.216000E+3 573.000000E+0
433 832.000000E+0 1.476000E+3 1.216000E+3 573.000000E+0
434 832.000000E+0 1.475000E+3 1.216000E+3 573.000000E+0
435 832.000000E+0 1.475000E+3 1.216000E+3 573.000000E+0
436 832.000000E+0 1.476000E+3 1.216000E+3 572.000000E+0
437 832.000000E+0 1.476000E+3 1.216000E+3 573.000000E+0
438 832.000000E+0 1.475000E+3 1.216000E+3 573.000000E+0
439 831.000000E+0 1.475000E+3 1.216000E+3 573.000000E+0
440 832.000000E+0 1.476000E+3 1.216000E+3 572.000000E+0
441 832.000000E+0 1.476000E+3 1.216000E+3 573.000000E+0
442 832.000000E+0 1.475000E+3 1.216000E+3 572.000000E+0
443 832.000000E+0 1.476000E+3 1.216000E+3 573.000000E+0
444 832.000000E+0 1.476000E+3 1.216000E+3 573.000000E+0
445 832.000000E+0 1.475000E+3 1.216000E+3 573.000000E+0
446 832.000000E+0 1.475000E+3 1.216000E+3 572.000000E+0
447 831.000000E+0 1.476000E+3 1.216000E+3 573.000000E+0
448 832.000000E+0 1.476000E+3 1.216000E+3 573.000000E+0
449 832.000000E+0 1.476000E+3 1.216000E+3 573.000000E+0
450 832.000000E+0 1.475000E+3 1.216000E+3 573.000000E+0
451 832.000000E+0 1.475000E+3 1.216000E+3 572.000000E+0
452 832.000000E+0 1.475000E+3 1.215000E+3 573.000000E+0
453 832.000000E+0 1.476000E+3 1.216000E+3 573.000000E+0
454 832.000000E+0 1.475000E+3 1.216000E+3 573.000000E+0
455 832.000000E+0 1.475000E+3 1.216000E+3 573.000000E+0
456 832.000000E+0 1.475000E+3 1.216000E+3 573.000000E+0
457 832.000000E+0 1.476000E+3 1.216000E+3 573.000000E+0
458 832.000000E+0 1.476000E+3 1.216000E+3 573.000000E+0
459 832.000000E+0 1.476000E+3 1.216000E+3 573.000000E+0
460 832.000000E+0 1.475000E+3 1.215000E+3 572.000000E+0
461 832.000000E+0 1.476000E+3 1.216000E+3 573.000000E+0
462 832.000000E+0 1.475000E+3 1.216000E+3 572.000000E+0
463 832.000000E+0 1.476000E+3 1.215000E+3 573.000000E+0
464 832.000000E+0 1.476000E+3 1.216000E+3 573.000000E+0
465 832.000000E+0 1.475000E+3 1.216000E+3 573.000000E+0
466 832.000000E+0 1.475000E+3 1.216000E+3 573.000000E+0
467 832.000000E+0 1.475000E+3 1.216000E+3 573.000000E+0
468 832.000000E+0 1.476000E+3 1.216000E+3 573.000000E+0
469 832.000000E+0 1.475000E+3 1.216000E+3 572.000000E+0
470 832.000000E+0 1.475000E+3 1.216000E+3 572.000000E+0
471 831.000000E+0 1.475000E+3 1.216000E+3 573.000000E+0
472 832.000000E+0 1.475000E+3 1.216000E+3 572.000000E+0
473 832.000000E+0 1.476000E+3 1.216000E+3 573.000000E+0
474 832.000000E+0 1.476000E+3 1.216000E+3 572.000000E+0
475 832.000000E+0 1.476000E+3 1.216000E+3 572.000000E+0
476 832.000000E+0 1.475000E+3 1.215000E+3 572.000000E+0
477 832.000000E+0 1.475000E+3 1.216000E+3 572.000000E+0
478 832.000000E+0 1.476000E+3 1.216000E+3 572.000000E+0
479 832.000000E+0 1.476000E+3 1.215000E+3 573.000000E+0
480 832.000000E+0 1.475000E+3 1.216000E+3 572.000000E+0
481 832.000000E+0 1.475000E+3 1.216000E+3 573.000000E+0
482 832.000000E+0 1.476000E+3 1.216000E+3 573.000000E+0
483 831.000000E+0 1.475000E+3 1.216000E+3 573.000000E+0
484 832.000000E+0 1.475000E+3 1.216000E+3 573.000000E+0
485 832.000000E+0 1.476000E+3 1.216000E+3 573.000000E+0
486 832.000000E+0 1.476000E+3 1.216000E+3 573.000000E+0
487 832.000000E+0 1.476000E+3 1.216000E+3 573.000000E+0
488 832.000000E+0 1.475000E+3 1.215000E+3 572.000000E+0
489 831.000000E+0 1.476000E+3 1.216000E+3 573.000000E+0
490 832.000000E+0 1.475000E+3 1.216000E+3 572.000000E+0
491 832.000000E+0 1.476000E+3 1.216000E+3 573.000000E+0
492 832.000000E+0 1.476000E+3 1.216000E+3 573.000000E+0
493 832.000000E+0 1.476000E+3 1.216000E+3 573.000000E+0
494 832.000000E+0 1.476000E+3 1.216000E+3 573.000000E+0
495 832.000000E+0 1.475000E+3 1.216000E+3 573.000000E+0
496 832.000000E+0 1.475000E+3 1.216000E+3 573.000000E+0
497 832.000000E+0 1.476000E+3 1.216000E+3 573.000000E+0
498 832.000000E+0 1.476000E+3 1.216000E+3 573.000000E+0
499 832.000000E+0 1.475000E+3 1.216000E+3 573.000000E+0
500 831.000000E+0 1.475000E+3 1.215000E+3 573.000000E+0
501 832.000000E+0 1.475000E+3 1.216000E+3 573.000000E+0
502 832.000000E+0 1.476000E+3 1.216000E+3 573.000000E+0
503 832.000000E+0 1.475000E+3 1.215000E+3 573.000000E+0
504 832.000000E+0 1.475000E+3 1.216000E+3 572.000000E+0
505 832.000000E+0 1.475000E+3 1.216000E+3 572.000000E+0
506 832.000000E+0 1.476000E+3 1.216000E+3 570.000000E+0
507 831.000000E+0 1.476000E+3 1.218000E+3 566.000000E+0
508 831.000000E+0 1.479000E+3 1.222000E+3 560.000000E+0
509 829.000000E+0 1.483000E+3 1.228000E+3 550.000000E+0
510 828.000000E+0 1.486000E+3 1.234000E+3 535.000000E+0
511 828.000000E+0 1.488000E+3 1.244000E+3 517.000000E+0
512 826.000000E+0 1.493000E+3 1.251000E+3 502.000000E+0
513 821.000000E+0 1.494000E+3 1.260000E+3 478.000000E+0
514 819.000000E+0 1.494000E+3 1.268000E+3 455.000000E+0
515 818.000000E+0 1.495000E+3 1.278000E+3 429.000000E+0
516 817.000000E+0 1.495000E+3 1.286000E+3 404.000000E+0
517 817.000000E+0 1.494000E+3 1.296000E+3 379.000000E+0
518 817.000000E+0 1.494000E+3 1.307000E+3 349.000000E+0
519 820.000000E+0 1.495000E+3 1.321000E+3 330.000000E+0
520 824.000000E+0 1.494000E+3 1.337000E+3 310.000000E+0
521 825.000000E+0 1.494000E+3 1.356000E+3 292.000000E+0
522 828.000000E+0 1.494000E+3 1.376000E+3 275.000000E+0
523 829.000000E+0 1.495000E+3 1.397000E+3 264.000000E+0
524 831.000000E+0 1.495000E+3 1.413000E+3 254.000000E+0
525 833.000000E+0 1.495000E+3 1.426000E+3 245.000000E+0
526 832.000000E+0 1.494000E+3 1.434000E+3 237.000000E+0
527 832.000000E+0 1.494000E+3 1.439000E+3 231.000000E+0
528 830.000000E+0 1.494000E+3 1.443000E+3 225.000000E+0
529 829.000000E+0 1.494000E+3 1.446000E+3 223.000000E+0
530 829.000000E+0 1.494000E+3 1.448000E+3 222.000000E+0
531 830.000000E+0 1.494000E+3 1.450000E+3 226.000000E+0
532 830.000000E+0 1.494000E+3 1.452000E+3 236.000000E+0
533 832.000000E+0 1.494000E+3 1.455000E+3 246.000000E+0
534 833.000000E+0 1.495000E+3 1.457000E+3 260.000000E+0
535 835.000000E+0 1.494000E+3 1.457000E+3 276.000000E+0
536 835.000000E+0 1.495000E+3 1.457000E+3 294.000000E+0
537 836.000000E+0 1.494000E+3 1.453000E+3 314.000000E+0
538 837.000000E+0 1.495000E+3 1.448000E+3 333.000000E+0
539 839.000000E+0 1.494000E+3 1.441000E+3 356.000000E+0
540 840.000000E+0 1.495000E+3 1.434000E+3 380.000000E+0
541 842.000000E+0 1.494000E+3 1.424000E+3 403.000000E+0
542 844.000000E+0 1.495000E+3 1.414000E+3 432.000000E+0
543 846.000000E+0 1.494000E+3 1.402000E+3 457.000000E+0
544 849.000000E+0 1.495000E+3 1.391000E+3 485.000000E+0
545 852.000000E+0 1.494000E+3 1.378000E+3 506.000000E+0
546 856.000000E+0 1.494000E+3 1.370000E+3 523.000000E+0
547 861.000000E+0 1.491000E+3 1.362000E+3 530.000000E+0
548 866.000000E+0 1.485000E+3 1.350000E+3 536.000000E+0
549 870.000000E+0 1.482000E+3 1.337000E+3 545.000000E+0
550 874.000000E+0 1.476000E+3 1.323000E+3 553.000000E+0
551 879.000000E+0 1.470000E+3 1.311000E+3 559.000000E+0
552 886.000000E+0 1.466000E+3 1.303000E+3 565.000000E+0
553 892.000000E+0 1.462000E+3 1.296000E+3 567.000000E+0
554 900.000000E+0 1.460000E+3 1.289000E+3 568.000000E+0
555 906.000000E+0 1.461000E+3 1.283000E+3 568.000000E+0
556 909.000000E+0 1.461000E+3 1.279000E+3 568.000000E+0
557 913.000000E+0 1.463000E+3 1.275000E+3 568.000000E+0
558 915.000000E+0 1.465000E+3 1.271000E+3 567.000000E+0
559 918.000000E+0 1.473000E+3 1.267000E+3 566.000000E+0
560 915.000000E+0 1.490000E+3 1.264000E+3 567.000000E+0
561 908.000000E+0 1.512000E+3 1.262000E+3 567.000000E+0
562 901.000000E+0 1.538000E+3 1.259000E+3 567.000000E+0
563 890.000000E+0 1.565000E+3 1.258000E+3 567.000000E+0
564 878.000000E+0 1.595000E+3 1.256000E+3 567.000000E+0
565 864.000000E+0 1.619000E+3 1.255000E+3 567.000000E+0
566 851.000000E+0 1.650000E+3 1.254000E+3 567.000000E+0
567 835.000000E+0 1.672000E+3 1.252000E+3 567.000000E+0
568 818.000000E+0 1.702000E+3 1.251000E+3 567.000000E+0
569 803.000000E+0 1.721000E+3 1.251000E+3 566.000000E+0
570 788.000000E+0 1.747000E+3 1.250000E+3 567.000000E+0
571 772.000000E+0 1.764000E+3 1.248000E+3 567.000000E+0
572 756.000000E+0 1.784000E+3 1.248000E+3 567.000000E+0
573 740.000000E+0 1.799000E+3 1.248000E+3 567.000000E+0
574 725.000000E+0 1.813000E+3 1.248000E+3 567.000000E+0
575 711.000000E+0 1.822000E+3 1.247000E+3 567.000000E+0
576 697.000000E+0 1.830000E+3 1.246000E+3 567.000000E+0
577 684.000000E+0 1.834000E+3 1.245000E+3 567.000000E+0
578 673.000000E+0 1.836000E+3 1.244000E+3 567.000000E+0
579 662.000000E+0 1.835000E+3 1.243000E+3 567.000000E+0
580 653.000000E+0 1.832000E+3 1.242000E+3 567.000000E+0
581 645.000000E+0 1.824000E+3 1.241000E+3 566.000000E+0
582 639.000000E+0 1.815000E+3 1.239000E+3 566.000000E+0
583 635.000000E+0 1.802000E+3 1.238000E+3 567.000000E+0
584 632.000000E+0 1.787000E+3 1.237000E+3 566.000000E+0
585 630.000000E+0 1.769000E+3 1.235000E+3 567.000000E+0
586 630.000000E+0 1.749000E+3 1.233000E+3 566.000000E+0
587 631.000000E+0 1.728000E+3 1.231000E+3 566.000000E+0
588 633.000000E+0 1.700000E+3 1.229000E+3 566.000000E+0
589 637.000000E+0 1.678000E+3 1.227000E+3 566.000000E+0
590 642.000000E+0 1.648000E+3 1.225000E+3 566.000000E+0
591 650.000000E+0 1.625000E+3 1.222000E+3 566.000000E+0
592 658.000000E+0 1.593000E+3 1.219000E+3 565.000000E+0
593 667.000000E+0 1.570000E+3 1.216000E+3 565.000000E+0
594 677.000000E+0 1.540000E+3 1.212000E+3 565.000000E+0
595 687.000000E+0 1.520000E+3 1.207000E+3 565.000000E+0
596 698.000000E+0 1.496000E+3 1.203000E+3 565.000000E+0
597 708.000000E+0 1.479000E+3 1.198000E+3 565.000000E+0
598 718.000000E+0 1.467000E+3 1.191000E+3 566.000000E+0
599 727.000000E+0 1.467000E+3 1.181000E+3 572.000000E+0
600 733.000000E+0 1.467000E+3 1.174000E+3 577.000000E+0
601 740.000000E+0 1.467000E+3 1.166000E+3 583.000000E+0
602 746.000000E+0 1.467000E+3 1.159000E+3 587.000000E+0
603 754.000000E+0 1.468000E+3 1.150000E+3 591.000000E+0
604 760.000000E+0 1.470000E+3 1.142000E+3 593.000000E+0
605 766.000000E+0 1.471000E+3 1.137000E+3 592.000000E+0
606 771.000000E+0 1.474000E+3 1.132000E+3 590.000000E+0
607 776.000000E+0 1.476000E+3 1.132000E+3 584.000000E+0
608 781.000000E+0 1.480000E+3 1.132000E+3 573.000000E+0
609 784.000000E+0 1.484000E+3 1.136000E+3 554.000000E+0
610 788.000000E+0 1.486000E+3 1.141000E+3 532.000000E+0
611 791.000000E+0 1.488000E+3 1.150000E+3 507.000000E+0
612 795.000000E+0 1.489000E+3 1.160000E+3 486.000000E+0
613 796.000000E+0 1.492000E+3 1.171000E+3 461.000000E+0
614 797.000000E+0 1.492000E+3 1.181000E+3 432.000000E+0
615 797.000000E+0 1.492000E+3 1.193000E+3 401.000000E+0
616 797.000000E+0 1.492000E+3 1.205000E+3 370.000000E+0
617 799.000000E+0 1.493000E+3 1.222000E+3 348.000000E+0
618 800.000000E+0 1.492000E+3 1.237000E+3 325.000000E+0
619 802.000000E+0 1.493000E+3 1.253000E+3 305.000000E+0
620 804.000000E+0 1.492000E+3 1.270000E+3 283.000000E+0
621 807.000000E+0 1.493000E+3 1.288000E+3 265.000000E+0
622 809.000000E+0 1.493000E+3 1.304000E+3 250.000000E+0
623 811.000000E+0 1.493000E+3 1.321000E+3 237.000000E+0
624 812.000000E+0 1.493000E+3 1.336000E+3 226.000000E+0
625 813.000000E+0 1.493000E+3 1.350000E+3 218.000000E+0
626 813.000000E+0 1.493000E+3 1.362000E+3 213.000000E+0
627 814.000000E+0 1.493000E+3 1.373000E+3 211.000000E+0
628 814.000000E+0 1.493000E+3 1.382000E+3 212.000000E+0
629 816.000000E+0 1.493000E+3 1.391000E+3 216.000000E+0
630 816.000000E+0 1.493000E+3 1.398000E+3 221.000000E+0
631 818.000000E+0 1.493000E+3 1.405000E+3 232.000000E+0
632 819.000000E+0 1.493000E+3 1.409000E+3 243.000000E+0
633 821.000000E+0 1.493000E+3 1.411000E+3 259.000000E+0
634 823.000000E+0 1.493000E+3 1.413000E+3 276.000000E+0
635 825.000000E+0 1.493000E+3 1.412000E+3 295.000000E+0
636 827.000000E+0 1.493000E+3 1.413000E+3 318.000000E+0
637 830.000000E+0 1.493000E+3 1.410000E+3 339.000000E+0
638 831.000000E+0 1.493000E+3 1.407000E+3 366.000000E+0
639 833.000000E+0 1.493000E+3 1.401000E+3 391.000000E+0
640 835.000000E+0 1.493000E+3 1.394000E+3 421.000000E+0
641 837.000000E+0 1.493000E+3 1.386000E+3 446.000000E+0
642 839.000000E+0 1.493000E+3 1.378000E+3 474.000000E+0
643 843.000000E+0 1.493000E+3 1.369000E+3 501.000000E+0
644 846.000000E+0 1.493000E+3 1.359000E+3 523.000000E+0
645 851.000000E+0 1.493000E+3 1.349000E+3 547.000000E+0
646 855.000000E+0 1.493000E+3 1.339000E+3 564.000000E+0
647 861.000000E+0 1.490000E+3 1.332000E+3 570.000000E+0
648 868.000000E+0 1.480000E+3 1.323000E+3 570.000000E+0
649 876.000000E+0 1.472000E+3 1.315000E+3 570.000000E+0
650 885.000000E+0 1.465000E+3 1.308000E+3 570.000000E+0
651 895.000000E+0 1.459000E+3 1.301000E+3 570.000000E+0
652 904.000000E+0 1.455000E+3 1.295000E+3 570.000000E+0
653 912.000000E+0 1.454000E+3 1.288000E+3 570.000000E+0
654 918.000000E+0 1.452000E+3 1.282000E+3 570.000000E+0
655 922.000000E+0 1.455000E+3 1.277000E+3 570.000000E+0
656 923.000000E+0 1.460000E+3 1.273000E+3 569.000000E+0
657 921.000000E+0 1.471000E+3 1.269000E+3 568.000000E+0
658 918.000000E+0 1.490000E+3 1.265000E+3 566.000000E+0
659 910.000000E+0 1.512000E+3 1.262000E+3 565.000000E+0
660 901.000000E+0 1.535000E+3 1.259000E+3 564.000000E+0
661 889.000000E+0 1.562000E+3 1.256000E+3 565.000000E+0
662 877.000000E+0 1.589000E+3 1.254000E+3 564.000000E+0
663 863.000000E+0 1.617000E+3 1.254000E+3 564.000000E+0
664 850.000000E+0 1.645000E+3 1.253000E+3 565.000000E+0
665 835.000000E+0 1.673000E+3 1.253000E+3 564.000000E+0
666 820.000000E+0 1.698000E+3 1.253000E+3 565.000000E+0
667 805.000000E+0 1.724000E+3 1.253000E+3 564.000000E+0
668 790.000000E+0 1.746000E+3 1.253000E+3 564.000000E+0
669 774.000000E+0 1.766000E+3 1.253000E+3 564.000000E+0
670 758.000000E+0 1.784000E+3 1.252000E+3 564.000000E+0
671 742.000000E+0 1.800000E+3 1.251000E+3 564.000000E+0
672 727.000000E+0 1.813000E+3 1.250000E+3 565.000000E+0
673 712.000000E+0 1.823000E+3 1.249000E+3 565.000000E+0
674 698.000000E+0 1.830000E+3 1.248000E+3 565.000000E+0
675 685.000000E+0 1.834000E+3 1.248000E+3 565.000000E+0
676 674.000000E+0 1.836000E+3 1.247000E+3 564.000000E+0
677 663.000000E+0 1.834000E+3 1.246000E+3 564.000000E+0
678 654.000000E+0 1.832000E+3 1.245000E+3 565.000000E+0
679 646.000000E+0 1.824000E+3 1.244000E+3 564.000000E+0
680 640.000000E+0 1.816000E+3 1.243000E+3 565.000000E+0
681 636.000000E+0 1.802000E+3 1.242000E+3 565.000000E+0
682 633.000000E+0 1.787000E+3 1.241000E+3 564.000000E+0
683 631.000000E+0 1.769000E+3 1.239000E+3 564.000000E+0
684 631.000000E+0 1.749000E+3 1.238000E+3 564.000000E+0
685 632.000000E+0 1.728000E+3 1.236000E+3 564.000000E+0
686 634.000000E+0 1.701000E+3 1.234000E+3 564.000000E+0
687 638.000000E+0 1.681000E+3 1.232000E+3 564.000000E+0
688 643.000000E+0 1.648000E+3 1.230000E+3 564.000000E+0
689 650.000000E+0 1.625000E+3 1.227000E+3 564.000000E+0
690 658.000000E+0 1.593000E+3 1.225000E+3 564.000000E+0
691 667.000000E+0 1.571000E+3 1.222000E+3 564.000000E+0
692 677.000000E+0 1.539000E+3 1.218000E+3 564.000000E+0
693 688.000000E+0 1.523000E+3 1.214000E+3 564.000000E+0
694 698.000000E+0 1.496000E+3 1.210000E+3 564.000000E+0
695 709.000000E+0 1.481000E+3 1.205000E+3 564.000000E+0
696 719.000000E+0 1.459000E+3 1.201000E+3 564.000000E+0
697 729.000000E+0 1.456000E+3 1.194000E+3 566.000000E+0
698 736.000000E+0 1.457000E+3 1.185000E+3 568.000000E+0
699 744.000000E+0 1.457000E+3 1.175000E+3 575.000000E+0
700 750.000000E+0 1.457000E+3 1.167000E+3 579.000000E+0
701 757.000000E+0 1.459000E+3 1.158000E+3 583.000000E+0
702 763.000000E+0 1.462000E+3 1.149000E+3 586.000000E+0
703 768.000000E+0 1.465000E+3 1.144000E+3 585.000000E+0
704 772.000000E+0 1.469000E+3 1.139000E+3 586.000000E+0
705 777.000000E+0 1.474000E+3 1.137000E+3 580.000000E+0
706 781.000000E+0 1.479000E+3 1.137000E+3 571.000000E+0
707 785.000000E+0 1.484000E+3 1.137000E+3 553.000000E+0
708 789.000000E+0 1.489000E+3 1.141000E+3 532.000000E+0
709 792.000000E+0 1.492000E+3 1.150000E+3 506.000000E+0
710 795.000000E+0 1.492000E+3 1.159000E+3 483.000000E+0
711 796.000000E+0 1.493000E+3 1.171000E+3 460.000000E+0
712 797.000000E+0 1.493000E+3 1.180000E+3 435.000000E+0
713 797.000000E+0 1.493000E+3 1.191000E+3 403.000000E+0
714 798.000000E+0 1.493000E+3 1.202000E+3 370.000000E+0
715 799.000000E+0 1.493000E+3 1.219000E+3 347.000000E+0
716 802.000000E+0 1.494000E+3 1.235000E+3 323.000000E+0
717 806.000000E+0 1.494000E+3 1.253000E+3 303.000000E+0
718 811.000000E+0 1.494000E+3 1.271000E+3 282.000000E+0
719 816.000000E+0 1.494000E+3 1.290000E+3 265.000000E+0
720 818.000000E+0 1.494000E+3 1.307000E+3 251.000000E+0
721 818.000000E+0 1.494000E+3 1.324000E+3 239.000000E+0
722 818.000000E+0 1.494000E+3 1.338000E+3 228.000000E+0
723 818.000000E+0 1.494000E+3 1.352000E+3 220.000000E+0
724 816.000000E+0 1.494000E+3 1.364000E+3 214.000000E+0
725 816.000000E+0 1.494000E+3 1.375000E+3 212.000000E+0
726 817.000000E+0 1.494000E+3 1.383000E+3 212.000000E+0
727 817.000000E+0 1.494000E+3 1.390000E+3 216.000000E+0
728 818.000000E+0 1.494000E+3 1.397000E+3 221.000000E+0
729 819.000000E+0 1.494000E+3 1.403000E+3 231.000000E+0
730 821.000000E+0 1.494000E+3 1.407000E+3 243.000000E+0
731 824.000000E+0 1.494000E+3 1.410000E+3 258.000000E+0
732 827.000000E+0 1.494000E+3 1.412000E+3 276.000000E+0
733 828.000000E+0 1.494000E+3 1.412000E+3 296.000000E+0
734 829.000000E+0 1.494000E+3 1.413000E+3 319.000000E+0
735 829.000000E+0 1.494000E+3 1.410000E+3 340.000000E+0
736 831.000000E+0 1.494000E+3 1.407000E+3 368.000000E+0
737 833.000000E+0 1.494000E+3 1.401000E+3 391.000000E+0
738 834.000000E+0 1.494000E+3 1.395000E+3 421.000000E+0
739 837.000000E+0 1.494000E+3 1.386000E+3 445.000000E+0
740 840.000000E+0 1.494000E+3 1.378000E+3 474.000000E+0
741 843.000000E+0 1.494000E+3 1.369000E+3 499.000000E+0
742 846.000000E+0 1.494000E+3 1.359000E+3 525.000000E+0
743 851.000000E+0 1.494000E+3 1.348000E+3 547.000000E+0
744 855.000000E+0 1.494000E+3 1.338000E+3 562.000000E+0
745 861.000000E+0 1.489000E+3 1.331000E+3 567.000000E+0
746 868.000000E+0 1.480000E+3 1.322000E+3 567.000000E+0
747 876.000000E+0 1.473000E+3 1.315000E+3 568.000000E+0
748 885.000000E+0 1.467000E+3 1.308000E+3 568.000000E+0
749 895.000000E+0 1.461000E+3 1.301000E+3 569.000000E+0
750 903.000000E+0 1.457000E+3 1.294000E+3 569.000000E+0
751 911.000000E+0 1.456000E+3 1.288000E+3 569.000000E+0
752 917.000000E+0 1.456000E+3 1.282000E+3 569.000000E+0
753 921.000000E+0 1.459000E+3 1.276000E+3 569.000000E+0
754 923.000000E+0 1.463000E+3 1.272000E+3 568.000000E+0
755 921.000000E+0 1.474000E+3 1.269000E+3 566.000000E+0
756 918.000000E+0 1.490000E+3 1.266000E+3 565.000000E+0
757 911.000000E+0 1.512000E+3 1.264000E+3 564.000000E+0
758 902.000000E+0 1.537000E+3 1.261000E+3 563.000000E+0
759 891.000000E+0 1.563000E+3 1.258000E+3 563.000000E+0
760 879.000000E+0 1.590000E+3 1.257000E+3 562.000000E+0
761 866.000000E+0 1.618000E+3 1.256000E+3 562.000000E+0
762 851.000000E+0 1.646000E+3 1.255000E+3 562.000000E+0
763 836.000000E+0 1.672000E+3 1.255000E+3 562.000000E+0
764 820.000000E+0 1.701000E+3 1.255000E+3 562.000000E+0
765 804.000000E+0 1.722000E+3 1.255000E+3 562.000000E+0
766 790.000000E+0 1.748000E+3 1.255000E+3 562.000000E+0
767 773.000000E+0 1.765000E+3 1.255000E+3 561.000000E+0
768 758.000000E+0 1.785000E+3 1.254000E+3 562.000000E+0
769 742.000000E+0 1.799000E+3 1.254000E+3 562.000000E+0
770 728.000000E+0 1.813000E+3 1.254000E+3 562.000000E+0
771 712.000000E+0 1.822000E+3 1.253000E+3 562.000000E+0
772 699.000000E+0 1.830000E+3 1.253000E+3 562.000000E+0
773 686.000000E+0 1.834000E+3 1.253000E+3 562.000000E+0
774 675.000000E+0 1.836000E+3 1.251000E+3 562.000000E+0
775 664.000000E+0 1.834000E+3 1.251000E+3 562.000000E+0
776 655.000000E+0 1.832000E+3 1.250000E+3 562.000000E+0
777 647.000000E+0 1.825000E+3 1.248000E+3 562.000000E+0
778 641.000000E+0 1.816000E+3 1.248000E+3 562.000000E+0
779 636.000000E+0 1.803000E+3 1.247000E+3 562.000000E+0
780 633.000000E+0 1.788000E+3 1.246000E+3 562.000000E+0
781 632.000000E+0 1.769000E+3 1.245000E+3 562.000000E+0
782 631.000000E+0 1.749000E+3 1.244000E+3 562.000000E+0
783 632.000000E+0 1.728000E+3 1.243000E+3 562.000000E+0
784 634.000000E+0 1.701000E+3 1.240000E+3 562.000000E+0
785 638.000000E+0 1.679000E+3 1.239000E+3 562.000000E+0
786 643.000000E+0 1.648000E+3 1.237000E+3 562.000000E+0
787 650.000000E+0 1.625000E+3 1.234000E+3 562.000000E+0
788 658.000000E+0 1.593000E+3 1.231000E+3 562.000000E+0
789 668.000000E+0 1.570000E+3 1.228000E+3 562.000000E+0
790 677.000000E+0 1.539000E+3 1.225000E+3 562.000000E+0
791 688.000000E+0 1.522000E+3 1.221000E+3 562.000000E+0
792 698.000000E+0 1.496000E+3 1.217000E+3 563.000000E+0
793 709.000000E+0 1.480000E+3 1.213000E+3 563.000000E+0
794 720.000000E+0 1.458000E+3 1.209000E+3 563.000000E+0
795 730.000000E+0 1.453000E+3 1.202000E+3 563.000000E+0
796 738.000000E+0 1.450000E+3 1.195000E+3 564.000000E+0
797 746.000000E+0 1.451000E+3 1.186000E+3 570.000000E+0
798 753.000000E+0 1.452000E+3 1.177000E+3 574.000000E+0
799 760.000000E+0 1.453000E+3 1.169000E+3 578.000000E+0
800 766.000000E+0 1.456000E+3 1.160000E+3 580.000000E+0
801 771.000000E+0 1.459000E+3 1.153000E+3 581.000000E+0
802 775.000000E+0 1.464000E+3 1.149000E+3 580.000000E+0
803 778.000000E+0 1.469000E+3 1.146000E+3 575.000000E+0
804 781.000000E+0 1.476000E+3 1.146000E+3 569.000000E+0
805 785.000000E+0 1.482000E+3 1.147000E+3 554.000000E+0
806 789.000000E+0 1.488000E+3 1.147000E+3 533.000000E+0
807 792.000000E+0 1.492000E+3 1.153000E+3 508.000000E+0
808 794.000000E+0 1.493000E+3 1.161000E+3 484.000000E+0
809 796.000000E+0 1.493000E+3 1.171000E+3 459.000000E+0
810 797.000000E+0 1.494000E+3 1.179000E+3 434.000000E+0
811 797.000000E+0 1.494000E+3 1.191000E+3 401.000000E+0
812 798.000000E+0 1.494000E+3 1.203000E+3 370.000000E+0
813 800.000000E+0 1.494000E+3 1.219000E+3 348.000000E+0
814 803.000000E+0 1.494000E+3 1.235000E+3 322.000000E+0
815 811.000000E+0 1.494000E+3 1.253000E+3 302.000000E+0
816 815.000000E+0 1.495000E+3 1.271000E+3 282.000000E+0
817 816.000000E+0 1.495000E+3 1.289000E+3 265.000000E+0
818 818.000000E+0 1.495000E+3 1.307000E+3 250.000000E+0
819 819.000000E+0 1.494000E+3 1.326000E+3 238.000000E+0
820 820.000000E+0 1.495000E+3 1.342000E+3 228.000000E+0
821 821.000000E+0 1.495000E+3 1.353000E+3 220.000000E+0
822 821.000000E+0 1.495000E+3 1.364000E+3 216.000000E+0
823 821.000000E+0 1.495000E+3 1.375000E+3 213.000000E+0
824 820.000000E+0 1.495000E+3 1.383000E+3 212.000000E+0
825 821.000000E+0 1.494000E+3 1.390000E+3 215.000000E+0
826 822.000000E+0 1.494000E+3 1.396000E+3 221.000000E+0
827 823.000000E+0 1.494000E+3 1.402000E+3 231.000000E+0
828 825.000000E+0 1.495000E+3 1.406000E+3 243.000000E+0
829 827.000000E+0 1.494000E+3 1.410000E+3 258.000000E+0
830 828.000000E+0 1.495000E+3 1.412000E+3 276.000000E+0
831 830.000000E+0 1.495000E+3 1.413000E+3 296.000000E+0
832 832.000000E+0 1.495000E+3 1.413000E+3 319.000000E+0
833 834.000000E+0 1.495000E+3 1.411000E+3 341.000000E+0
834 835.000000E+0 1.495000E+3 1.408000E+3 368.000000E+0
835 837.000000E+0 1.495000E+3 1.402000E+3 392.000000E+0
836 839.000000E+0 1.495000E+3 1.396000E+3 421.000000E+0
837 842.000000E+0 1.495000E+3 1.387000E+3 446.000000E+0
838 844.000000E+0 1.495000E+3 1.378000E+3 475.000000E+0
839 848.000000E+0 1.495000E+3 1.369000E+3 499.000000E+0
840 852.000000E+0 1.495000E+3 1.359000E+3 525.000000E+0
841 857.000000E+0 1.493000E+3 1.353000E+3 534.000000E+0
842 861.000000E+0 1.485000E+3 1.344000E+3 538.000000E+0
843 868.000000E+0 1.481000E+3 1.333000E+3 543.000000E+0
844 873.000000E+0 1.475000E+3 1.322000E+3 549.000000E+0
845 879.000000E+0 1.469000E+3 1.310000E+3 554.000000E+0
846 886.000000E+0 1.465000E+3 1.302000E+3 558.000000E+0
847 894.000000E+0 1.462000E+3 1.294000E+3 559.000000E+0
848 901.000000E+0 1.461000E+3 1.288000E+3 559.000000E+0
849 908.000000E+0 1.461000E+3 1.282000E+3 559.000000E+0
850 913.000000E+0 1.460000E+3 1.277000E+3 559.000000E+0
851 917.000000E+0 1.463000E+3 1.272000E+3 559.000000E+0
852 919.000000E+0 1.465000E+3 1.270000E+3 559.000000E+0
853 918.000000E+0 1.473000E+3 1.267000E+3 559.000000E+0
854 915.000000E+0 1.490000E+3 1.264000E+3 558.000000E+0
855 908.000000E+0 1.512000E+3 1.261000E+3 558.000000E+0
856 901.000000E+0 1.537000E+3 1.258000E+3 558.000000E+0
857 891.000000E+0 1.564000E+3 1.257000E+3 558.000000E+0
858 879.000000E+0 1.593000E+3 1.255000E+3 558.000000E+0
859 866.000000E+0 1.618000E+3 1.254000E+3 558.000000E+0
860 851.000000E+0 1.649000E+3 1.253000E+3 558.000000E+0
861 836.000000E+0 1.671000E+3 1.252000E+3 558.000000E+0
862 821.000000E+0 1.700000E+3 1.251000E+3 558.000000E+0
863 804.000000E+0 1.721000E+3 1.251000E+3 558.000000E+0
864 790.000000E+0 1.747000E+3 1.250000E+3 558.000000E+0
865 773.000000E+0 1.764000E+3 1.250000E+3 558.000000E+0
866 757.000000E+0 1.784000E+3 1.249000E+3 558.000000E+0
867 742.000000E+0 1.799000E+3 1.249000E+3 557.000000E+0
868 727.000000E+0 1.813000E+3 1.248000E+3 558.000000E+0
869 711.000000E+0 1.822000E+3 1.248000E+3 558.000000E+0
870 698.000000E+0 1.830000E+3 1.248000E+3 558.000000E+0
871 685.000000E+0 1.834000E+3 1.248000E+3 558.000000E+0
872 674.000000E+0 1.836000E+3 1.247000E+3 558.000000E+0
873 663.000000E+0 1.834000E+3 1.246000E+3 558.000000E+0
874 654.000000E+0 1.832000E+3 1.245000E+3 558.000000E+0
875 647.000000E+0 1.825000E+3 1.244000E+3 558.000000E+0
876 640.000000E+0 1.816000E+3 1.244000E+3 558.000000E+0
877 636.000000E+0 1.802000E+3 1.242000E+3 558.000000E+0
878 633.000000E+0 1.787000E+3 1.241000E+3 558.000000E+0
879 631.000000E+0 1.769000E+3 1.240000E+3 558.000000E+0
880 631.000000E+0 1.748000E+3 1.239000E+3 558.000000E+0
881 632.000000E+0 1.728000E+3 1.238000E+3 558.000000E+0
882 634.000000E+0 1.702000E+3 1.236000E+3 558.000000E+0
883 638.000000E+0 1.682000E+3 1.235000E+3 558.000000E+0
884 643.000000E+0 1.649000E+3 1.233000E+3 558.000000E+0
885 650.000000E+0 1.625000E+3 1.231000E+3 558.000000E+0
886 658.000000E+0 1.593000E+3 1.229000E+3 558.000000E+0
887 667.000000E+0 1.571000E+3 1.226000E+3 558.000000E+0
888 677.000000E+0 1.539000E+3 1.224000E+3 558.000000E+0
889 687.000000E+0 1.521000E+3 1.219000E+3 558.000000E+0
890 698.000000E+0 1.495000E+3 1.215000E+3 558.000000E+0
891 708.000000E+0 1.479000E+3 1.211000E+3 558.000000E+0
892 718.000000E+0 1.456000E+3 1.206000E+3 559.000000E+0
893 728.000000E+0 1.453000E+3 1.200000E+3 560.000000E+0
894 737.000000E+0 1.451000E+3 1.194000E+3 562.000000E+0
895 745.000000E+0 1.450000E+3 1.184000E+3 568.000000E+0
896 749.000000E+0 1.451000E+3 1.176000E+3 572.000000E+0
897 759.000000E+0 1.452000E+3 1.167000E+3 575.000000E+0
898 763.000000E+0 1.454000E+3 1.159000E+3 578.000000E+0
899 768.000000E+0 1.457000E+3 1.153000E+3 578.000000E+0
900 773.000000E+0 1.461000E+3 1.148000E+3 578.000000E+0
901 777.000000E+0 1.466000E+3 1.146000E+3 572.000000E+0
902 781.000000E+0 1.473000E+3 1.146000E+3 567.000000E+0
903 785.000000E+0 1.478000E+3 1.148000E+3 553.000000E+0
904 788.000000E+0 1.484000E+3 1.149000E+3 533.000000E+0
905 790.000000E+0 1.488000E+3 1.154000E+3 509.000000E+0
906 792.000000E+0 1.490000E+3 1.162000E+3 485.000000E+0
907 794.000000E+0 1.490000E+3 1.172000E+3 453.000000E+0
908 795.000000E+0 1.491000E+3 1.182000E+3 431.000000E+0
909 795.000000E+0 1.490000E+3 1.193000E+3 402.000000E+0
910 795.000000E+0 1.490000E+3 1.206000E+3 369.000000E+0
911 796.000000E+0 1.490000E+3 1.221000E+3 347.000000E+0
912 799.000000E+0 1.491000E+3 1.238000E+3 324.000000E+0
913 802.000000E+0 1.491000E+3 1.255000E+3 302.000000E+0
914 805.000000E+0 1.492000E+3 1.272000E+3 283.000000E+0
915 808.000000E+0 1.492000E+3 1.290000E+3 265.000000E+0
916 810.000000E+0 1.492000E+3 1.307000E+3 250.000000E+0
917 812.000000E+0 1.492000E+3 1.323000E+3 237.000000E+0
918 813.000000E+0 1.492000E+3 1.337000E+3 227.000000E+0
919 813.000000E+0 1.492000E+3 1.351000E+3 219.000000E+0
920 813.000000E+0 1.492000E+3 1.362000E+3 214.000000E+0
921 813.000000E+0 1.492000E+3 1.374000E+3 211.000000E+0
922 813.000000E+0 1.492000E+3 1.382000E+3 212.000000E+0
923 813.000000E+0 1.492000E+3 1.390000E+3 216.000000E+0
924 813.000000E+0 1.492000E+3 1.398000E+3 221.000000E+0
925 813.000000E+0 1.492000E+3 1.404000E+3 232.000000E+0
926 814.000000E+0 1.492000E+3 1.408000E+3 243.000000E+0
927 815.000000E+0 1.491000E+3 1.411000E+3 259.000000E+0
928 816.000000E+0 1.492000E+3 1.413000E+3 275.000000E+0
929 817.000000E+0 1.492000E+3 1.413000E+3 296.000000E+0
930 817.000000E+0 1.492000E+3 1.413000E+3 318.000000E+0
931 818.000000E+0 1.491000E+3 1.411000E+3 339.000000E+0
932 819.000000E+0 1.492000E+3 1.407000E+3 367.000000E+0
933 821.000000E+0 1.492000E+3 1.401000E+3 391.000000E+0
934 823.000000E+0 1.492000E+3 1.395000E+3 421.000000E+0
935 826.000000E+0 1.492000E+3 1.387000E+3 446.000000E+0
936 829.000000E+0 1.492000E+3 1.378000E+3 475.000000E+0
937 833.000000E+0 1.492000E+3 1.369000E+3 500.000000E+0
938 835.000000E+0 1.492000E+3 1.358000E+3 526.000000E+0
939 839.000000E+0 1.492000E+3 1.348000E+3 547.000000E+0
940 843.000000E+0 1.492000E+3 1.337000E+3 568.000000E+0
941 848.000000E+0 1.492000E+3 1.326000E+3 584.000000E+0
942 852.000000E+0 1.492000E+3 1.316000E+3 595.000000E+0
943 860.000000E+0 1.492000E+3 1.307000E+3 601.000000E+0
944 869.000000E+0 1.491000E+3 1.300000E+3 599.000000E+0
945 878.000000E+0 1.485000E+3 1.294000E+3 596.000000E+0
946 888.000000E+0 1.479000E+3 1.287000E+3 595.000000E+0
947 896.000000E+0 1.475000E+3 1.281000E+3 593.000000E+0
948 904.000000E+0 1.472000E+3 1.276000E+3 588.000000E+0
949 910.000000E+0 1.472000E+3 1.271000E+3 583.000000E+0
950 913.000000E+0 1.473000E+3 1.269000E+3 578.000000E+0
951 915.000000E+0 1.481000E+3 1.266000E+3 573.000000E+0
952 915.000000E+0 1.491000E+3 1.263000E+3 567.000000E+0
953 909.000000E+0 1.512000E+3 1.259000E+3 562.000000E+0
954 901.000000E+0 1.535000E+3 1.256000E+3 560.000000E+0
955 890.000000E+0 1.564000E+3 1.253000E+3 559.000000E+0
956 879.000000E+0 1.590000E+3 1.250000E+3 559.000000E+0
957 865.000000E+0 1.619000E+3 1.248000E+3 559.000000E+0
958 851.000000E+0 1.646000E+3 1.247000E+3 559.000000E+0
959 835.000000E+0 1.673000E+3 1.247000E+3 559.000000E+0
960 820.000000E+0 1.699000E+3 1.245000E+3 559.000000E+0
961 804.000000E+0 1.723000E+3 1.244000E+3 559.000000E+0
962 789.000000E+0 1.746000E+3 1.243000E+3 559.000000E+0
963 772.000000E+0 1.765000E+3 1.242000E+3 559.000000E+0
964 756.000000E+0 1.784000E+3 1.240000E+3 559.000000E+0
965 740.000000E+0 1.799000E+3 1.239000E+3 559.000000E+0
966 725.000000E+0 1.812000E+3 1.239000E+3 559.000000E+0
967 710.000000E+0 1.822000E+3 1.238000E+3 559.000000E+0
968 697.000000E+0 1.830000E+3 1.238000E+3 559.000000E+0
969 684.000000E+0 1.834000E+3 1.238000E+3 559.000000E+0
970 673.000000E+0 1.836000E+3 1.238000E+3 559.000000E+0
971 663.000000E+0 1.835000E+3 1.238000E+3 559.000000E+0
972 654.000000E+0 1.832000E+3 1.238000E+3 559.000000E+0
973 647.000000E+0 1.825000E+3 1.238000E+3 559.000000E+0
974 640.000000E+0 1.816000E+3 1.237000E+3 559.000000E+0
975 636.000000E+0 1.802000E+3 1.236000E+3 559.000000E+0
976 633.000000E+0 1.787000E+3 1.235000E+3 559.000000E+0
977 632.000000E+0 1.769000E+3 1.234000E+3 559.000000E+0
978 631.000000E+0 1.749000E+3 1.233000E+3 559.000000E+0
979 632.000000E+0 1.727000E+3 1.231000E+3 559.000000E+0
980 634.000000E+0 1.701000E+3 1.231000E+3 559.000000E+0
981 638.000000E+0 1.679000E+3 1.230000E+3 559.000000E+0
982 642.000000E+0 1.648000E+3 1.228000E+3 559.000000E+0
983 650.000000E+0 1.625000E+3 1.226000E+3 559.000000E+0
984 657.000000E+0 1.593000E+3 1.224000E+3 560.000000E+0
985 667.000000E+0 1.572000E+3 1.222000E+3 559.000000E+0
986 678.000000E+0 1.539000E+3 1.219000E+3 559.000000E+0
987 688.000000E+0 1.520000E+3 1.215000E+3 559.000000E+0
988 698.000000E+0 1.492000E+3 1.212000E+3 559.000000E+0
989 710.000000E+0 1.478000E+3 1.207000E+3 559.000000E+0
990 720.000000E+0 1.456000E+3 1.203000E+3 559.000000E+0
991 728.000000E+0 1.453000E+3 1.197000E+3 561.000000E+0
992 736.000000E+0 1.451000E+3 1.190000E+3 562.000000E+0
993 744.000000E+0 1.451000E+3 1.181000E+3 568.000000E+0
994 749.000000E+0 1.452000E+3 1.173000E+3 571.000000E+0
995 757.000000E+0 1.453000E+3 1.165000E+3 574.000000E+0
996 762.000000E+0 1.455000E+3 1.156000E+3 576.000000E+0
997 767.000000E+0 1.458000E+3 1.151000E+3 576.000000E+0
998 772.000000E+0 1.462000E+3 1.146000E+3 576.000000E+0
999 777.000000E+0 1.466000E+3 1.145000E+3 570.000000E+0
1000 781.000000E+0 1.473000E+3 1.144000E+3 564.000000E+0
