0 0.000000E+0 0.000000E+0 0.000000E+0 65.528000E+3
1 0.000000E+0 0.000000E+0 0.000000E+0 65.528000E+3
2 0.000000E+0 0.000000E+0 65.528000E+3 0.000000E+0
3 65.528000E+3 42.000000E+0 28.000000E+0 65.507000E+3
4 65.528000E+3 28.000000E+0 35.000000E+0 65.521000E+3
5 65.507000E+3 49.000000E+0 42.000000E+0 65.493000E+3
6 65.507000E+3 21.000000E+0 42.000000E+0 65.507000E+3
7 65.493000E+3 49.000000E+0 56.000000E+0 65.486000E+3
8 65.500000E+3 21.000000E+0 42.000000E+0 65.507000E+3
9 65.500000E+3 49.000000E+0 56.000000E+0 65.493000E+3
10 65.507000E+3 28.000000E+0 49.000000E+0 65.507000E+3
11 65.493000E+3 49.000000E+0 56.000000E+0 65.493000E+3
12 65.507000E+3 28.000000E+0 49.000000E+0 65.514000E+3
13 65.493000E+3 49.000000E+0 56.000000E+0 65.493000E+3
14 65.500000E+3 28.000000E+0 42.000000E+0 65.507000E+3
15 65.486000E+3 49.000000E+0 56.000000E+0 65.486000E+3
16 65.507000E+3 28.000000E+0 49.000000E+0 65.507000E+3
17 65.500000E+3 42.000000E+0 56.000000E+0 65.479000E+3
18 65.507000E+3 28.000000E+0 49.000000E+0 65.500000E+3
19 65.500000E+3 49.000000E+0 56.000000E+0 65.479000E+3
20 65.507000E+3 28.000000E+0 42.000000E+0 65.500000E+3
21 65.500000E+3 49.000000E+0 56.000000E+0 65.479000E+3
22 65.507000E+3 28.000000E+0 49.000000E+0 65.500000E+3
23 65.507000E+3 49.000000E+0 56.000000E+0 65.486000E+3
24 65.514000E+3 28.000000E+0 49.000000E+0 65.507000E+3
25 65.493000E+3 49.000000E+0 56.000000E+0 65.479000E+3
26 65.507000E+3 28.000000E+0 42.000000E+0 65.507000E+3
27 65.500000E+3 42.000000E+0 56.000000E+0 65.486000E+3
28 65.507000E+3 28.000000E+0 42.000000E+0 65.507000E+3
29 65.493000E+3 49.000000E+0 56.000000E+0 65.493000E+3
30 65.507000E+3 28.000000E+0 49.000000E+0 65.514000E+3
31 65.493000E+3 42.000000E+0 49.000000E+0 65.486000E+3
32 65.500000E+3 28.000000E+0 49.000000E+0 65.507000E+3
33 65.500000E+3 49.000000E+0 56.000000E+0 65.486000E+3
34 65.507000E+3 28.000000E+0 49.000000E+0 65.507000E+3
35 65.493000E+3 56.000000E+0 56.000000E+0 65.486000E+3
36 65.507000E+3 28.000000E+0 49.000000E+0 65.507000E+3
37 65.500000E+3 49.000000E+0 63.000000E+0 65.486000E+3
38 65.507000E+3 28.000000E+0 49.000000E+0 65.507000E+3
39 65.500000E+3 56.000000E+0 49.000000E+0 65.486000E+3
40 65.507000E+3 28.000000E+0 49.000000E+0 65.507000E+3
41 65.500000E+3 49.000000E+0 56.000000E+0 65.486000E+3
42 65.507000E+3 28.000000E+0 49.000000E+0 65.507000E+3
43 65.500000E+3 42.000000E+0 56.000000E+0 65.493000E+3
44 65.507000E+3 28.000000E+0 49.000000E+0 65.507000E+3
45 65.507000E+3 49.000000E+0 56.000000E+0 65.493000E+3
46 65.507000E+3 35.000000E+0 49.000000E+0 65.507000E+3
47 65.493000E+3 42.000000E+0 56.000000E+0 65.486000E+3
48 65.500000E+3 28.000000E+0 49.000000E+0 65.500000E+3
49 65.500000E+3 49.000000E+0 56.000000E+0 65.486000E+3
50 65.507000E+3 28.000000E+0 49.000000E+0 65.507000E+3
51 65.493000E+3 49.000000E+0 56.000000E+0 65.486000E+3
52 65.500000E+3 35.000000E+0 49.000000E+0 65.500000E+3
53 65.500000E+3 49.000000E+0 63.000000E+0 65.486000E+3
54 65.507000E+3 35.000000E+0 56.000000E+0 65.507000E+3
55 65.507000E+3 49.000000E+0 56.000000E+0 65.486000E+3
56 65.507000E+3 28.000000E+0 49.000000E+0 65.500000E+3
57 65.493000E+3 49.000000E+0 56.000000E+0 65.486000E+3
58 65.500000E+3 28.000000E+0 42.000000E+0 65.507000E+3
59 65.500000E+3 49.000000E+0 63.000000E+0 65.493000E+3
60 65.507000E+3 35.000000E+0 49.000000E+0 65.507000E+3
61 65.500000E+3 49.000000E+0 56.000000E+0 65.486000E+3
62 65.507000E+3 28.000000E+0 49.000000E+0 65.507000E+3
63 65.493000E+3 56.000000E+0 56.000000E+0 65.493000E+3
64 65.500000E+3 35.000000E+0 49.000000E+0 65.507000E+3
65 65.493000E+3 49.000000E+0 56.000000E+0 65.486000E+3
66 65.507000E+3 28.000000E+0 49.000000E+0 65.507000E+3
67 65.500000E+3 42.000000E+0 56.000000E+0 65.493000E+3
68 65.507000E+3 28.000000E+0 49.000000E+0 65.507000E+3
69 65.493000E+3 49.000000E+0 56.000000E+0 65.486000E+3
70 65.500000E+3 28.000000E+0 49.000000E+0 65.507000E+3
71 65.493000E+3 49.000000E+0 56.000000E+0 65.486000E+3
72 65.500000E+3 35.000000E+0 49.000000E+0 65.507000E+3
73 65.500000E+3 49.000000E+0 63.000000E+0 65.493000E+3
74 65.507000E+3 35.000000E+0 56.000000E+0 65.507000E+3
75 65.500000E+3 49.000000E+0 56.000000E+0 65.486000E+3
76 65.507000E+3 35.000000E+0 49.000000E+0 65.500000E+3
77 65.493000E+3 49.000000E+0 56.000000E+0 65.493000E+3
78 65.500000E+3 35.000000E+0 49.000000E+0 65.507000E+3
79 65.500000E+3 49.000000E+0 63.000000E+0 65.486000E+3
80 65.500000E+3 35.000000E+0 56.000000E+0 65.500000E+3
81 65.493000E+3 42.000000E+0 56.000000E+0 65.486000E+3
82 65.507000E+3 35.000000E+0 49.000000E+0 65.500000E+3
83 65.493000E+3 49.000000E+0 63.000000E+0 65.486000E+3
84 65.507000E+3 35.000000E+0 56.000000E+0 65.500000E+3
85 65.493000E+3 42.000000E+0 63.000000E+0 65.486000E+3
86 65.507000E+3 35.000000E+0 56.000000E+0 65.493000E+3
87 65.500000E+3 49.000000E+0 63.000000E+0 65.479000E+3
88 65.500000E+3 35.000000E+0 56.000000E+0 65.500000E+3
89 65.493000E+3 49.000000E+0 63.000000E+0 65.486000E+3
90 65.507000E+3 35.000000E+0 56.000000E+0 65.500000E+3
91 65.493000E+3 49.000000E+0 63.000000E+0 65.486000E+3
92 65.500000E+3 35.000000E+0 56.000000E+0 65.500000E+3
93 65.493000E+3 56.000000E+0 63.000000E+0 65.486000E+3
94 65.500000E+3 35.000000E+0 49.000000E+0 65.500000E+3
95 65.493000E+3 49.000000E+0 56.000000E+0 65.486000E+3
96 65.500000E+3 35.000000E+0 49.000000E+0 65.500000E+3
97 65.493000E+3 49.000000E+0 56.000000E+0 65.493000E+3
98 65.500000E+3 35.000000E+0 56.000000E+0 65.500000E+3
99 65.493000E+3 49.000000E+0 56.000000E+0 65.486000E+3
100 65.500000E+3 35.000000E+0 56.000000E+0 65.507000E+3
101 65.500000E+3 42.000000E+0 56.000000E+0 65.486000E+3
102 65.500000E+3 35.000000E+0 56.000000E+0 65.500000E+3
103 65.493000E+3 49.000000E+0 56.000000E+0 65.493000E+3
104 65.500000E+3 35.000000E+0 49.000000E+0 65.507000E+3
105 65.500000E+3 56.000000E+0 63.000000E+0 65.493000E+3
106 65.507000E+3 35.000000E+0 56.000000E+0 65.500000E+3
107 65.500000E+3 49.000000E+0 63.000000E+0 65.493000E+3
108 65.507000E+3 35.000000E+0 56.000000E+0 65.507000E+3
109 65.500000E+3 49.000000E+0 63.000000E+0 65.479000E+3
110 65.500000E+3 35.000000E+0 56.000000E+0 65.500000E+3
111 65.493000E+3 49.000000E+0 56.000000E+0 65.486000E+3
112 65.500000E+3 35.000000E+0 56.000000E+0 65.500000E+3
113 65.500000E+3 49.000000E+0 63.000000E+0 65.486000E+3
114 65.500000E+3 35.000000E+0 56.000000E+0 65.500000E+3
115 65.493000E+3 49.000000E+0 56.000000E+0 65.493000E+3
116 65.500000E+3 35.000000E+0 49.000000E+0 65.500000E+3
117 65.493000E+3 49.000000E+0 63.000000E+0 65.493000E+3
118 65.500000E+3 35.000000E+0 49.000000E+0 65.507000E+3
119 65.493000E+3 49.000000E+0 63.000000E+0 65.486000E+3
120 65.493000E+3 35.000000E+0 56.000000E+0 65.500000E+3
121 65.493000E+3 49.000000E+0 63.000000E+0 65.486000E+3
122 65.500000E+3 35.000000E+0 56.000000E+0 65.500000E+3
123 65.493000E+3 63.000000E+0 63.000000E+0 65.486000E+3
124 65.500000E+3 42.000000E+0 56.000000E+0 65.500000E+3
125 65.493000E+3 56.000000E+0 56.000000E+0 65.486000E+3
126 65.500000E+3 35.000000E+0 49.000000E+0 65.500000E+3
127 65.493000E+3 49.000000E+0 56.000000E+0 65.479000E+3
128 65.500000E+3 35.000000E+0 56.000000E+0 65.493000E+3
129 65.500000E+3 49.000000E+0 56.000000E+0 65.479000E+3
130 65.500000E+3 42.000000E+0 56.000000E+0 65.500000E+3
131 65.493000E+3 49.000000E+0 56.000000E+0 65.493000E+3
132 65.500000E+3 35.000000E+0 49.000000E+0 65.500000E+3
133 65.493000E+3 42.000000E+0 63.000000E+0 65.486000E+3
134 65.500000E+3 35.000000E+0 56.000000E+0 65.500000E+3
135 65.500000E+3 49.000000E+0 56.000000E+0 65.486000E+3
136 65.507000E+3 42.000000E+0 56.000000E+0 65.500000E+3
137 65.493000E+3 49.000000E+0 56.000000E+0 65.493000E+3
138 65.500000E+3 42.000000E+0 49.000000E+0 65.500000E+3
139 65.500000E+3 42.000000E+0 56.000000E+0 65.486000E+3
140 65.500000E+3 35.000000E+0 56.000000E+0 65.500000E+3
141 65.500000E+3 49.000000E+0 63.000000E+0 65.493000E+3
142 65.500000E+3 35.000000E+0 56.000000E+0 65.500000E+3
143 65.493000E+3 49.000000E+0 56.000000E+0 65.493000E+3
144 65.493000E+3 35.000000E+0 56.000000E+0 65.500000E+3
145 65.493000E+3 42.000000E+0 63.000000E+0 65.486000E+3
146 65.500000E+3 35.000000E+0 56.000000E+0 65.500000E+3
147 65.493000E+3 49.000000E+0 56.000000E+0 65.493000E+3
148 65.500000E+3 42.000000E+0 49.000000E+0 65.500000E+3
149 65.500000E+3 49.000000E+0 56.000000E+0 65.493000E+3
150 65.507000E+3 42.000000E+0 56.000000E+0 65.500000E+3
151 65.493000E+3 49.000000E+0 56.000000E+0 65.493000E+3
152 65.500000E+3 35.000000E+0 49.000000E+0 65.500000E+3
153 65.500000E+3 49.000000E+0 56.000000E+0 65.486000E+3
154 65.500000E+3 35.000000E+0 56.000000E+0 65.500000E+3
155 65.493000E+3 42.000000E+0 56.000000E+0 65.493000E+3
156 65.500000E+3 35.000000E+0 56.000000E+0 65.507000E+3
157 65.493000E+3 42.000000E+0 63.000000E+0 65.493000E+3
158 65.493000E+3 35.000000E+0 56.000000E+0 65.507000E+3
159 65.486000E+3 42.000000E+0 70.000000E+0 65.493000E+3
160 65.493000E+3 35.000000E+0 63.000000E+0 65.500000E+3
161 65.486000E+3 49.000000E+0 63.000000E+0 65.493000E+3
162 65.493000E+3 42.000000E+0 56.000000E+0 65.500000E+3
163 65.493000E+3 49.000000E+0 56.000000E+0 65.493000E+3
164 65.493000E+3 42.000000E+0 49.000000E+0 65.500000E+3
165 65.493000E+3 49.000000E+0 63.000000E+0 65.493000E+3
166 65.500000E+3 35.000000E+0 56.000000E+0 65.500000E+3
167 65.493000E+3 49.000000E+0 63.000000E+0 65.493000E+3
168 65.500000E+3 42.000000E+0 56.000000E+0 65.500000E+3
169 65.493000E+3 56.000000E+0 56.000000E+0 65.486000E+3
170 65.500000E+3 49.000000E+0 49.000000E+0 65.493000E+3
171 65.500000E+3 49.000000E+0 56.000000E+0 65.479000E+3
172 65.500000E+3 42.000000E+0 56.000000E+0 65.493000E+3
173 65.493000E+3 49.000000E+0 63.000000E+0 65.493000E+3
174 65.500000E+3 35.000000E+0 49.000000E+0 65.507000E+3
175 65.500000E+3 42.000000E+0 56.000000E+0 65.493000E+3
176 65.507000E+3 35.000000E+0 49.000000E+0 65.500000E+3
177 65.500000E+3 49.000000E+0 49.000000E+0 65.486000E+3
178 65.514000E+3 35.000000E+0 42.000000E+0 65.493000E+3
179 65.514000E+3 42.000000E+0 42.000000E+0 65.493000E+3
180 65.514000E+3 35.000000E+0 42.000000E+0 65.493000E+3
181 65.507000E+3 56.000000E+0 42.000000E+0 65.493000E+3
182 65.514000E+3 42.000000E+0 35.000000E+0 65.493000E+3
183 65.507000E+3 49.000000E+0 42.000000E+0 65.479000E+3
184 65.507000E+3 42.000000E+0 42.000000E+0 65.486000E+3
185 65.500000E+3 49.000000E+0 49.000000E+0 65.486000E+3
186 65.500000E+3 35.000000E+0 49.000000E+0 65.500000E+3
187 65.493000E+3 35.000000E+0 56.000000E+0 65.493000E+3
188 65.493000E+3 28.000000E+0 56.000000E+0 65.507000E+3
189 65.486000E+3 35.000000E+0 63.000000E+0 65.493000E+3
190 65.493000E+3 28.000000E+0 63.000000E+0 65.507000E+3
191 65.486000E+3 35.000000E+0 70.000000E+0 65.500000E+3
192 65.486000E+3 28.000000E+0 63.000000E+0 65.507000E+3
193 65.486000E+3 42.000000E+0 70.000000E+0 65.493000E+3
194 65.493000E+3 35.000000E+0 63.000000E+0 65.500000E+3
195 65.493000E+3 49.000000E+0 63.000000E+0 65.486000E+3
196 65.500000E+3 42.000000E+0 56.000000E+0 65.493000E+3
197 65.500000E+3 49.000000E+0 56.000000E+0 65.486000E+3
198 65.500000E+3 42.000000E+0 49.000000E+0 65.493000E+3
199 65.500000E+3 49.000000E+0 56.000000E+0 65.493000E+3
200 65.500000E+3 42.000000E+0 56.000000E+0 65.500000E+3
201 65.500000E+3 42.000000E+0 63.000000E+0 65.500000E+3
202 65.500000E+3 35.000000E+0 63.000000E+0 65.507000E+3
203 65.493000E+3 35.000000E+0 70.000000E+0 65.500000E+3
204 65.493000E+3 28.000000E+0 70.000000E+0 65.507000E+3
205 65.486000E+3 28.000000E+0 63.000000E+0 65.500000E+3
206 65.486000E+3 28.000000E+0 63.000000E+0 65.507000E+3
207 65.479000E+3 35.000000E+0 70.000000E+0 65.500000E+3
208 65.486000E+3 35.000000E+0 63.000000E+0 65.507000E+3
209 65.493000E+3 42.000000E+0 63.000000E+0 65.500000E+3
210 65.500000E+3 35.000000E+0 63.000000E+0 65.507000E+3
211 65.493000E+3 42.000000E+0 63.000000E+0 65.493000E+3
212 65.500000E+3 35.000000E+0 56.000000E+0 65.500000E+3
213 65.500000E+3 42.000000E+0 49.000000E+0 65.493000E+3
214 65.500000E+3 42.000000E+0 49.000000E+0 65.500000E+3
215 65.507000E+3 42.000000E+0 49.000000E+0 65.493000E+3
216 65.507000E+3 42.000000E+0 49.000000E+0 65.500000E+3
217 65.500000E+3 42.000000E+0 49.000000E+0 65.493000E+3
218 65.507000E+3 35.000000E+0 49.000000E+0 65.500000E+3
219 65.500000E+3 49.000000E+0 49.000000E+0 65.500000E+3
220 65.500000E+3 42.000000E+0 49.000000E+0 65.507000E+3
221 65.500000E+3 35.000000E+0 56.000000E+0 65.500000E+3
222 65.500000E+3 35.000000E+0 49.000000E+0 65.507000E+3
223 65.493000E+3 35.000000E+0 49.000000E+0 65.500000E+3
224 65.493000E+3 35.000000E+0 49.000000E+0 65.507000E+3
225 65.500000E+3 42.000000E+0 56.000000E+0 65.493000E+3
226 65.500000E+3 35.000000E+0 56.000000E+0 65.507000E+3
227 65.493000E+3 42.000000E+0 56.000000E+0 65.507000E+3
228 65.500000E+3 35.000000E+0 56.000000E+0 65.507000E+3
229 65.500000E+3 42.000000E+0 63.000000E+0 65.500000E+3
230 65.500000E+3 35.000000E+0 63.000000E+0 65.507000E+3
231 65.500000E+3 42.000000E+0 56.000000E+0 65.500000E+3
232 65.507000E+3 28.000000E+0 56.000000E+0 65.500000E+3
233 65.500000E+3 14.000000E+0 56.000000E+0 65.500000E+3
234 65.507000E+3 65.528000E+3 56.000000E+0 65.514000E+3
235 65.507000E+3 65.521000E+3 63.000000E+0 65.521000E+3
236 65.507000E+3 65.528000E+3 56.000000E+0 65.521000E+3
237 65.507000E+3 65.528000E+3 56.000000E+0 65.521000E+3
238 65.514000E+3 65.528000E+3 56.000000E+0 65.528000E+3
239 65.507000E+3 65.528000E+3 56.000000E+0 65.528000E+3
240 65.507000E+3 65.521000E+3 49.000000E+0 0.000000E+0
241 65.514000E+3 65.514000E+3 49.000000E+0 14.000000E+0
242 65.514000E+3 65.500000E+3 49.000000E+0 21.000000E+0
243 65.514000E+3 65.493000E+3 49.000000E+0 21.000000E+0
244 65.514000E+3 65.486000E+3 49.000000E+0 28.000000E+0
245 65.514000E+3 65.486000E+3 56.000000E+0 35.000000E+0
246 65.521000E+3 65.479000E+3 49.000000E+0 35.000000E+0
247 65.521000E+3 65.486000E+3 49.000000E+0 42.000000E+0
248 65.521000E+3 65.479000E+3 49.000000E+0 42.000000E+0
249 65.521000E+3 65.479000E+3 42.000000E+0 42.000000E+0
250 65.521000E+3 65.472000E+3 49.000000E+0 49.000000E+0
251 65.521000E+3 65.472000E+3 42.000000E+0 49.000000E+0
252 65.521000E+3 65.472000E+3 49.000000E+0 49.000000E+0
253 65.521000E+3 65.472000E+3 42.000000E+0 49.000000E+0
254 65.521000E+3 65.472000E+3 42.000000E+0 49.000000E+0
255 65.521000E+3 65.472000E+3 42.000000E+0 49.000000E+0
256 65.521000E+3 65.472000E+3 49.000000E+0 49.000000E+0
257 65.521000E+3 65.472000E+3 42.000000E+0 49.000000E+0
258 65.521000E+3 65.472000E+3 42.000000E+0 49.000000E+0
259 65.521000E+3 65.472000E+3 49.000000E+0 49.000000E+0
260 65.521000E+3 65.472000E+3 42.000000E+0 49.000000E+0
261 65.521000E+3 65.472000E+3 42.000000E+0 49.000000E+0
262 65.521000E+3 65.472000E+3 42.000000E+0 56.000000E+0
263 65.521000E+3 65.465000E+3 42.000000E+0 56.000000E+0
264 65.521000E+3 65.472000E+3 42.000000E+0 56.000000E+0
265 65.521000E+3 65.472000E+3 49.000000E+0 63.000000E+0
266 65.521000E+3 65.472000E+3 42.000000E+0 63.000000E+0
267 65.521000E+3 65.472000E+3 42.000000E+0 63.000000E+0
268 65.521000E+3 65.472000E+3 42.000000E+0 63.000000E+0
269 65.521000E+3 65.472000E+3 42.000000E+0 63.000000E+0
270 65.514000E+3 65.472000E+3 42.000000E+0 70.000000E+0
271 65.514000E+3 65.472000E+3 42.000000E+0 63.000000E+0
272 65.521000E+3 65.472000E+3 42.000000E+0 70.000000E+0
273 65.514000E+3 65.472000E+3 42.000000E+0 70.000000E+0
274 65.514000E+3 65.472000E+3 42.000000E+0 70.000000E+0
275 65.514000E+3 65.472000E+3 42.000000E+0 70.000000E+0
276 65.514000E+3 65.472000E+3 42.000000E+0 70.000000E+0
277 65.514000E+3 65.472000E+3 42.000000E+0 70.000000E+0
278 65.514000E+3 65.472000E+3 42.000000E+0 70.000000E+0
279 65.514000E+3 65.472000E+3 49.000000E+0 70.000000E+0
280 65.514000E+3 65.472000E+3 42.000000E+0 70.000000E+0
281 65.514000E+3 65.472000E+3 42.000000E+0 70.000000E+0
282 65.514000E+3 65.472000E+3 49.000000E+0 70.000000E+0
283 65.514000E+3 65.472000E+3 49.000000E+0 70.000000E+0
284 65.514000E+3 65.472000E+3 42.000000E+0 70.000000E+0
285 65.514000E+3 65.472000E+3 49.000000E+0 77.000000E+0
286 65.514000E+3 65.472000E+3 49.000000E+0 70.000000E+0
287 65.514000E+3 65.472000E+3 42.000000E+0 70.000000E+0
288 65.507000E+3 65.472000E+3 42.000000E+0 77.000000E+0
289 65.514000E+3 65.472000E+3 42.000000E+0 77.000000E+0
290 65.514000E+3 65.465000E+3 49.000000E+0 77.000000E+0
291 65.514000E+3 65.472000E+3 49.000000E+0 77.000000E+0
292 65.514000E+3 65.472000E+3 42.000000E+0 77.000000E+0
293 65.514000E+3 65.472000E+3 42.000000E+0 77.000000E+0
294 65.514000E+3 65.465000E+3 49.000000E+0 77.000000E+0
295 65.514000E+3 65.472000E+3 42.000000E+0 77.000000E+0
296 65.514000E+3 65.472000E+3 42.000000E+0 84.000000E+0
297 65.514000E+3 65.465000E+3 42.000000E+0 77.000000E+0
298 65.507000E+3 65.465000E+3 49.000000E+0 77.000000E+0
299 65.514000E+3 65.465000E+3 42.000000E+0 77.000000E+0
300 65.514000E+3 65.465000E+3 49.000000E+0 84.000000E+0
301 65.514000E+3 65.465000E+3 42.000000E+0 77.000000E+0
302 65.514000E+3 65.472000E+3 42.000000E+0 77.000000E+0
303 65.514000E+3 65.465000E+3 42.000000E+0 77.000000E+0
304 65.514000E+3 65.472000E+3 49.000000E+0 77.000000E+0
305 65.514000E+3 65.472000E+3 49.000000E+0 77.000000E+0
306 65.514000E+3 65.465000E+3 42.000000E+0 77.000000E+0
307 65.514000E+3 65.465000E+3 42.000000E+0 77.000000E+0
308 65.514000E+3 65.472000E+3 49.000000E+0 77.000000E+0
309 65.514000E+3 65.465000E+3 49.000000E+0 77.000000E+0
310 65.514000E+3 65.465000E+3 49.000000E+0 77.000000E+0
311 65.514000E+3 65.472000E+3 49.000000E+0 77.000000E+0
312 65.514000E+3 65.472000E+3 49.000000E+0 77.000000E+0
313 65.514000E+3 65.465000E+3 49.000000E+0 77.000000E+0
314 65.514000E+3 65.465000E+3 49.000000E+0 77.000000E+0
315 65.514000E+3 65.472000E+3 49.000000E+0 84.000000E+0
316 65.514000E+3 65.465000E+3 49.000000E+0 77.000000E+0
317 65.514000E+3 65.465000E+3 42.000000E+0 77.000000E+0
318 65.514000E+3 65.465000E+3 42.000000E+0 84.000000E+0
319 65.514000E+3 65.472000E+3 42.000000E+0 77.000000E+0
320 65.514000E+3 65.465000E+3 49.000000E+0 77.000000E+0
321 65.514000E+3 65.472000E+3 42.000000E+0 77.000000E+0
322 65.514000E+3 65.472000E+3 49.000000E+0 77.000000E+0
323 65.507000E+3 65.465000E+3 42.000000E+0 77.000000E+0
324 65.514000E+3 65.472000E+3 42.000000E+0 77.000000E+0
325 65.514000E+3 65.465000E+3 42.000000E+0 77.000000E+0
326 65.514000E+3 65.465000E+3 42.000000E+0 77.000000E+0
327 65.514000E+3 65.465000E+3 49.000000E+0 84.000000E+0
328 65.514000E+3 65.465000E+3 42.000000E+0 77.000000E+0
329 65.507000E+3 65.465000E+3 42.000000E+0 77.000000E+0
330 65.514000E+3 65.465000E+3 49.000000E+0 77.000000E+0
331 65.514000E+3 65.465000E+3 49.000000E+0 77.000000E+0
332 65.514000E+3 65.472000E+3 42.000000E+0 84.000000E+0
333 65.514000E+3 65.465000E+3 49.000000E+0 77.000000E+0
334 65.514000E+3 65.472000E+3 49.000000E+0 77.000000E+0
335 65.514000E+3 65.472000E+3 42.000000E+0 77.000000E+0
336 65.514000E+3 65.472000E+3 42.000000E+0 77.000000E+0
337 65.514000E+3 65.465000E+3 42.000000E+0 77.000000E+0
338 65.514000E+3 65.465000E+3 42.000000E+0 77.000000E+0
339 65.514000E+3 65.472000E+3 49.000000E+0 77.000000E+0
340 65.514000E+3 65.472000E+3 42.000000E+0 77.000000E+0
341 65.514000E+3 65.472000E+3 42.000000E+0 77.000000E+0
342 65.514000E+3 65.472000E+3 42.000000E+0 77.000000E+0
343 65.514000E+3 65.465000E+3 42.000000E+0 77.000000E+0
344 65.514000E+3 65.472000E+3 49.000000E+0 77.000000E+0
345 65.514000E+3 65.472000E+3 49.000000E+0 77.000000E+0
346 65.514000E+3 65.472000E+3 49.000000E+0 77.000000E+0
347 65.514000E+3 65.472000E+3 49.000000E+0 84.000000E+0
348 65.514000E+3 65.472000E+3 49.000000E+0 77.000000E+0
349 65.514000E+3 65.465000E+3 42.000000E+0 77.000000E+0
350 65.514000E+3 65.465000E+3 42.000000E+0 77.000000E+0
351 65.514000E+3 65.465000E+3 49.000000E+0 77.000000E+0
352 65.514000E+3 65.465000E+3 49.000000E+0 77.000000E+0
353 65.514000E+3 65.465000E+3 42.000000E+0 77.000000E+0
354 65.514000E+3 65.472000E+3 49.000000E+0 77.000000E+0
355 65.514000E+3 65.465000E+3 49.000000E+0 84.000000E+0
356 65.514000E+3 65.472000E+3 49.000000E+0 77.000000E+0
357 65.514000E+3 65.472000E+3 49.000000E+0 77.000000E+0
358 65.514000E+3 65.472000E+3 42.000000E+0 77.000000E+0
359 65.514000E+3 65.465000E+3 42.000000E+0 77.000000E+0
360 65.514000E+3 65.465000E+3 49.000000E+0 77.000000E+0
361 65.514000E+3 65.472000E+3 49.000000E+0 84.000000E+0
362 65.514000E+3 65.465000E+3 42.000000E+0 84.000000E+0
363 65.507000E+3 65.465000E+3 42.000000E+0 77.000000E+0
364 65.514000E+3 65.465000E+3 42.000000E+0 77.000000E+0
365 65.507000E+3 65.465000E+3 49.000000E+0 84.000000E+0
366 65.514000E+3 65.465000E+3 49.000000E+0 77.000000E+0
367 65.514000E+3 65.465000E+3 49.000000E+0 77.000000E+0
368 65.514000E+3 65.472000E+3 42.000000E+0 84.000000E+0
369 65.507000E+3 65.472000E+3 42.000000E+0 77.000000E+0
370 65.514000E+3 65.472000E+3 42.000000E+0 77.000000E+0
371 65.514000E+3 65.465000E+3 49.000000E+0 77.000000E+0
372 65.514000E+3 65.465000E+3 42.000000E+0 77.000000E+0
373 65.507000E+3 65.465000E+3 42.000000E+0 84.000000E+0
374 65.507000E+3 65.472000E+3 49.000000E+0 77.000000E+0
375 65.507000E+3 65.465000E+3 49.000000E+0 77.000000E+0
376 65.514000E+3 65.472000E+3 42.000000E+0 77.000000E+0
377 65.514000E+3 65.472000E+3 49.000000E+0 77.000000E+0
378 65.514000E+3 65.472000E+3 49.000000E+0 77.000000E+0
379 65.514000E+3 65.465000E+3 42.000000E+0 84.000000E+0
380 65.514000E+3 65.472000E+3 49.000000E+0 77.000000E+0
381 65.514000E+3 65.465000E+3 49.000000E+0 77.000000E+0
382 65.507000E+3 65.472000E+3 42.000000E+0 77.000000E+0
383 65.514000E+3 65.465000E+3 49.000000E+0 84.000000E+0
384 65.514000E+3 65.465000E+3 49.000000E+0 77.000000E+0
385 65.507000E+3 65.465000E+3 49.000000E+0 77.000000E+0
386 65.507000E+3 65.465000E+3 42.000000E+0 84.000000E+0
387 65.507000E+3 65.472000E+3 42.000000E+0 77.000000E+0
388 65.514000E+3 65.472000E+3 42.000000E+0 77.000000E+0
389 65.507000E+3 65.472000E+3 42.000000E+0 77.000000E+0
390 65.514000E+3 65.465000E+3 49.000000E+0 84.000000E+0
391 65.507000E+3 65.465000E+3 49.000000E+0 77.000000E+0
392 65.514000E+3 65.465000E+3 42.000000E+0 84.000000E+0
393 65.507000E+3 65.472000E+3 42.000000E+0 77.000000E+0
394 65.514000E+3 65.472000E+3 49.000000E+0 77.000000E+0
395 65.514000E+3 65.472000E+3 49.000000E+0 77.000000E+0
396 65.507000E+3 65.472000E+3 42.000000E+0 77.000000E+0
397 65.514000E+3 65.465000E+3 49.000000E+0 77.000000E+0
398 65.514000E+3 65.465000E+3 42.000000E+0 77.000000E+0
399 65.514000E+3 65.472000E+3 42.000000E+0 84.000000E+0
400 65.514000E+3 65.472000E+3 49.000000E+0 84.000000E+0
401 65.514000E+3 65.465000E+3 42.000000E+0 77.000000E+0
402 65.514000E+3 65.465000E+3 42.000000E+0 77.000000E+0
403 65.514000E+3 65.465000E+3 49.000000E+0 77.000000E+0
404 65.514000E+3 65.472000E+3 49.000000E+0 77.000000E+0
405 65.514000E+3 65.472000E+3 49.000000E+0 77.000000E+0
406 65.514000E+3 65.472000E+3 42.000000E+0 77.000000E+0
407 65.514000E+3 65.465000E+3 49.000000E+0 77.000000E+0
408 65.514000E+3 65.472000E+3 49.000000E+0 77.000000E+0
409 65.507000E+3 65.472000E+3 49.000000E+0 77.000000E+0
410 65.514000E+3 65.465000E+3 49.000000E+0 77.000000E+0
411 65.514000E+3 65.472000E+3 42.000000E+0 77.000000E+0
412 65.514000E+3 65.465000E+3 49.000000E+0 84.000000E+0
413 65.507000E+3 65.465000E+3 42.000000E+0 77.000000E+0
414 65.507000E+3 65.465000E+3 42.000000E+0 77.000000E+0
415 65.507000E+3 65.465000E+3 49.000000E+0 77.000000E+0
416 65.507000E+3 65.465000E+3 49.000000E+0 77.000000E+0
417 65.514000E+3 65.465000E+3 42.000000E+0 84.000000E+0
418 65.514000E+3 65.465000E+3 42.000000E+0 77.000000E+0
419 65.514000E+3 65.465000E+3 42.000000E+0 77.000000E+0
420 65.514000E+3 65.472000E+3 42.000000E+0 84.000000E+0
421 65.514000E+3 65.465000E+3 49.000000E+0 77.000000E+0
422 65.507000E+3 65.465000E+3 42.000000E+0 77.000000E+0
423 65.507000E+3 65.465000E+3 49.000000E+0 77.000000E+0
424 65.514000E+3 65.472000E+3 49.000000E+0 77.000000E+0
425 65.507000E+3 65.465000E+3 42.000000E+0 84.000000E+0
426 65.514000E+3 65.472000E+3 49.000000E+0 77.000000E+0
427 65.507000E+3 65.465000E+3 42.000000E+0 77.000000E+0
428 65.514000E+3 65.472000E+3 49.000000E+0 77.000000E+0
429 65.514000E+3 65.465000E+3 42.000000E+0 77.000000E+0
430 65.507000E+3 65.472000E+3 42.000000E+0 77.000000E+0
431 65.507000E+3 65.465000E+3 42.000000E+0 77.000000E+0
432 65.514000E+3 65.465000E+3 42.000000E+0 77.000000E+0
433 65.514000E+3 65.472000E+3 49.000000E+0 77.000000E+0
434 65.514000E+3 65.465000E+3 42.000000E+0 84.000000E+0
435 65.514000E+3 65.472000E+3 49.000000E+0 84.000000E+0
436 65.507000E+3 65.465000E+3 42.000000E+0 77.000000E+0
437 65.514000E+3 65.465000E+3 49.000000E+0 77.000000E+0
438 65.514000E+3 65.472000E+3 42.000000E+0 77.000000E+0
439 65.507000E+3 65.465000E+3 49.000000E+0 77.000000E+0
440 65.514000E+3 65.465000E+3 49.000000E+0 77.000000E+0
441 65.514000E+3 65.472000E+3 42.000000E+0 77.000000E+0
442 65.514000E+3 65.465000E+3 42.000000E+0 77.000000E+0
443 65.507000E+3 65.465000E+3 49.000000E+0 77.000000E+0
444 65.507000E+3 65.472000E+3 49.000000E+0 77.000000E+0
445 65.514000E+3 65.465000E+3 49.000000E+0 77.000000E+0
446 65.507000E+3 65.465000E+3 49.000000E+0 77.000000E+0
447 65.514000E+3 65.472000E+3 42.000000E+0 77.000000E+0
448 65.507000E+3 65.472000E+3 42.000000E+0 77.000000E+0
449 65.514000E+3 65.465000E+3 42.000000E+0 77.000000E+0
450 65.514000E+3 65.465000E+3 49.000000E+0 84.000000E+0
451 65.507000E+3 65.465000E+3 42.000000E+0 77.000000E+0
452 65.514000E+3 65.465000E+3 49.000000E+0 77.000000E+0
453 65.507000E+3 65.472000E+3 42.000000E+0 77.000000E+0
454 65.514000E+3 65.472000E+3 42.000000E+0 77.000000E+0
455 65.507000E+3 65.472000E+3 49.000000E+0 77.000000E+0
456 65.507000E+3 65.472000E+3 49.000000E+0 77.000000E+0
457 65.514000E+3 65.472000E+3 42.000000E+0 77.000000E+0
458 65.514000E+3 65.465000E+3 42.000000E+0 77.000000E+0
459 65.507000E+3 65.472000E+3 42.000000E+0 77.000000E+0
460 65.507000E+3 65.465000E+3 42.000000E+0 77.000000E+0
461 65.514000E+3 65.465000E+3 49.000000E+0 77.000000E+0
462 65.514000E+3 65.465000E+3 42.000000E+0 77.000000E+0
463 65.514000E+3 65.465000E+3 42.000000E+0 77.000000E+0
464 65.507000E+3 65.465000E+3 42.000000E+0 77.000000E+0
465 65.507000E+3 65.472000E+3 49.000000E+0 77.000000E+0
466 65.514000E+3 65.465000E+3 42.000000E+0 77.000000E+0
467 65.507000E+3 65.465000E+3 42.000000E+0 77.000000E+0
468 65.514000E+3 65.465000E+3 49.000000E+0 77.000000E+0
469 65.507000E+3 65.465000E+3 49.000000E+0 77.000000E+0
470 65.507000E+3 65.465000E+3 49.000000E+0 84.000000E+0
471 65.507000E+3 65.472000E+3 42.000000E+0 77.000000E+0
472 65.514000E+3 65.472000E+3 49.000000E+0 84.000000E+0
473 65.507000E+3 65.472000E+3 49.000000E+0 77.000000E+0
474 65.507000E+3 65.465000E+3 42.000000E+0 77.000000E+0
475 65.507000E+3 65.465000E+3 42.000000E+0 77.000000E+0
476 65.514000E+3 65.472000E+3 49.000000E+0 77.000000E+0
477 65.514000E+3 65.472000E+3 49.000000E+0 77.000000E+0
478 65.514000E+3 65.472000E+3 49.000000E+0 77.000000E+0
479 65.507000E+3 65.465000E+3 42.000000E+0 77.000000E+0
480 65.514000E+3 65.465000E+3 42.000000E+0 84.000000E+0
481 65.514000E+3 65.465000E+3 42.000000E+0 84.000000E+0
482 65.507000E+3 65.465000E+3 42.000000E+0 77.000000E+0
483 65.507000E+3 65.472000E+3 49.000000E+0 77.000000E+0
484 65.514000E+3 65.472000E+3 42.000000E+0 77.000000E+0
485 65.514000E+3 65.465000E+3 49.000000E+0 77.000000E+0
486 65.514000E+3 65.465000E+3 49.000000E+0 77.000000E+0
487 65.507000E+3 65.472000E+3 42.000000E+0 77.000000E+0
488 65.507000E+3 65.465000E+3 42.000000E+0 77.000000E+0
489 65.514000E+3 65.465000E+3 49.000000E+0 77.000000E+0
490 65.514000E+3 65.465000E+3 49.000000E+0 77.000000E+0
491 65.507000E+3 65.472000E+3 49.000000E+0 77.000000E+0
492 65.514000E+3 65.472000E+3 42.000000E+0 77.000000E+0
493 65.507000E+3 65.465000E+3 42.000000E+0 77.000000E+0
494 65.514000E+3 65.472000E+3 49.000000E+0 77.000000E+0
495 65.507000E+3 65.465000E+3 42.000000E+0 77.000000E+0
496 65.514000E+3 65.472000E+3 49.000000E+0 84.000000E+0
497 65.507000E+3 65.472000E+3 49.000000E+0 77.000000E+0
498 65.507000E+3 65.465000E+3 49.000000E+0 77.000000E+0
499 65.507000E+3 65.465000E+3 49.000000E+0 77.000000E+0
500 65.514000E+3 65.472000E+3 42.000000E+0 77.000000E+0
501 65.514000E+3 65.465000E+3 42.000000E+0 77.000000E+0
502 65.507000E+3 65.465000E+3 42.000000E+0 77.000000E+0
503 65.507000E+3 65.465000E+3 42.000000E+0 77.000000E+0
504 65.514000E+3 65.465000E+3 42.000000E+0 77.000000E+0
505 65.514000E+3 65.465000E+3 56.000000E+0 49.000000E+0
506 65.507000E+3 65.465000E+3 63.000000E+0 56.000000E+0
507 65.514000E+3 65.465000E+3 133.000000E+0 65.479000E+3
508 65.514000E+3 65.437000E+3 119.000000E+0 65.514000E+3
509 65.514000E+3 65.416000E+3 225.000000E+0 65.325000E+3
510 65.514000E+3 65.395000E+3 182.000000E+0 65.430000E+3
511 65.521000E+3 65.374000E+3 288.000000E+0 65.247000E+3
512 65.521000E+3 65.353000E+3 225.000000E+0 65.367000E+3
513 14.000000E+0 65.332000E+3 351.000000E+0 65.156000E+3
514 28.000000E+0 65.325000E+3 288.000000E+0 65.353000E+3
515 28.000000E+0 65.318000E+3 428.000000E+0 65.142000E+3
516 28.000000E+0 65.318000E+3 365.000000E+0 65.346000E+3
517 35.000000E+0 65.325000E+3 471.000000E+0 65.212000E+3
518 14.000000E+0 65.325000E+3 386.000000E+0 65.395000E+3
519 65.528000E+3 65.318000E+3 471.000000E+0 65.240000E+3
520 65.514000E+3 65.325000E+3 358.000000E+0 65.381000E+3
521 65.514000E+3 65.325000E+3 407.000000E+0 65.289000E+3
522 65.493000E+3 65.325000E+3 253.000000E+0 65.395000E+3
523 65.486000E+3 65.318000E+3 281.000000E+0 65.311000E+3
524 65.479000E+3 65.325000E+3 175.000000E+0 65.388000E+3
525 65.472000E+3 65.318000E+3 217.000000E+0 65.360000E+3
526 65.472000E+3 65.318000E+3 168.000000E+0 65.423000E+3
527 65.486000E+3 65.325000E+3 203.000000E+0 65.444000E+3
528 65.486000E+3 65.325000E+3 168.000000E+0 65.472000E+3
529 65.500000E+3 65.325000E+3 196.000000E+0 7.000000E+0
530 65.500000E+3 65.325000E+3 175.000000E+0 0.000000E+0
531 65.500000E+3 65.325000E+3 154.000000E+0 98.000000E+0
532 65.493000E+3 65.325000E+3 133.000000E+0 35.000000E+0
533 65.486000E+3 65.318000E+3 77.000000E+0 154.000000E+0
534 65.479000E+3 65.318000E+3 63.000000E+0 56.000000E+0
535 65.479000E+3 65.325000E+3 65.521000E+3 203.000000E+0
536 65.479000E+3 65.318000E+3 0.000000E+0 77.000000E+0
537 65.486000E+3 65.318000E+3 65.444000E+3 260.000000E+0
538 65.479000E+3 65.311000E+3 65.479000E+3 112.000000E+0
539 65.486000E+3 65.318000E+3 65.381000E+3 330.000000E+0
540 65.479000E+3 65.311000E+3 65.437000E+3 126.000000E+0
541 65.486000E+3 65.311000E+3 65.339000E+3 351.000000E+0
542 65.479000E+3 65.311000E+3 65.409000E+3 140.000000E+0
543 65.486000E+3 65.303000E+3 65.303000E+3 337.000000E+0
544 65.472000E+3 65.296000E+3 65.381000E+3 147.000000E+0
545 65.500000E+3 65.289000E+3 65.268000E+3 337.000000E+0
546 65.479000E+3 65.325000E+3 65.332000E+3 281.000000E+0
547 65.514000E+3 65.332000E+3 65.247000E+3 492.000000E+0
548 65.493000E+3 65.353000E+3 65.346000E+3 435.000000E+0
549 28.000000E+0 65.353000E+3 65.325000E+3 499.000000E+0
550 7.000000E+0 65.402000E+3 65.402000E+3 428.000000E+0
551 119.000000E+0 65.381000E+3 65.388000E+3 379.000000E+0
552 77.000000E+0 65.409000E+3 65.451000E+3 344.000000E+0
553 182.000000E+0 65.360000E+3 65.416000E+3 260.000000E+0
554 133.000000E+0 65.367000E+3 65.465000E+3 246.000000E+0
555 161.000000E+0 65.395000E+3 65.430000E+3 203.000000E+0
556 119.000000E+0 65.402000E+3 65.465000E+3 203.000000E+0
557 63.000000E+0 28.000000E+0 65.437000E+3 182.000000E+0
558 49.000000E+0 21.000000E+0 65.451000E+3 182.000000E+0
559 65.472000E+3 274.000000E+0 65.423000E+3 168.000000E+0
560 65.472000E+3 147.000000E+0 65.444000E+3 168.000000E+0
561 65.339000E+3 351.000000E+0 65.423000E+3 161.000000E+0
562 65.388000E+3 175.000000E+0 65.437000E+3 161.000000E+0
563 65.247000E+3 386.000000E+0 65.423000E+3 161.000000E+0
564 65.325000E+3 175.000000E+0 65.430000E+3 154.000000E+0
565 65.184000E+3 386.000000E+0 65.416000E+3 147.000000E+0
566 65.289000E+3 175.000000E+0 65.423000E+3 154.000000E+0
567 65.149000E+3 365.000000E+0 65.409000E+3 154.000000E+0
568 65.261000E+3 161.000000E+0 65.416000E+3 154.000000E+0
569 65.149000E+3 337.000000E+0 65.416000E+3 154.000000E+0
570 65.261000E+3 161.000000E+0 65.416000E+3 154.000000E+0
571 65.156000E+3 288.000000E+0 65.416000E+3 154.000000E+0
572 65.268000E+3 147.000000E+0 65.423000E+3 154.000000E+0
573 65.177000E+3 217.000000E+0 65.423000E+3 154.000000E+0
574 65.275000E+3 112.000000E+0 65.423000E+3 154.000000E+0
575 65.198000E+3 140.000000E+0 65.416000E+3 154.000000E+0
576 65.289000E+3 84.000000E+0 65.416000E+3 154.000000E+0
577 65.247000E+3 70.000000E+0 65.416000E+3 154.000000E+0
578 65.325000E+3 56.000000E+0 65.423000E+3 154.000000E+0
579 65.296000E+3 65.528000E+3 65.423000E+3 154.000000E+0
580 65.360000E+3 7.000000E+0 65.437000E+3 154.000000E+0
581 65.353000E+3 65.437000E+3 65.430000E+3 154.000000E+0
582 65.395000E+3 65.500000E+3 65.437000E+3 154.000000E+0
583 65.416000E+3 65.360000E+3 65.430000E+3 154.000000E+0
584 65.430000E+3 65.472000E+3 65.444000E+3 154.000000E+0
585 65.479000E+3 65.296000E+3 65.437000E+3 154.000000E+0
586 65.479000E+3 65.437000E+3 65.451000E+3 154.000000E+0
587 21.000000E+0 65.247000E+3 65.444000E+3 154.000000E+0
588 0.000000E+0 65.423000E+3 65.451000E+3 154.000000E+0
589 84.000000E+0 65.191000E+3 65.451000E+3 161.000000E+0
590 49.000000E+0 65.416000E+3 65.465000E+3 161.000000E+0
591 147.000000E+0 65.184000E+3 65.451000E+3 161.000000E+0
592 91.000000E+0 65.416000E+3 65.472000E+3 161.000000E+0
593 175.000000E+0 65.184000E+3 65.444000E+3 168.000000E+0
594 112.000000E+0 65.416000E+3 65.472000E+3 168.000000E+0
595 203.000000E+0 65.205000E+3 65.451000E+3 182.000000E+0
596 126.000000E+0 65.402000E+3 65.465000E+3 182.000000E+0
597 189.000000E+0 65.311000E+3 65.416000E+3 210.000000E+0
598 126.000000E+0 65.388000E+3 65.479000E+3 196.000000E+0
599 182.000000E+0 65.332000E+3 65.416000E+3 189.000000E+0
600 147.000000E+0 65.332000E+3 65.465000E+3 154.000000E+0
601 189.000000E+0 65.402000E+3 65.395000E+3 168.000000E+0
602 140.000000E+0 65.402000E+3 65.451000E+3 147.000000E+0
603 168.000000E+0 65.451000E+3 65.395000E+3 147.000000E+0
604 126.000000E+0 65.444000E+3 65.444000E+3 126.000000E+0
605 147.000000E+0 65.458000E+3 65.472000E+3 21.000000E+0
606 119.000000E+0 65.444000E+3 65.500000E+3 35.000000E+0
607 140.000000E+0 65.451000E+3 49.000000E+0 65.374000E+3
608 105.000000E+0 65.423000E+3 49.000000E+0 65.437000E+3
609 126.000000E+0 65.395000E+3 168.000000E+0 65.233000E+3
610 105.000000E+0 65.367000E+3 133.000000E+0 65.374000E+3
611 112.000000E+0 65.360000E+3 260.000000E+0 65.177000E+3
612 91.000000E+0 65.353000E+3 189.000000E+0 65.339000E+3
613 105.000000E+0 65.346000E+3 330.000000E+0 65.114000E+3
614 98.000000E+0 65.346000E+3 246.000000E+0 65.318000E+3
615 105.000000E+0 65.339000E+3 393.000000E+0 65.142000E+3
616 98.000000E+0 65.339000E+3 295.000000E+0 65.360000E+3
617 112.000000E+0 65.346000E+3 407.000000E+0 65.177000E+3
618 98.000000E+0 65.346000E+3 309.000000E+0 65.339000E+3
619 105.000000E+0 65.346000E+3 414.000000E+0 65.233000E+3
620 91.000000E+0 65.346000E+3 309.000000E+0 65.381000E+3
621 84.000000E+0 65.339000E+3 393.000000E+0 65.289000E+3
622 70.000000E+0 65.346000E+3 281.000000E+0 65.395000E+3
623 70.000000E+0 65.346000E+3 358.000000E+0 65.353000E+3
624 63.000000E+0 65.346000E+3 267.000000E+0 65.430000E+3
625 70.000000E+0 65.346000E+3 323.000000E+0 65.430000E+3
626 63.000000E+0 65.346000E+3 239.000000E+0 65.465000E+3
627 70.000000E+0 65.346000E+3 281.000000E+0 65.500000E+3
628 63.000000E+0 65.346000E+3 210.000000E+0 65.507000E+3
629 63.000000E+0 65.346000E+3 232.000000E+0 56.000000E+0
630 49.000000E+0 65.346000E+3 175.000000E+0 21.000000E+0
631 56.000000E+0 65.346000E+3 161.000000E+0 140.000000E+0
632 49.000000E+0 65.346000E+3 133.000000E+0 63.000000E+0
633 49.000000E+0 65.346000E+3 105.000000E+0 210.000000E+0
634 42.000000E+0 65.339000E+3 91.000000E+0 84.000000E+0
635 42.000000E+0 65.339000E+3 35.000000E+0 260.000000E+0
636 35.000000E+0 65.332000E+3 35.000000E+0 112.000000E+0
637 35.000000E+0 65.332000E+3 65.493000E+3 330.000000E+0
638 14.000000E+0 65.332000E+3 65.514000E+3 133.000000E+0
639 21.000000E+0 65.332000E+3 65.416000E+3 358.000000E+0
640 7.000000E+0 65.332000E+3 65.465000E+3 147.000000E+0
641 35.000000E+0 65.325000E+3 65.374000E+3 351.000000E+0
642 21.000000E+0 65.325000E+3 65.437000E+3 147.000000E+0
643 49.000000E+0 65.318000E+3 65.346000E+3 323.000000E+0
644 21.000000E+0 65.318000E+3 65.409000E+3 140.000000E+0
645 63.000000E+0 65.296000E+3 65.332000E+3 260.000000E+0
646 28.000000E+0 65.296000E+3 65.395000E+3 154.000000E+0
647 84.000000E+0 65.303000E+3 65.318000E+3 253.000000E+0
648 42.000000E+0 65.367000E+3 65.374000E+3 253.000000E+0
649 133.000000E+0 65.360000E+3 65.346000E+3 267.000000E+0
650 70.000000E+0 65.409000E+3 65.388000E+3 267.000000E+0
651 154.000000E+0 65.388000E+3 65.367000E+3 203.000000E+0
652 91.000000E+0 65.409000E+3 65.416000E+3 203.000000E+0
653 112.000000E+0 65.458000E+3 65.381000E+3 154.000000E+0
654 63.000000E+0 65.465000E+3 65.416000E+3 154.000000E+0
655 7.000000E+0 84.000000E+0 65.395000E+3 126.000000E+0
656 0.000000E+0 49.000000E+0 65.423000E+3 126.000000E+0
657 65.423000E+3 274.000000E+0 65.402000E+3 126.000000E+0
658 65.451000E+3 140.000000E+0 65.430000E+3 126.000000E+0
659 65.332000E+3 358.000000E+0 65.409000E+3 133.000000E+0
660 65.395000E+3 196.000000E+0 65.430000E+3 140.000000E+0
661 65.261000E+3 393.000000E+0 65.409000E+3 140.000000E+0
662 65.346000E+3 196.000000E+0 65.423000E+3 147.000000E+0
663 65.205000E+3 386.000000E+0 65.409000E+3 140.000000E+0
664 65.303000E+3 196.000000E+0 65.409000E+3 140.000000E+0
665 65.163000E+3 358.000000E+0 65.388000E+3 147.000000E+0
666 65.268000E+3 182.000000E+0 65.395000E+3 140.000000E+0
667 65.149000E+3 323.000000E+0 65.381000E+3 140.000000E+0
668 65.261000E+3 168.000000E+0 65.381000E+3 140.000000E+0
669 65.149000E+3 267.000000E+0 65.367000E+3 140.000000E+0
670 65.261000E+3 140.000000E+0 65.374000E+3 140.000000E+0
671 65.170000E+3 210.000000E+0 65.374000E+3 140.000000E+0
672 65.268000E+3 112.000000E+0 65.374000E+3 140.000000E+0
673 65.198000E+3 133.000000E+0 65.367000E+3 140.000000E+0
674 65.289000E+3 84.000000E+0 65.374000E+3 140.000000E+0
675 65.240000E+3 70.000000E+0 65.374000E+3 140.000000E+0
676 65.325000E+3 56.000000E+0 65.381000E+3 140.000000E+0
677 65.296000E+3 65.521000E+3 65.381000E+3 140.000000E+0
678 65.360000E+3 7.000000E+0 65.388000E+3 140.000000E+0
679 65.346000E+3 65.437000E+3 65.381000E+3 140.000000E+0
680 65.395000E+3 65.500000E+3 65.395000E+3 140.000000E+0
681 65.409000E+3 65.367000E+3 65.381000E+3 140.000000E+0
682 65.430000E+3 65.472000E+3 65.388000E+3 140.000000E+0
683 65.465000E+3 65.289000E+3 65.395000E+3 140.000000E+0
684 65.472000E+3 65.437000E+3 65.402000E+3 140.000000E+0
685 7.000000E+0 65.240000E+3 65.388000E+3 140.000000E+0
686 65.528000E+3 65.423000E+3 65.402000E+3 140.000000E+0
687 77.000000E+0 65.191000E+3 65.395000E+3 147.000000E+0
688 42.000000E+0 65.416000E+3 65.409000E+3 147.000000E+0
689 140.000000E+0 65.184000E+3 65.395000E+3 147.000000E+0
690 91.000000E+0 65.409000E+3 65.409000E+3 147.000000E+0
691 175.000000E+0 65.177000E+3 65.388000E+3 154.000000E+0
692 105.000000E+0 65.423000E+3 65.409000E+3 161.000000E+0
693 196.000000E+0 65.198000E+3 65.374000E+3 168.000000E+0
694 119.000000E+0 65.395000E+3 65.402000E+3 161.000000E+0
695 182.000000E+0 65.282000E+3 65.353000E+3 196.000000E+0
696 112.000000E+0 65.458000E+3 65.381000E+3 196.000000E+0
697 161.000000E+0 65.416000E+3 65.311000E+3 225.000000E+0
698 112.000000E+0 65.416000E+3 65.374000E+3 203.000000E+0
699 154.000000E+0 65.479000E+3 65.318000E+3 217.000000E+0
700 105.000000E+0 65.472000E+3 65.381000E+3 189.000000E+0
701 140.000000E+0 65.521000E+3 65.325000E+3 189.000000E+0
702 98.000000E+0 65.500000E+3 65.381000E+3 168.000000E+0
703 133.000000E+0 65.507000E+3 65.416000E+3 63.000000E+0
704 105.000000E+0 65.472000E+3 65.451000E+3 63.000000E+0
705 126.000000E+0 65.465000E+3 0.000000E+0 65.395000E+3
706 98.000000E+0 65.430000E+3 7.000000E+0 65.458000E+3
707 119.000000E+0 65.395000E+3 147.000000E+0 65.233000E+3
708 91.000000E+0 65.360000E+3 126.000000E+0 65.374000E+3
709 105.000000E+0 65.346000E+3 267.000000E+0 65.177000E+3
710 84.000000E+0 65.346000E+3 196.000000E+0 65.346000E+3
711 98.000000E+0 65.339000E+3 344.000000E+0 65.114000E+3
712 98.000000E+0 65.339000E+3 274.000000E+0 65.325000E+3
713 98.000000E+0 65.332000E+3 421.000000E+0 65.142000E+3
714 84.000000E+0 65.332000E+3 330.000000E+0 65.367000E+3
715 91.000000E+0 65.339000E+3 442.000000E+0 65.191000E+3
716 70.000000E+0 65.332000E+3 330.000000E+0 65.353000E+3
717 63.000000E+0 65.332000E+3 435.000000E+0 65.233000E+3
718 35.000000E+0 65.332000E+3 309.000000E+0 65.381000E+3
719 7.000000E+0 65.332000E+3 400.000000E+0 65.296000E+3
720 0.000000E+0 65.332000E+3 274.000000E+0 65.395000E+3
721 0.000000E+0 65.332000E+3 358.000000E+0 65.353000E+3
722 0.000000E+0 65.332000E+3 246.000000E+0 65.423000E+3
723 7.000000E+0 65.332000E+3 316.000000E+0 65.423000E+3
724 7.000000E+0 65.332000E+3 225.000000E+0 65.458000E+3
725 7.000000E+0 65.332000E+3 267.000000E+0 65.500000E+3
726 7.000000E+0 65.332000E+3 203.000000E+0 65.500000E+3
727 14.000000E+0 65.332000E+3 225.000000E+0 56.000000E+0
728 7.000000E+0 65.332000E+3 175.000000E+0 21.000000E+0
729 14.000000E+0 65.332000E+3 168.000000E+0 133.000000E+0
730 14.000000E+0 65.332000E+3 140.000000E+0 63.000000E+0
731 14.000000E+0 65.332000E+3 112.000000E+0 217.000000E+0
732 0.000000E+0 65.332000E+3 98.000000E+0 91.000000E+0
733 7.000000E+0 65.325000E+3 42.000000E+0 274.000000E+0
734 65.528000E+3 65.325000E+3 42.000000E+0 105.000000E+0
735 0.000000E+0 65.325000E+3 65.493000E+3 323.000000E+0
736 65.528000E+3 65.325000E+3 65.507000E+3 126.000000E+0
737 7.000000E+0 65.325000E+3 65.416000E+3 358.000000E+0
738 65.528000E+3 65.325000E+3 65.458000E+3 147.000000E+0
739 14.000000E+0 65.318000E+3 65.367000E+3 358.000000E+0
740 65.528000E+3 65.318000E+3 65.430000E+3 147.000000E+0
741 21.000000E+0 65.311000E+3 65.332000E+3 330.000000E+0
742 65.528000E+3 65.311000E+3 65.402000E+3 133.000000E+0
743 35.000000E+0 65.289000E+3 65.318000E+3 302.000000E+0
744 0.000000E+0 65.339000E+3 65.360000E+3 267.000000E+0
745 49.000000E+0 65.360000E+3 65.303000E+3 386.000000E+0
746 7.000000E+0 65.409000E+3 65.374000E+3 351.000000E+0
747 112.000000E+0 65.381000E+3 65.367000E+3 344.000000E+0
748 63.000000E+0 65.416000E+3 65.437000E+3 309.000000E+0
749 161.000000E+0 65.367000E+3 65.416000E+3 246.000000E+0
750 105.000000E+0 65.374000E+3 65.465000E+3 253.000000E+0
751 133.000000E+0 65.402000E+3 65.423000E+3 196.000000E+0
752 98.000000E+0 65.402000E+3 65.458000E+3 196.000000E+0
753 56.000000E+0 28.000000E+0 65.409000E+3 175.000000E+0
754 42.000000E+0 14.000000E+0 65.430000E+3 168.000000E+0
755 65.444000E+3 260.000000E+0 65.416000E+3 161.000000E+0
756 65.465000E+3 140.000000E+0 65.430000E+3 161.000000E+0
757 65.339000E+3 351.000000E+0 65.416000E+3 154.000000E+0
758 65.395000E+3 175.000000E+0 65.430000E+3 161.000000E+0
759 65.254000E+3 386.000000E+0 65.402000E+3 161.000000E+0
760 65.339000E+3 175.000000E+0 65.416000E+3 161.000000E+0
761 65.191000E+3 393.000000E+0 65.402000E+3 154.000000E+0
762 65.296000E+3 168.000000E+0 65.402000E+3 154.000000E+0
763 65.156000E+3 386.000000E+0 65.388000E+3 154.000000E+0
764 65.261000E+3 168.000000E+0 65.395000E+3 154.000000E+0
765 65.149000E+3 337.000000E+0 65.381000E+3 154.000000E+0
766 65.261000E+3 161.000000E+0 65.381000E+3 154.000000E+0
767 65.149000E+3 281.000000E+0 65.374000E+3 154.000000E+0
768 65.261000E+3 140.000000E+0 65.374000E+3 154.000000E+0
769 65.170000E+3 217.000000E+0 65.374000E+3 154.000000E+0
770 65.275000E+3 112.000000E+0 65.374000E+3 154.000000E+0
771 65.191000E+3 140.000000E+0 65.367000E+3 154.000000E+0
772 65.289000E+3 84.000000E+0 65.367000E+3 154.000000E+0
773 65.240000E+3 70.000000E+0 65.367000E+3 154.000000E+0
774 65.318000E+3 56.000000E+0 65.374000E+3 154.000000E+0
775 65.289000E+3 65.521000E+3 65.374000E+3 154.000000E+0
776 65.353000E+3 7.000000E+0 65.374000E+3 147.000000E+0
777 65.346000E+3 65.437000E+3 65.374000E+3 154.000000E+0
778 65.388000E+3 65.500000E+3 65.381000E+3 154.000000E+0
779 65.409000E+3 65.367000E+3 65.374000E+3 154.000000E+0
780 65.430000E+3 65.472000E+3 65.381000E+3 154.000000E+0
781 65.472000E+3 65.289000E+3 65.374000E+3 154.000000E+0
782 65.472000E+3 65.444000E+3 65.388000E+3 154.000000E+0
783 7.000000E+0 65.240000E+3 65.374000E+3 154.000000E+0
784 0.000000E+0 65.430000E+3 65.381000E+3 154.000000E+0
785 84.000000E+0 65.198000E+3 65.374000E+3 161.000000E+0
786 49.000000E+0 65.416000E+3 65.388000E+3 161.000000E+0
787 140.000000E+0 65.184000E+3 65.374000E+3 161.000000E+0
788 84.000000E+0 65.409000E+3 65.388000E+3 161.000000E+0
789 175.000000E+0 65.191000E+3 65.360000E+3 168.000000E+0
790 105.000000E+0 65.423000E+3 65.381000E+3 168.000000E+0
791 203.000000E+0 65.198000E+3 65.346000E+3 182.000000E+0
792 119.000000E+0 65.395000E+3 65.374000E+3 175.000000E+0
793 189.000000E+0 65.296000E+3 65.318000E+3 203.000000E+0
794 112.000000E+0 65.465000E+3 65.346000E+3 203.000000E+0
795 161.000000E+0 65.437000E+3 65.275000E+3 246.000000E+0
796 105.000000E+0 65.444000E+3 65.325000E+3 232.000000E+0
797 140.000000E+0 65.507000E+3 65.268000E+3 246.000000E+0
798 98.000000E+0 65.507000E+3 65.325000E+3 217.000000E+0
799 126.000000E+0 14.000000E+0 65.268000E+3 225.000000E+0
800 77.000000E+0 0.000000E+0 65.325000E+3 203.000000E+0
801 133.000000E+0 7.000000E+0 65.360000E+3 98.000000E+0
802 91.000000E+0 65.514000E+3 65.395000E+3 98.000000E+0
803 126.000000E+0 65.500000E+3 65.486000E+3 65.423000E+3
804 98.000000E+0 65.444000E+3 65.486000E+3 65.465000E+3
805 119.000000E+0 65.416000E+3 91.000000E+0 65.233000E+3
806 98.000000E+0 65.374000E+3 84.000000E+0 65.367000E+3
807 112.000000E+0 65.346000E+3 246.000000E+0 65.163000E+3
808 91.000000E+0 65.339000E+3 182.000000E+0 65.346000E+3
809 105.000000E+0 65.332000E+3 330.000000E+0 65.114000E+3
810 105.000000E+0 65.332000E+3 267.000000E+0 65.311000E+3
811 119.000000E+0 65.332000E+3 421.000000E+0 65.142000E+3
812 112.000000E+0 65.332000E+3 337.000000E+0 65.374000E+3
813 112.000000E+0 65.339000E+3 457.000000E+0 65.191000E+3
814 91.000000E+0 65.332000E+3 337.000000E+0 65.381000E+3
815 70.000000E+0 65.332000E+3 442.000000E+0 65.226000E+3
816 42.000000E+0 65.332000E+3 316.000000E+0 65.374000E+3
817 14.000000E+0 65.332000E+3 393.000000E+0 65.275000E+3
818 0.000000E+0 65.339000E+3 274.000000E+0 65.388000E+3
819 7.000000E+0 65.339000E+3 351.000000E+0 65.346000E+3
820 0.000000E+0 65.332000E+3 239.000000E+0 65.416000E+3
821 14.000000E+0 65.339000E+3 302.000000E+0 65.416000E+3
822 14.000000E+0 65.332000E+3 217.000000E+0 65.451000E+3
823 21.000000E+0 65.339000E+3 260.000000E+0 65.493000E+3
824 28.000000E+0 65.339000E+3 196.000000E+0 65.500000E+3
825 28.000000E+0 65.339000E+3 225.000000E+0 56.000000E+0
826 28.000000E+0 65.339000E+3 182.000000E+0 21.000000E+0
827 28.000000E+0 65.339000E+3 168.000000E+0 140.000000E+0
828 7.000000E+0 65.332000E+3 140.000000E+0 56.000000E+0
829 7.000000E+0 65.339000E+3 112.000000E+0 217.000000E+0
830 0.000000E+0 65.332000E+3 105.000000E+0 91.000000E+0
831 0.000000E+0 65.325000E+3 42.000000E+0 281.000000E+0
832 0.000000E+0 65.332000E+3 42.000000E+0 112.000000E+0
833 7.000000E+0 65.325000E+3 65.493000E+3 330.000000E+0
834 0.000000E+0 65.325000E+3 65.514000E+3 126.000000E+0
835 14.000000E+0 65.332000E+3 65.416000E+3 365.000000E+0
836 0.000000E+0 65.325000E+3 65.465000E+3 147.000000E+0
837 28.000000E+0 65.318000E+3 65.367000E+3 358.000000E+0
838 7.000000E+0 65.318000E+3 65.430000E+3 147.000000E+0
839 35.000000E+0 65.311000E+3 65.339000E+3 323.000000E+0
840 7.000000E+0 65.311000E+3 65.402000E+3 133.000000E+0
841 49.000000E+0 65.296000E+3 65.325000E+3 274.000000E+0
842 14.000000E+0 65.318000E+3 65.374000E+3 217.000000E+0
843 63.000000E+0 65.346000E+3 65.303000E+3 337.000000E+0
844 14.000000E+0 65.402000E+3 65.374000E+3 316.000000E+0
845 119.000000E+0 65.374000E+3 65.339000E+3 316.000000E+0
846 70.000000E+0 65.409000E+3 65.402000E+3 288.000000E+0
847 154.000000E+0 65.374000E+3 65.374000E+3 217.000000E+0
848 98.000000E+0 65.395000E+3 65.430000E+3 217.000000E+0
849 126.000000E+0 65.423000E+3 65.395000E+3 168.000000E+0
850 84.000000E+0 65.423000E+3 65.430000E+3 168.000000E+0
851 28.000000E+0 28.000000E+0 65.409000E+3 140.000000E+0
852 14.000000E+0 0.000000E+0 65.430000E+3 140.000000E+0
853 65.444000E+3 246.000000E+0 65.409000E+3 133.000000E+0
854 65.465000E+3 133.000000E+0 65.423000E+3 133.000000E+0
855 65.332000E+3 344.000000E+0 65.395000E+3 140.000000E+0
856 65.388000E+3 175.000000E+0 65.409000E+3 147.000000E+0
857 65.247000E+3 379.000000E+0 65.388000E+3 147.000000E+0
858 65.332000E+3 168.000000E+0 65.395000E+3 154.000000E+0
859 65.198000E+3 393.000000E+0 65.381000E+3 147.000000E+0
860 65.296000E+3 168.000000E+0 65.388000E+3 147.000000E+0
861 65.163000E+3 379.000000E+0 65.367000E+3 147.000000E+0
862 65.268000E+3 168.000000E+0 65.374000E+3 147.000000E+0
863 65.149000E+3 344.000000E+0 65.360000E+3 147.000000E+0
864 65.261000E+3 154.000000E+0 65.367000E+3 147.000000E+0
865 65.149000E+3 295.000000E+0 65.353000E+3 147.000000E+0
866 65.261000E+3 147.000000E+0 65.353000E+3 147.000000E+0
867 65.170000E+3 217.000000E+0 65.353000E+3 147.000000E+0
868 65.261000E+3 119.000000E+0 65.353000E+3 147.000000E+0
869 65.191000E+3 140.000000E+0 65.339000E+3 147.000000E+0
870 65.282000E+3 84.000000E+0 65.346000E+3 147.000000E+0
871 65.240000E+3 70.000000E+0 65.339000E+3 147.000000E+0
872 65.318000E+3 56.000000E+0 65.346000E+3 147.000000E+0
873 65.289000E+3 65.521000E+3 65.346000E+3 147.000000E+0
874 65.353000E+3 7.000000E+0 65.353000E+3 147.000000E+0
875 65.346000E+3 65.430000E+3 65.346000E+3 147.000000E+0
876 65.388000E+3 65.500000E+3 65.353000E+3 147.000000E+0
877 65.409000E+3 65.367000E+3 65.346000E+3 147.000000E+0
878 65.430000E+3 65.465000E+3 65.346000E+3 147.000000E+0
879 65.472000E+3 65.289000E+3 65.339000E+3 147.000000E+0
880 65.472000E+3 65.437000E+3 65.346000E+3 140.000000E+0
881 7.000000E+0 65.233000E+3 65.339000E+3 147.000000E+0
882 65.528000E+3 65.430000E+3 65.346000E+3 147.000000E+0
883 77.000000E+0 65.191000E+3 65.332000E+3 154.000000E+0
884 49.000000E+0 65.416000E+3 65.346000E+3 154.000000E+0
885 140.000000E+0 65.177000E+3 65.325000E+3 154.000000E+0
886 84.000000E+0 65.409000E+3 65.346000E+3 154.000000E+0
887 168.000000E+0 65.184000E+3 65.325000E+3 161.000000E+0
888 105.000000E+0 65.409000E+3 65.339000E+3 154.000000E+0
889 189.000000E+0 65.198000E+3 65.303000E+3 175.000000E+0
890 119.000000E+0 65.402000E+3 65.332000E+3 168.000000E+0
891 182.000000E+0 65.296000E+3 65.275000E+3 196.000000E+0
892 105.000000E+0 65.465000E+3 65.311000E+3 196.000000E+0
893 154.000000E+0 65.451000E+3 65.226000E+3 232.000000E+0
894 91.000000E+0 65.486000E+3 65.275000E+3 232.000000E+0
895 140.000000E+0 14.000000E+0 65.205000E+3 260.000000E+0
896 91.000000E+0 7.000000E+0 65.268000E+3 232.000000E+0
897 119.000000E+0 56.000000E+0 65.212000E+3 246.000000E+0
898 70.000000E+0 35.000000E+0 65.268000E+3 225.000000E+0
899 105.000000E+0 35.000000E+0 65.303000E+3 112.000000E+0
900 77.000000E+0 7.000000E+0 65.339000E+3 112.000000E+0
901 119.000000E+0 0.000000E+0 65.423000E+3 65.451000E+3
902 98.000000E+0 65.486000E+3 65.430000E+3 65.493000E+3
903 119.000000E+0 65.430000E+3 35.000000E+0 65.247000E+3
904 98.000000E+0 65.395000E+3 28.000000E+0 65.367000E+3
905 112.000000E+0 65.360000E+3 203.000000E+0 65.156000E+3
906 91.000000E+0 65.339000E+3 161.000000E+0 65.332000E+3
907 112.000000E+0 65.332000E+3 316.000000E+0 65.121000E+3
908 105.000000E+0 65.339000E+3 260.000000E+0 65.325000E+3
909 119.000000E+0 65.339000E+3 414.000000E+0 65.163000E+3
910 105.000000E+0 65.332000E+3 330.000000E+0 65.374000E+3
911 105.000000E+0 65.339000E+3 450.000000E+0 65.184000E+3
912 70.000000E+0 65.339000E+3 337.000000E+0 65.360000E+3
913 42.000000E+0 65.339000E+3 435.000000E+0 65.233000E+3
914 14.000000E+0 65.339000E+3 316.000000E+0 65.374000E+3
915 14.000000E+0 65.339000E+3 393.000000E+0 65.282000E+3
916 0.000000E+0 65.339000E+3 274.000000E+0 65.388000E+3
917 65.528000E+3 65.339000E+3 337.000000E+0 65.353000E+3
918 65.528000E+3 65.339000E+3 232.000000E+0 65.423000E+3
919 0.000000E+0 65.339000E+3 302.000000E+0 65.416000E+3
920 65.528000E+3 65.339000E+3 217.000000E+0 65.451000E+3
921 0.000000E+0 65.339000E+3 253.000000E+0 65.493000E+3
922 65.528000E+3 65.339000E+3 196.000000E+0 65.493000E+3
923 0.000000E+0 65.339000E+3 225.000000E+0 56.000000E+0
924 65.528000E+3 65.339000E+3 175.000000E+0 21.000000E+0
925 65.528000E+3 65.339000E+3 168.000000E+0 140.000000E+0
926 65.514000E+3 65.339000E+3 140.000000E+0 56.000000E+0
927 65.521000E+3 65.339000E+3 112.000000E+0 217.000000E+0
928 65.507000E+3 65.339000E+3 98.000000E+0 84.000000E+0
929 65.507000E+3 65.332000E+3 35.000000E+0 267.000000E+0
930 65.493000E+3 65.332000E+3 35.000000E+0 105.000000E+0
931 65.507000E+3 65.332000E+3 65.486000E+3 323.000000E+0
932 65.493000E+3 65.325000E+3 65.507000E+3 133.000000E+0
933 65.507000E+3 65.325000E+3 65.409000E+3 358.000000E+0
934 65.493000E+3 65.325000E+3 65.458000E+3 140.000000E+0
935 65.514000E+3 65.318000E+3 65.360000E+3 344.000000E+0
936 65.493000E+3 65.311000E+3 65.423000E+3 147.000000E+0
937 65.514000E+3 65.303000E+3 65.339000E+3 330.000000E+0
938 65.486000E+3 65.311000E+3 65.381000E+3 232.000000E+0
939 65.528000E+3 65.318000E+3 65.282000E+3 464.000000E+0
940 65.493000E+3 65.353000E+3 65.360000E+3 428.000000E+0
941 21.000000E+0 65.353000E+3 65.325000E+3 513.000000E+0
942 0.000000E+0 65.388000E+3 65.409000E+3 464.000000E+0
943 112.000000E+0 65.353000E+3 65.395000E+3 435.000000E+0
944 70.000000E+0 65.388000E+3 65.451000E+3 407.000000E+0
945 168.000000E+0 65.367000E+3 65.423000E+3 330.000000E+0
946 112.000000E+0 65.381000E+3 65.472000E+3 302.000000E+0
947 147.000000E+0 65.416000E+3 65.430000E+3 253.000000E+0
948 119.000000E+0 65.416000E+3 65.465000E+3 253.000000E+0
949 56.000000E+0 28.000000E+0 65.444000E+3 225.000000E+0
950 42.000000E+0 7.000000E+0 65.465000E+3 225.000000E+0
951 65.465000E+3 253.000000E+0 65.423000E+3 210.000000E+0
952 65.472000E+3 140.000000E+0 65.451000E+3 210.000000E+0
953 65.339000E+3 358.000000E+0 65.430000E+3 203.000000E+0
954 65.388000E+3 182.000000E+0 65.444000E+3 203.000000E+0
955 65.247000E+3 379.000000E+0 65.416000E+3 203.000000E+0
956 65.325000E+3 189.000000E+0 65.430000E+3 203.000000E+0
957 65.191000E+3 379.000000E+0 65.416000E+3 196.000000E+0
958 65.289000E+3 182.000000E+0 65.423000E+3 196.000000E+0
959 65.149000E+3 358.000000E+0 65.409000E+3 196.000000E+0
960 65.261000E+3 175.000000E+0 65.416000E+3 196.000000E+0
961 65.149000E+3 330.000000E+0 65.409000E+3 196.000000E+0
962 65.268000E+3 161.000000E+0 65.416000E+3 196.000000E+0
963 65.149000E+3 281.000000E+0 65.409000E+3 196.000000E+0
964 65.261000E+3 147.000000E+0 65.409000E+3 196.000000E+0
965 65.163000E+3 210.000000E+0 65.409000E+3 196.000000E+0
966 65.275000E+3 112.000000E+0 65.409000E+3 196.000000E+0
967 65.191000E+3 140.000000E+0 65.402000E+3 196.000000E+0
968 65.289000E+3 84.000000E+0 65.409000E+3 196.000000E+0
969 65.240000E+3 70.000000E+0 65.402000E+3 196.000000E+0
970 65.325000E+3 56.000000E+0 65.409000E+3 196.000000E+0
971 65.296000E+3 65.528000E+3 65.409000E+3 196.000000E+0
972 65.360000E+3 7.000000E+0 65.416000E+3 196.000000E+0
973 65.346000E+3 65.437000E+3 65.409000E+3 196.000000E+0
974 65.395000E+3 65.500000E+3 65.416000E+3 196.000000E+0
975 65.409000E+3 65.367000E+3 65.409000E+3 196.000000E+0
976 65.430000E+3 65.472000E+3 65.416000E+3 196.000000E+0
977 65.472000E+3 65.296000E+3 65.402000E+3 196.000000E+0
978 65.472000E+3 65.444000E+3 65.416000E+3 196.000000E+0
979 7.000000E+0 65.233000E+3 65.402000E+3 196.000000E+0
980 65.528000E+3 65.430000E+3 65.409000E+3 196.000000E+0
981 77.000000E+0 65.198000E+3 65.402000E+3 203.000000E+0
982 42.000000E+0 65.416000E+3 65.409000E+3 203.000000E+0
983 147.000000E+0 65.191000E+3 65.395000E+3 203.000000E+0
984 91.000000E+0 65.416000E+3 65.409000E+3 203.000000E+0
985 175.000000E+0 65.191000E+3 65.381000E+3 210.000000E+0
986 105.000000E+0 65.416000E+3 65.395000E+3 210.000000E+0
987 203.000000E+0 65.205000E+3 65.360000E+3 225.000000E+0
988 119.000000E+0 65.409000E+3 65.395000E+3 225.000000E+0
989 189.000000E+0 65.303000E+3 65.339000E+3 253.000000E+0
990 119.000000E+0 65.465000E+3 65.367000E+3 253.000000E+0
991 168.000000E+0 65.423000E+3 65.289000E+3 281.000000E+0
992 112.000000E+0 65.444000E+3 65.346000E+3 260.000000E+0
993 161.000000E+0 65.507000E+3 65.289000E+3 267.000000E+0
994 126.000000E+0 65.507000E+3 65.346000E+3 239.000000E+0
995 147.000000E+0 21.000000E+0 65.289000E+3 246.000000E+0
996 105.000000E+0 0.000000E+0 65.353000E+3 232.000000E+0
997 140.000000E+0 7.000000E+0 65.381000E+3 119.000000E+0
998 105.000000E+0 65.514000E+3 65.409000E+3 119.000000E+0
999 126.000000E+0 65.500000E+3 65.507000E+3 65.451000E+3
1000 105.000000E+0 65.458000E+3 65.507000E+3 65.493000E+3
