0 0.000000E+0 0.000000E+0 0.000000E+0 0.000000E+0
1 0.000000E+0 0.000000E+0 0.000000E+0 0.000000E+0
2 0.000000E+0 0.000000E+0 0.000000E+0 0.000000E+0
3 0.000000E+0 0.000000E+0 0.000000E+0 0.000000E+0
4 0.000000E+0 2.000000E+0 0.000000E+0 65.535000E+3
5 0.000000E+0 4.000000E+0 0.000000E+0 65.534000E+3
6 0.000000E+0 7.000000E+0 0.000000E+0 65.532000E+3
7 0.000000E+0 8.000000E+0 0.000000E+0 65.530000E+3
8 65.535000E+3 9.000000E+0 1.000000E+0 65.528000E+3
9 65.534000E+3 9.000000E+0 2.000000E+0 65.528000E+3
10 65.533000E+3 9.000000E+0 3.000000E+0 65.527000E+3
11 65.533000E+3 9.000000E+0 3.000000E+0 65.527000E+3
12 65.532000E+3 9.000000E+0 3.000000E+0 65.527000E+3
13 65.532000E+3 9.000000E+0 4.000000E+0 65.527000E+3
14 65.532000E+3 9.000000E+0 4.000000E+0 65.527000E+3
15 65.532000E+3 9.000000E+0 4.000000E+0 65.527000E+3
16 65.532000E+3 9.000000E+0 3.000000E+0 65.527000E+3
17 65.532000E+3 9.000000E+0 3.000000E+0 65.528000E+3
18 65.531000E+3 9.000000E+0 4.000000E+0 65.528000E+3
19 65.532000E+3 8.000000E+0 4.000000E+0 65.528000E+3
20 65.532000E+3 8.000000E+0 4.000000E+0 65.528000E+3
21 65.532000E+3 8.000000E+0 4.000000E+0 65.528000E+3
22 65.532000E+3 8.000000E+0 4.000000E+0 65.527000E+3
23 65.532000E+3 8.000000E+0 4.000000E+0 65.527000E+3
24 65.532000E+3 9.000000E+0 4.000000E+0 65.527000E+3
25 65.532000E+3 9.000000E+0 4.000000E+0 65.527000E+3
26 65.532000E+3 9.000000E+0 4.000000E+0 65.527000E+3
27 65.532000E+3 9.000000E+0 4.000000E+0 65.527000E+3
28 65.532000E+3 9.000000E+0 4.000000E+0 65.527000E+3
29 65.532000E+3 8.000000E+0 4.000000E+0 65.527000E+3
30 65.532000E+3 9.000000E+0 4.000000E+0 65.527000E+3
31 65.532000E+3 8.000000E+0 3.000000E+0 65.527000E+3
32 65.532000E+3 8.000000E+0 3.000000E+0 65.527000E+3
33 65.532000E+3 8.000000E+0 3.000000E+0 65.528000E+3
34 65.532000E+3 8.000000E+0 4.000000E+0 65.527000E+3
35 65.532000E+3 8.000000E+0 4.000000E+0 65.527000E+3
36 65.532000E+3 9.000000E+0 4.000000E+0 65.527000E+3
37 65.532000E+3 9.000000E+0 3.000000E+0 65.527000E+3
38 65.532000E+3 9.000000E+0 3.000000E+0 65.527000E+3
39 65.532000E+3 9.000000E+0 3.000000E+0 65.527000E+3
40 65.532000E+3 9.000000E+0 4.000000E+0 65.527000E+3
41 65.533000E+3 8.000000E+0 4.000000E+0 65.528000E+3
42 65.533000E+3 8.000000E+0 4.000000E+0 65.528000E+3
43 65.533000E+3 8.000000E+0 3.000000E+0 65.528000E+3
44 65.533000E+3 8.000000E+0 3.000000E+0 65.528000E+3
45 65.533000E+3 8.000000E+0 3.000000E+0 65.528000E+3
46 65.533000E+3 8.000000E+0 3.000000E+0 65.528000E+3
47 65.533000E+3 8.000000E+0 3.000000E+0 65.528000E+3
48 65.533000E+3 9.000000E+0 3.000000E+0 65.528000E+3
49 65.533000E+3 8.000000E+0 3.000000E+0 65.528000E+3
50 65.532000E+3 8.000000E+0 3.000000E+0 65.528000E+3
51 65.533000E+3 7.000000E+0 4.000000E+0 65.528000E+3
52 65.533000E+3 8.000000E+0 4.000000E+0 65.528000E+3
53 65.533000E+3 8.000000E+0 4.000000E+0 65.528000E+3
54 65.532000E+3 8.000000E+0 4.000000E+0 65.528000E+3
55 65.532000E+3 8.000000E+0 4.000000E+0 65.528000E+3
56 65.532000E+3 8.000000E+0 4.000000E+0 65.528000E+3
57 65.533000E+3 7.000000E+0 4.000000E+0 65.528000E+3
58 65.533000E+3 8.000000E+0 4.000000E+0 65.527000E+3
59 65.533000E+3 8.000000E+0 3.000000E+0 65.528000E+3
60 65.533000E+3 7.000000E+0 3.000000E+0 65.528000E+3
61 65.533000E+3 7.000000E+0 3.000000E+0 65.529000E+3
62 65.533000E+3 7.000000E+0 3.000000E+0 65.529000E+3
63 65.533000E+3 7.000000E+0 3.000000E+0 65.529000E+3
64 65.533000E+3 8.000000E+0 3.000000E+0 65.529000E+3
65 65.533000E+3 8.000000E+0 3.000000E+0 65.529000E+3
66 65.533000E+3 8.000000E+0 3.000000E+0 65.528000E+3
67 65.533000E+3 8.000000E+0 3.000000E+0 65.529000E+3
68 65.533000E+3 7.000000E+0 3.000000E+0 65.529000E+3
69 65.533000E+3 7.000000E+0 3.000000E+0 65.529000E+3
70 65.533000E+3 7.000000E+0 3.000000E+0 65.529000E+3
71 65.533000E+3 7.000000E+0 3.000000E+0 65.529000E+3
72 65.533000E+3 7.000000E+0 3.000000E+0 65.529000E+3
73 65.533000E+3 7.000000E+0 3.000000E+0 65.529000E+3
74 65.533000E+3 7.000000E+0 3.000000E+0 65.529000E+3
75 65.533000E+3 7.000000E+0 3.000000E+0 65.529000E+3
76 65.533000E+3 7.000000E+0 3.000000E+0 65.528000E+3
77 65.533000E+3 7.000000E+0 3.000000E+0 65.529000E+3
78 65.533000E+3 8.000000E+0 3.000000E+0 65.529000E+3
79 65.533000E+3 7.000000E+0 3.000000E+0 65.529000E+3
80 65.533000E+3 7.000000E+0 3.000000E+0 65.529000E+3
81 65.533000E+3 7.000000E+0 3.000000E+0 65.530000E+3
82 65.533000E+3 7.000000E+0 3.000000E+0 65.529000E+3
83 65.533000E+3 7.000000E+0 3.000000E+0 65.529000E+3
84 65.533000E+3 7.000000E+0 3.000000E+0 65.529000E+3
85 65.533000E+3 6.000000E+0 3.000000E+0 65.530000E+3
86 65.533000E+3 7.000000E+0 3.000000E+0 65.530000E+3
87 65.533000E+3 7.000000E+0 3.000000E+0 65.530000E+3
88 65.533000E+3 7.000000E+0 3.000000E+0 65.529000E+3
89 65.533000E+3 6.000000E+0 3.000000E+0 65.529000E+3
90 65.533000E+3 6.000000E+0 3.000000E+0 65.529000E+3
91 65.533000E+3 6.000000E+0 3.000000E+0 65.529000E+3
92 65.533000E+3 7.000000E+0 3.000000E+0 65.529000E+3
93 65.533000E+3 6.000000E+0 3.000000E+0 65.529000E+3
94 65.533000E+3 6.000000E+0 3.000000E+0 65.529000E+3
95 65.533000E+3 6.000000E+0 3.000000E+0 65.529000E+3
96 65.533000E+3 7.000000E+0 3.000000E+0 65.529000E+3
97 65.533000E+3 7.000000E+0 3.000000E+0 65.529000E+3
98 65.533000E+3 7.000000E+0 3.000000E+0 65.529000E+3
99 65.533000E+3 7.000000E+0 3.000000E+0 65.529000E+3
100 65.533000E+3 7.000000E+0 3.000000E+0 65.529000E+3
101 65.533000E+3 7.000000E+0 2.000000E+0 65.530000E+3
102 65.533000E+3 6.000000E+0 3.000000E+0 65.530000E+3
103 65.533000E+3 6.000000E+0 3.000000E+0 65.529000E+3
104 65.533000E+3 6.000000E+0 3.000000E+0 65.529000E+3
105 65.533000E+3 6.000000E+0 3.000000E+0 65.530000E+3
106 65.533000E+3 6.000000E+0 3.000000E+0 65.530000E+3
107 65.533000E+3 6.000000E+0 3.000000E+0 65.530000E+3
108 65.533000E+3 7.000000E+0 2.000000E+0 65.530000E+3
109 65.534000E+3 7.000000E+0 2.000000E+0 65.530000E+3
110 65.534000E+3 7.000000E+0 3.000000E+0 65.530000E+3
111 65.534000E+3 7.000000E+0 3.000000E+0 65.530000E+3
112 65.534000E+3 7.000000E+0 3.000000E+0 65.530000E+3
113 65.534000E+3 6.000000E+0 2.000000E+0 65.530000E+3
114 65.533000E+3 6.000000E+0 2.000000E+0 65.530000E+3
115 65.533000E+3 6.000000E+0 2.000000E+0 65.530000E+3
116 65.533000E+3 6.000000E+0 2.000000E+0 65.530000E+3
117 65.533000E+3 6.000000E+0 2.000000E+0 65.531000E+3
118 65.533000E+3 6.000000E+0 2.000000E+0 65.531000E+3
119 65.533000E+3 6.000000E+0 2.000000E+0 65.531000E+3
120 65.533000E+3 6.000000E+0 2.000000E+0 65.531000E+3
121 65.533000E+3 6.000000E+0 2.000000E+0 65.531000E+3
122 65.533000E+3 6.000000E+0 2.000000E+0 65.530000E+3
123 65.534000E+3 6.000000E+0 2.000000E+0 65.531000E+3
124 65.534000E+3 6.000000E+0 2.000000E+0 65.531000E+3
125 65.534000E+3 6.000000E+0 2.000000E+0 65.531000E+3
126 65.534000E+3 7.000000E+0 3.000000E+0 65.531000E+3
127 65.534000E+3 7.000000E+0 2.000000E+0 65.531000E+3
128 65.534000E+3 6.000000E+0 2.000000E+0 65.531000E+3
129 65.534000E+3 6.000000E+0 2.000000E+0 65.531000E+3
130 65.534000E+3 5.000000E+0 2.000000E+0 65.530000E+3
131 65.534000E+3 5.000000E+0 2.000000E+0 65.530000E+3
132 65.534000E+3 5.000000E+0 2.000000E+0 65.530000E+3
133 65.534000E+3 5.000000E+0 2.000000E+0 65.531000E+3
134 65.534000E+3 5.000000E+0 2.000000E+0 65.531000E+3
135 65.534000E+3 5.000000E+0 2.000000E+0 65.531000E+3
136 65.534000E+3 5.000000E+0 2.000000E+0 65.531000E+3
137 65.534000E+3 5.000000E+0 2.000000E+0 65.531000E+3
138 65.534000E+3 6.000000E+0 2.000000E+0 65.530000E+3
139 65.534000E+3 6.000000E+0 2.000000E+0 65.530000E+3
140 65.534000E+3 6.000000E+0 2.000000E+0 65.530000E+3
141 65.534000E+3 5.000000E+0 2.000000E+0 65.531000E+3
142 65.534000E+3 4.000000E+0 3.000000E+0 65.531000E+3
143 65.533000E+3 4.000000E+0 3.000000E+0 65.532000E+3
144 65.533000E+3 4.000000E+0 3.000000E+0 65.532000E+3
145 65.534000E+3 5.000000E+0 2.000000E+0 65.532000E+3
146 65.534000E+3 6.000000E+0 2.000000E+0 65.531000E+3
147 65.534000E+3 5.000000E+0 2.000000E+0 65.531000E+3
148 65.534000E+3 5.000000E+0 2.000000E+0 65.531000E+3
149 65.534000E+3 5.000000E+0 1.000000E+0 65.531000E+3
150 65.535000E+3 6.000000E+0 1.000000E+0 65.531000E+3
151 65.535000E+3 6.000000E+0 1.000000E+0 65.531000E+3
152 65.535000E+3 6.000000E+0 1.000000E+0 65.531000E+3
153 65.535000E+3 5.000000E+0 1.000000E+0 65.532000E+3
154 65.534000E+3 4.000000E+0 1.000000E+0 65.532000E+3
155 65.534000E+3 4.000000E+0 2.000000E+0 65.531000E+3
156 65.534000E+3 4.000000E+0 2.000000E+0 65.531000E+3
157 65.534000E+3 4.000000E+0 2.000000E+0 65.531000E+3
158 65.534000E+3 4.000000E+0 2.000000E+0 65.532000E+3
159 65.534000E+3 4.000000E+0 2.000000E+0 65.532000E+3
160 65.534000E+3 4.000000E+0 2.000000E+0 65.532000E+3
161 65.534000E+3 4.000000E+0 2.000000E+0 65.532000E+3
162 65.534000E+3 4.000000E+0 2.000000E+0 65.532000E+3
163 65.534000E+3 4.000000E+0 2.000000E+0 65.532000E+3
164 65.535000E+3 5.000000E+0 2.000000E+0 65.531000E+3
165 65.535000E+3 5.000000E+0 2.000000E+0 65.531000E+3
166 65.534000E+3 4.000000E+0 2.000000E+0 65.532000E+3
167 65.534000E+3 4.000000E+0 2.000000E+0 65.532000E+3
168 65.534000E+3 4.000000E+0 2.000000E+0 65.532000E+3
169 65.534000E+3 4.000000E+0 2.000000E+0 65.533000E+3
170 65.534000E+3 4.000000E+0 2.000000E+0 65.533000E+3
171 65.535000E+3 4.000000E+0 1.000000E+0 65.533000E+3
172 65.535000E+3 4.000000E+0 1.000000E+0 65.533000E+3
173 65.535000E+3 4.000000E+0 1.000000E+0 65.532000E+3
174 65.535000E+3 4.000000E+0 1.000000E+0 65.532000E+3
175 65.535000E+3 4.000000E+0 1.000000E+0 65.532000E+3
176 65.535000E+3 4.000000E+0 1.000000E+0 65.532000E+3
177 65.535000E+3 4.000000E+0 0.000000E+0 65.532000E+3
178 65.535000E+3 4.000000E+0 0.000000E+0 65.532000E+3
179 65.535000E+3 4.000000E+0 0.000000E+0 65.532000E+3
180 65.535000E+3 3.000000E+0 1.000000E+0 65.532000E+3
181 65.534000E+3 3.000000E+0 1.000000E+0 65.533000E+3
182 65.534000E+3 3.000000E+0 1.000000E+0 65.534000E+3
183 65.534000E+3 3.000000E+0 1.000000E+0 65.534000E+3
184 65.534000E+3 4.000000E+0 2.000000E+0 65.533000E+3
185 65.534000E+3 4.000000E+0 2.000000E+0 65.532000E+3
186 65.534000E+3 3.000000E+0 2.000000E+0 65.533000E+3
187 65.534000E+3 3.000000E+0 2.000000E+0 65.533000E+3
188 65.534000E+3 3.000000E+0 2.000000E+0 65.534000E+3
189 65.534000E+3 3.000000E+0 2.000000E+0 65.534000E+3
190 65.534000E+3 3.000000E+0 2.000000E+0 65.533000E+3
191 65.534000E+3 3.000000E+0 1.000000E+0 65.532000E+3
192 65.535000E+3 3.000000E+0 1.000000E+0 65.532000E+3
193 65.535000E+3 3.000000E+0 1.000000E+0 65.532000E+3
194 65.535000E+3 3.000000E+0 1.000000E+0 65.533000E+3
195 65.535000E+3 2.000000E+0 1.000000E+0 65.533000E+3
196 65.535000E+3 3.000000E+0 2.000000E+0 65.533000E+3
197 65.535000E+3 2.000000E+0 2.000000E+0 65.533000E+3
198 65.535000E+3 2.000000E+0 2.000000E+0 65.534000E+3
199 65.535000E+3 2.000000E+0 1.000000E+0 65.534000E+3
200 65.535000E+3 2.000000E+0 1.000000E+0 65.534000E+3
201 65.535000E+3 2.000000E+0 1.000000E+0 65.534000E+3
202 0.000000E+0 2.000000E+0 0.000000E+0 65.534000E+3
203 0.000000E+0 2.000000E+0 0.000000E+0 65.534000E+3
204 0.000000E+0 3.000000E+0 0.000000E+0 65.534000E+3
205 0.000000E+0 3.000000E+0 0.000000E+0 65.534000E+3
206 0.000000E+0 3.000000E+0 0.000000E+0 65.533000E+3
207 0.000000E+0 3.000000E+0 0.000000E+0 65.533000E+3
208 0.000000E+0 2.000000E+0 0.000000E+0 65.533000E+3
209 0.000000E+0 2.000000E+0 0.000000E+0 65.533000E+3
210 65.535000E+3 2.000000E+0 0.000000E+0 65.534000E+3
211 65.535000E+3 2.000000E+0 1.000000E+0 65.535000E+3
212 65.535000E+3 1.000000E+0 1.000000E+0 65.535000E+3
213 65.534000E+3 1.000000E+0 2.000000E+0 65.535000E+3
214 65.534000E+3 1.000000E+0 2.000000E+0 65.535000E+3
215 65.535000E+3 2.000000E+0 2.000000E+0 65.535000E+3
216 65.535000E+3 2.000000E+0 1.000000E+0 65.534000E+3
217 0.000000E+0 2.000000E+0 1.000000E+0 65.534000E+3
218 0.000000E+0 2.000000E+0 0.000000E+0 65.534000E+3
219 0.000000E+0 2.000000E+0 0.000000E+0 65.534000E+3
220 0.000000E+0 2.000000E+0 0.000000E+0 65.534000E+3
221 0.000000E+0 3.000000E+0 0.000000E+0 65.534000E+3
222 0.000000E+0 3.000000E+0 0.000000E+0 65.534000E+3
223 0.000000E+0 2.000000E+0 0.000000E+0 65.535000E+3
224 0.000000E+0 1.000000E+0 0.000000E+0 65.535000E+3
225 0.000000E+0 1.000000E+0 0.000000E+0 65.535000E+3
226 0.000000E+0 1.000000E+0 0.000000E+0 65.535000E+3
227 0.000000E+0 1.000000E+0 0.000000E+0 65.535000E+3
228 65.535000E+3 0.000000E+0 1.000000E+0 0.000000E+0
229 65.535000E+3 0.000000E+0 1.000000E+0 0.000000E+0
230 65.535000E+3 0.000000E+0 1.000000E+0 0.000000E+0
231 0.000000E+0 1.000000E+0 0.000000E+0 65.535000E+3
232 0.000000E+0 1.000000E+0 0.000000E+0 65.535000E+3
233 0.000000E+0 1.000000E+0 0.000000E+0 65.535000E+3
234 0.000000E+0 1.000000E+0 0.000000E+0 65.535000E+3
235 0.000000E+0 1.000000E+0 0.000000E+0 65.535000E+3
236 0.000000E+0 1.000000E+0 0.000000E+0 65.535000E+3
237 0.000000E+0 1.000000E+0 0.000000E+0 65.535000E+3
238 0.000000E+0 1.000000E+0 0.000000E+0 65.535000E+3
239 0.000000E+0 1.000000E+0 0.000000E+0 65.535000E+3
240 0.000000E+0 1.000000E+0 1.000000E+0 0.000000E+0
241 0.000000E+0 0.000000E+0 1.000000E+0 0.000000E+0
242 0.000000E+0 0.000000E+0 1.000000E+0 0.000000E+0
243 65.535000E+3 0.000000E+0 1.000000E+0 0.000000E+0
244 65.535000E+3 0.000000E+0 1.000000E+0 0.000000E+0
245 65.535000E+3 0.000000E+0 1.000000E+0 0.000000E+0
246 65.535000E+3 0.000000E+0 0.000000E+0 0.000000E+0
247 65.534000E+3 4.000000E+0 0.000000E+0 65.535000E+3
248 65.533000E+3 7.000000E+0 0.000000E+0 65.533000E+3
249 65.534000E+3 8.000000E+0 0.000000E+0 65.533000E+3
250 0.000000E+0 4.000000E+0 0.000000E+0 65.533000E+3
251 0.000000E+0 1.000000E+0 0.000000E+0 65.535000E+3
252 0.000000E+0 1.000000E+0 0.000000E+0 65.535000E+3
253 0.000000E+0 1.000000E+0 0.000000E+0 65.535000E+3
254 0.000000E+0 2.000000E+0 0.000000E+0 65.533000E+3
255 0.000000E+0 3.000000E+0 0.000000E+0 65.533000E+3
256 0.000000E+0 3.000000E+0 0.000000E+0 65.533000E+3
257 0.000000E+0 2.000000E+0 0.000000E+0 65.534000E+3
258 0.000000E+0 2.000000E+0 0.000000E+0 65.534000E+3
259 0.000000E+0 2.000000E+0 0.000000E+0 65.534000E+3
260 0.000000E+0 1.000000E+0 0.000000E+0 65.535000E+3
261 0.000000E+0 1.000000E+0 0.000000E+0 0.000000E+0
262 0.000000E+0 0.000000E+0 0.000000E+0 0.000000E+0
263 0.000000E+0 0.000000E+0 0.000000E+0 0.000000E+0
264 0.000000E+0 0.000000E+0 0.000000E+0 0.000000E+0
265 0.000000E+0 0.000000E+0 0.000000E+0 0.000000E+0
266 0.000000E+0 0.000000E+0 0.000000E+0 0.000000E+0
267 0.000000E+0 0.000000E+0 0.000000E+0 0.000000E+0
268 0.000000E+0 0.000000E+0 0.000000E+0 0.000000E+0
269 0.000000E+0 0.000000E+0 0.000000E+0 0.000000E+0
270 0.000000E+0 0.000000E+0 0.000000E+0 0.000000E+0
271 0.000000E+0 0.000000E+0 0.000000E+0 0.000000E+0
272 0.000000E+0 0.000000E+0 0.000000E+0 0.000000E+0
273 0.000000E+0 0.000000E+0 0.000000E+0 0.000000E+0
274 0.000000E+0 0.000000E+0 0.000000E+0 0.000000E+0
275 0.000000E+0 0.000000E+0 0.000000E+0 0.000000E+0
276 0.000000E+0 0.000000E+0 0.000000E+0 0.000000E+0
277 0.000000E+0 0.000000E+0 0.000000E+0 0.000000E+0
278 0.000000E+0 0.000000E+0 0.000000E+0 0.000000E+0
279 0.000000E+0 0.000000E+0 0.000000E+0 0.000000E+0
280 0.000000E+0 0.000000E+0 0.000000E+0 0.000000E+0
281 0.000000E+0 0.000000E+0 0.000000E+0 0.000000E+0
282 0.000000E+0 0.000000E+0 0.000000E+0 0.000000E+0
283 0.000000E+0 0.000000E+0 0.000000E+0 0.000000E+0
284 0.000000E+0 0.000000E+0 0.000000E+0 0.000000E+0
285 0.000000E+0 0.000000E+0 0.000000E+0 0.000000E+0
286 0.000000E+0 0.000000E+0 0.000000E+0 0.000000E+0
287 0.000000E+0 0.000000E+0 0.000000E+0 0.000000E+0
288 0.000000E+0 0.000000E+0 0.000000E+0 0.000000E+0
289 0.000000E+0 0.000000E+0 0.000000E+0 0.000000E+0
290 0.000000E+0 0.000000E+0 0.000000E+0 0.000000E+0
291 0.000000E+0 0.000000E+0 0.000000E+0 0.000000E+0
292 0.000000E+0 0.000000E+0 0.000000E+0 0.000000E+0
293 0.000000E+0 0.000000E+0 0.000000E+0 0.000000E+0
294 0.000000E+0 0.000000E+0 0.000000E+0 0.000000E+0
295 0.000000E+0 0.000000E+0 0.000000E+0 0.000000E+0
296 0.000000E+0 0.000000E+0 0.000000E+0 0.000000E+0
297 0.000000E+0 0.000000E+0 0.000000E+0 0.000000E+0
298 0.000000E+0 0.000000E+0 0.000000E+0 0.000000E+0
299 0.000000E+0 0.000000E+0 0.000000E+0 0.000000E+0
300 0.000000E+0 0.000000E+0 0.000000E+0 0.000000E+0
301 0.000000E+0 0.000000E+0 0.000000E+0 0.000000E+0
302 0.000000E+0 0.000000E+0 0.000000E+0 0.000000E+0
303 0.000000E+0 0.000000E+0 0.000000E+0 65.535000E+3
304 0.000000E+0 0.000000E+0 0.000000E+0 65.535000E+3
305 0.000000E+0 0.000000E+0 0.000000E+0 0.000000E+0
306 0.000000E+0 0.000000E+0 0.000000E+0 0.000000E+0
307 0.000000E+0 0.000000E+0 0.000000E+0 0.000000E+0
308 0.000000E+0 0.000000E+0 0.000000E+0 0.000000E+0
309 0.000000E+0 0.000000E+0 0.000000E+0 0.000000E+0
310 0.000000E+0 0.000000E+0 0.000000E+0 0.000000E+0
311 0.000000E+0 0.000000E+0 0.000000E+0 0.000000E+0
312 0.000000E+0 0.000000E+0 0.000000E+0 0.000000E+0
313 0.000000E+0 0.000000E+0 0.000000E+0 0.000000E+0
314 0.000000E+0 0.000000E+0 0.000000E+0 0.000000E+0
315 0.000000E+0 0.000000E+0 0.000000E+0 0.000000E+0
316 0.000000E+0 0.000000E+0 0.000000E+0 0.000000E+0
317 0.000000E+0 0.000000E+0 0.000000E+0 0.000000E+0
318 0.000000E+0 0.000000E+0 0.000000E+0 0.000000E+0
319 0.000000E+0 0.000000E+0 0.000000E+0 0.000000E+0
320 0.000000E+0 0.000000E+0 0.000000E+0 0.000000E+0
321 0.000000E+0 0.000000E+0 0.000000E+0 0.000000E+0
322 0.000000E+0 0.000000E+0 0.000000E+0 0.000000E+0
323 0.000000E+0 0.000000E+0 0.000000E+0 0.000000E+0
324 0.000000E+0 0.000000E+0 0.000000E+0 0.000000E+0
325 0.000000E+0 0.000000E+0 0.000000E+0 0.000000E+0
326 0.000000E+0 0.000000E+0 0.000000E+0 0.000000E+0
327 0.000000E+0 0.000000E+0 0.000000E+0 0.000000E+0
328 0.000000E+0 0.000000E+0 0.000000E+0 0.000000E+0
329 0.000000E+0 0.000000E+0 0.000000E+0 0.000000E+0
330 0.000000E+0 0.000000E+0 0.000000E+0 0.000000E+0
331 0.000000E+0 0.000000E+0 0.000000E+0 0.000000E+0
332 0.000000E+0 0.000000E+0 0.000000E+0 0.000000E+0
333 0.000000E+0 0.000000E+0 0.000000E+0 0.000000E+0
334 0.000000E+0 0.000000E+0 0.000000E+0 0.000000E+0
335 0.000000E+0 0.000000E+0 0.000000E+0 0.000000E+0
336 0.000000E+0 0.000000E+0 0.000000E+0 0.000000E+0
337 0.000000E+0 0.000000E+0 0.000000E+0 0.000000E+0
338 0.000000E+0 0.000000E+0 0.000000E+0 0.000000E+0
339 0.000000E+0 0.000000E+0 0.000000E+0 0.000000E+0
340 0.000000E+0 0.000000E+0 0.000000E+0 0.000000E+0
341 0.000000E+0 0.000000E+0 0.000000E+0 0.000000E+0
342 0.000000E+0 0.000000E+0 0.000000E+0 0.000000E+0
343 0.000000E+0 0.000000E+0 0.000000E+0 0.000000E+0
344 0.000000E+0 0.000000E+0 0.000000E+0 0.000000E+0
345 0.000000E+0 0.000000E+0 0.000000E+0 0.000000E+0
346 0.000000E+0 0.000000E+0 0.000000E+0 0.000000E+0
347 0.000000E+0 0.000000E+0 0.000000E+0 0.000000E+0
348 0.000000E+0 0.000000E+0 0.000000E+0 0.000000E+0
349 0.000000E+0 0.000000E+0 0.000000E+0 0.000000E+0
350 0.000000E+0 0.000000E+0 0.000000E+0 0.000000E+0
351 0.000000E+0 0.000000E+0 0.000000E+0 0.000000E+0
352 0.000000E+0 0.000000E+0 0.000000E+0 0.000000E+0
353 0.000000E+0 0.000000E+0 0.000000E+0 0.000000E+0
354 0.000000E+0 0.000000E+0 0.000000E+0 0.000000E+0
355 0.000000E+0 0.000000E+0 0.000000E+0 0.000000E+0
356 0.000000E+0 0.000000E+0 0.000000E+0 0.000000E+0
357 0.000000E+0 0.000000E+0 0.000000E+0 0.000000E+0
358 0.000000E+0 0.000000E+0 0.000000E+0 0.000000E+0
359 0.000000E+0 0.000000E+0 0.000000E+0 0.000000E+0
360 0.000000E+0 0.000000E+0 0.000000E+0 0.000000E+0
361 0.000000E+0 0.000000E+0 0.000000E+0 0.000000E+0
362 0.000000E+0 0.000000E+0 0.000000E+0 0.000000E+0
363 0.000000E+0 0.000000E+0 0.000000E+0 0.000000E+0
364 0.000000E+0 0.000000E+0 0.000000E+0 0.000000E+0
365 0.000000E+0 0.000000E+0 0.000000E+0 0.000000E+0
366 0.000000E+0 0.000000E+0 0.000000E+0 0.000000E+0
367 0.000000E+0 0.000000E+0 0.000000E+0 0.000000E+0
368 0.000000E+0 0.000000E+0 0.000000E+0 0.000000E+0
369 0.000000E+0 0.000000E+0 0.000000E+0 0.000000E+0
370 0.000000E+0 0.000000E+0 0.000000E+0 0.000000E+0
371 0.000000E+0 0.000000E+0 0.000000E+0 0.000000E+0
372 0.000000E+0 0.000000E+0 0.000000E+0 0.000000E+0
373 0.000000E+0 0.000000E+0 0.000000E+0 0.000000E+0
374 0.000000E+0 0.000000E+0 0.000000E+0 0.000000E+0
375 0.000000E+0 0.000000E+0 0.000000E+0 0.000000E+0
376 0.000000E+0 0.000000E+0 0.000000E+0 0.000000E+0
377 0.000000E+0 0.000000E+0 0.000000E+0 0.000000E+0
378 0.000000E+0 0.000000E+0 0.000000E+0 0.000000E+0
379 0.000000E+0 0.000000E+0 0.000000E+0 0.000000E+0
380 0.000000E+0 0.000000E+0 0.000000E+0 0.000000E+0
381 0.000000E+0 0.000000E+0 0.000000E+0 0.000000E+0
382 0.000000E+0 0.000000E+0 0.000000E+0 0.000000E+0
383 0.000000E+0 0.000000E+0 0.000000E+0 0.000000E+0
384 0.000000E+0 0.000000E+0 0.000000E+0 0.000000E+0
385 0.000000E+0 0.000000E+0 0.000000E+0 0.000000E+0
386 0.000000E+0 0.000000E+0 0.000000E+0 0.000000E+0
387 0.000000E+0 0.000000E+0 0.000000E+0 0.000000E+0
388 0.000000E+0 0.000000E+0 0.000000E+0 0.000000E+0
389 0.000000E+0 0.000000E+0 0.000000E+0 0.000000E+0
390 0.000000E+0 0.000000E+0 0.000000E+0 0.000000E+0
391 0.000000E+0 0.000000E+0 0.000000E+0 0.000000E+0
392 0.000000E+0 0.000000E+0 0.000000E+0 0.000000E+0
393 0.000000E+0 0.000000E+0 0.000000E+0 0.000000E+0
394 0.000000E+0 0.000000E+0 0.000000E+0 0.000000E+0
395 0.000000E+0 0.000000E+0 0.000000E+0 0.000000E+0
396 0.000000E+0 0.000000E+0 0.000000E+0 0.000000E+0
397 0.000000E+0 0.000000E+0 0.000000E+0 0.000000E+0
398 0.000000E+0 0.000000E+0 0.000000E+0 0.000000E+0
399 0.000000E+0 0.000000E+0 0.000000E+0 0.000000E+0
400 0.000000E+0 0.000000E+0 0.000000E+0 0.000000E+0
401 0.000000E+0 0.000000E+0 0.000000E+0 0.000000E+0
402 0.000000E+0 0.000000E+0 0.000000E+0 0.000000E+0
403 0.000000E+0 0.000000E+0 0.000000E+0 0.000000E+0
404 0.000000E+0 0.000000E+0 0.000000E+0 0.000000E+0
405 0.000000E+0 0.000000E+0 0.000000E+0 0.000000E+0
406 0.000000E+0 0.000000E+0 0.000000E+0 0.000000E+0
407 0.000000E+0 0.000000E+0 0.000000E+0 0.000000E+0
408 0.000000E+0 0.000000E+0 0.000000E+0 0.000000E+0
409 0.000000E+0 0.000000E+0 0.000000E+0 0.000000E+0
410 0.000000E+0 0.000000E+0 0.000000E+0 0.000000E+0
411 0.000000E+0 0.000000E+0 0.000000E+0 0.000000E+0
412 0.000000E+0 0.000000E+0 0.000000E+0 0.000000E+0
413 0.000000E+0 0.000000E+0 0.000000E+0 0.000000E+0
414 0.000000E+0 0.000000E+0 0.000000E+0 0.000000E+0
415 0.000000E+0 0.000000E+0 0.000000E+0 0.000000E+0
416 0.000000E+0 0.000000E+0 0.000000E+0 0.000000E+0
417 0.000000E+0 0.000000E+0 0.000000E+0 0.000000E+0
418 0.000000E+0 0.000000E+0 0.000000E+0 0.000000E+0
419 0.000000E+0 0.000000E+0 0.000000E+0 0.000000E+0
420 0.000000E+0 0.000000E+0 0.000000E+0 0.000000E+0
421 0.000000E+0 0.000000E+0 0.000000E+0 0.000000E+0
422 0.000000E+0 0.000000E+0 0.000000E+0 0.000000E+0
423 0.000000E+0 0.000000E+0 0.000000E+0 0.000000E+0
424 0.000000E+0 0.000000E+0 0.000000E+0 0.000000E+0
425 0.000000E+0 0.000000E+0 0.000000E+0 0.000000E+0
426 0.000000E+0 0.000000E+0 0.000000E+0 0.000000E+0
427 0.000000E+0 0.000000E+0 0.000000E+0 0.000000E+0
428 0.000000E+0 0.000000E+0 0.000000E+0 0.000000E+0
429 0.000000E+0 0.000000E+0 0.000000E+0 0.000000E+0
430 0.000000E+0 0.000000E+0 0.000000E+0 0.000000E+0
431 0.000000E+0 0.000000E+0 0.000000E+0 0.000000E+0
432 0.000000E+0 0.000000E+0 0.000000E+0 0.000000E+0
433 0.000000E+0 0.000000E+0 0.000000E+0 0.000000E+0
434 0.000000E+0 0.000000E+0 0.000000E+0 0.000000E+0
435 0.000000E+0 0.000000E+0 0.000000E+0 0.000000E+0
436 0.000000E+0 0.000000E+0 0.000000E+0 0.000000E+0
437 0.000000E+0 0.000000E+0 0.000000E+0 0.000000E+0
438 0.000000E+0 0.000000E+0 0.000000E+0 0.000000E+0
439 0.000000E+0 0.000000E+0 0.000000E+0 0.000000E+0
440 0.000000E+0 0.000000E+0 0.000000E+0 0.000000E+0
441 0.000000E+0 0.000000E+0 0.000000E+0 0.000000E+0
442 0.000000E+0 0.000000E+0 0.000000E+0 0.000000E+0
443 0.000000E+0 0.000000E+0 0.000000E+0 0.000000E+0
444 0.000000E+0 0.000000E+0 0.000000E+0 0.000000E+0
445 0.000000E+0 0.000000E+0 0.000000E+0 0.000000E+0
446 0.000000E+0 0.000000E+0 0.000000E+0 0.000000E+0
447 0.000000E+0 0.000000E+0 0.000000E+0 0.000000E+0
448 0.000000E+0 0.000000E+0 0.000000E+0 0.000000E+0
449 0.000000E+0 0.000000E+0 0.000000E+0 0.000000E+0
450 0.000000E+0 0.000000E+0 0.000000E+0 0.000000E+0
451 0.000000E+0 0.000000E+0 0.000000E+0 0.000000E+0
452 0.000000E+0 0.000000E+0 0.000000E+0 0.000000E+0
453 0.000000E+0 0.000000E+0 0.000000E+0 0.000000E+0
454 0.000000E+0 0.000000E+0 0.000000E+0 0.000000E+0
455 0.000000E+0 0.000000E+0 0.000000E+0 0.000000E+0
456 0.000000E+0 0.000000E+0 0.000000E+0 0.000000E+0
457 0.000000E+0 0.000000E+0 0.000000E+0 0.000000E+0
458 0.000000E+0 0.000000E+0 0.000000E+0 0.000000E+0
459 0.000000E+0 0.000000E+0 0.000000E+0 0.000000E+0
460 0.000000E+0 0.000000E+0 0.000000E+0 0.000000E+0
461 0.000000E+0 0.000000E+0 0.000000E+0 0.000000E+0
462 0.000000E+0 0.000000E+0 0.000000E+0 0.000000E+0
463 0.000000E+0 0.000000E+0 0.000000E+0 0.000000E+0
464 0.000000E+0 0.000000E+0 0.000000E+0 0.000000E+0
465 0.000000E+0 0.000000E+0 0.000000E+0 0.000000E+0
466 0.000000E+0 0.000000E+0 0.000000E+0 0.000000E+0
467 0.000000E+0 0.000000E+0 0.000000E+0 0.000000E+0
468 0.000000E+0 0.000000E+0 0.000000E+0 0.000000E+0
469 0.000000E+0 0.000000E+0 0.000000E+0 0.000000E+0
470 0.000000E+0 0.000000E+0 0.000000E+0 0.000000E+0
471 0.000000E+0 0.000000E+0 0.000000E+0 0.000000E+0
472 0.000000E+0 0.000000E+0 0.000000E+0 0.000000E+0
473 0.000000E+0 0.000000E+0 0.000000E+0 0.000000E+0
474 0.000000E+0 0.000000E+0 0.000000E+0 0.000000E+0
475 0.000000E+0 0.000000E+0 0.000000E+0 0.000000E+0
476 0.000000E+0 0.000000E+0 0.000000E+0 0.000000E+0
477 0.000000E+0 0.000000E+0 0.000000E+0 0.000000E+0
478 0.000000E+0 0.000000E+0 0.000000E+0 0.000000E+0
479 0.000000E+0 0.000000E+0 0.000000E+0 0.000000E+0
480 0.000000E+0 0.000000E+0 0.000000E+0 0.000000E+0
481 0.000000E+0 0.000000E+0 0.000000E+0 0.000000E+0
482 0.000000E+0 0.000000E+0 0.000000E+0 0.000000E+0
483 0.000000E+0 0.000000E+0 0.000000E+0 0.000000E+0
484 0.000000E+0 0.000000E+0 0.000000E+0 0.000000E+0
485 0.000000E+0 0.000000E+0 0.000000E+0 0.000000E+0
486 0.000000E+0 0.000000E+0 0.000000E+0 0.000000E+0
487 0.000000E+0 0.000000E+0 0.000000E+0 0.000000E+0
488 0.000000E+0 0.000000E+0 0.000000E+0 0.000000E+0
489 0.000000E+0 0.000000E+0 0.000000E+0 0.000000E+0
490 0.000000E+0 0.000000E+0 0.000000E+0 0.000000E+0
491 0.000000E+0 0.000000E+0 0.000000E+0 0.000000E+0
492 0.000000E+0 0.000000E+0 0.000000E+0 0.000000E+0
493 0.000000E+0 0.000000E+0 0.000000E+0 0.000000E+0
494 0.000000E+0 0.000000E+0 0.000000E+0 0.000000E+0
495 0.000000E+0 0.000000E+0 0.000000E+0 0.000000E+0
496 0.000000E+0 0.000000E+0 0.000000E+0 0.000000E+0
497 0.000000E+0 0.000000E+0 0.000000E+0 0.000000E+0
498 0.000000E+0 0.000000E+0 0.000000E+0 0.000000E+0
499 0.000000E+0 0.000000E+0 0.000000E+0 0.000000E+0
500 0.000000E+0 0.000000E+0 0.000000E+0 0.000000E+0
501 0.000000E+0 0.000000E+0 0.000000E+0 0.000000E+0
502 0.000000E+0 0.000000E+0 0.000000E+0 0.000000E+0
503 0.000000E+0 0.000000E+0 0.000000E+0 0.000000E+0
504 0.000000E+0 0.000000E+0 0.000000E+0 0.000000E+0
505 0.000000E+0 0.000000E+0 0.000000E+0 0.000000E+0
506 0.000000E+0 0.000000E+0 0.000000E+0 0.000000E+0
507 0.000000E+0 0.000000E+0 0.000000E+0 65.534000E+3
508 0.000000E+0 1.000000E+0 1.000000E+0 65.529000E+3
509 0.000000E+0 4.000000E+0 4.000000E+0 65.523000E+3
510 0.000000E+0 8.000000E+0 8.000000E+0 65.514000E+3
511 0.000000E+0 10.000000E+0 13.000000E+0 65.505000E+3
512 0.000000E+0 10.000000E+0 21.000000E+0 65.493000E+3
513 65.535000E+3 10.000000E+0 25.000000E+0 65.487000E+3
514 65.532000E+3 8.000000E+0 28.000000E+0 65.478000E+3
515 65.531000E+3 6.000000E+0 28.000000E+0 65.473000E+3
516 65.531000E+3 4.000000E+0 29.000000E+0 65.463000E+3
517 65.533000E+3 1.000000E+0 29.000000E+0 65.459000E+3
518 65.535000E+3 0.000000E+0 31.000000E+0 65.453000E+3
519 0.000000E+0 0.000000E+0 33.000000E+0 65.455000E+3
520 4.000000E+0 0.000000E+0 39.000000E+0 65.457000E+3
521 6.000000E+0 0.000000E+0 44.000000E+0 65.467000E+3
522 7.000000E+0 0.000000E+0 50.000000E+0 65.473000E+3
523 6.000000E+0 0.000000E+0 56.000000E+0 65.481000E+3
524 5.000000E+0 0.000000E+0 59.000000E+0 65.487000E+3
525 5.000000E+0 0.000000E+0 57.000000E+0 65.496000E+3
526 4.000000E+0 0.000000E+0 50.000000E+0 65.502000E+3
527 3.000000E+0 0.000000E+0 38.000000E+0 65.507000E+3
528 0.000000E+0 0.000000E+0 29.000000E+0 65.512000E+3
529 0.000000E+0 0.000000E+0 20.000000E+0 65.517000E+3
530 65.534000E+3 0.000000E+0 15.000000E+0 65.523000E+3
531 65.535000E+3 0.000000E+0 10.000000E+0 65.530000E+3
532 0.000000E+0 0.000000E+0 8.000000E+0 2.000000E+0
533 1.000000E+0 0.000000E+0 7.000000E+0 11.000000E+0
534 3.000000E+0 0.000000E+0 7.000000E+0 23.000000E+0
535 4.000000E+0 0.000000E+0 6.000000E+0 33.000000E+0
536 4.000000E+0 0.000000E+0 4.000000E+0 44.000000E+0
537 4.000000E+0 0.000000E+0 0.000000E+0 49.000000E+0
538 4.000000E+0 0.000000E+0 65.532000E+3 56.000000E+0
539 3.000000E+0 0.000000E+0 65.527000E+3 59.000000E+0
540 3.000000E+0 0.000000E+0 65.520000E+3 67.000000E+0
541 4.000000E+0 0.000000E+0 65.515000E+3 69.000000E+0
542 5.000000E+0 0.000000E+0 65.510000E+3 77.000000E+0
543 6.000000E+0 0.000000E+0 65.507000E+3 77.000000E+0
544 7.000000E+0 0.000000E+0 65.504000E+3 82.000000E+0
545 8.000000E+0 0.000000E+0 65.502000E+3 79.000000E+0
546 9.000000E+0 65.534000E+3 65.503000E+3 70.000000E+0
547 10.000000E+0 65.531000E+3 65.504000E+3 52.000000E+0
548 12.000000E+0 65.527000E+3 65.503000E+3 37.000000E+0
549 12.000000E+0 65.524000E+3 65.497000E+3 28.000000E+0
550 11.000000E+0 65.523000E+3 65.493000E+3 28.000000E+0
551 10.000000E+0 65.520000E+3 65.494000E+3 28.000000E+0
552 12.000000E+0 65.519000E+3 65.498000E+3 26.000000E+0
553 13.000000E+0 65.520000E+3 65.503000E+3 20.000000E+0
554 17.000000E+0 65.524000E+3 65.508000E+3 14.000000E+0
555 19.000000E+0 65.528000E+3 65.512000E+3 8.000000E+0
556 20.000000E+0 65.531000E+3 65.514000E+3 4.000000E+0
557 19.000000E+0 65.534000E+3 65.517000E+3 1.000000E+0
558 16.000000E+0 1.000000E+0 65.519000E+3 0.000000E+0
559 12.000000E+0 4.000000E+0 65.523000E+3 0.000000E+0
560 5.000000E+0 17.000000E+0 65.526000E+3 0.000000E+0
561 0.000000E+0 31.000000E+0 65.527000E+3 0.000000E+0
562 65.529000E+3 52.000000E+0 65.527000E+3 0.000000E+0
563 65.523000E+3 66.000000E+0 65.527000E+3 0.000000E+0
564 65.514000E+3 80.000000E+0 65.529000E+3 0.000000E+0
565 65.507000E+3 84.000000E+0 65.531000E+3 0.000000E+0
566 65.500000E+3 89.000000E+0 65.533000E+3 0.000000E+0
567 65.496000E+3 86.000000E+0 65.533000E+3 0.000000E+0
568 65.491000E+3 87.000000E+0 65.533000E+3 0.000000E+0
569 65.488000E+3 82.000000E+0 65.533000E+3 0.000000E+0
570 65.485000E+3 80.000000E+0 65.533000E+3 0.000000E+0
571 65.484000E+3 75.000000E+0 65.533000E+3 0.000000E+0
572 65.483000E+3 71.000000E+0 65.533000E+3 0.000000E+0
573 65.484000E+3 64.000000E+0 65.533000E+3 0.000000E+0
574 65.485000E+3 58.000000E+0 65.534000E+3 0.000000E+0
575 65.487000E+3 49.000000E+0 65.534000E+3 0.000000E+0
576 65.488000E+3 42.000000E+0 65.534000E+3 0.000000E+0
577 65.491000E+3 32.000000E+0 65.534000E+3 0.000000E+0
578 65.493000E+3 23.000000E+0 65.534000E+3 0.000000E+0
579 65.496000E+3 14.000000E+0 65.534000E+3 0.000000E+0
580 65.499000E+3 5.000000E+0 65.533000E+3 0.000000E+0
581 65.503000E+3 65.534000E+3 65.533000E+3 0.000000E+0
582 65.507000E+3 65.524000E+3 65.533000E+3 0.000000E+0
583 65.512000E+3 65.516000E+3 65.533000E+3 0.000000E+0
584 65.517000E+3 65.505000E+3 65.532000E+3 0.000000E+0
585 65.522000E+3 65.497000E+3 65.532000E+3 0.000000E+0
586 65.527000E+3 65.486000E+3 65.532000E+3 0.000000E+0
587 65.531000E+3 65.480000E+3 65.532000E+3 0.000000E+0
588 0.000000E+0 65.470000E+3 65.531000E+3 0.000000E+0
589 3.000000E+0 65.467000E+3 65.531000E+3 0.000000E+0
590 7.000000E+0 65.460000E+3 65.531000E+3 0.000000E+0
591 12.000000E+0 65.457000E+3 65.530000E+3 0.000000E+0
592 17.000000E+0 65.451000E+3 65.529000E+3 0.000000E+0
593 21.000000E+0 65.450000E+3 65.527000E+3 0.000000E+0
594 25.000000E+0 65.448000E+3 65.526000E+3 0.000000E+0
595 28.000000E+0 65.453000E+3 65.524000E+3 0.000000E+0
596 31.000000E+0 65.455000E+3 65.523000E+3 0.000000E+0
597 32.000000E+0 65.462000E+3 65.523000E+3 0.000000E+0
598 33.000000E+0 65.470000E+3 65.522000E+3 1.000000E+0
599 31.000000E+0 65.489000E+3 65.520000E+3 5.000000E+0
600 27.000000E+0 65.507000E+3 65.517000E+3 12.000000E+0
601 24.000000E+0 65.524000E+3 65.515000E+3 16.000000E+0
602 23.000000E+0 65.531000E+3 65.513000E+3 17.000000E+0
603 23.000000E+0 65.535000E+3 65.512000E+3 15.000000E+0
604 23.000000E+0 0.000000E+0 65.510000E+3 13.000000E+0
605 22.000000E+0 0.000000E+0 65.511000E+3 9.000000E+0
606 20.000000E+0 1.000000E+0 65.514000E+3 5.000000E+0
607 19.000000E+0 2.000000E+0 65.519000E+3 0.000000E+0
608 17.000000E+0 4.000000E+0 65.526000E+3 65.527000E+3
609 15.000000E+0 8.000000E+0 65.532000E+3 65.516000E+3
610 14.000000E+0 10.000000E+0 3.000000E+0 65.499000E+3
611 13.000000E+0 11.000000E+0 11.000000E+0 65.485000E+3
612 12.000000E+0 9.000000E+0 20.000000E+0 65.471000E+3
613 10.000000E+0 7.000000E+0 26.000000E+0 65.467000E+3
614 8.000000E+0 5.000000E+0 32.000000E+0 65.459000E+3
615 5.000000E+0 3.000000E+0 34.000000E+0 65.456000E+3
616 3.000000E+0 2.000000E+0 38.000000E+0 65.447000E+3
617 2.000000E+0 0.000000E+0 40.000000E+0 65.447000E+3
618 2.000000E+0 0.000000E+0 44.000000E+0 65.448000E+3
619 2.000000E+0 0.000000E+0 46.000000E+0 65.457000E+3
620 3.000000E+0 0.000000E+0 49.000000E+0 65.461000E+3
621 4.000000E+0 0.000000E+0 50.000000E+0 65.468000E+3
622 5.000000E+0 0.000000E+0 52.000000E+0 65.473000E+3
623 5.000000E+0 0.000000E+0 52.000000E+0 65.482000E+3
624 5.000000E+0 0.000000E+0 51.000000E+0 65.488000E+3
625 4.000000E+0 0.000000E+0 48.000000E+0 65.496000E+3
626 3.000000E+0 0.000000E+0 46.000000E+0 65.503000E+3
627 2.000000E+0 0.000000E+0 42.000000E+0 65.512000E+3
628 2.000000E+0 0.000000E+0 40.000000E+0 65.522000E+3
629 1.000000E+0 0.000000E+0 36.000000E+0 65.530000E+3
630 2.000000E+0 0.000000E+0 32.000000E+0 2.000000E+0
631 3.000000E+0 0.000000E+0 28.000000E+0 10.000000E+0
632 3.000000E+0 0.000000E+0 24.000000E+0 20.000000E+0
633 3.000000E+0 0.000000E+0 19.000000E+0 28.000000E+0
634 3.000000E+0 0.000000E+0 13.000000E+0 38.000000E+0
635 3.000000E+0 0.000000E+0 8.000000E+0 45.000000E+0
636 4.000000E+0 0.000000E+0 4.000000E+0 56.000000E+0
637 5.000000E+0 0.000000E+0 1.000000E+0 60.000000E+0
638 5.000000E+0 0.000000E+0 65.534000E+3 69.000000E+0
639 6.000000E+0 0.000000E+0 65.531000E+3 72.000000E+0
640 7.000000E+0 0.000000E+0 65.525000E+3 81.000000E+0
641 9.000000E+0 0.000000E+0 65.520000E+3 81.000000E+0
642 10.000000E+0 0.000000E+0 65.515000E+3 86.000000E+0
643 11.000000E+0 0.000000E+0 65.511000E+3 83.000000E+0
644 10.000000E+0 0.000000E+0 65.508000E+3 85.000000E+0
645 9.000000E+0 0.000000E+0 65.506000E+3 79.000000E+0
646 10.000000E+0 0.000000E+0 65.504000E+3 77.000000E+0
647 12.000000E+0 0.000000E+0 65.504000E+3 66.000000E+0
648 15.000000E+0 65.533000E+3 65.504000E+3 51.000000E+0
649 18.000000E+0 65.525000E+3 65.506000E+3 30.000000E+0
650 21.000000E+0 65.516000E+3 65.510000E+3 12.000000E+0
651 24.000000E+0 65.511000E+3 65.513000E+3 4.000000E+0
652 27.000000E+0 65.512000E+3 65.515000E+3 1.000000E+0
653 28.000000E+0 65.516000E+3 65.515000E+3 0.000000E+0
654 28.000000E+0 65.522000E+3 65.515000E+3 65.535000E+3
655 24.000000E+0 65.529000E+3 65.517000E+3 65.534000E+3
656 19.000000E+0 0.000000E+0 65.519000E+3 65.533000E+3
657 13.000000E+0 8.000000E+0 65.520000E+3 65.531000E+3
658 5.000000E+0 23.000000E+0 65.522000E+3 65.530000E+3
659 65.533000E+3 38.000000E+0 65.524000E+3 65.529000E+3
660 65.524000E+3 57.000000E+0 65.525000E+3 65.530000E+3
661 65.516000E+3 67.000000E+0 65.526000E+3 65.532000E+3
662 65.508000E+3 78.000000E+0 65.527000E+3 65.534000E+3
663 65.503000E+3 80.000000E+0 65.529000E+3 0.000000E+0
664 65.497000E+3 87.000000E+0 65.531000E+3 0.000000E+0
665 65.495000E+3 85.000000E+0 65.533000E+3 0.000000E+0
666 65.492000E+3 88.000000E+0 65.534000E+3 65.535000E+3
667 65.490000E+3 84.000000E+0 65.535000E+3 65.535000E+3
668 65.488000E+3 83.000000E+0 0.000000E+0 65.535000E+3
669 65.487000E+3 77.000000E+0 0.000000E+0 0.000000E+0
670 65.486000E+3 73.000000E+0 65.535000E+3 0.000000E+0
671 65.486000E+3 65.000000E+0 65.535000E+3 0.000000E+0
672 65.486000E+3 58.000000E+0 65.535000E+3 0.000000E+0
673 65.487000E+3 49.000000E+0 65.535000E+3 0.000000E+0
674 65.488000E+3 41.000000E+0 65.535000E+3 0.000000E+0
675 65.491000E+3 31.000000E+0 65.534000E+3 0.000000E+0
676 65.493000E+3 23.000000E+0 65.534000E+3 0.000000E+0
677 65.496000E+3 13.000000E+0 65.534000E+3 0.000000E+0
678 65.499000E+3 5.000000E+0 65.534000E+3 0.000000E+0
679 65.503000E+3 65.534000E+3 65.534000E+3 0.000000E+0
680 65.507000E+3 65.524000E+3 65.533000E+3 0.000000E+0
681 65.512000E+3 65.515000E+3 65.533000E+3 0.000000E+0
682 65.517000E+3 65.504000E+3 65.533000E+3 0.000000E+0
683 65.522000E+3 65.497000E+3 65.533000E+3 0.000000E+0
684 65.527000E+3 65.486000E+3 65.533000E+3 0.000000E+0
685 65.531000E+3 65.480000E+3 65.533000E+3 0.000000E+0
686 65.535000E+3 65.470000E+3 65.532000E+3 0.000000E+0
687 2.000000E+0 65.467000E+3 65.532000E+3 0.000000E+0
688 7.000000E+0 65.459000E+3 65.531000E+3 0.000000E+0
689 11.000000E+0 65.457000E+3 65.531000E+3 0.000000E+0
690 17.000000E+0 65.450000E+3 65.530000E+3 0.000000E+0
691 21.000000E+0 65.451000E+3 65.529000E+3 0.000000E+0
692 25.000000E+0 65.447000E+3 65.528000E+3 0.000000E+0
693 28.000000E+0 65.452000E+3 65.527000E+3 0.000000E+0
694 31.000000E+0 65.453000E+3 65.526000E+3 0.000000E+0
695 32.000000E+0 65.461000E+3 65.525000E+3 0.000000E+0
696 33.000000E+0 65.467000E+3 65.523000E+3 0.000000E+0
697 33.000000E+0 65.479000E+3 65.522000E+3 1.000000E+0
698 31.000000E+0 65.496000E+3 65.518000E+3 3.000000E+0
699 28.000000E+0 65.513000E+3 65.515000E+3 7.000000E+0
700 26.000000E+0 65.528000E+3 65.511000E+3 11.000000E+0
701 23.000000E+0 65.535000E+3 65.509000E+3 13.000000E+0
702 21.000000E+0 2.000000E+0 65.508000E+3 13.000000E+0
703 19.000000E+0 4.000000E+0 65.510000E+3 9.000000E+0
704 18.000000E+0 7.000000E+0 65.513000E+3 6.000000E+0
705 16.000000E+0 9.000000E+0 65.517000E+3 0.000000E+0
706 15.000000E+0 12.000000E+0 65.524000E+3 65.529000E+3
707 14.000000E+0 14.000000E+0 65.529000E+3 65.519000E+3
708 13.000000E+0 16.000000E+0 65.535000E+3 65.503000E+3
709 12.000000E+0 16.000000E+0 5.000000E+0 65.489000E+3
710 11.000000E+0 13.000000E+0 14.000000E+0 65.473000E+3
711 9.000000E+0 8.000000E+0 22.000000E+0 65.466000E+3
712 7.000000E+0 4.000000E+0 29.000000E+0 65.461000E+3
713 5.000000E+0 2.000000E+0 31.000000E+0 65.459000E+3
714 3.000000E+0 1.000000E+0 33.000000E+0 65.449000E+3
715 2.000000E+0 0.000000E+0 36.000000E+0 65.446000E+3
716 3.000000E+0 0.000000E+0 42.000000E+0 65.445000E+3
717 5.000000E+0 0.000000E+0 47.000000E+0 65.455000E+3
718 8.000000E+0 0.000000E+0 53.000000E+0 65.462000E+3
719 9.000000E+0 0.000000E+0 55.000000E+0 65.470000E+3
720 11.000000E+0 0.000000E+0 57.000000E+0 65.475000E+3
721 11.000000E+0 0.000000E+0 56.000000E+0 65.482000E+3
722 8.000000E+0 0.000000E+0 54.000000E+0 65.489000E+3
723 4.000000E+0 0.000000E+0 50.000000E+0 65.497000E+3
724 0.000000E+0 0.000000E+0 47.000000E+0 65.504000E+3
725 0.000000E+0 0.000000E+0 42.000000E+0 65.512000E+3
726 0.000000E+0 0.000000E+0 38.000000E+0 65.521000E+3
727 0.000000E+0 0.000000E+0 33.000000E+0 65.529000E+3
728 0.000000E+0 0.000000E+0 29.000000E+0 1.000000E+0
729 0.000000E+0 0.000000E+0 25.000000E+0 9.000000E+0
730 1.000000E+0 0.000000E+0 22.000000E+0 20.000000E+0
731 3.000000E+0 0.000000E+0 18.000000E+0 28.000000E+0
732 4.000000E+0 0.000000E+0 14.000000E+0 39.000000E+0
733 5.000000E+0 0.000000E+0 9.000000E+0 45.000000E+0
734 5.000000E+0 0.000000E+0 5.000000E+0 56.000000E+0
735 5.000000E+0 0.000000E+0 2.000000E+0 60.000000E+0
736 4.000000E+0 0.000000E+0 65.534000E+3 69.000000E+0
737 5.000000E+0 0.000000E+0 65.530000E+3 72.000000E+0
738 5.000000E+0 0.000000E+0 65.524000E+3 81.000000E+0
739 7.000000E+0 0.000000E+0 65.520000E+3 81.000000E+0
740 7.000000E+0 0.000000E+0 65.514000E+3 86.000000E+0
741 7.000000E+0 0.000000E+0 65.511000E+3 83.000000E+0
742 7.000000E+0 0.000000E+0 65.508000E+3 85.000000E+0
743 8.000000E+0 0.000000E+0 65.506000E+3 79.000000E+0
744 10.000000E+0 0.000000E+0 65.504000E+3 77.000000E+0
745 12.000000E+0 0.000000E+0 65.504000E+3 68.000000E+0
746 14.000000E+0 65.534000E+3 65.505000E+3 53.000000E+0
747 17.000000E+0 65.528000E+3 65.506000E+3 33.000000E+0
748 21.000000E+0 65.520000E+3 65.509000E+3 15.000000E+0
749 24.000000E+0 65.514000E+3 65.513000E+3 5.000000E+0
750 27.000000E+0 65.513000E+3 65.515000E+3 2.000000E+0
751 27.000000E+0 65.517000E+3 65.516000E+3 0.000000E+0
752 27.000000E+0 65.522000E+3 65.516000E+3 65.535000E+3
753 24.000000E+0 65.528000E+3 65.517000E+3 65.533000E+3
754 19.000000E+0 0.000000E+0 65.518000E+3 65.531000E+3
755 13.000000E+0 7.000000E+0 65.520000E+3 65.530000E+3
756 5.000000E+0 20.000000E+0 65.523000E+3 65.528000E+3
757 65.535000E+3 34.000000E+0 65.526000E+3 65.528000E+3
758 65.525000E+3 53.000000E+0 65.527000E+3 65.529000E+3
759 65.515000E+3 68.000000E+0 65.528000E+3 65.531000E+3
760 65.508000E+3 79.000000E+0 65.528000E+3 65.533000E+3
761 65.502000E+3 81.000000E+0 65.529000E+3 65.535000E+3
762 65.497000E+3 88.000000E+0 65.530000E+3 65.535000E+3
763 65.494000E+3 85.000000E+0 65.532000E+3 65.535000E+3
764 65.491000E+3 87.000000E+0 65.534000E+3 65.535000E+3
765 65.489000E+3 83.000000E+0 65.535000E+3 0.000000E+0
766 65.487000E+3 81.000000E+0 65.535000E+3 0.000000E+0
767 65.487000E+3 77.000000E+0 0.000000E+0 0.000000E+0
768 65.486000E+3 72.000000E+0 0.000000E+0 0.000000E+0
769 65.486000E+3 66.000000E+0 0.000000E+0 0.000000E+0
770 65.487000E+3 58.000000E+0 65.535000E+3 0.000000E+0
771 65.488000E+3 50.000000E+0 65.535000E+3 0.000000E+0
772 65.488000E+3 42.000000E+0 65.535000E+3 0.000000E+0
773 65.490000E+3 32.000000E+0 65.535000E+3 0.000000E+0
774 65.492000E+3 22.000000E+0 65.534000E+3 0.000000E+0
775 65.496000E+3 13.000000E+0 65.534000E+3 0.000000E+0
776 65.499000E+3 5.000000E+0 65.534000E+3 0.000000E+0
777 65.503000E+3 65.534000E+3 65.533000E+3 0.000000E+0
778 65.507000E+3 65.524000E+3 65.533000E+3 0.000000E+0
779 65.512000E+3 65.516000E+3 65.533000E+3 0.000000E+0
780 65.517000E+3 65.504000E+3 65.533000E+3 0.000000E+0
781 65.522000E+3 65.497000E+3 65.533000E+3 0.000000E+0
782 65.527000E+3 65.485000E+3 65.533000E+3 0.000000E+0
783 65.531000E+3 65.481000E+3 65.532000E+3 0.000000E+0
784 0.000000E+0 65.471000E+3 65.532000E+3 0.000000E+0
785 2.000000E+0 65.468000E+3 65.532000E+3 0.000000E+0
786 7.000000E+0 65.459000E+3 65.531000E+3 0.000000E+0
787 11.000000E+0 65.457000E+3 65.531000E+3 0.000000E+0
788 17.000000E+0 65.450000E+3 65.530000E+3 0.000000E+0
789 21.000000E+0 65.451000E+3 65.529000E+3 0.000000E+0
790 25.000000E+0 65.447000E+3 65.528000E+3 0.000000E+0
791 28.000000E+0 65.452000E+3 65.528000E+3 0.000000E+0
792 31.000000E+0 65.454000E+3 65.526000E+3 0.000000E+0
793 32.000000E+0 65.462000E+3 65.525000E+3 0.000000E+0
794 33.000000E+0 65.467000E+3 65.524000E+3 0.000000E+0
795 33.000000E+0 65.476000E+3 65.522000E+3 0.000000E+0
796 32.000000E+0 65.492000E+3 65.519000E+3 1.000000E+0
797 29.000000E+0 65.509000E+3 65.516000E+3 4.000000E+0
798 26.000000E+0 65.526000E+3 65.512000E+3 9.000000E+0
799 24.000000E+0 65.534000E+3 65.510000E+3 12.000000E+0
800 22.000000E+0 1.000000E+0 65.508000E+3 13.000000E+0
801 20.000000E+0 4.000000E+0 65.510000E+3 10.000000E+0
802 17.000000E+0 8.000000E+0 65.512000E+3 6.000000E+0
803 15.000000E+0 10.000000E+0 65.517000E+3 1.000000E+0
804 13.000000E+0 14.000000E+0 65.523000E+3 65.530000E+3
805 13.000000E+0 16.000000E+0 65.529000E+3 65.521000E+3
806 13.000000E+0 18.000000E+0 65.535000E+3 65.506000E+3
807 11.000000E+0 18.000000E+0 2.000000E+0 65.493000E+3
808 11.000000E+0 15.000000E+0 10.000000E+0 65.475000E+3
809 9.000000E+0 10.000000E+0 17.000000E+0 65.466000E+3
810 7.000000E+0 5.000000E+0 25.000000E+0 65.459000E+3
811 4.000000E+0 2.000000E+0 28.000000E+0 65.458000E+3
812 2.000000E+0 1.000000E+0 31.000000E+0 65.449000E+3
813 1.000000E+0 0.000000E+0 33.000000E+0 65.447000E+3
814 2.000000E+0 0.000000E+0 39.000000E+0 65.444000E+3
815 5.000000E+0 0.000000E+0 45.000000E+0 65.453000E+3
816 10.000000E+0 0.000000E+0 52.000000E+0 65.461000E+3
817 13.000000E+0 0.000000E+0 56.000000E+0 65.470000E+3
818 14.000000E+0 0.000000E+0 59.000000E+0 65.476000E+3
819 11.000000E+0 0.000000E+0 57.000000E+0 65.483000E+3
820 7.000000E+0 0.000000E+0 57.000000E+0 65.489000E+3
821 4.000000E+0 0.000000E+0 52.000000E+0 65.497000E+3
822 1.000000E+0 0.000000E+0 49.000000E+0 65.504000E+3
823 0.000000E+0 0.000000E+0 43.000000E+0 65.513000E+3
824 65.535000E+3 0.000000E+0 39.000000E+0 65.521000E+3
825 65.535000E+3 0.000000E+0 33.000000E+0 65.529000E+3
826 0.000000E+0 0.000000E+0 28.000000E+0 0.000000E+0
827 1.000000E+0 0.000000E+0 24.000000E+0 8.000000E+0
828 2.000000E+0 0.000000E+0 20.000000E+0 19.000000E+0
829 4.000000E+0 0.000000E+0 17.000000E+0 27.000000E+0
830 5.000000E+0 0.000000E+0 13.000000E+0 38.000000E+0
831 7.000000E+0 0.000000E+0 9.000000E+0 46.000000E+0
832 7.000000E+0 0.000000E+0 5.000000E+0 57.000000E+0
833 6.000000E+0 0.000000E+0 2.000000E+0 61.000000E+0
834 4.000000E+0 0.000000E+0 65.535000E+3 70.000000E+0
835 3.000000E+0 0.000000E+0 65.531000E+3 72.000000E+0
836 3.000000E+0 0.000000E+0 65.526000E+3 80.000000E+0
837 5.000000E+0 0.000000E+0 65.521000E+3 80.000000E+0
838 6.000000E+0 0.000000E+0 65.515000E+3 87.000000E+0
839 7.000000E+0 0.000000E+0 65.512000E+3 84.000000E+0
840 8.000000E+0 0.000000E+0 65.508000E+3 85.000000E+0
841 9.000000E+0 0.000000E+0 65.506000E+3 80.000000E+0
842 11.000000E+0 0.000000E+0 65.504000E+3 74.000000E+0
843 13.000000E+0 65.534000E+3 65.505000E+3 60.000000E+0
844 16.000000E+0 65.528000E+3 65.507000E+3 41.000000E+0
845 18.000000E+0 65.521000E+3 65.510000E+3 21.000000E+0
846 22.000000E+0 65.515000E+3 65.511000E+3 9.000000E+0
847 24.000000E+0 65.515000E+3 65.513000E+3 4.000000E+0
848 27.000000E+0 65.517000E+3 65.513000E+3 2.000000E+0
849 27.000000E+0 65.522000E+3 65.514000E+3 1.000000E+0
850 26.000000E+0 65.527000E+3 65.515000E+3 0.000000E+0
851 23.000000E+0 65.533000E+3 65.516000E+3 0.000000E+0
852 18.000000E+0 2.000000E+0 65.517000E+3 0.000000E+0
853 11.000000E+0 9.000000E+0 65.520000E+3 0.000000E+0
854 4.000000E+0 20.000000E+0 65.523000E+3 65.535000E+3
855 65.534000E+3 32.000000E+0 65.526000E+3 65.534000E+3
856 65.524000E+3 51.000000E+0 65.528000E+3 65.532000E+3
857 65.517000E+3 64.000000E+0 65.529000E+3 65.532000E+3
858 65.509000E+3 78.000000E+0 65.529000E+3 65.533000E+3
859 65.503000E+3 81.000000E+0 65.530000E+3 65.534000E+3
860 65.497000E+3 87.000000E+0 65.531000E+3 0.000000E+0
861 65.494000E+3 85.000000E+0 65.533000E+3 0.000000E+0
862 65.490000E+3 88.000000E+0 65.535000E+3 0.000000E+0
863 65.489000E+3 83.000000E+0 0.000000E+0 0.000000E+0
864 65.487000E+3 81.000000E+0 0.000000E+0 0.000000E+0
865 65.487000E+3 77.000000E+0 0.000000E+0 0.000000E+0
866 65.486000E+3 72.000000E+0 0.000000E+0 0.000000E+0
867 65.486000E+3 65.000000E+0 0.000000E+0 0.000000E+0
868 65.486000E+3 57.000000E+0 0.000000E+0 0.000000E+0
869 65.488000E+3 50.000000E+0 0.000000E+0 0.000000E+0
870 65.488000E+3 41.000000E+0 0.000000E+0 0.000000E+0
871 65.491000E+3 32.000000E+0 65.535000E+3 0.000000E+0
872 65.493000E+3 23.000000E+0 65.535000E+3 0.000000E+0
873 65.496000E+3 14.000000E+0 65.535000E+3 0.000000E+0
874 65.499000E+3 5.000000E+0 65.535000E+3 0.000000E+0
875 65.503000E+3 65.534000E+3 65.534000E+3 0.000000E+0
876 65.507000E+3 65.524000E+3 65.534000E+3 0.000000E+0
877 65.512000E+3 65.516000E+3 65.533000E+3 0.000000E+0
878 65.517000E+3 65.504000E+3 65.533000E+3 0.000000E+0
879 65.522000E+3 65.497000E+3 65.534000E+3 0.000000E+0
880 65.526000E+3 65.486000E+3 65.534000E+3 0.000000E+0
881 65.531000E+3 65.480000E+3 65.533000E+3 0.000000E+0
882 65.535000E+3 65.470000E+3 65.532000E+3 0.000000E+0
883 2.000000E+0 65.467000E+3 65.532000E+3 0.000000E+0
884 7.000000E+0 65.459000E+3 65.532000E+3 0.000000E+0
885 11.000000E+0 65.457000E+3 65.531000E+3 0.000000E+0
886 16.000000E+0 65.451000E+3 65.530000E+3 0.000000E+0
887 21.000000E+0 65.451000E+3 65.529000E+3 0.000000E+0
888 25.000000E+0 65.448000E+3 65.528000E+3 0.000000E+0
889 28.000000E+0 65.453000E+3 65.527000E+3 0.000000E+0
890 31.000000E+0 65.454000E+3 65.526000E+3 0.000000E+0
891 32.000000E+0 65.461000E+3 65.525000E+3 0.000000E+0
892 33.000000E+0 65.465000E+3 65.524000E+3 0.000000E+0
893 33.000000E+0 65.473000E+3 65.523000E+3 0.000000E+0
894 33.000000E+0 65.488000E+3 65.521000E+3 1.000000E+0
895 30.000000E+0 65.506000E+3 65.518000E+3 2.000000E+0
896 28.000000E+0 65.523000E+3 65.514000E+3 6.000000E+0
897 25.000000E+0 65.533000E+3 65.512000E+3 9.000000E+0
898 23.000000E+0 1.000000E+0 65.510000E+3 11.000000E+0
899 20.000000E+0 4.000000E+0 65.510000E+3 9.000000E+0
900 19.000000E+0 7.000000E+0 65.512000E+3 6.000000E+0
901 16.000000E+0 10.000000E+0 65.516000E+3 1.000000E+0
902 13.000000E+0 13.000000E+0 65.523000E+3 65.530000E+3
903 11.000000E+0 17.000000E+0 65.528000E+3 65.523000E+3
904 10.000000E+0 20.000000E+0 65.534000E+3 65.508000E+3
905 10.000000E+0 20.000000E+0 0.000000E+0 65.496000E+3
906 10.000000E+0 18.000000E+0 6.000000E+0 65.478000E+3
907 8.000000E+0 13.000000E+0 11.000000E+0 65.467000E+3
908 6.000000E+0 7.000000E+0 19.000000E+0 65.458000E+3
909 4.000000E+0 3.000000E+0 24.000000E+0 65.455000E+3
910 2.000000E+0 0.000000E+0 29.000000E+0 65.447000E+3
911 1.000000E+0 0.000000E+0 32.000000E+0 65.447000E+3
912 4.000000E+0 0.000000E+0 40.000000E+0 65.446000E+3
913 8.000000E+0 0.000000E+0 46.000000E+0 65.456000E+3
914 14.000000E+0 0.000000E+0 53.000000E+0 65.462000E+3
915 15.000000E+0 0.000000E+0 55.000000E+0 65.470000E+3
916 13.000000E+0 0.000000E+0 57.000000E+0 65.475000E+3
917 8.000000E+0 0.000000E+0 56.000000E+0 65.482000E+3
918 5.000000E+0 0.000000E+0 56.000000E+0 65.489000E+3
919 4.000000E+0 0.000000E+0 53.000000E+0 65.497000E+3
920 3.000000E+0 0.000000E+0 50.000000E+0 65.505000E+3
921 2.000000E+0 0.000000E+0 43.000000E+0 65.513000E+3
922 1.000000E+0 0.000000E+0 38.000000E+0 65.522000E+3
923 1.000000E+0 0.000000E+0 33.000000E+0 65.529000E+3
924 1.000000E+0 0.000000E+0 28.000000E+0 1.000000E+0
925 2.000000E+0 0.000000E+0 24.000000E+0 8.000000E+0
926 2.000000E+0 0.000000E+0 20.000000E+0 18.000000E+0
927 3.000000E+0 0.000000E+0 16.000000E+0 26.000000E+0
928 4.000000E+0 0.000000E+0 13.000000E+0 38.000000E+0
929 5.000000E+0 0.000000E+0 9.000000E+0 45.000000E+0
930 5.000000E+0 0.000000E+0 5.000000E+0 57.000000E+0
931 6.000000E+0 0.000000E+0 2.000000E+0 62.000000E+0
932 6.000000E+0 0.000000E+0 65.535000E+3 71.000000E+0
933 6.000000E+0 0.000000E+0 65.532000E+3 73.000000E+0
934 5.000000E+0 0.000000E+0 65.526000E+3 81.000000E+0
935 6.000000E+0 0.000000E+0 65.521000E+3 81.000000E+0
936 7.000000E+0 0.000000E+0 65.515000E+3 86.000000E+0
937 8.000000E+0 1.000000E+0 65.511000E+3 83.000000E+0
938 10.000000E+0 0.000000E+0 65.508000E+3 83.000000E+0
939 11.000000E+0 0.000000E+0 65.508000E+3 70.000000E+0
940 13.000000E+0 65.531000E+3 65.509000E+3 52.000000E+0
941 13.000000E+0 65.526000E+3 65.509000E+3 32.000000E+0
942 15.000000E+0 65.521000E+3 65.504000E+3 23.000000E+0
943 15.000000E+0 65.520000E+3 65.501000E+3 19.000000E+0
944 16.000000E+0 65.521000E+3 65.500000E+3 18.000000E+0
945 17.000000E+0 65.521000E+3 65.504000E+3 14.000000E+0
946 20.000000E+0 65.522000E+3 65.509000E+3 10.000000E+0
947 22.000000E+0 65.525000E+3 65.513000E+3 7.000000E+0
948 22.000000E+0 65.529000E+3 65.515000E+3 4.000000E+0
949 19.000000E+0 65.534000E+3 65.518000E+3 2.000000E+0
950 15.000000E+0 3.000000E+0 65.519000E+3 0.000000E+0
951 11.000000E+0 8.000000E+0 65.521000E+3 0.000000E+0
952 5.000000E+0 18.000000E+0 65.525000E+3 0.000000E+0
953 0.000000E+0 30.000000E+0 65.527000E+3 65.535000E+3
954 65.527000E+3 49.000000E+0 65.528000E+3 65.535000E+3
955 65.520000E+3 63.000000E+0 65.529000E+3 65.535000E+3
956 65.511000E+3 80.000000E+0 65.529000E+3 0.000000E+0
957 65.506000E+3 83.000000E+0 65.531000E+3 0.000000E+0
958 65.499000E+3 89.000000E+0 65.532000E+3 0.000000E+0
959 65.495000E+3 87.000000E+0 65.532000E+3 0.000000E+0
960 65.491000E+3 87.000000E+0 65.533000E+3 0.000000E+0
961 65.488000E+3 83.000000E+0 65.533000E+3 0.000000E+0
962 65.486000E+3 80.000000E+0 65.533000E+3 0.000000E+0
963 65.485000E+3 76.000000E+0 65.533000E+3 0.000000E+0
964 65.484000E+3 71.000000E+0 65.534000E+3 0.000000E+0
965 65.485000E+3 64.000000E+0 65.534000E+3 0.000000E+0
966 65.486000E+3 58.000000E+0 65.534000E+3 0.000000E+0
967 65.487000E+3 49.000000E+0 65.534000E+3 0.000000E+0
968 65.489000E+3 42.000000E+0 65.535000E+3 0.000000E+0
969 65.491000E+3 33.000000E+0 65.535000E+3 0.000000E+0
970 65.493000E+3 23.000000E+0 65.535000E+3 0.000000E+0
971 65.497000E+3 14.000000E+0 65.534000E+3 0.000000E+0
972 65.499000E+3 5.000000E+0 65.534000E+3 0.000000E+0
973 65.503000E+3 65.534000E+3 65.534000E+3 0.000000E+0
974 65.507000E+3 65.524000E+3 65.533000E+3 0.000000E+0
975 65.512000E+3 65.516000E+3 65.533000E+3 0.000000E+0
976 65.517000E+3 65.504000E+3 65.533000E+3 0.000000E+0
977 65.522000E+3 65.497000E+3 65.533000E+3 0.000000E+0
978 65.527000E+3 65.486000E+3 65.533000E+3 0.000000E+0
979 65.531000E+3 65.480000E+3 65.533000E+3 0.000000E+0
980 0.000000E+0 65.470000E+3 65.533000E+3 0.000000E+0
981 3.000000E+0 65.467000E+3 65.533000E+3 0.000000E+0
982 7.000000E+0 65.459000E+3 65.532000E+3 0.000000E+0
983 11.000000E+0 65.457000E+3 65.532000E+3 0.000000E+0
984 17.000000E+0 65.451000E+3 65.531000E+3 0.000000E+0
985 21.000000E+0 65.451000E+3 65.530000E+3 0.000000E+0
986 25.000000E+0 65.447000E+3 65.529000E+3 0.000000E+0
987 28.000000E+0 65.453000E+3 65.528000E+3 0.000000E+0
988 31.000000E+0 65.454000E+3 65.526000E+3 0.000000E+0
989 32.000000E+0 65.461000E+3 65.525000E+3 0.000000E+0
990 33.000000E+0 65.465000E+3 65.524000E+3 0.000000E+0
991 32.000000E+0 65.478000E+3 65.523000E+3 1.000000E+0
992 30.000000E+0 65.496000E+3 65.519000E+3 4.000000E+0
993 28.000000E+0 65.513000E+3 65.516000E+3 9.000000E+0
994 25.000000E+0 65.527000E+3 65.512000E+3 13.000000E+0
995 22.000000E+0 65.533000E+3 65.511000E+3 13.000000E+0
996 21.000000E+0 0.000000E+0 65.509000E+3 12.000000E+0
997 20.000000E+0 3.000000E+0 65.511000E+3 9.000000E+0
998 19.000000E+0 6.000000E+0 65.513000E+3 5.000000E+0
999 17.000000E+0 8.000000E+0 65.517000E+3 1.000000E+0
1000 16.000000E+0 11.000000E+0 65.524000E+3 65.531000E+3
