0.0 0.0 0.0 0.0 0.010123645871974929
0.02 0.0 0.0 0.0 0.0
0.04 0.0 0.010123645871974929 0.020247291743949857 0.030370937615924784
0.06 -0.04194081861246756 0.050618229359874645 0.020247291743949857 0.020247291743949857
0.08 -0.03181717274049263 0.040494583487899714 0.010123645871974929 0.04963448170093426
0.1 -0.05206446448444249 0.05975812757290919 0.0 0.02840344229804403
0.12 -0.0327064262954907 0.012726099660611445 -0.03181717274049263 0.04766698638305351
0.14 -0.043719325722463696 0.031989643745620924 -0.03181717274049263 0.011742352001671078
0.16 -0.024361287533511914 -0.003934990635761513 -0.05206446448444249 0.0365595928521382
0.18 -0.024361287533511914 0.020882250214705616 -0.042830072167465635 0.0006349584707557702
0.2 -0.01423764166153698 -0.01961233327319409 -0.05384297159443862 0.03100589608668055
0.22 -0.025250541088509975 0.015328553449247958 -0.043719325722463696 0.0006349584707557702
0.24 -0.00500324934456012 -0.009488687401219163 -0.034484933405486834 0.03100589608668055
0.26 -0.025250541088509975 0.020882250214705616 -0.015126895216535053 0.0006349584707557702
0.28 -0.015126895216535053 -0.01961233327319409 -0.035374186960484895 0.03100589608668055
0.3 -0.025250541088509975 0.020882250214705616 -0.015126895216535053 0.0006349584707557702
0.32 -0.024361287533511914 -0.01961233327319409 -0.025250541088509975 0.03100589608668055
0.34 -0.015126895216535053 0.010758604342730693 -0.015126895216535053 0.010758604342730693
0.36 -0.00500324934456012 -0.009488687401219163 -0.016016148771533116 0.0365595928521382
0.38 -0.025250541088509975 0.03100589608668055 -0.00500324934456012 0.01631230110818834
0.4 -0.00500324934456012 -0.003934990635761513 -0.015126895216535053 0.0365595928521382
0.42 -0.025250541088509975 0.026435946980163265 -0.00500324934456012 0.01631230110818834
0.44 -0.015126895216535053 -0.003934990635761513 -0.015126895216535053 0.04112954195865548
0.46 -0.015126895216535053 0.026435946980163265 -0.00500324934456012 0.010758604342730693
0.48 -0.00500324934456012 -0.003934990635761513 -0.025250541088509975 0.04112954195865548
0.5 -0.035374186960484895 0.010758604342730693 -0.024361287533511914 -0.004918738294701887
0.52 -0.015126895216535053 -0.01961233327319409 -0.034484933405486834 0.02545219932122289
0.54 -0.025250541088509975 0.005204907577273036 -0.015126895216535053 -0.004918738294701887
0.56 -0.015126895216535053 -0.009488687401219163 -0.035374186960484895 0.03100589608668055
0.58 -0.035374186960484895 0.020882250214705616 -0.015126895216535053 0.0006349584707557702
0.6 -0.015126895216535053 -0.003934990635761513 -0.025250541088509975 0.03100589608668055
0.62 -0.025250541088509975 0.010758604342730693 -0.015126895216535053 0.006188655236213421
0.64 -0.015126895216535053 -0.01961233327319409 -0.025250541088509975 0.026435946980163265
0.66 -0.025250541088509975 0.010758604342730693 -0.015126895216535053 0.006188655236213421
0.68 -0.00500324934456012 -0.003934990635761513 -0.025250541088509975 0.04668323872411313
0.7 -0.025250541088509975 0.03100589608668055 -0.015126895216535053 0.01631230110818834
0.72 -0.015126895216535053 -0.009488687401219163 -0.015126895216535053 0.020882250214705616
0.74 -0.025250541088509975 0.010758604342730693 -0.00500324934456012 0.0006349584707557702
0.76 -0.00500324934456012 -0.009488687401219163 -0.025250541088509975 0.02545219932122289
0.78 -0.025250541088509975 0.020882250214705616 -0.025250541088509975 0.010758604342730693
0.8 -0.024361287533511914 -0.003934990635761513 -0.025250541088509975 0.03100589608668055
0.82 -0.034484933405486834 0.026435946980163265 -0.024361287533511914 0.006188655236213421
0.84 -0.024361287533511914 -0.003934990635761513 -0.034484933405486834 0.0365595928521382
0.86 -0.034484933405486834 0.01631230110818834 -0.024361287533511914 0.021865997873646
0.88 -0.034484933405486834 -0.003934990635761513 -0.025250541088509975 0.042113289617595855
0.9 -0.034484933405486834 0.020882250214705616 -0.015126895216535053 0.021865997873646
0.92 -0.024361287533511914 0.006188655236213421 -0.025250541088509975 0.05223693548957079
0.94 -0.04460857927746176 0.01631230110818834 -0.024361287533511914 0.021865997873646
0.96 -0.024361287533511914 -0.003934990635761513 -0.024361287533511914 0.05680688459608806
0.98 -0.025250541088509975 0.026435946980163265 -0.01423764166153698 0.026435946980163265
1.0 -0.015126895216535053 -0.003934990635761513 -0.024361287533511914 0.04668323872411313
1.02 -0.04460857927746176 0.026435946980163265 -0.01423764166153698 0.026435946980163265
1.04 -0.024361287533511914 0.006188655236213421 -0.034484933405486834 0.04668323872411313
1.06 -0.034484933405486834 0.01631230110818834 -0.024361287533511914 0.01631230110818834
1.08 -0.024361287533511914 -0.003934990635761513 -0.034484933405486834 0.05680688459608806
1.1 -0.034484933405486834 0.01631230110818834 -0.024361287533511914 0.01631230110818834
1.12 -0.01423764166153698 -0.003934990635761513 -0.04460857927746176 0.04668323872411313
1.14 -0.04460857927746176 0.026435946980163265 -0.024361287533511914 0.01631230110818834
1.16 -0.034484933405486834 -0.003934990635761513 -0.034484933405486834 0.04668323872411313
1.18 -0.034484933405486834 0.01631230110818834 -0.024361287533511914 0.01631230110818834
1.2 -0.024361287533511914 -0.003934990635761513 -0.034484933405486834 0.0365595928521382
1.22 -0.034484933405486834 0.01631230110818834 -0.024361287533511914 0.01631230110818834
1.24 -0.024361287533511914 0.001618706129696144 -0.034484933405486834 0.03100589608668055
1.26 -0.04460857927746176 0.031989643745620924 -0.024361287533511914 0.01631230110818834
1.28 -0.034484933405486834 0.001618706129696144 -0.034484933405486834 0.0365595928521382
1.3 -0.04460857927746176 0.031989643745620924 -0.024361287533511914 0.006188655236213421
1.32 -0.024361287533511914 0.001618706129696144 -0.04460857927746176 0.0365595928521382
1.34 -0.034484933405486834 0.021865997873646 -0.024361287533511914 0.01631230110818834
1.36 -0.024361287533511914 0.001618706129696144 -0.04460857927746176 0.042113289617595855
1.38 -0.04460857927746176 0.031989643745620924 -0.024361287533511914 0.021865997873646
1.4 -0.034484933405486834 0.001618706129696144 -0.034484933405486834 0.042113289617595855
1.42 -0.04460857927746176 0.031989643745620924 -0.034484933405486834 0.021865997873646
1.44 -0.034484933405486834 0.001618706129696144 -0.034484933405486834 0.042113289617595855
1.46 -0.04460857927746176 0.031989643745620924 -0.034484933405486834 0.021865997873646
1.48 -0.024361287533511914 0.011742352001671078 -0.04460857927746176 0.042113289617595855
1.5 -0.034484933405486834 0.031989643745620924 -0.024361287533511914 0.021865997873646
1.52 -0.024361287533511914 0.011742352001671078 -0.034484933405486834 0.042113289617595855
1.54 -0.04460857927746176 0.031989643745620924 -0.034484933405486834 0.021865997873646
1.56 -0.034484933405486834 0.001618706129696144 -0.04460857927746176 0.05223693548957079
1.58 -0.04460857927746176 0.021865997873646 -0.034484933405486834 0.031989643745620924
1.6 -0.034484933405486834 0.001618706129696144 -0.04460857927746176 0.05223693548957079
1.62 -0.034484933405486834 0.021865997873646 -0.034484933405486834 0.031989643745620924
1.64 -0.034484933405486834 0.001618706129696144 -0.034484933405486834 0.05223693548957079
1.66 -0.04460857927746176 0.031989643745620924 -0.034484933405486834 0.03754334051107857
1.68 -0.034484933405486834 0.011742352001671078 -0.034484933405486834 0.04766698638305351
1.7 -0.04460857927746176 0.021865997873646 -0.024361287533511914 0.02741969463910365
1.72 -0.034484933405486834 0.001618706129696144 -0.034484933405486834 0.05223693548957079
1.74 -0.034484933405486834 0.02741969463910365 -0.034484933405486834 0.031989643745620924
1.76 -0.034484933405486834 0.0071724028951537944 -0.04460857927746176 0.05223693548957079
1.78 -0.04460857927746176 0.03754334051107857 -0.043719325722463696 0.031989643745620924
1.8 -0.024361287533511914 0.01729604876712873 -0.05384297159443862 0.05223693548957079
1.82 -0.04460857927746176 0.02741969463910365 -0.043719325722463696 0.031989643745620924
1.84 -0.034484933405486834 0.01729604876712873 -0.05384297159443862 0.05223693548957079
1.86 -0.054732225149436695 0.03754334051107857 -0.05384297159443862 0.021865997873646
1.88 -0.034484933405486834 0.01729604876712873 -0.04460857927746176 0.05223693548957079
1.9 -0.04460857927746176 0.031989643745620924 -0.034484933405486834 0.021865997873646
1.92 -0.034484933405486834 0.01729604876712873 -0.04460857927746176 0.042113289617595855
1.94 -0.04460857927746176 0.031989643745620924 -0.034484933405486834 0.021865997873646
1.96 -0.034484933405486834 0.01729604876712873 -0.04460857927746176 0.042113289617595855
1.98 -0.04460857927746176 0.031989643745620924 -0.034484933405486834 0.021865997873646
2.0 -0.034484933405486834 0.001618706129696144 -0.04460857927746176 0.042113289617595855
2.02 -0.04460857927746176 0.021865997873646 -0.034484933405486834 0.02741969463910365
2.04 -0.034484933405486834 0.01729604876712873 -0.04460857927746176 0.04766698638305351
2.06 -0.04460857927746176 0.02741969463910365 -0.034484933405486834 0.02741969463910365
2.08 -0.034484933405486834 0.0071724028951537944 -0.04460857927746176 0.05779063225502844
2.1 -0.024361287533511914 0.03754334051107857 -0.043719325722463696 0.03754334051107857
2.12 -0.024361287533511914 0.01729604876712873 -0.043719325722463696 0.04766698638305351
2.14 -0.034484933405486834 0.042113289617595855 -0.03359567985048877 0.02741969463910365
2.16 -0.03359567985048877 0.011742352001671078 -0.05384297159443862 0.05779063225502844
2.18 -0.043719325722463696 0.031989643745620924 -0.043719325722463696 0.02741969463910365
2.2 -0.043719325722463696 0.01729604876712873 -0.05384297159443862 0.042113289617595855
2.22 -0.05384297159443862 0.03754334051107857 -0.043719325722463696 0.03754334051107857
2.24 -0.043719325722463696 0.0071724028951537944 -0.05384297159443862 0.04766698638305351
2.26 -0.05384297159443862 0.02741969463910365 -0.05384297159443862 0.02741969463910365
2.28 -0.043719325722463696 0.0071724028951537944 -0.05384297159443862 0.05779063225502844
2.3 -0.04460857927746176 0.03754334051107857 -0.043719325722463696 0.03754334051107857
2.32 -0.034484933405486834 0.01729604876712873 -0.05384297159443862 0.05779063225502844
2.34 -0.04460857927746176 0.02741969463910365 -0.04460857927746176 0.03754334051107857
2.36 -0.034484933405486834 0.01729604876712873 -0.04460857927746176 0.05779063225502844
2.38 -0.04460857927746176 0.03754334051107857 -0.034484933405486834 0.03754334051107857
2.4 -0.043719325722463696 0.01729604876712873 -0.04460857927746176 0.05779063225502844
2.42 -0.043719325722463696 0.03754334051107857 -0.034484933405486834 0.03754334051107857
2.44 -0.043719325722463696 0.01729604876712873 -0.05384297159443862 0.05779063225502844
2.46 -0.05384297159443862 0.04766698638305351 -0.043719325722463696 0.03754334051107857
2.48 -0.043719325722463696 0.01729604876712873 -0.05384297159443862 0.05779063225502844
2.5 -0.043719325722463696 0.031989643745620924 -0.05384297159443862 0.03754334051107857
2.52 -0.043719325722463696 0.011742352001671078 -0.05384297159443862 0.05779063225502844
2.54 -0.06396661746641355 0.021865997873646 -0.05384297159443862 0.03754334051107857
2.56 -0.043719325722463696 0.01729604876712873 -0.05384297159443862 0.04766698638305351
2.58 -0.043719325722463696 0.03754334051107857 -0.043719325722463696 0.04309703727653622
2.6 -0.043719325722463696 0.02284974553258638 -0.05384297159443862 0.0633443290204861
2.62 -0.05384297159443862 0.04309703727653622 -0.043719325722463696 0.04309703727653622
2.64 -0.043719325722463696 0.02284974553258638 -0.04460857927746176 0.05779063225502844
2.66 -0.05384297159443862 0.02741969463910365 -0.043719325722463696 0.03754334051107857
2.68 -0.043719325722463696 0.01729604876712873 -0.05384297159443862 0.04766698638305351
2.7 -0.043719325722463696 0.04309703727653622 -0.043719325722463696 0.0329733914045613
2.72 -0.043719325722463696 0.02284974553258638 -0.05384297159443862 0.0633443290204861
2.74 -0.05384297159443862 0.04309703727653622 -0.043719325722463696 0.04309703727653622
2.76 -0.043719325722463696 0.02284974553258638 -0.05384297159443862 0.04766698638305351
2.78 -0.043719325722463696 0.0329733914045613 -0.05384297159443862 0.02741969463910365
2.8 -0.043719325722463696 0.02284974553258638 -0.043719325722463696 0.04766698638305351
2.82 -0.05384297159443862 0.0329733914045613 -0.043719325722463696 0.04309703727653622
2.84 -0.043719325722463696 0.02284974553258638 -0.05384297159443862 0.04309703727653622
2.86 -0.05384297159443862 0.04309703727653622 -0.043719325722463696 0.0329733914045613
2.88 -0.05384297159443862 0.02284974553258638 -0.043719325722463696 0.0633443290204861
2.9 -0.05384297159443862 0.0329733914045613 -0.043719325722463696 0.0329733914045613
2.92 -0.043719325722463696 0.02284974553258638 -0.05384297159443862 0.05322068314851116
2.94 -0.05384297159443862 0.04309703727653622 -0.05384297159443862 0.0329733914045613
2.96 -0.043719325722463696 0.02284974553258638 -0.05384297159443862 0.05322068314851116
2.98 -0.05384297159443862 0.04309703727653622 -0.043719325722463696 0.04309703727653622
3.0 -0.043719325722463696 0.02840344229804403 -0.054732225149436695 0.05322068314851116
3.02 -0.05384297159443862 0.048650734041993875 -0.034484933405486834 0.04309703727653622
3.04 -0.043719325722463696 0.02840344229804403 -0.05384297159443862 0.0633443290204861
3.06 -0.05384297159443862 0.0329733914045613 -0.043719325722463696 0.04309703727653622
3.08 -0.05384297159443862 0.02284974553258638 -0.05384297159443862 0.05322068314851116
3.1 -0.05384297159443862 0.0329733914045613 -0.05384297159443862 0.048650734041993875
3.12 -0.043719325722463696 0.02284974553258638 -0.05384297159443862 0.058774379913968805
3.14 -0.05384297159443862 0.0329733914045613 -0.043719325722463696 0.03852708817001895
3.16 -0.043719325722463696 0.02284974553258638 -0.05384297159443862 0.058774379913968805
3.18 -0.05384297159443862 0.048650734041993875 -0.05384297159443862 0.048650734041993875
3.2 -0.043719325722463696 0.02840344229804403 -0.043719325722463696 0.058774379913968805
3.22 -0.05384297159443862 0.03852708817001895 -0.043719325722463696 0.03852708817001895
3.24 -0.05384297159443862 0.02840344229804403 -0.043719325722463696 0.058774379913968805
3.26 -0.05384297159443862 0.03852708817001895 -0.043719325722463696 0.048650734041993875
3.28 -0.05384297159443862 0.03852708817001895 -0.05384297159443862 0.058774379913968805
3.3 -0.05384297159443862 0.048650734041993875 -0.06307736391141548 0.048650734041993875
3.32 -0.043719325722463696 0.02840344229804403 -0.06307736391141548 0.048650734041993875
3.34 -0.05384297159443862 0.048650734041993875 -0.05295371803944056 0.048650734041993875
3.36 -0.043719325722463696 0.02840344229804403 -0.05384297159443862 0.06889802578594374
3.38 -0.05384297159443862 0.048650734041993875 -0.043719325722463696 0.048650734041993875
3.4 -0.043719325722463696 0.03395713906350169 -0.05384297159443862 0.06889802578594374
3.42 -0.05384297159443862 0.03852708817001895 -0.05295371803944056 0.048650734041993875
3.44 -0.043719325722463696 0.02840344229804403 -0.06307736391141548 0.06889802578594374
3.46 -0.043719325722463696 0.03852708817001895 -0.06307736391141548 0.048650734041993875
3.48 -0.043719325722463696 0.02840344229804403 -0.05384297159443862 0.06432807667942647
3.5 -0.06307736391141548 0.03852708817001895 -0.05384297159443862 0.054204430807451534
3.52 -0.05295371803944056 0.02840344229804403 -0.06307736391141548 0.06889802578594374
3.54 -0.0732010097833904 0.03852708817001895 -0.05295371803944056 0.048650734041993875
3.56 -0.06307736391141548 0.02840344229804403 -0.06307736391141548 0.058774379913968805
3.58 -0.06307736391141548 0.02840344229804403 -0.043719325722463696 0.048650734041993875
3.6 -0.06307736391141548 0.03395713906350169 -0.043719325722463696 0.058774379913968805
3.62 -0.06307736391141548 0.04408078493547661 -0.043719325722463696 0.054204430807451534
3.64 -0.05295371803944056 0.03395713906350169 -0.05384297159443862 0.06432807667942647
3.66 -0.06307736391141548 0.04408078493547661 -0.043719325722463696 0.054204430807451534
3.68 -0.05295371803944056 0.03395713906350169 -0.06307736391141548 0.06432807667942647
3.7 -0.06307736391141548 0.04408078493547661 -0.06307736391141548 0.054204430807451534
3.72 -0.05295371803944056 0.03395713906350169 -0.05295371803944056 0.0744517225514014
3.74 -0.06307736391141548 0.04408078493547661 -0.05295371803944056 0.054204430807451534
3.76 -0.05295371803944056 0.03395713906350169 -0.06307736391141548 0.058774379913968805
3.78 -0.06307736391141548 0.04408078493547661 -0.05295371803944056 0.048650734041993875
3.8 -0.05295371803944056 0.03395713906350169 -0.06307736391141548 0.058774379913968805
3.82 -0.06307736391141548 0.03395713906350169 -0.05295371803944056 0.054204430807451534
3.84 -0.06307736391141548 0.03395713906350169 -0.06307736391141548 0.06432807667942647
3.86 -0.06307736391141548 0.04408078493547661 -0.05295371803944056 0.05975812757290919
3.88 -0.06307736391141548 0.03951083582895934 -0.06307736391141548 0.06432807667942647
3.9 -0.06307736391141548 0.04963448170093426 -0.06307736391141548 0.054204430807451534
3.92 -0.05295371803944056 0.03951083582895934 -0.06307736391141548 0.06432807667942647
3.94 -0.06307736391141548 0.04408078493547661 -0.05295371803944056 0.054204430807451534
3.96 -0.05295371803944056 0.03395713906350169 -0.06307736391141548 0.06432807667942647
3.98 -0.06307736391141548 0.04408078493547661 -0.06307736391141548 0.054204430807451534
4.0 -0.05295371803944056 0.03395713906350169 -0.06307736391141548 0.06432807667942647
4.02 -0.05295371803944056 0.03951083582895934 -0.06307736391141548 0.04408078493547661
4.04 -0.05295371803944056 0.029387189956984403 -0.06307736391141548 0.054204430807451534
4.06 -0.06307736391141548 0.04963448170093426 -0.06307736391141548 0.04408078493547661
4.08 -0.05295371803944056 0.03951083582895934 -0.06307736391141548 0.06432807667942647
4.1 -0.06307736391141548 0.03951083582895934 -0.07231175622839234 0.05975812757290919
4.12 -0.06307736391141548 0.029387189956984403 -0.062188110356417414 0.05975812757290919
4.14 -0.0732010097833904 0.04963448170093426 -0.07231175622839234 0.04963448170093426
4.16 -0.06307736391141548 0.03951083582895934 -0.06307736391141548 0.05975812757290919
4.18 -0.06307736391141548 0.04963448170093426 -0.05295371803944056 0.05975812757290919
4.2 -0.05295371803944056 0.03951083582895934 -0.06307736391141548 0.05975812757290919
4.22 -0.05295371803944056 0.03951083582895934 -0.06307736391141548 0.04963448170093426
4.24 -0.05295371803944056 0.029387189956984403 -0.06307736391141548 0.05975812757290919
4.26 -0.06307736391141548 0.04963448170093426 -0.07231175622839234 0.05975812757290919
4.28 -0.05295371803944056 0.03951083582895934 -0.08243540210036727 0.05975812757290919
4.3 -0.05295371803944056 0.03951083582895934 -0.07231175622839234 0.04963448170093426
4.32 -0.05295371803944056 0.03951083582895934 -0.08243540210036727 0.05975812757290919
4.34 -0.05295371803944056 0.03951083582895934 -0.08243540210036727 0.05975812757290919
4.36 -0.05295371803944056 0.03951083582895934 -0.07231175622839234 0.05975812757290919
4.38 -0.06307736391141548 0.04963448170093426 -0.07231175622839234 0.05518817846639191
4.4 -0.05295371803944056 0.03951083582895934 -0.07231175622839234 0.06531182433836684
4.42 -0.05295371803944056 0.03951083582895934 -0.06307736391141548 0.06531182433836684
4.44 -0.05295371803944056 0.04506453259441699 -0.06307736391141548 0.06531182433836684
4.46 -0.06307736391141548 0.04506453259441699 -0.05295371803944056 0.05975812757290919
4.48 -0.07231175622839234 0.04506453259441699 -0.06307736391141548 0.06531182433836684
4.5 -0.062188110356417414 0.05518817846639191 -0.06307736391141548 0.06531182433836684
4.52 -0.062188110356417414 0.04506453259441699 -0.06307736391141548 0.07543547021034176
4.54 -0.07231175622839234 0.04506453259441699 -0.07231175622839234 0.06531182433836684
4.56 -0.062188110356417414 0.04506453259441699 -0.07231175622839234 0.05518817846639191
4.58 -0.062188110356417414 0.05518817846639191 -0.07231175622839234 0.05518817846639191
4.6 -0.062188110356417414 0.04506453259441699 -0.07231175622839234 0.06531182433836684
4.62 -0.062188110356417414 0.04506453259441699 -0.07231175622839234 0.05518817846639191
4.64 -0.05206446448444249 0.04506453259441699 -0.07231175622839234 0.06531182433836684
4.66 -0.05295371803944056 0.03494088672244206 -0.07231175622839234 0.07086552110382449
4.68 -0.05295371803944056 0.03494088672244206 -0.07231175622839234 0.08098916697579943
4.7 -0.05295371803944056 0.04506453259441699 -0.07231175622839234 0.07086552110382449
4.72 -0.062188110356417414 0.04506453259441699 -0.07231175622839234 0.06074187523184957
4.74 -0.062188110356417414 0.05518817846639191 -0.07231175622839234 0.06074187523184957
4.76 -0.062188110356417414 0.050618229359874645 -0.062188110356417414 0.06531182433836684
4.78 -0.07231175622839234 0.050618229359874645 -0.07231175622839234 0.06531182433836684
4.8 -0.07231175622839234 0.040494583487899714 -0.07231175622839234 0.06531182433836684
4.82 -0.062188110356417414 0.04506453259441699 -0.07231175622839234 0.06531182433836684
4.84 -0.07231175622839234 0.04506453259441699 -0.07231175622839234 0.05518817846639191
4.86 -0.062188110356417414 0.04506453259441699 -0.07231175622839234 0.06074187523184957
4.88 -0.07231175622839234 0.050618229359874645 -0.07231175622839234 0.06074187523184957
4.9 -0.062188110356417414 0.050618229359874645 -0.062188110356417414 0.06074187523184957
4.92 -0.062188110356417414 0.050618229359874645 -0.062188110356417414 0.07086552110382449
4.94 -0.062188110356417414 0.06074187523184957 -0.062188110356417414 0.07086552110382449
4.96 -0.062188110356417414 0.06074187523184957 -0.062188110356417414 0.07086552110382449
4.98 -0.062188110356417414 0.050618229359874645 -0.062188110356417414 0.07086552110382449
5.0 -0.062188110356417414 0.050618229359874645 -0.062188110356417414 0.07086552110382449
5.02 -0.062188110356417414 0.050618229359874645 -0.062188110356417414 0.07086552110382449
5.04 -0.062188110356417414 0.050618229359874645 -0.062188110356417414 0.07086552110382449
5.06 -0.062188110356417414 0.050618229359874645 -0.062188110356417414 0.07086552110382449
5.08 -0.05206446448444249 0.050618229359874645 -0.062188110356417414 0.07086552110382449
5.1 -0.062188110356417414 0.040494583487899714 -0.062188110356417414 0.07086552110382449
5.12 -0.062188110356417414 0.040494583487899714 -0.062188110356417414 0.07086552110382449
5.14 -0.05206446448444249 0.050618229359874645 -0.062188110356417414 0.07086552110382449
5.16 -0.05206446448444249 0.050618229359874645 -0.062188110356417414 0.06074187523184957
5.18 -0.062188110356417414 0.040494583487899714 -0.062188110356417414 0.06074187523184957
5.2 -0.05206446448444249 0.040494583487899714 -0.062188110356417414 0.06074187523184957
5.22 -0.062188110356417414 0.040494583487899714 -0.062188110356417414 0.07086552110382449
5.24 -0.062188110356417414 0.040494583487899714 -0.062188110356417414 0.06074187523184957
5.26 -0.05206446448444249 0.040494583487899714 -0.062188110356417414 0.06074187523184957
5.28 -0.062188110356417414 0.040494583487899714 -0.062188110356417414 0.07086552110382449
5.3 -0.062188110356417414 0.050618229359874645 -0.062188110356417414 0.06074187523184957
5.32 -0.062188110356417414 0.040494583487899714 -0.062188110356417414 0.06074187523184957
5.34 -0.05206446448444249 0.040494583487899714 -0.062188110356417414 0.06074187523184957
5.36 -0.062188110356417414 0.040494583487899714 -0.062188110356417414 0.07086552110382449
5.38 -0.05206446448444249 0.040494583487899714 -0.062188110356417414 0.06074187523184957
5.4 -0.05206446448444249 0.040494583487899714 -0.062188110356417414 0.07086552110382449
5.42 -0.062188110356417414 0.040494583487899714 -0.062188110356417414 0.06074187523184957
5.44 -0.05206446448444249 0.050618229359874645 -0.062188110356417414 0.06074187523184957
5.46 -0.05206446448444249 0.040494583487899714 -0.062188110356417414 0.06074187523184957
5.48 -0.062188110356417414 0.050618229359874645 -0.062188110356417414 0.06074187523184957
5.5 -0.062188110356417414 0.050618229359874645 -0.062188110356417414 0.06074187523184957
5.52 -0.062188110356417414 0.050618229359874645 -0.062188110356417414 0.06074187523184957
5.54 -0.062188110356417414 0.040494583487899714 -0.062188110356417414 0.06074187523184957
5.56 -0.05206446448444249 0.040494583487899714 -0.062188110356417414 0.06074187523184957
5.58 -0.062188110356417414 0.040494583487899714 -0.062188110356417414 0.06074187523184957
5.6 -0.062188110356417414 0.050618229359874645 -0.062188110356417414 0.06074187523184957
5.62 -0.062188110356417414 0.050618229359874645 -0.062188110356417414 0.06074187523184957
5.64 -0.062188110356417414 0.040494583487899714 -0.062188110356417414 0.06074187523184957
5.66 -0.05206446448444249 0.040494583487899714 -0.05206446448444249 0.06074187523184957
5.68 -0.062188110356417414 0.040494583487899714 -0.062188110356417414 0.06074187523184957
5.7 -0.062188110356417414 0.040494583487899714 -0.062188110356417414 0.06074187523184957
5.72 -0.062188110356417414 0.050618229359874645 -0.05206446448444249 0.06074187523184957
5.74 -0.05206446448444249 0.040494583487899714 -0.062188110356417414 0.06074187523184957
5.76 -0.05206446448444249 0.040494583487899714 -0.05206446448444249 0.06074187523184957
5.78 -0.062188110356417414 0.040494583487899714 -0.062188110356417414 0.06074187523184957
5.8 -0.05206446448444249 0.040494583487899714 -0.062188110356417414 0.06074187523184957
5.82 -0.062188110356417414 0.050618229359874645 -0.062188110356417414 0.07086552110382449
5.84 -0.062188110356417414 0.050618229359874645 -0.062188110356417414 0.06074187523184957
5.86 -0.062188110356417414 0.040494583487899714 -0.062188110356417414 0.06074187523184957
5.88 -0.05206446448444249 0.040494583487899714 -0.062188110356417414 0.06074187523184957
5.9 -0.05206446448444249 0.040494583487899714 -0.062188110356417414 0.06074187523184957
5.92 -0.062188110356417414 0.040494583487899714 -0.05206446448444249 0.07086552110382449
5.94 -0.05206446448444249 0.050618229359874645 -0.062188110356417414 0.06074187523184957
5.96 -0.05206446448444249 0.040494583487899714 -0.062188110356417414 0.06074187523184957
5.98 -0.062188110356417414 0.040494583487899714 -0.062188110356417414 0.07086552110382449
6.0 -0.062188110356417414 0.040494583487899714 -0.062188110356417414 0.06074187523184957
6.02 -0.05206446448444249 0.040494583487899714 -0.062188110356417414 0.06074187523184957
6.04 -0.062188110356417414 0.040494583487899714 -0.062188110356417414 0.06074187523184957
6.06 -0.062188110356417414 0.040494583487899714 -0.062188110356417414 0.06074187523184957
6.08 -0.05206446448444249 0.040494583487899714 -0.062188110356417414 0.06074187523184957
6.1 -0.062188110356417414 0.050618229359874645 -0.062188110356417414 0.06074187523184957
6.12 -0.05206446448444249 0.040494583487899714 -0.062188110356417414 0.06074187523184957
6.14 -0.05206446448444249 0.040494583487899714 -0.062188110356417414 0.06074187523184957
6.16 -0.062188110356417414 0.040494583487899714 -0.062188110356417414 0.06074187523184957
6.18 -0.05206446448444249 0.040494583487899714 -0.05206446448444249 0.06074187523184957
6.2 -0.05206446448444249 0.040494583487899714 -0.062188110356417414 0.06074187523184957
6.22 -0.05206446448444249 0.040494583487899714 -0.05206446448444249 0.06074187523184957
6.24 -0.05206446448444249 0.040494583487899714 -0.062188110356417414 0.06074187523184957
6.26 -0.05206446448444249 0.040494583487899714 -0.062188110356417414 0.06074187523184957
6.28 -0.05206446448444249 0.040494583487899714 -0.05206446448444249 0.07086552110382449
6.3 -0.062188110356417414 0.040494583487899714 -0.062188110356417414 0.06074187523184957
6.32 -0.062188110356417414 0.040494583487899714 -0.062188110356417414 0.06074187523184957
6.34 -0.062188110356417414 0.040494583487899714 -0.062188110356417414 0.06074187523184957
6.36 -0.05206446448444249 0.040494583487899714 -0.05206446448444249 0.06074187523184957
6.38 -0.062188110356417414 0.040494583487899714 -0.05206446448444249 0.06074187523184957
6.4 -0.062188110356417414 0.040494583487899714 -0.05206446448444249 0.06074187523184957
6.42 -0.05206446448444249 0.040494583487899714 -0.062188110356417414 0.06074187523184957
6.44 -0.05206446448444249 0.040494583487899714 -0.062188110356417414 0.06074187523184957
6.46 -0.062188110356417414 0.050618229359874645 -0.062188110356417414 0.06074187523184957
6.48 -0.062188110356417414 0.040494583487899714 -0.062188110356417414 0.06074187523184957
6.5 -0.05206446448444249 0.040494583487899714 -0.062188110356417414 0.06074187523184957
6.52 -0.05206446448444249 0.040494583487899714 -0.05206446448444249 0.06074187523184957
6.54 -0.05206446448444249 0.040494583487899714 -0.05206446448444249 0.06074187523184957
6.56 -0.062188110356417414 0.040494583487899714 -0.062188110356417414 0.06074187523184957
6.58 -0.05206446448444249 0.040494583487899714 -0.062188110356417414 0.06074187523184957
6.6 -0.062188110356417414 0.040494583487899714 -0.05206446448444249 0.06074187523184957
6.62 -0.05206446448444249 0.040494583487899714 -0.062188110356417414 0.06074187523184957
6.64 -0.05206446448444249 0.040494583487899714 -0.05206446448444249 0.07086552110382449
6.66 -0.062188110356417414 0.040494583487899714 -0.05206446448444249 0.06074187523184957
6.68 -0.05206446448444249 0.040494583487899714 -0.062188110356417414 0.07086552110382449
6.7 -0.05206446448444249 0.040494583487899714 -0.062188110356417414 0.06074187523184957
6.72 -0.05206446448444249 0.040494583487899714 -0.062188110356417414 0.07086552110382449
6.74 -0.05206446448444249 0.040494583487899714 -0.062188110356417414 0.06074187523184957
6.76 -0.062188110356417414 0.040494583487899714 -0.05206446448444249 0.06074187523184957
6.78 -0.062188110356417414 0.040494583487899714 -0.05206446448444249 0.06074187523184957
6.8 -0.05206446448444249 0.040494583487899714 -0.062188110356417414 0.07086552110382449
6.82 -0.05206446448444249 0.040494583487899714 -0.062188110356417414 0.06074187523184957
6.84 -0.05206446448444249 0.040494583487899714 -0.05206446448444249 0.06074187523184957
6.86 -0.062188110356417414 0.040494583487899714 -0.062188110356417414 0.06074187523184957
6.88 -0.062188110356417414 0.040494583487899714 -0.062188110356417414 0.06074187523184957
6.9 -0.062188110356417414 0.040494583487899714 -0.05206446448444249 0.06074187523184957
6.92 -0.062188110356417414 0.040494583487899714 -0.05206446448444249 0.06074187523184957
6.94 -0.05206446448444249 0.040494583487899714 -0.062188110356417414 0.06074187523184957
6.96 -0.05206446448444249 0.040494583487899714 -0.062188110356417414 0.06074187523184957
6.98 -0.05206446448444249 0.040494583487899714 -0.062188110356417414 0.07086552110382449
7.0 -0.05206446448444249 0.040494583487899714 -0.05206446448444249 0.06074187523184957
7.02 -0.05206446448444249 0.040494583487899714 -0.05206446448444249 0.06074187523184957
7.04 -0.05206446448444249 0.040494583487899714 -0.062188110356417414 0.06074187523184957
7.06 -0.062188110356417414 0.040494583487899714 -0.062188110356417414 0.06074187523184957
7.08 -0.062188110356417414 0.040494583487899714 -0.062188110356417414 0.06074187523184957
7.1 -0.062188110356417414 0.040494583487899714 -0.062188110356417414 0.06074187523184957
7.12 -0.062188110356417414 0.040494583487899714 -0.05206446448444249 0.06074187523184957
7.14 -0.05206446448444249 0.040494583487899714 -0.05206446448444249 0.06074187523184957
7.16 -0.05206446448444249 0.050618229359874645 -0.05206446448444249 0.07086552110382449
7.18 -0.062188110356417414 0.040494583487899714 -0.05206446448444249 0.06074187523184957
7.2 -0.05206446448444249 0.040494583487899714 -0.062188110356417414 0.06074187523184957
7.22 -0.05206446448444249 0.040494583487899714 -0.062188110356417414 0.06074187523184957
7.24 -0.05206446448444249 0.040494583487899714 -0.05206446448444249 0.06074187523184957
7.26 -0.05206446448444249 0.040494583487899714 -0.05206446448444249 0.06074187523184957
7.28 -0.05206446448444249 0.040494583487899714 -0.05206446448444249 0.06074187523184957
7.3 -0.062188110356417414 0.040494583487899714 -0.062188110356417414 0.06074187523184957
7.32 -0.05206446448444249 0.040494583487899714 -0.062188110356417414 0.06074187523184957
7.34 -0.062188110356417414 0.040494583487899714 -0.05206446448444249 0.06074187523184957
7.36 -0.062188110356417414 0.040494583487899714 -0.05206446448444249 0.06074187523184957
7.38 -0.05206446448444249 0.040494583487899714 -0.05206446448444249 0.06074187523184957
7.4 -0.062188110356417414 0.040494583487899714 -0.062188110356417414 0.06074187523184957
7.42 -0.062188110356417414 0.040494583487899714 -0.062188110356417414 0.06074187523184957
7.44 -0.062188110356417414 0.040494583487899714 -0.05206446448444249 0.06074187523184957
7.46 -0.05206446448444249 0.040494583487899714 -0.05206446448444249 0.06074187523184957
7.48 -0.062188110356417414 0.040494583487899714 -0.05206446448444249 0.06074187523184957
7.5 -0.062188110356417414 0.040494583487899714 -0.05206446448444249 0.06074187523184957
7.52 -0.062188110356417414 0.040494583487899714 -0.062188110356417414 0.06074187523184957
7.54 -0.062188110356417414 0.040494583487899714 -0.062188110356417414 0.06074187523184957
7.56 -0.05206446448444249 0.040494583487899714 -0.062188110356417414 0.06074187523184957
7.58 -0.062188110356417414 0.040494583487899714 -0.062188110356417414 0.06074187523184957
7.6 -0.05206446448444249 0.040494583487899714 -0.062188110356417414 0.06074187523184957
7.62 -0.05206446448444249 0.040494583487899714 -0.05206446448444249 0.06074187523184957
7.64 -0.05206446448444249 0.040494583487899714 -0.05206446448444249 0.06074187523184957
7.66 -0.05206446448444249 0.040494583487899714 -0.05206446448444249 0.06074187523184957
7.68 -0.062188110356417414 0.040494583487899714 -0.05206446448444249 0.06074187523184957
7.7 -0.062188110356417414 0.050618229359874645 -0.05206446448444249 0.06074187523184957
7.72 -0.05206446448444249 0.050618229359874645 -0.062188110356417414 0.06074187523184957
7.74 -0.05206446448444249 0.040494583487899714 -0.062188110356417414 0.06074187523184957
7.76 -0.062188110356417414 0.040494583487899714 -0.05206446448444249 0.06074187523184957
7.78 -0.062188110356417414 0.040494583487899714 -0.062188110356417414 0.06074187523184957
7.8 -0.062188110356417414 0.040494583487899714 -0.05206446448444249 0.06074187523184957
7.82 -0.062188110356417414 0.040494583487899714 -0.05206446448444249 0.06074187523184957
7.84 -0.062188110356417414 0.040494583487899714 -0.05206446448444249 0.06074187523184957
7.86 -0.062188110356417414 0.040494583487899714 -0.05206446448444249 0.06074187523184957
7.88 -0.05206446448444249 0.040494583487899714 -0.062188110356417414 0.06074187523184957
7.9 -0.05206446448444249 0.040494583487899714 -0.062188110356417414 0.06074187523184957
7.92 -0.062188110356417414 0.040494583487899714 -0.05206446448444249 0.06074187523184957
7.94 -0.05206446448444249 0.040494583487899714 -0.05206446448444249 0.06074187523184957
7.96 -0.062188110356417414 0.040494583487899714 -0.062188110356417414 0.06074187523184957
7.98 -0.05206446448444249 0.040494583487899714 -0.062188110356417414 0.06074187523184957
8.0 -0.05206446448444249 0.040494583487899714 -0.05206446448444249 0.06074187523184957
8.02 -0.05206446448444249 0.040494583487899714 -0.062188110356417414 0.06074187523184957
8.04 -0.05206446448444249 0.040494583487899714 -0.05206446448444249 0.06074187523184957
8.06 -0.062188110356417414 0.040494583487899714 -0.062188110356417414 0.06074187523184957
8.08 -0.05206446448444249 0.040494583487899714 -0.05206446448444249 0.06074187523184957
8.1 -0.062188110356417414 0.050618229359874645 -0.05206446448444249 0.06074187523184957
8.12 -0.05206446448444249 0.040494583487899714 -0.062188110356417414 0.06074187523184957
8.14 -0.05206446448444249 0.040494583487899714 -0.05206446448444249 0.06074187523184957
8.16 -0.05206446448444249 0.040494583487899714 -0.062188110356417414 0.06074187523184957
8.18 -0.062188110356417414 0.040494583487899714 -0.05206446448444249 0.06074187523184957
8.2 -0.05206446448444249 0.040494583487899714 -0.05206446448444249 0.06074187523184957
8.22 -0.062188110356417414 0.040494583487899714 -0.05206446448444249 0.06074187523184957
8.24 -0.05206446448444249 0.040494583487899714 -0.05206446448444249 0.06074187523184957
8.26 -0.062188110356417414 0.050618229359874645 -0.05206446448444249 0.06074187523184957
8.28 -0.05206446448444249 0.050618229359874645 -0.05206446448444249 0.06074187523184957
8.3 -0.05206446448444249 0.040494583487899714 -0.062188110356417414 0.06074187523184957
8.32 -0.05206446448444249 0.040494583487899714 -0.062188110356417414 0.06074187523184957
8.34 -0.062188110356417414 0.040494583487899714 -0.05206446448444249 0.06074187523184957
8.36 -0.05206446448444249 0.040494583487899714 -0.05206446448444249 0.06074187523184957
8.38 -0.062188110356417414 0.040494583487899714 -0.05206446448444249 0.06074187523184957
8.4 -0.05206446448444249 0.040494583487899714 -0.062188110356417414 0.06074187523184957
8.42 -0.05206446448444249 0.040494583487899714 -0.05206446448444249 0.06074187523184957
8.44 -0.05206446448444249 0.040494583487899714 -0.05206446448444249 0.06074187523184957
8.46 -0.062188110356417414 0.040494583487899714 -0.062188110356417414 0.06074187523184957
8.48 -0.05206446448444249 0.040494583487899714 -0.05206446448444249 0.06074187523184957
8.5 -0.062188110356417414 0.040494583487899714 -0.05206446448444249 0.06074187523184957
8.52 -0.05206446448444249 0.040494583487899714 -0.05206446448444249 0.06074187523184957
8.54 -0.05206446448444249 0.040494583487899714 -0.05206446448444249 0.06074187523184957
8.56 -0.05206446448444249 0.040494583487899714 -0.05206446448444249 0.07086552110382449
8.58 -0.05206446448444249 0.040494583487899714 -0.05206446448444249 0.06074187523184957
8.6 -0.05206446448444249 0.040494583487899714 -0.05206446448444249 0.06074187523184957
8.62 -0.062188110356417414 0.040494583487899714 -0.062188110356417414 0.06074187523184957
8.64 -0.05206446448444249 0.040494583487899714 -0.05206446448444249 0.06074187523184957
8.66 -0.05206446448444249 0.040494583487899714 -0.05206446448444249 0.06074187523184957
8.68 -0.05206446448444249 0.040494583487899714 -0.05206446448444249 0.06074187523184957
8.7 -0.062188110356417414 0.050618229359874645 -0.062188110356417414 0.06074187523184957
8.72 -0.05206446448444249 0.040494583487899714 -0.062188110356417414 0.06074187523184957
8.74 -0.05206446448444249 0.040494583487899714 -0.05206446448444249 0.06074187523184957
8.76 -0.05206446448444249 0.040494583487899714 -0.05206446448444249 0.06074187523184957
8.78 -0.05206446448444249 0.040494583487899714 -0.05206446448444249 0.06074187523184957
8.8 -0.062188110356417414 0.050618229359874645 -0.05206446448444249 0.06074187523184957
8.82 -0.05206446448444249 0.040494583487899714 -0.062188110356417414 0.06074187523184957
8.84 -0.05206446448444249 0.050618229359874645 -0.062188110356417414 0.06074187523184957
8.86 -0.062188110356417414 0.040494583487899714 -0.05206446448444249 0.06074187523184957
8.88 -0.062188110356417414 0.040494583487899714 -0.062188110356417414 0.06074187523184957
8.9 -0.05206446448444249 0.040494583487899714 -0.05206446448444249 0.06074187523184957
8.92 -0.05206446448444249 0.040494583487899714 -0.05206446448444249 0.07086552110382449
8.94 -0.05206446448444249 0.040494583487899714 -0.05206446448444249 0.06074187523184957
8.96 -0.05206446448444249 0.040494583487899714 -0.05206446448444249 0.06074187523184957
8.98 -0.05206446448444249 0.040494583487899714 -0.05206446448444249 0.06074187523184957
9.0 -0.062188110356417414 0.040494583487899714 -0.05206446448444249 0.06074187523184957
9.02 -0.05206446448444249 0.040494583487899714 -0.062188110356417414 0.06074187523184957
9.04 -0.062188110356417414 0.040494583487899714 -0.062188110356417414 0.06074187523184957
9.06 -0.05206446448444249 0.040494583487899714 -0.05206446448444249 0.06074187523184957
9.08 -0.05206446448444249 0.040494583487899714 -0.05206446448444249 0.06074187523184957
9.1 -0.05206446448444249 0.040494583487899714 -0.05206446448444249 0.06074187523184957
9.12 -0.05206446448444249 0.040494583487899714 -0.05206446448444249 0.06074187523184957
9.14 -0.05206446448444249 0.040494583487899714 -0.05206446448444249 0.06074187523184957
9.16 -0.062188110356417414 0.040494583487899714 -0.05206446448444249 0.06074187523184957
9.18 -0.05206446448444249 0.040494583487899714 -0.05206446448444249 0.06074187523184957
9.2 -0.05206446448444249 0.040494583487899714 -0.062188110356417414 0.07086552110382449
9.22 -0.05206446448444249 0.040494583487899714 -0.05206446448444249 0.06074187523184957
9.24 -0.05206446448444249 0.040494583487899714 -0.062188110356417414 0.06074187523184957
9.26 -0.062188110356417414 0.040494583487899714 -0.062188110356417414 0.06074187523184957
9.28 -0.05206446448444249 0.040494583487899714 -0.062188110356417414 0.06074187523184957
9.3 -0.05206446448444249 0.040494583487899714 -0.05206446448444249 0.06074187523184957
9.32 -0.05206446448444249 0.040494583487899714 -0.05206446448444249 0.06074187523184957
9.34 -0.05206446448444249 0.040494583487899714 -0.05206446448444249 0.06074187523184957
9.36 -0.05206446448444249 0.040494583487899714 -0.062188110356417414 0.06074187523184957
9.38 -0.062188110356417414 0.040494583487899714 -0.062188110356417414 0.06074187523184957
9.4 -0.05206446448444249 0.040494583487899714 -0.05206446448444249 0.07086552110382449
9.42 -0.062188110356417414 0.040494583487899714 -0.05206446448444249 0.06074187523184957
9.44 -0.062188110356417414 0.040494583487899714 -0.05206446448444249 0.06074187523184957
9.46 -0.05206446448444249 0.040494583487899714 -0.062188110356417414 0.06074187523184957
9.48 -0.05206446448444249 0.040494583487899714 -0.05206446448444249 0.06074187523184957
9.5 -0.062188110356417414 0.040494583487899714 -0.05206446448444249 0.06074187523184957
9.52 -0.062188110356417414 0.040494583487899714 -0.05206446448444249 0.06074187523184957
9.54 -0.05206446448444249 0.040494583487899714 -0.05206446448444249 0.07086552110382449
9.56 -0.05206446448444249 0.040494583487899714 -0.05206446448444249 0.06074187523184957
9.58 -0.05206446448444249 0.040494583487899714 -0.05206446448444249 0.06074187523184957
9.6 -0.05206446448444249 0.050618229359874645 -0.05206446448444249 0.06074187523184957
9.62 -0.05206446448444249 0.040494583487899714 -0.05206446448444249 0.06074187523184957
9.64 -0.05206446448444249 0.040494583487899714 -0.062188110356417414 0.07086552110382449
9.66 -0.05206446448444249 0.040494583487899714 -0.062188110356417414 0.06074187523184957
9.68 -0.05206446448444249 0.040494583487899714 -0.05206446448444249 0.06074187523184957
9.7 -0.05206446448444249 0.040494583487899714 -0.05206446448444249 0.06074187523184957
9.72 -0.062188110356417414 0.040494583487899714 -0.05206446448444249 0.07086552110382449
9.74 -0.05206446448444249 0.040494583487899714 -0.05206446448444249 0.07086552110382449
9.76 -0.05206446448444249 0.040494583487899714 -0.05206446448444249 0.06074187523184957
9.78 -0.062188110356417414 0.040494583487899714 -0.05206446448444249 0.06074187523184957
9.8 -0.05206446448444249 0.040494583487899714 -0.05206446448444249 0.06074187523184957
9.82 -0.062188110356417414 0.040494583487899714 -0.05206446448444249 0.06074187523184957
9.84 -0.05206446448444249 0.040494583487899714 -0.05206446448444249 0.06074187523184957
9.86 -0.062188110356417414 0.040494583487899714 -0.05206446448444249 0.06074187523184957
9.88 -0.062188110356417414 0.040494583487899714 -0.05206446448444249 0.06074187523184957
9.9 -0.05206446448444249 0.040494583487899714 -0.05206446448444249 0.06074187523184957
9.92 -0.062188110356417414 0.040494583487899714 -0.05206446448444249 0.06074187523184957
9.94 -0.062188110356417414 0.040494583487899714 -0.062188110356417414 0.06074187523184957
9.96 -0.062188110356417414 0.040494583487899714 -0.05206446448444249 0.07086552110382449
9.98 -0.05206446448444249 0.040494583487899714 -0.05206446448444249 0.06074187523184957
10.0 -0.062188110356417414 0.040494583487899714 -0.05206446448444249 0.06074187523184957
10.02 -0.05206446448444249 0.040494583487899714 -0.062188110356417414 0.06074187523184957
10.04 -0.062188110356417414 0.040494583487899714 -0.062188110356417414 0.06074187523184957
10.06 -0.05206446448444249 0.040494583487899714 -0.05206446448444249 0.06074187523184957
10.08 -0.062188110356417414 0.040494583487899714 -0.062188110356417414 0.06074187523184957
10.1 -0.05206446448444249 0.040494583487899714 -0.05206446448444249 0.06074187523184957
10.12 -0.062188110356417414 0.040494583487899714 -0.05206446448444249 0.06074187523184957
10.14 -0.062188110356417414 0.040494583487899714 -0.05206446448444249 0.06074187523184957
10.16 -0.05206446448444249 0.040494583487899714 -0.05206446448444249 0.06074187523184957
10.18 -0.05206446448444249 0.040494583487899714 -0.05206446448444249 0.06074187523184957
10.2 -0.05206446448444249 0.040494583487899714 -0.05206446448444249 0.06074187523184957
10.22 -0.05206446448444249 0.040494583487899714 -0.05206446448444249 0.06074187523184957
10.24 -0.05206446448444249 0.040494583487899714 -0.062188110356417414 0.06074187523184957
10.26 -0.04194081861246756 0.040494583487899714 -0.05206446448444249 0.06074187523184957
10.28 -0.04194081861246756 0.030370937615924784 -0.05206446448444249 0.06074187523184957
10.3 -0.04194081861246756 0.030370937615924784 -0.05206446448444249 0.06074187523184957
10.32 -0.04194081861246756 0.030370937615924784 -0.05206446448444249 0.06074187523184957
10.34 -0.04194081861246756 0.030370937615924784 -0.05206446448444249 0.06074187523184957
10.36 -0.04194081861246756 0.030370937615924784 -0.05206446448444249 0.06074187523184957
10.38 -0.04194081861246756 0.040494583487899714 -0.05206446448444249 0.06074187523184957
10.4 -0.04194081861246756 0.040494583487899714 -0.04194081861246756 0.06074187523184957
10.42 -0.03181717274049263 0.030370937615924784 -0.04194081861246756 0.06074187523184957
10.44 -0.03181717274049263 0.030370937615924784 -0.04194081861246756 0.06074187523184957
10.46 -0.03181717274049263 0.040494583487899714 -0.04194081861246756 0.06074187523184957
10.48 -0.03181717274049263 0.040494583487899714 -0.04194081861246756 0.06074187523184957
10.5 -0.03181717274049263 0.040494583487899714 -0.04194081861246756 0.06074187523184957
10.52 -0.03181717274049263 0.040494583487899714 -0.03181717274049263 0.06074187523184957
10.54 -0.021693526868517703 0.040494583487899714 -0.03181717274049263 0.06074187523184957
10.56 -0.021693526868517703 0.030370937615924784 -0.03181717274049263 0.06074187523184957
10.58 -0.011569880996542775 0.040494583487899714 -0.03181717274049263 0.06074187523184957
10.6 -0.021693526868517703 0.040494583487899714 -0.021693526868517703 0.06074187523184957
10.62 -0.011569880996542775 0.040494583487899714 -0.021693526868517703 0.06074187523184957
10.64 -0.011569880996542775 0.040494583487899714 -0.021693526868517703 0.06074187523184957
10.66 0.0 0.040494583487899714 -0.011569880996542775 0.06074187523184957
10.68 -0.011569880996542775 0.040494583487899714 0.010123645871974929 0.06074187523184957
10.7 0.010123645871974929 0.040494583487899714 0.0 0.06074187523184957
10.72 0.0008892535549980681 0.040494583487899714 0.020247291743949857 0.06074187523184957
10.74 0.0008892535549980681 0.020247291743949857 0.020247291743949857 0.06074187523184957
10.76 -0.018468784633953718 0.020247291743949857 0.030370937615924784 0.050618229359874645
10.78 0.0017785071099961362 0.020247291743949857 0.011012899426972996 0.050618229359874645
10.8 -0.01757953107895565 0.020247291743949857 0.04138383704289779 0.050618229359874645
10.82 0.0026677606649942046 0.030370937615924784 0.03126019117092285 0.050618229359874645
10.84 -0.016690277523957582 0.020247291743949857 0.0625203823418457 0.040494583487899714
10.86 0.013680660091967207 0.020247291743949857 0.06163112878684763 0.040494583487899714
10.88 -0.006566631651982655 0.020247291743949857 0.10301496582974541 0.030370937615924784
10.9 0.034817205390915124 0.0 0.054175243579866916 0.030370937615924784
10.92 -0.014022516858963373 0.0 0.08632468830578782 0.020247291743949857
10.94 0.03748496605590932 0.005553696765457653 0.027361320183934414 0.010123645871974929
10.96 -0.011354756193969175 0.015677342637432583 0.08988170252578012 -0.011569880996542775
10.98 0.06040001846485338 -0.020709779209577325 0.020794688531951752 0.005553696765457653
11.0 -0.008686995528974976 0.005091209299830183 0.11368600848972223 -0.020709779209577325
11.02 0.0850935779837936 -0.029849677422611878 0.03447534862391896 0.022214787061830613
11.04 -0.014364373625959563 0.011628653724228213 0.13837956800866247 -0.03343587887018877
11.06 0.08030545344180702 -0.022328485339273462 0.03892161639890928 0.03384344078605883
11.08 -0.02927614403992101 0.039397137551516484 0.0728495682348263 0.030257239338481942
11.1 -0.02749763692992486 0.09701529880141661 -0.03673202924690175 0.06062817695440673
11.12 -0.09836315803374937 0.08590790527050132 -0.06710296686282652 0.18714436399025058
11.14 -0.18024157856454687 0.255058642117254 -0.10937605746072239 0.11332759990960496
11.16 -0.15431690872361242 0.10383891250838581 -0.1846878463395372 0.30220436830699454
11.18 -0.26233512389791797 0.29074818558789467 -0.14085137343421883 0.08225908391731096
11.2 -0.16821269361815322 0.019200924179396027 -0.2685598987829044 0.28843190108182926
11.22 -0.2664395349059121 0.22994369045043164 -0.17265896139314352 -0.0023789044116788887
11.24 -0.13093326758324964 -0.09580800176551856 -0.302702975421395 0.19922396364632222
11.26 -0.2517428892945243 0.15282689420478013 -0.14550318123021488 -0.08961934652930521
11.28 -0.06417215748741922 -0.16441985826889116 -0.28567084113044133 0.12407466271855158
11.3 -0.20345056383264765 0.08618253301928844 -0.08942269857592922 -0.1673711012457123
11.32 -0.005423914168139468 -0.21897307826452728 -0.18764953986368813 0.039150505106990585
11.34 -0.15160122415077873 0.06495149361639815 0.0002534639288451667 -0.18403219154208528
11.36 0.008598602690823976 -0.20786568473361206 -0.12478730075484624 0.034580556000473286
11.38 -0.12567655430984426 0.05124164629684626 0.055659817830706275 -0.1820646962242045
11.4 0.045536171958731365 -0.20589818941573124 -0.0684916932979871 -0.0029627845106052846
11.42 -0.07861533916996206 -0.016672631830157 0.09348664065361174 -0.1735597564819257
11.44 0.10272103297058867 -0.19183955290799487 -0.05836804742601215 -0.02384503472531079
11.46 -0.03901000923706035 -0.03558738672698198 0.084252248336635 -0.1428400296778163
11.48 0.1036102865255867 -0.15458238167948735 -0.04735514799903907 -0.04877597385322076
11.5 -0.01698421038311429 -0.06508827496140916 0.0759071095746562 -0.1157065043212838
11.52 0.08692000900162918 -0.10621781692006466 -0.04379813377904677 -0.06670698109110534
11.54 -0.002414296736149103 -0.08203553454035327 0.05921683205069862 -0.06178824279640342
11.56 0.08268886602921247 -0.052299555395184244 -0.019993827815104653 -0.0725468471391341
11.58 0.0029212245938393887 -0.09944528158492484 0.06510933495025682 -0.022563576250015226
11.6 0.06777709561525098 -0.023198534720770988 0.007035220383401435 -0.10563393682113825
11.62 0.020715880475368594 -0.12651618703584389 0.051086818091293375 -0.01613983010306005
11.64 0.04452018643931071 0.009026199935591697 0.014149248823385932 -0.16307577988798205
11.66 0.0379535547873281 -0.13235605308387266 0.027829908915353137 0.023084836443328136
11.68 0.02215253081836855 0.06392820911941245 0.02215253081836855 -0.13299101155462845
11.7 0.046846090337308764 -0.11939486251251948 -0.0037721390225658796 0.09366418826458149
11.72 0.009908521069401327 0.1234001674097505 0.031045066368349247 -0.09422883247386774
11.74 0.07654289920080908 -0.10041748771008122 0.004231142972416739 0.15770609566143678
11.76 0.009234392316976859 0.17078098451023285 0.09022355929277628 -0.11215983971175221
11.78 0.09378057351276856 -0.09908495086295614 0.03126019117092285 0.18385587335902892
11.8 0.006224774884986471 0.23742534569572468 0.1360536641106644 -0.08699380967310047
11.82 0.09254946319077431 -0.06379527495232949 0.04760861192788426 0.22371549837617288
11.84 -0.02537727305293257 0.2616076280754361 0.12469890791669525 -0.0268868929120067
11.86 0.04993451582588224 -0.02034944848760859 -0.0033514741989865557 0.24234408399042665
11.88 -0.0790051198447976 0.2883923642437839 0.08208396055180318 0.041376174403181414
11.9 0.015664707222969 0.04039242674424106 0.1671871233171647 0.27826871837180894
11.92 -0.11416418200270892 0.30210221156333583 0.03680125252191699 0.12039784606110003
11.94 -0.03139650791691325 0.12901648408082164 -0.0837932443867841 0.27988742450150517
11.96 -0.13352222019166066 0.30175342237515124 -0.02127286204493839 0.21162435718631725
11.98 -0.061767445532838076 0.24164650561405732 -0.10315128257573589 0.2563401005925496
12.0 -0.1445351196186337 0.2605612605108822 -0.04240940734388633 0.272131141507425
12.02 -0.07455885206980721 0.25413751436392706 -0.10492978968573204 0.1933956391320775
12.04 -0.13707923441165293 0.16626211377554498 -0.055200813880855466 0.19663305139146978
12.06 -0.0873502586067764 0.1345586393124952 -0.10848680390572428 0.10974139846202806
12.08 -0.13974699507664717 0.04963448170093426 -0.05875782810084776 0.09568276195429164
12.1 -0.09001801927177057 0.031989643745620924 -0.09179652638176673 0.03754334051107857
12.12 -0.13229110986966644 0.0006349584707557702 -0.0521911964488651 0.0365595928521382
12.14 -0.0834513876197879 0.010758604342730693 -0.08434064117478596 0.01631230110818834
12.16 -0.10547718647373391 -0.003934990635761513 -0.054858957113859276 0.021865997873646
12.18 -0.0566374642238554 0.01729604876712873 -0.06676111009583033 0.01729604876712873
12.2 -0.06942887076082453 0.03395713906350169 -0.008686995528974976 0.03852708817001895
12.22 -0.03994718669989783 0.03951083582895934 -0.03994718669989783 0.03395713906350169
12.24 -0.06108373199884576 0.03494088672244206 -0.011354756193969175 0.04963448170093426
12.26 -0.04172569380989395 0.03494088672244206 -0.03160204793791903 0.05518817846639191
12.28 -0.05273859323686696 0.03494088672244206 -0.02236765562094217 0.04506453259441699
12.3 -0.043504200919890094 0.03494088672244206 -0.04261494736489203 0.04506453259441699
12.32 -0.054517100346863086 0.02481724085046713 -0.023256909175940234 0.06074187523184957
12.34 -0.025035416285936377 0.03494088672244206 -0.004788124541986513 0.050618229359874645
12.36 -0.03604831571290937 0.03494088672244206 0.02380430596394213 0.050618229359874645
12.38 -0.015801023968959514 0.010123645871974929 0.04227309059789585 0.050618229359874645
12.4 -0.006566631651982655 0.030370937615924784 0.03214944472592093 0.050618229359874645
12.42 -0.007455885206980723 0.030370937615924784 0.022025798853945993 0.050618229359874645
12.44 -0.008345138761978791 0.040494583487899714 0.022915052408944068 0.050618229359874645
12.46 -0.008345138761978791 0.040494583487899714 0.0035570142199922725 0.050618229359874645
12.48 -0.018468784633953718 0.030370937615924784 -0.016690277523957582 0.050618229359874645
12.5 -0.02770317695093058 0.040494583487899714 -0.016690277523957582 0.050618229359874645
12.52 -0.03927305794747336 0.030370937615924784 -0.026813923395932512 0.050618229359874645
12.54 -0.030038665630496494 0.030370937615924784 -0.02770317695093058 0.050618229359874645
12.56 -0.030038665630496494 0.030370937615924784 -0.01757953107895565 0.050618229359874645
12.58 -0.018468784633953718 0.030370937615924784 -0.01757953107895565 0.050618229359874645
12.6 -0.030038665630496494 0.030370937615924784 -0.008345138761978791 0.050618229359874645
12.62 -0.008345138761978791 0.040494583487899714 0.0008892535549980681 0.050618229359874645
12.64 -0.018468784633953718 0.030370937615924784 0.021136545298947925 0.050618229359874645
12.66 -0.008345138761978791 0.030370937615924784 0.030370937615924784 0.050618229359874645
12.68 -0.018468784633953718 0.040494583487899714 0.040494583487899714 0.050618229359874645
12.7 -0.008345138761978791 0.020247291743949857 0.040494583487899714 0.050618229359874645
12.72 -0.008345138761978791 0.020247291743949857 0.06074187523184957 0.040494583487899714
12.74 0.0017785071099961362 0.020247291743949857 0.051507482914872706 0.040494583487899714
12.76 -0.01757953107895565 0.020247291743949857 0.04227309059789585 0.040494583487899714
12.78 0.0026677606649942046 0.020247291743949857 0.022915052408944068 0.040494583487899714
12.8 -0.026813923395932512 0.020247291743949857 0.034817205390915124 0.030370937615924784
12.82 0.0044462677749903465 0.020247291743949857 -0.014911770413961446 0.030370937615924784
12.84 -0.025035416285936377 0.020247291743949857 0.016348420756961406 0.020247291743949857
12.86 0.01545916720196333 0.010123645871974929 -0.003898870986988451 0.020247291743949857
12.88 -0.014022516858963373 0.02580098850940751 0.06696665011683606 0.010123645871974929
12.9 0.04671935837288618 -0.006016184231085122 0.01723767431195948 0.010123645871974929
12.92 -0.002120363876992315 0.021231039402890235 0.09911609484275698 -0.011569880996542775
12.94 0.06963441078183025 -0.010586133337602397 0.04938711903788038 0.005553696765457653
12.96 -0.008686995528974976 0.016661090296372957 0.11279675493472419 -0.0252797283160946
12.98 0.10534086972774342 -0.04454327240110407 0.03358609506892086 0.022214787061830613
13.0 -0.0033514741989865557 0.011628653724228213 0.16007309487718016 -0.02788218210473111
13.02 0.09042909931378197 -0.006651142701840883 0.02968722408193242 0.039397137551516484
13.04 -0.019152498167946053 0.04495083431697413 0.07373882178982442 0.02013359346650701
13.06 -0.017373991057949952 0.11269264143884923 -0.026608383374926835 0.06062817695440673
13.08 -0.10759755035072625 0.08590790527050132 -0.06621371330782845 0.1972680098622255
13.1 -0.1894759708815237 0.24493499624527904 -0.10848680390572428 0.1234512457815799
13.12 -0.18290933922954108 0.09371526663641087 -0.18379859278453914 0.2920807224350196
13.14 -0.27156951621489483 0.275070842950462 -0.12839223888267795 0.08225908391731096
13.16 -0.17744708593513006 0.019200924179396027 -0.28791793697185625 0.28843190108182926
13.18 -0.2959212189668389 0.24006733632240648 -0.17265896139314352 -0.0023789044116788887
13.2 -0.13182252113824763 -0.080130659128086 -0.301813721866397 0.2093476095182972
13.22 -0.2517428892945243 0.15838059097023788 -0.13537953535823993 -0.11542033503871259
13.24 -0.06417215748741922 -0.14874251563145854 -0.2663128029414895 0.13419830859052645
13.26 -0.19332691796067278 0.07605888714731357 -0.07006466038697746 -0.15169375860827974
13.28 -0.014658306485116304 -0.2134193814990697 -0.1977731857356631 0.08519878536034799
13.3 -0.15160122415077873 0.04372045421350798 -0.009870181943129743 -0.17847849477662753
13.32 0.03808028675175063 -0.21897307826452728 -0.13580020018181924 0.044704201872448245
13.34 -0.09708412380391573 0.035564303659413835 0.04464691840373329 -0.17194105035222962
13.36 0.06489421014768311 -0.22157553205316385 -0.07861533916996206 0.001607164595912016
13.38 -0.07861533916996206 -0.000995289192724478 0.08336299478163679 -0.16343611060995078
13.4 0.08336299478163679 -0.20196319877996982 -0.059257300981010175 -0.003597742981360972
13.42 -0.05836804742601215 -0.025463740855007026 0.084252248336635 -0.12259273793386644
13.44 0.06400495659268514 -0.17482967342343722 -0.04735514799903907 -0.04420602474670356
13.46 -0.06582393263299283 -0.06508827496140916 0.0759071095746562 -0.1157065043212838
13.48 0.047314679068727564 -0.11732521045097996 -0.04379813377904677 -0.06670698109110534
13.5 -0.022661588480098922 -0.08758923130581092 0.05921683205069862 -0.06178824279640342
13.52 0.0919232583461893 -0.052299555395184244 -0.019993827815104653 -0.08822418977656668
13.54 0.040748047416744905 -0.0893216357129499 0.05498568907828186 -0.022563576250015226
13.56 0.09636952612117958 -0.01764483795531334 -0.029902348884506005 -0.07688170533490961
13.58 0.049308310981297315 -0.12651618703584389 0.051086818091293375 -0.01613983010306005
13.6 0.06387822462826255 0.009026199935591697 0.02427289469536089 -0.15295213401600719
13.62 0.04807720065930301 -0.13235605308387266 0.027829908915353137 0.023084836443328136
13.64 0.02215253081836855 0.06849815822592972 0.02215253081836855 -0.13299101155462845
13.66 0.036722444465333834 -0.12951850838449439 -0.0037721390225658796 0.08354054239260655
13.68 0.0006741287524244671 0.1335238132817254 0.040279458685326106 -0.10435247834584269
13.7 0.06641925332883415 -0.11054113358205608 0.0033418894174186654 0.14758244978946186
13.72 0.009234392316976859 0.19658197301964037 0.0893343057377782 -0.09191254796780231
13.74 0.09378057351276856 -0.09908495086295614 0.03126019117092285 0.18385587335902892
13.76 0.006224774884986471 0.23742534569572468 0.1360536641106644 -0.07687016380112552
13.78 0.10178385550775118 -0.053671629080354534 0.02825057373893246 0.21359185250419793
13.8 -0.02537727305293257 0.27173127394741103 0.11457526204472028 -0.03701053878398166
13.82 0.04993451582588224 -0.010225802615633635 -0.0033514741989865557 0.2524677298624015
13.84 -0.0790051198447976 0.2883923642437839 0.08208396055180318 0.031252528531206455
13.86 0.015664707222969 0.04594612350969862 -0.04685567511887666 0.26814507249983405
13.88 -0.11416418200270892 0.28642486892590324 0.03680125252191699 0.10472050342366737
13.9 -0.04152015378888821 0.13914012995279657 -0.0837932443867841 0.26976377862953027
13.92 -0.1326329666366626 0.2961997256096935 -0.02127286204493839 0.2070544080797999
13.94 -0.05164379966086317 0.25177015148603227 -0.1132749284477108 0.2563401005925496
13.96 -0.13441147374665877 0.2605612605108822 -0.04240940734388633 0.272131141507425
13.98 -0.0837932443867841 0.2596912111293847 -0.11505343555770695 0.19894933589753513
14.0 -0.14631362672862983 0.17181581054100264 -0.06532445975283037 0.19663305139146978
14.02 -0.0873502586067764 0.1345586393124952 -0.10848680390572428 0.10974139846202806
14.04 -0.12962334920467222 0.05975812757290919 -0.05875782810084776 0.0855591160823167
14.06 -0.08078362695479373 0.031989643745620924 -0.1010309186987436 0.03754334051107857
14.08 -0.12305671755268958 -0.009488687401219163 -0.0521911964488651 0.04668323872411313
14.1 -0.0834513876197879 0.0006349584707557702 -0.08434064117478596 0.01631230110818834
14.12 -0.09624279415675707 -0.003934990635761513 -0.04562456479688244 0.021865997873646
14.14 -0.06676111009583033 0.01729604876712873 -0.06676111009583033 0.01729604876712873
14.16 -0.06942887076082453 0.0182797964260691 -0.008686995528974976 0.02840344229804403
14.18 -0.03994718669989783 0.03951083582895934 -0.03994718669989783 0.03395713906350169
14.2 -0.06108373199884576 0.03494088672244206 -0.011354756193969175 0.05518817846639191
14.22 -0.04172569380989395 0.03494088672244206 -0.03160204793791903 0.05518817846639191
14.24 -0.06286223910884188 0.03494088672244206 -0.02236765562094217 0.04506453259441699
14.26 -0.043504200919890094 0.02481724085046713 -0.04261494736489203 0.04506453259441699
14.28 -0.054517100346863086 0.02481724085046713 -0.014022516858963373 0.06074187523184957
14.3 -0.0351590621579113 0.03494088672244206 -0.014911770413961446 0.050618229359874645
14.32 -0.03604831571290937 0.03494088672244206 0.02380430596394213 0.050618229359874645
14.34 -0.006566631651982655 0.004569949106517275 0.03214944472592093 0.050618229359874645
14.36 0.0026677606649942046 0.02481724085046713 0.03214944472592093 0.050618229359874645
14.38 0.0026677606649942046 0.030370937615924784 0.022025798853945993 0.050618229359874645
14.4 -0.008345138761978791 0.040494583487899714 0.012791406536969132 0.050618229359874645
14.42 -0.008345138761978791 0.04604828025335736 -0.006566631651982655 0.050618229359874645
14.44 -0.018468784633953718 0.030370937615924784 -0.016690277523957582 0.050618229359874645
14.46 -0.02770317695093058 0.030370937615924784 -0.016690277523957582 0.050618229359874645
14.48 -0.03927305794747336 0.030370937615924784 -0.026813923395932512 0.050618229359874645
14.5 -0.03927305794747336 0.030370937615924784 -0.01757953107895565 0.050618229359874645
14.52 -0.030038665630496494 0.030370937615924784 -0.008345138761978791 0.050618229359874645
14.54 -0.018468784633953718 0.030370937615924784 -0.018468784633953718 0.050618229359874645
14.56 -0.030038665630496494 0.030370937615924784 -0.008345138761978791 0.050618229359874645
14.58 0.0008892535549980681 0.030370937615924784 -0.008345138761978791 0.050618229359874645
14.6 -0.020804273313519635 0.030370937615924784 0.021136545298947925 0.050618229359874645
14.62 0.0008892535549980681 0.030370937615924784 0.011012899426972996 0.050618229359874645
14.64 -0.018468784633953718 0.040494583487899714 0.040494583487899714 0.050618229359874645
14.66 -0.008345138761978791 0.020247291743949857 0.040494583487899714 0.050618229359874645
14.68 -0.008345138761978791 0.030370937615924784 0.06074187523184957 0.040494583487899714
14.7 0.0017785071099961362 0.020247291743949857 0.04138383704289779 0.040494583487899714
14.72 -0.01757953107895565 0.030370937615924784 0.05239673646987077 0.040494583487899714
14.74 0.0026677606649942046 0.020247291743949857 0.022915052408944068 0.040494583487899714
14.76 -0.026813923395932512 0.020247291743949857 0.02469355951894019 0.030370937615924784
14.78 0.0044462677749903465 0.020247291743949857 -0.014911770413961446 0.030370937615924784
14.8 -0.025035416285936377 0.020247291743949857 0.016348420756961406 0.020247291743949857
14.82 0.01545916720196333 0.010123645871974929 -0.003898870986988451 0.020247291743949857
14.84 -0.014022516858963373 0.02580098850940751 0.05684300424486111 0.010123645871974929
14.86 0.04671935837288618 0.005553696765457653 0.02647206662893634 0.020247291743949857
14.88 0.007114028439984545 0.005553696765457653 0.10835048715973383 -0.011569880996542775
14.9 0.06963441078183025 -0.010586133337602397 0.03926347316590547 0.005553696765457653
14.92 0.0005473967880018837 0.016661090296372957 0.1229204008066991 -0.0252797283160946
14.94 0.10534086972774342 -0.04454327240110407 0.02346244919694595 0.010644906065287837
14.96 -0.0033514741989865557 0.011628653724228213 0.16007309487718016 -0.02788218210473111
14.98 0.09131835286878003 -0.006651142701840883 0.02968722408193242 0.03384344078605883
15.0 -0.019152498167946053 0.05507448018894905 0.08530870278636717 0.030257239338481942
15.02 -0.017373991057949952 0.11269264143884923 -0.026608383374926835 0.06062817695440673
15.04 -0.10759755035072625 0.09603155114247625 -0.06621371330782845 0.18714436399025058
15.06 -0.1894759708815237 0.24493499624527904 -0.11861044977769922 0.1234512457815799
15.08 -0.18290933922954108 0.09371526663641087 -0.18379859278453914 0.2805108414384769
15.1 -0.28169316208686973 0.275070842950462 -0.1385158847546529 0.08781278068276861
15.12 -0.17744708593513006 0.019200924179396027 -0.28791793697185625 0.29398559784728695
15.14 -0.276563180777887 0.21426634781299903 -0.17265896139314352 0.007744741460296069
15.16 -0.13093326758324964 -0.07457696236262833 -0.302702975421395 0.2093476095182972
15.18 -0.24250849697754745 0.13813329922628806 -0.13537953535823993 -0.10986663827325503
15.2 -0.06417215748741922 -0.15331246473797583 -0.26720205649648765 0.13419830859052645
15.22 -0.20345056383264765 0.09630617889126339 -0.07006466038697746 -0.15169375860827974
15.24 -0.005423914168139468 -0.21897307826452728 -0.20789683160763806 0.08519878536034799
15.26 -0.1423668318338019 0.028043111576075277 0.0002534639288451667 -0.16835484890465263
15.28 0.04820393262372559 -0.22909672413650217 -0.1155529084378694 0.024456910128498426
15.3 -0.10631851612089258 0.0411180004248714 0.06489421014768311 -0.17749474711768726
15.32 0.06489421014768311 -0.21046813852224855 -0.07861533916996206 0.001607164595912016
15.34 -0.07861533916996206 0.004558407572733179 0.08336299478163679 -0.16343611060995078
15.36 0.08336299478163679 -0.20196319877996982 -0.0684916932979871 -0.013721388853335882
15.38 -0.05836804742601215 -0.025463740855007026 0.07412860246466005 -0.1327163838058414
15.4 0.06489421014768311 -0.17482967342343722 -0.056589540316016 -0.05432967061867842
15.42 -0.06582393263299283 -0.06508827496140916 0.06667271725767936 -0.1157065043212838
15.44 0.03808028675175063 -0.11732521045097996 -0.04468738733404489 -0.056583335219130386
15.46 -0.022661588480098922 -0.08758923130581092 0.05921683205069862 -0.06734193956186107
15.48 0.10115765066316618 -0.052299555395184244 -0.019993827815104653 -0.07810054390459176
15.5 0.040748047416744905 -0.0893216357129499 0.06510933495025682 -0.022563576250015226
15.52 0.09636952612117958 -0.01764483795531334 -0.004534660613141346 -0.10563393682113825
15.54 0.039184665109322364 -0.12651618703584389 0.04096317221931846 -0.01613983010306005
15.56 0.06387822462826255 0.009026199935591697 0.02427289469536089 -0.15295213401600719
15.58 0.04807720065930301 -0.12223240721189776 0.018595516598376303 0.02863853320878579
15.6 0.02215253081836855 0.07405185499138738 0.03227617669034349 -0.13299101155462845
15.62 0.036722444465333834 -0.12951850838449439 -0.0037721390225658796 0.09366418826458149
15.64 -0.009449517119550466 0.1335238132817254 0.040279458685326106 -0.10435247834584269
15.66 0.06641925332883415 -0.10041748771008122 0.0033418894174186654 0.14758244978946186
15.68 0.009234392316976859 0.19658197301964037 0.09945795160975314 -0.09191254796780231
15.7 0.09378057351276856 -0.08896130499098127 0.04138383704289779 0.18385587335902892
15.72 0.006224774884986471 0.23742534569572468 0.1360536641106644 -0.07131646703566787
15.74 0.09254946319077431 -0.053671629080354534 0.038374219610907395 0.21914554926965557
15.76 -0.02537727305293257 0.2772849707128687 0.12469890791669525 -0.0268868929120067
15.78 0.04993451582588224 -0.010225802615633635 -0.0033514741989865557 0.2524677298624015
15.8 -0.06888147397282267 0.27826871837180894 0.08208396055180318 0.031252528531206455
15.82 0.015664707222969 0.020145135000291144 -0.04685567511887666 0.26814507249983405
15.84 -0.11416418200270892 0.28642486892590324 0.04837113351845972 0.11484414929564228
15.86 -0.03139650791691325 0.12901648408082164 -0.07366959851480918 0.27988742450150517
15.88 -0.1326329666366626 0.3063233714816684 -0.02127286204493839 0.21162435718631725
15.9 -0.05164379966086317 0.25177015148603227 -0.1132749284477108 0.2563401005925496
15.92 -0.13441147374665877 0.25500756374542455 -0.04240940734388633 0.272131141507425
15.94 -0.07455885206980721 0.25413751436392706 -0.11505343555770695 0.19894933589753513
15.96 -0.1361899808566549 0.16626211377554498 -0.055200813880855466 0.19663305139146978
15.98 -0.0873502586067764 0.1345586393124952 -0.10848680390572428 0.09961775259005314
16.0 -0.12962334920467222 0.04963448170093426 -0.05875782810084776 0.0855591160823167
16.02 -0.08078362695479373 0.031989643745620924 -0.09090727282676866 0.03754334051107857
16.04 -0.12305671755268958 0.0006349584707557702 -0.0521911964488651 0.0365595928521382
16.06 -0.0834513876197879 0.0006349584707557702 -0.08434064117478596 0.026435946980163265
16.08 -0.09624279415675707 -0.003934990635761513 -0.04562456479688244 0.021865997873646
16.1 -0.04740307190687854 0.01729604876712873 -0.06676111009583033 0.01729604876712873
16.12 -0.06942887076082453 0.023833493191526754 -0.017921387845951837 0.03852708817001895
16.14 -0.03994718669989783 0.03951083582895934 -0.03994718669989783 0.03395713906350169
16.16 -0.06108373199884576 0.03494088672244206 -0.020589148510946047 0.05518817846639191
16.18 -0.04172569380989395 0.03494088672244206 -0.03160204793791903 0.05518817846639191
16.2 -0.05273859323686696 0.03494088672244206 -0.02236765562094217 0.04506453259441699
16.22 -0.043504200919890094 0.02481724085046713 -0.04261494736489203 0.04506453259441699
16.24 -0.054517100346863086 0.02481724085046713 -0.014022516858963373 0.06074187523184957
16.26 -0.025035416285936377 0.03494088672244206 -0.004788124541986513 0.050618229359874645
16.28 -0.03604831571290937 0.03494088672244206 0.02380430596394213 0.050618229359874645
16.3 -0.006566631651982655 0.004569949106517275 0.03214944472592093 0.050618229359874645
16.32 0.0026677606649942046 0.02481724085046713 0.03214944472592093 0.050618229359874645
16.34 0.0026677606649942046 0.030370937615924784 0.022025798853945993 0.050618229359874645
16.36 -0.008345138761978791 0.050618229359874645 0.022915052408944068 0.050618229359874645
16.38 -0.008345138761978791 0.04604828025335736 -0.006566631651982655 0.050618229359874645
16.4 -0.018468784633953718 0.030370937615924784 -0.016690277523957582 0.050618229359874645
16.42 -0.02770317695093058 0.030370937615924784 -0.016690277523957582 0.040494583487899714
16.44 -0.02770317695093058 0.030370937615924784 -0.026813923395932512 0.050618229359874645
16.46 -0.02770317695093058 0.030370937615924784 -0.02770317695093058 0.050618229359874645
16.48 -0.03927305794747336 0.030370937615924784 -0.01757953107895565 0.040494583487899714
16.5 -0.018468784633953718 0.030370937615924784 -0.008345138761978791 0.040494583487899714
16.52 -0.030038665630496494 0.030370937615924784 -0.008345138761978791 0.040494583487899714
16.54 0.0008892535549980681 0.030370937615924784 0.0008892535549980681 0.050618229359874645
16.56 -0.009234392316976859 0.030370937615924784 0.021136545298947925 0.040494583487899714
16.58 0.0008892535549980681 0.030370937615924784 0.021136545298947925 0.050618229359874645
16.6 -0.018468784633953718 0.030370937615924784 0.050618229359874645 0.050618229359874645
16.62 -0.008345138761978791 0.020247291743949857 0.040494583487899714 0.050618229359874645
16.64 -0.008345138761978791 0.020247291743949857 0.06074187523184957 0.040494583487899714
16.66 0.011902152981971064 0.020247291743949857 0.04138383704289779 0.040494583487899714
16.68 -0.01757953107895565 0.030370937615924784 0.04227309059789585 0.040494583487899714
16.7 0.0026677606649942046 0.020247291743949857 0.012791406536969132 0.030370937615924784
16.72 -0.016690277523957582 0.020247291743949857 0.02469355951894019 0.020247291743949857
16.74 0.0044462677749903465 0.020247291743949857 -0.014911770413961446 0.020247291743949857
16.76 -0.025035416285936377 0.020247291743949857 0.007114028439984545 0.020247291743949857
16.78 0.01545916720196333 0.010123645871974929 -0.003898870986988451 0.020247291743949857
16.8 -0.014022516858963373 0.02580098850940751 0.06696665011683606 0.010123645871974929
16.82 0.04671935837288618 0.005553696765457653 0.02647206662893634 0.020247291743949857
16.84 0.007114028439984545 0.021231039402890235 0.10835048715973383 -0.011569880996542775
16.86 0.06963441078183025 -0.010586133337602397 0.04938711903788038 0.005553696765457653
16.88 0.0005473967880018837 0.016661090296372957 0.1229204008066991 -0.015156082444119673
16.9 0.10534086972774342 -0.04454327240110407 0.02346244919694595 0.010644906065287837
16.92 -0.0033514741989865557 0.011628653724228213 0.16007309487718016 -0.02788218210473111
16.94 0.08119470699680512 -0.006651142701840883 0.039810869953907334 0.0237197949140839
16.96 -0.019152498167946053 0.04495083431697413 0.07373882178982442 0.030257239338481942
16.98 -0.017373991057949952 0.1025689955668743 -0.026608383374926835 0.06062817695440673
17.0 -0.10759755035072625 0.08590790527050132 -0.06621371330782845 0.1972680098622255
17.02 -0.1894759708815237 0.23938129947982137 -0.10848680390572428 0.1234512457815799
17.04 -0.19214373154651793 0.09371526663641087 -0.18379859278453914 0.2920807224350196
17.06 -0.28169316208686973 0.285194488822437 -0.1385158847546529 0.08225908391731096
17.08 -0.17744708593513006 0.019200924179396027 -0.28791793697185625 0.29855554695380415
17.1 -0.276563180777887 0.22994369045043164 -0.17265896139314352 -0.0023789044116788887
17.12 -0.13093326758324964 -0.06445331649065338 -0.2925793295494202 0.2139175586248144
17.14 -0.24250849697754745 0.148256945098263 -0.13537953535823993 -0.09974299240128016
17.16 -0.06417215748741922 -0.14874251563145854 -0.2570784106245127 0.11395101684657662
17.18 -0.19332691796067278 0.07605888714731357 -0.07006466038697746 -0.16181740448025467
17.2 -0.005423914168139468 -0.2134193814990697 -0.20789683160763806 0.09532243123232284
17.22 -0.15160122415077873 0.05384410008548294 -0.009870181943129743 -0.16835484890465263
17.24 0.03808028675175063 -0.21897307826452728 -0.13580020018181924 0.044704201872448245
17.26 -0.09708412380391573 0.03099435455289644 0.05477056427570821 -0.17749474711768726
17.28 0.06489421014768311 -0.2160218352877062 -0.07861533916996206 0.001607164595912016
17.3 -0.07861533916996206 0.004558407572733179 0.08336299478163679 -0.16343611060995078
17.32 0.08336299478163679 -0.19183955290799487 -0.0684916932979871 -0.003597742981360972
17.34 -0.05836804742601215 -0.01991004408954932 0.084252248336635 -0.1327163838058414
17.36 0.07501785601965807 -0.17482967342343722 -0.056589540316016 -0.05432967061867842
17.38 -0.06493467907799472 -0.07521192083338407 0.06667271725767936 -0.1157065043212838
17.4 0.03808028675175063 -0.11732521045097996 -0.04379813377904677 -0.056583335219130386
17.42 -0.022661588480098922 -0.08758923130581092 0.05921683205069862 -0.06734193956186107
17.44 0.0919232583461893 -0.052299555395184244 -0.009870181943129743 -0.07810054390459176
17.46 0.040748047416744905 -0.09944528158492484 0.06510933495025682 -0.022563576250015226
17.48 0.09636952612117958 -0.01764483795531334 0.007035220383401435 -0.10563393682113825
17.5 0.039184665109322364 -0.12651618703584389 0.051086818091293375 -0.01613983010306005
17.52 0.06387822462826255 0.009026199935591697 0.02427289469536089 -0.15295213401600719
17.54 0.04807720065930301 -0.13235605308387266 0.0379535547873281 0.012961190571353202
17.56 0.02215253081836855 0.07405185499138738 0.03227617669034349 -0.13299101155462845
17.58 0.036722444465333834 -0.11384116574706181 0.00546225329441098 0.08354054239260655
17.6 0.0006741287524244671 0.1234001674097505 0.040279458685326106 -0.12002982098327525
17.62 0.056295607456859235 -0.11054113358205608 0.0033418894174186654 0.15770609566143678
17.64 0.009234392316976859 0.18645832714766547 0.09945795160975314 -0.10203619383977726
17.66 0.09378057351276856 -0.09908495086295614 0.03126019117092285 0.18385587335902892
17.68 0.006224774884986471 0.24754899156769963 0.1360536641106644 -0.07131646703566787
17.7 0.09254946319077431 -0.0683652240588467 0.02825057373893246 0.21914554926965557
17.72 -0.02537727305293257 0.2616076280754361 0.12469890791669525 -0.0314568420185239
17.74 0.0591689081428591 -0.025903145253066247 -0.0033514741989865557 0.2524677298624015
17.76 -0.0790051198447976 0.2883923642437839 0.08208396055180318 0.025698831765748706
17.78 0.005541061350994137 0.04039242674424106 -0.04685567511887666 0.26259137573437646
17.8 -0.11416418200270892 0.2808711721604456 0.04837113351845972 0.10472050342366737
17.82 -0.03139650791691325 0.12901648408082164 -0.07366959851480918 0.26976377862953027
17.84 -0.1326329666366626 0.2961997256096935 -0.02127286204493839 0.2070544080797999
17.86 -0.05164379966086317 0.25177015148603227 -0.12250932076468764 0.2563401005925496
17.88 -0.13441147374665877 0.2605612605108822 -0.04240940734388633 0.272131141507425
17.9 -0.0644352061978323 0.25413751436392706 -0.11505343555770695 0.1933956391320775
17.92 -0.14631362672862983 0.16626211377554498 -0.04596642156387858 0.19663305139146978
17.94 -0.0873502586067764 0.12900494254703754 -0.10848680390572428 0.09961775259005314
17.96 -0.12962334920467222 0.04963448170093426 -0.049523435783870876 0.0855591160823167
17.98 -0.08078362695479373 0.031989643745620924 -0.1010309186987436 0.03754334051107857
18.0 -0.12305671755268958 0.0006349584707557702 -0.06231484232084001 0.0365595928521382
18.02 -0.0834513876197879 0.0006349584707557702 -0.08434064117478596 0.01631230110818834
18.04 -0.10547718647373391 -0.003934990635761513 -0.054858957113859276 0.021865997873646
18.06 -0.0566374642238554 0.01729604876712873 -0.06676111009583033 0.01729604876712873
18.08 -0.06942887076082453 0.03395713906350169 -0.017921387845951837 0.03852708817001895
18.1 -0.03994718669989783 0.029387189956984403 -0.03994718669989783 0.03395713906350169
18.12 -0.06108373199884576 0.03494088672244206 -0.020589148510946047 0.04963448170093426
18.14 -0.04172569380989395 0.03494088672244206 -0.03160204793791903 0.05518817846639191
18.16 -0.06286223910884188 0.03494088672244206 -0.02236765562094217 0.04506453259441699
18.18 -0.043504200919890094 0.02481724085046713 -0.04261494736489203 0.04506453259441699
18.2 -0.054517100346863086 0.03494088672244206 -0.014022516858963373 0.06074187523184957
18.22 -0.025035416285936377 0.03494088672244206 -0.014911770413961446 0.050618229359874645
18.24 -0.03604831571290937 0.03494088672244206 0.02380430596394213 0.050618229359874645
18.26 -0.006566631651982655 0.004569949106517275 0.04227309059789585 0.050618229359874645
18.28 0.0026677606649942046 0.019263544085009476 0.03214944472592093 0.050618229359874645
18.3 0.011902152981971064 0.030370937615924784 0.022025798853945993 0.050618229359874645
18.32 -0.008345138761978791 0.040494583487899714 0.022915052408944068 0.050618229359874645
18.34 -0.018468784633953718 0.05160197701881502 -0.006566631651982655 0.050618229359874645
18.36 -0.03927305794747336 0.030370937615924784 -0.025924669840934444 0.050618229359874645
18.38 -0.02770317695093058 0.030370937615924784 -0.03604831571290937 0.050618229359874645
18.4 -0.03927305794747336 0.030370937615924784 -0.026813923395932512 0.050618229359874645
18.42 -0.03927305794747336 0.030370937615924784 -0.02770317695093058 0.050618229359874645
18.44 -0.030038665630496494 0.030370937615924784 -0.01757953107895565 0.050618229359874645
18.46 -0.018468784633953718 0.030370937615924784 -0.008345138761978791 0.050618229359874645
18.48 -0.020804273313519635 0.030370937615924784 -0.008345138761978791 0.050618229359874645
18.5 0.0008892535549980681 0.030370937615924784 0.0008892535549980681 0.050618229359874645
18.52 -0.009234392316976859 0.030370937615924784 0.021136545298947925 0.050618229359874645
18.54 -0.008345138761978791 0.030370937615924784 0.021136545298947925 0.050618229359874645
18.56 -0.018468784633953718 0.040494583487899714 0.040494583487899714 0.050618229359874645
18.58 -0.008345138761978791 0.020247291743949857 0.040494583487899714 0.050618229359874645
18.6 -0.008345138761978791 0.020247291743949857 0.06074187523184957 0.040494583487899714
18.62 0.0017785071099961362 0.020247291743949857 0.04138383704289779 0.040494583487899714
18.64 -0.01757953107895565 0.020247291743949857 0.04227309059789585 0.040494583487899714
18.66 0.0026677606649942046 0.030370937615924784 0.022915052408944068 0.040494583487899714
18.68 -0.026813923395932512 0.020247291743949857 0.02469355951894019 0.030370937615924784
18.7 0.0044462677749903465 0.020247291743949857 -0.014911770413961446 0.030370937615924784
18.72 -0.025035416285936377 0.010123645871974929 0.016348420756961406 0.020247291743949857
18.74 0.01545916720196333 0.010123645871974929 -0.003898870986988451 0.020247291743949857
18.76 -0.014022516858963373 0.02580098850940751 0.05684300424486111 0.010123645871974929
18.78 0.04671935837288618 0.005553696765457653 0.02647206662893634 0.020247291743949857
18.8 -0.002120363876992315 0.011107393530915307 0.10835048715973383 -0.011569880996542775
18.82 0.06963441078183025 -0.010586133337602397 0.04938711903788038 0.005553696765457653
18.84 -0.008686995528974976 0.016661090296372957 0.1229204008066991 -0.015156082444119673
18.86 0.10534086972774342 -0.03441962652912915 0.03358609506892086 0.027768483827288266
18.88 -0.0033514741989865557 0.011628653724228213 0.1499494490052052 -0.02788218210473111
18.9 0.09042909931378197 -0.006651142701840883 0.039810869953907334 0.03384344078605883
18.92 -0.019152498167946053 0.05507448018894905 0.07373882178982442 0.030257239338481942
18.94 -0.017373991057949952 0.1025689955668743 -0.026608383374926835 0.06062817695440673
18.96 -0.10759755035072625 0.09603155114247625 -0.07633735917980336 0.1972680098622255
18.98 -0.1894759708815237 0.23938129947982137 -0.11861044977769922 0.11332759990960496
19.0 -0.19214373154651793 0.10383891250838581 -0.18379859278453914 0.2805108414384769
19.02 -0.27156951621489483 0.285194488822437 -0.1385158847546529 0.08781278068276861
19.04 -0.16732344006315517 0.019200924179396027 -0.28791793697185625 0.28843190108182926
19.06 -0.2857975730948639 0.21982004457845666 -0.17265896139314352 -0.0023789044116788887
19.08 -0.12169887526627277 -0.07457696236262833 -0.301813721866397 0.2093476095182972
19.1 -0.24250849697754745 0.148256945098263 -0.13537953535823993 -0.09974299240128016
19.12 -0.06417215748741922 -0.14874251563145854 -0.2663128029414895 0.11395101684657662
19.14 -0.20345056383264765 0.07605888714731357 -0.08018830625895237 -0.15169375860827974
19.16 -0.005423914168139468 -0.2134193814990697 -0.20789683160763806 0.07964508859489032
19.18 -0.15160122415077873 0.04372045421350798 0.0002534639288451667 -0.16835484890465263
19.2 0.03808028675175063 -0.22354302737104462 -0.13580020018181924 0.034580556000473286
19.22 -0.08696047793194077 0.0411180004248714 0.06489421014768311 -0.17194105035222962
19.24 0.06489421014768311 -0.2160218352877062 -0.08873898504193692 0.007160861361369673
19.26 -0.0684916932979871 0.004558407572733179 0.09348664065361174 -0.1735597564819257
19.28 0.09348664065361174 -0.19183955290799487 -0.0684916932979871 -0.02384503472531079
19.3 -0.05836804742601215 -0.01991004408954932 0.084252248336635 -0.1327163838058414
19.32 0.06489421014768311 -0.17482967342343722 -0.04735514799903907 -0.05432967061867842
19.34 -0.07505832494996967 -0.06508827496140916 0.0759071095746562 -0.1157065043212838
19.36 0.04820393262372559 -0.11177151368552231 -0.03456374146206993 -0.06670698109110534
19.38 -0.01253794260812406 -0.08758923130581092 0.06934047792267357 -0.06734193956186107
19.4 0.0919232583461893 -0.052299555395184244 -0.009870181943129743 -0.08267049301110903
19.42 0.040748047416744905 -0.09944528158492484 0.06510933495025682 -0.03268722212199015
19.44 0.09636952612117958 -0.01764483795531334 0.007035220383401435 -0.11575758269311319
19.46 0.039184665109322364 -0.12651618703584389 0.051086818091293375 -0.01613983010306005
19.48 0.06387822462826255 0.01914984580756663 0.02427289469536089 -0.15295213401600719
19.5 0.04807720065930301 -0.13790974984933033 0.0379535547873281 0.023084836443328136
19.52 0.02215253081836855 0.06392820911941245 0.03227617669034349 -0.14311465742660337
19.54 0.036722444465333834 -0.12396481161903672 -0.0037721390225658796 0.08354054239260655
19.56 0.009908521069401327 0.1335238132817254 0.040279458685326106 -0.1144761242178176
19.58 0.06641925332883415 -0.11054113358205608 -0.005892502899558194 0.14758244978946186
19.6 0.009234392316976859 0.1809046303822078 0.09945795160975314 -0.10203619383977726
19.62 0.09378057351276856 -0.10463864762841371 0.04138383704289779 0.18385587335902892
19.64 -0.003898870986988451 0.23742534569572468 0.1360536641106644 -0.07687016380112552
19.66 0.10178385550775118 -0.053671629080354534 0.04760861192788426 0.20346820663222306
19.68 -0.035500918924907504 0.2772849707128687 0.12380965436169715 -0.03701053878398166
19.7 0.0591689081428591 -0.010225802615633635 -0.0033514741989865557 0.24789778075588423
19.72 -0.06888147397282267 0.2883923642437839 0.08208396055180318 0.021128882659231497
19.74 0.02578835309494396 0.04039242674424106 -0.04685567511887666 0.2736987692652918
19.76 -0.11416418200270892 0.28642486892590324 0.03680125252191699 0.11027420018912512
19.78 -0.03139650791691325 0.13914012995279657 -0.0837932443867841 0.27988742450150517
19.8 -0.1326329666366626 0.3063233714816684 -0.02127286204493839 0.20150071131434236
19.82 -0.05164379966086317 0.25177015148603227 -0.1132749284477108 0.24621645472057463
19.84 -0.13441147374665877 0.2605612605108822 -0.04240940734388633 0.272131141507425
19.86 -0.07455885206980721 0.2596912111293847 -0.11505343555770695 0.1933956391320775
19.88 -0.14631362672862983 0.16070841701008734 -0.055200813880855466 0.19663305139146978
19.9 -0.0873502586067764 0.12900494254703754 -0.09836315803374937 0.10974139846202806
19.92 -0.13974699507664717 0.05975812757290919 -0.049523435783870876 0.09568276195429164
19.94 -0.08078362695479373 0.031989643745620924 -0.08167288050979181 0.03754334051107857
19.96 -0.12305671755268958 0.0006349584707557702 -0.0521911964488651 0.0365595928521382
19.98 -0.0834513876197879 0.0006349584707557702 -0.08434064117478596 0.01631230110818834
20.0 -0.09624279415675707 -0.003934990635761513 -0.04562456479688244 0.021865997873646
