0.0 0.0 0.0 0.0 0.0
0.02 0.0 0.0 0.0 0.0
0.04 0.0 0.0 0.0 0.0
0.06 -0.023418937436591625 0.0 0.0 0.0
0.08 0.0 0.0 0.0 0.0
0.1 -0.059968336128182725 0.0 0.0 0.0
0.12 0.0 0.0 0.0 0.0
0.14 -0.01928831912995374 0.0 0.0 0.0
0.16 0.0 0.0 -0.059968336128182725 0.0
0.18 0.0 0.0 -0.021353628283272724 0.0
0.2 0.0 0.0 -0.05583771782154481 0.0
0.22 0.0 0.0 -0.01928831912995374 0.0
0.24 0.0 0.0 0.0 0.0
0.26 0.0 0.0 0.0 0.0
0.28 0.0 0.0 0.0 0.0
0.3 0.0 0.0 0.0 0.0
0.32 0.0 0.0 0.0 0.0
0.34 0.0 0.0 0.0 0.0
0.36 0.0 0.0 0.0 0.0
0.38 0.0 0.0 0.0 0.0
0.4 0.0 0.0 0.0 0.0
0.42 0.0 0.0 0.0 0.0
0.44 0.0 0.0 0.0 0.0
0.46 0.0 0.0 0.0 0.0
0.48 0.0 0.0 0.0 0.0
0.5 0.0 0.0 0.0 0.0
0.52 0.0 0.0 0.0 0.0
0.54 0.0 0.0 0.0 0.0
0.56 0.0 0.0 0.0 0.0
0.58 0.0 0.0 0.0 0.0
0.6 0.0 0.0 0.0 0.0
0.62 0.0 0.0 0.0 0.0
0.64 0.0 0.0 0.0 0.0
0.66 0.0 0.0 0.0 0.0
0.68 0.0 0.0 0.0 0.0
0.7 0.0 0.0 0.0 0.0
0.72 0.0 0.0 0.0 0.0
0.74 0.0 0.0 0.0 0.0
0.76 0.0 0.0 0.0 0.0
0.78 0.0 0.0 0.0 0.0
0.8 0.0 0.0 0.0 0.0
0.82 0.0 0.0 0.0 0.0
0.84 0.0 0.0 0.0 0.0
0.86 0.0 0.0 0.0 0.0
0.88 0.0 0.0 0.0 0.0
0.9 0.0 0.0 0.0 0.0
0.92 0.0 0.0 0.0 0.0
0.94 -0.017223009976634784 0.0 0.0 0.0
0.96 0.0 0.0 0.0 0.0
0.98 0.0 0.0 0.0 0.0
1.0 0.0 0.0 0.0 0.0
1.02 -0.017223009976634784 0.0 0.0 0.0
1.04 0.0 0.0 0.0 0.0
1.06 0.0 0.0 0.0 0.0
1.08 0.0 0.0 0.0 0.0
1.1 0.0 0.0 0.0 0.0
1.12 0.0 0.0 -0.017223009976634784 0.0
1.14 -0.017223009976634784 0.0 0.0 0.0
1.16 0.0 0.0 0.0 0.0
1.18 0.0 0.0 0.0 0.0
1.2 0.0 0.0 0.0 0.0
1.22 0.0 0.0 0.0 0.0
1.24 0.0 0.0 0.0 0.0
1.26 -0.017223009976634784 0.0 0.0 0.0
1.28 0.0 0.0 0.0 0.0
1.3 -0.017223009976634784 0.0 0.0 0.0
1.32 0.0 0.0 -0.017223009976634784 0.0
1.34 0.0 0.0 0.0 0.0
1.36 0.0 0.0 -0.017223009976634784 0.0
1.38 -0.017223009976634784 0.0 0.0 0.0
1.4 0.0 0.0 0.0 0.0
1.42 -0.017223009976634784 0.0 0.0 0.0
1.44 0.0 0.0 0.0 0.0
1.46 -0.017223009976634784 0.0 0.0 0.0
1.48 0.0 0.0 -0.017223009976634784 0.0
1.5 0.0 0.0 0.0 0.0
1.52 0.0 0.0 0.0 0.0
1.54 -0.017223009976634784 0.0 0.0 0.0
1.56 0.0 0.0 -0.017223009976634784 0.0
1.58 -0.017223009976634784 0.0 0.0 0.0
1.6 0.0 0.0 -0.017223009976634784 0.0
1.62 0.0 0.0 0.0 0.0
1.64 0.0 0.0 0.0 0.0
1.66 -0.017223009976634784 0.0 0.0 0.0
1.68 0.0 0.0 0.0 0.0
1.7 -0.017223009976634784 0.0 0.0 0.0
1.72 0.0 0.0 0.0 0.0
1.74 0.0 0.0 0.0 0.0
1.76 0.0 0.0 -0.017223009976634784 0.0
1.78 -0.017223009976634784 0.0 -0.01928831912995374 0.0
1.8 0.0 0.0 -0.05583771782154481 0.0
1.82 -0.017223009976634784 0.0 -0.01928831912995374 0.0
1.84 0.0 0.0 -0.05583771782154481 0.0
1.86 -0.05377240866822591 0.0 -0.05583771782154481 0.0
1.88 0.0 0.0 -0.017223009976634784 0.0
1.9 -0.017223009976634784 0.0 0.0 0.0
1.92 0.0 0.0 -0.017223009976634784 0.0
1.94 -0.017223009976634784 0.0 0.0 0.0
1.96 0.0 0.0 -0.017223009976634784 0.0
1.98 -0.017223009976634784 0.0 0.0 0.0
2.0 0.0 0.0 -0.017223009976634784 0.0
2.02 -0.017223009976634784 0.0 0.0 0.0
2.04 0.0 0.0 -0.017223009976634784 0.0
2.06 -0.017223009976634784 0.0 0.0 0.0
2.08 0.0 0.0 -0.017223009976634784 0.0
2.1 0.0 0.0 -0.01928831912995374 0.0
2.12 0.0 0.0 -0.01928831912995374 0.0
2.14 0.0 0.0 0.0 0.0
2.16 0.0 0.0 -0.05583771782154481 0.0
2.18 -0.01928831912995374 0.0 -0.01928831912995374 0.0
2.2 -0.01928831912995374 0.0 -0.05583771782154481 0.0
2.22 -0.05583771782154481 0.0 -0.01928831912995374 0.0
2.24 -0.01928831912995374 0.0 -0.05583771782154481 0.0
2.26 -0.05583771782154481 0.0 -0.05583771782154481 0.0
2.28 -0.01928831912995374 0.0 -0.05583771782154481 0.0
2.3 -0.017223009976634784 0.0 -0.01928831912995374 0.0
2.32 0.0 0.0 -0.05583771782154481 0.0
2.34 -0.017223009976634784 0.0 -0.017223009976634784 0.0
2.36 0.0 0.0 -0.017223009976634784 0.0
2.38 -0.017223009976634784 0.0 0.0 0.0
2.4 -0.01928831912995374 0.0 -0.017223009976634784 0.0
2.42 -0.01928831912995374 0.0 0.0 0.0
2.44 -0.01928831912995374 0.0 -0.05583771782154481 0.0
2.46 -0.05583771782154481 0.0 -0.01928831912995374 0.0
2.48 -0.01928831912995374 0.0 -0.05583771782154481 0.0
2.5 -0.01928831912995374 0.0 -0.05583771782154481 0.0
2.52 -0.01928831912995374 0.0 -0.05583771782154481 0.0
2.54 -0.09238711651313591 0.0 -0.05583771782154481 0.0
2.56 -0.01928831912995374 0.0 -0.05583771782154481 0.0
2.58 -0.01928831912995374 0.0 -0.01928831912995374 0.0
2.6 -0.01928831912995374 0.0 -0.05583771782154481 0.0
2.62 -0.05583771782154481 0.0 -0.01928831912995374 0.0
2.64 -0.01928831912995374 0.0 -0.017223009976634784 0.0
2.66 -0.05583771782154481 0.0 -0.01928831912995374 0.0
2.68 -0.01928831912995374 0.0 -0.05583771782154481 0.0
2.7 -0.01928831912995374 0.0 -0.01928831912995374 0.0
2.72 -0.01928831912995374 0.0 -0.05583771782154481 0.0
2.74 -0.05583771782154481 0.0 -0.01928831912995374 0.0
2.76 -0.01928831912995374 0.0 -0.05583771782154481 0.0
2.78 -0.01928831912995374 0.0 -0.05583771782154481 0.0
2.8 -0.01928831912995374 0.0 -0.01928831912995374 0.0
2.82 -0.05583771782154481 0.0 -0.01928831912995374 0.0
2.84 -0.01928831912995374 0.0 -0.05583771782154481 0.0
2.86 -0.05583771782154481 0.0 -0.01928831912995374 0.0
2.88 -0.05583771782154481 0.0 -0.01928831912995374 0.0
2.9 -0.05583771782154481 0.0 -0.01928831912995374 0.0
2.92 -0.01928831912995374 0.0 -0.05583771782154481 0.0
2.94 -0.05583771782154481 0.0 -0.05583771782154481 0.0
2.96 -0.01928831912995374 0.0 -0.05583771782154481 0.0
2.98 -0.05583771782154481 0.0 -0.01928831912995374 0.0
3.0 -0.01928831912995374 0.0 -0.05377240866822591 0.0
3.02 -0.05583771782154481 0.0 0.0 0.0
3.04 -0.01928831912995374 0.0 -0.05583771782154481 0.0
3.06 -0.05583771782154481 0.0 -0.01928831912995374 0.0
3.08 -0.05583771782154481 0.0 -0.05583771782154481 0.0
3.1 -0.05583771782154481 0.0 -0.05583771782154481 0.0
3.12 -0.01928831912995374 0.0 -0.05583771782154481 0.0
3.14 -0.05583771782154481 0.0 -0.01928831912995374 0.0
3.16 -0.01928831912995374 0.0 -0.05583771782154481 0.0
3.18 -0.05583771782154481 0.0 -0.05583771782154481 0.0
3.2 -0.01928831912995374 0.0 -0.01928831912995374 0.0
3.22 -0.05583771782154481 0.0 -0.01928831912995374 0.0
3.24 -0.05583771782154481 0.0 -0.01928831912995374 0.0
3.26 -0.05583771782154481 0.0 -0.01928831912995374 0.0
3.28 -0.05583771782154481 0.0 -0.05583771782154481 0.0
3.3 -0.05583771782154481 0.0 -0.09445242566645481 0.0
3.32 -0.01928831912995374 0.0 -0.09445242566645481 0.0
3.34 -0.05583771782154481 0.0 -0.05790302697486377 0.0
3.36 -0.01928831912995374 0.0 -0.05583771782154481 0.008905629840003065
3.38 -0.05583771782154481 0.0 -0.01928831912995374 0.0
3.4 -0.01928831912995374 0.0 -0.05583771782154481 0.008905629840003065
3.42 -0.05583771782154481 0.0 -0.05790302697486377 0.0
3.44 -0.01928831912995374 0.0 -0.09445242566645481 0.008905629840003065
3.46 -0.01928831912995374 0.0 -0.09445242566645481 0.0
3.48 -0.01928831912995374 0.0 -0.05583771782154481 0.0021558919762974527
3.5 -0.09445242566645481 0.0 -0.05583771782154481 0.0
3.52 -0.05790302697486377 0.0 -0.09445242566645481 0.008905629840003065
3.54 -0.13100182435804592 0.0 -0.05790302697486377 0.0
3.56 -0.09445242566645481 0.0 -0.09445242566645481 0.0
3.58 -0.09445242566645481 0.0 -0.01928831912995374 0.0
3.6 -0.09445242566645481 0.0 -0.01928831912995374 0.0
3.62 -0.09445242566645481 0.0 -0.01928831912995374 0.0
3.64 -0.05790302697486377 0.0 -0.05583771782154481 0.0021558919762974527
3.66 -0.09445242566645481 0.0 -0.01928831912995374 0.0
3.68 -0.05790302697486377 0.0 -0.09445242566645481 0.0021558919762974527
3.7 -0.09445242566645481 0.0 -0.09445242566645481 0.0
3.72 -0.05790302697486377 0.0 -0.05790302697486377 0.024137227653333537
3.74 -0.09445242566645481 0.0 -0.05790302697486377 0.0
3.76 -0.05790302697486377 0.0 -0.09445242566645481 0.0
3.78 -0.09445242566645481 0.0 -0.05790302697486377 0.0
3.8 -0.05790302697486377 0.0 -0.09445242566645481 0.0
3.82 -0.09445242566645481 0.0 -0.05790302697486377 0.0
3.84 -0.09445242566645481 0.0 -0.09445242566645481 0.0021558919762974527
3.86 -0.09445242566645481 0.0 -0.05790302697486377 0.0
3.88 -0.09445242566645481 0.0 -0.09445242566645481 0.0021558919762974527
3.9 -0.09445242566645481 0.0 -0.09445242566645481 0.0
3.92 -0.05790302697486377 0.0 -0.09445242566645481 0.0021558919762974527
3.94 -0.09445242566645481 0.0 -0.05790302697486377 0.0
3.96 -0.05790302697486377 0.0 -0.09445242566645481 0.0021558919762974527
3.98 -0.09445242566645481 0.0 -0.09445242566645481 0.0
4.0 -0.05790302697486377 0.0 -0.09445242566645481 0.0021558919762974527
4.02 -0.05790302697486377 0.0 -0.09445242566645481 0.0
4.04 -0.05790302697486377 0.0 -0.09445242566645481 0.0
4.06 -0.09445242566645481 0.0 -0.09445242566645481 0.0
4.08 -0.05790302697486377 0.0 -0.09445242566645481 0.0021558919762974527
4.1 -0.09445242566645481 0.0 -0.13306713351136484 0.0
4.12 -0.09445242566645481 0.0 -0.0965177348197738 0.0
4.14 -0.13100182435804592 0.0 -0.13306713351136484 0.0
4.16 -0.09445242566645481 0.0 -0.09445242566645481 0.0
4.18 -0.09445242566645481 0.0 -0.05790302697486377 0.0
4.2 -0.05790302697486377 0.0 -0.09445242566645481 0.0
4.22 -0.05790302697486377 0.0 -0.09445242566645481 0.0
4.24 -0.05790302697486377 0.0 -0.09445242566645481 0.0
4.26 -0.09445242566645481 0.0 -0.13306713351136484 0.0
4.28 -0.05790302697486377 0.0 -0.16961653220295597 0.0
4.3 -0.05790302697486377 0.0 -0.13306713351136484 0.0
4.32 -0.05790302697486377 0.0 -0.16961653220295597 0.0
4.34 -0.05790302697486377 0.0 -0.16961653220295597 0.0
4.36 -0.05790302697486377 0.0 -0.13306713351136484 0.0
4.38 -0.09445242566645481 0.0 -0.13306713351136484 0.0
4.4 -0.05790302697486377 0.0 -0.13306713351136484 0.010637751925922256
4.42 -0.05790302697486377 0.0 -0.09445242566645481 0.010637751925922256
4.44 -0.05790302697486377 0.0 -0.09445242566645481 0.010637751925922256
4.46 -0.09445242566645481 0.0 -0.05790302697486377 0.0
4.48 -0.13306713351136484 0.0 -0.09445242566645481 0.010637751925922256
4.5 -0.0965177348197738 0.0 -0.09445242566645481 0.010637751925922256
4.52 -0.0965177348197738 0.0 -0.09445242566645481 0.03261908760295834
4.54 -0.13306713351136484 0.0 -0.13306713351136484 0.010637751925922256
4.56 -0.0965177348197738 0.0 -0.13306713351136484 0.0
4.58 -0.0965177348197738 0.0 -0.13306713351136484 0.0
4.6 -0.0965177348197738 0.0 -0.13306713351136484 0.010637751925922256
4.62 -0.0965177348197738 0.0 -0.13306713351136484 0.0
4.64 -0.059968336128182725 0.0 -0.13306713351136484 0.010637751925922256
4.66 -0.05790302697486377 0.0 -0.13306713351136484 0.02586934973925273
4.68 -0.05790302697486377 0.0 -0.13306713351136484 0.04785068541628887
4.7 -0.05790302697486377 0.0 -0.13306713351136484 0.02586934973925273
4.72 -0.0965177348197738 0.0 -0.13306713351136484 0.0038880140622166437
4.74 -0.0965177348197738 0.0 -0.13306713351136484 0.0038880140622166437
4.76 -0.0965177348197738 0.0 -0.0965177348197738 0.010637751925922256
4.78 -0.13306713351136484 0.0 -0.13306713351136484 0.010637751925922256
4.8 -0.13306713351136484 0.0 -0.13306713351136484 0.010637751925922256
4.82 -0.0965177348197738 0.0 -0.13306713351136484 0.010637751925922256
4.84 -0.13306713351136484 0.0 -0.13306713351136484 0.0
4.86 -0.0965177348197738 0.0 -0.13306713351136484 0.0038880140622166437
4.88 -0.13306713351136484 0.0 -0.13306713351136484 0.0038880140622166437
4.9 -0.0965177348197738 0.0 -0.0965177348197738 0.0038880140622166437
4.92 -0.0965177348197738 0.0 -0.0965177348197738 0.02586934973925273
4.94 -0.0965177348197738 0.0038880140622166437 -0.0965177348197738 0.02586934973925273
4.96 -0.0965177348197738 0.0038880140622166437 -0.0965177348197738 0.02586934973925273
4.98 -0.0965177348197738 0.0 -0.0965177348197738 0.02586934973925273
5.0 -0.0965177348197738 0.0 -0.0965177348197738 0.02586934973925273
5.02 -0.0965177348197738 0.0 -0.0965177348197738 0.02586934973925273
5.04 -0.0965177348197738 0.0 -0.0965177348197738 0.02586934973925273
5.06 -0.0965177348197738 0.0 -0.0965177348197738 0.02586934973925273
5.08 -0.059968336128182725 0.0 -0.0965177348197738 0.02586934973925273
5.1 -0.0965177348197738 0.0 -0.0965177348197738 0.02586934973925273
5.12 -0.0965177348197738 0.0 -0.0965177348197738 0.02586934973925273
5.14 -0.059968336128182725 0.0 -0.0965177348197738 0.02586934973925273
5.16 -0.059968336128182725 0.0 -0.0965177348197738 0.0038880140622166437
5.18 -0.0965177348197738 0.0 -0.0965177348197738 0.0038880140622166437
5.2 -0.059968336128182725 0.0 -0.0965177348197738 0.0038880140622166437
5.22 -0.0965177348197738 0.0 -0.0965177348197738 0.02586934973925273
5.24 -0.0965177348197738 0.0 -0.0965177348197738 0.0038880140622166437
5.26 -0.059968336128182725 0.0 -0.0965177348197738 0.0038880140622166437
5.28 -0.0965177348197738 0.0 -0.0965177348197738 0.02586934973925273
5.3 -0.0965177348197738 0.0 -0.0965177348197738 0.0038880140622166437
5.32 -0.0965177348197738 0.0 -0.0965177348197738 0.0038880140622166437
5.34 -0.059968336128182725 0.0 -0.0965177348197738 0.0038880140622166437
5.36 -0.0965177348197738 0.0 -0.0965177348197738 0.02586934973925273
5.38 -0.059968336128182725 0.0 -0.0965177348197738 0.0038880140622166437
5.4 -0.059968336128182725 0.0 -0.0965177348197738 0.02586934973925273
5.42 -0.0965177348197738 0.0 -0.0965177348197738 0.0038880140622166437
5.44 -0.059968336128182725 0.0 -0.0965177348197738 0.0038880140622166437
5.46 -0.059968336128182725 0.0 -0.0965177348197738 0.0038880140622166437
5.48 -0.0965177348197738 0.0 -0.0965177348197738 0.0038880140622166437
5.5 -0.0965177348197738 0.0 -0.0965177348197738 0.0038880140622166437
5.52 -0.0965177348197738 0.0 -0.0965177348197738 0.0038880140622166437
5.54 -0.0965177348197738 0.0 -0.0965177348197738 0.0038880140622166437
5.56 -0.059968336128182725 0.0 -0.0965177348197738 0.0038880140622166437
5.58 -0.0965177348197738 0.0 -0.0965177348197738 0.0038880140622166437
5.6 -0.0965177348197738 0.0 -0.0965177348197738 0.0038880140622166437
5.62 -0.0965177348197738 0.0 -0.0965177348197738 0.0038880140622166437
5.64 -0.0965177348197738 0.0 -0.0965177348197738 0.0038880140622166437
5.66 -0.059968336128182725 0.0 -0.059968336128182725 0.0038880140622166437
5.68 -0.0965177348197738 0.0 -0.0965177348197738 0.0038880140622166437
5.7 -0.0965177348197738 0.0 -0.0965177348197738 0.0038880140622166437
5.72 -0.0965177348197738 0.0 -0.059968336128182725 0.0038880140622166437
5.74 -0.059968336128182725 0.0 -0.0965177348197738 0.0038880140622166437
5.76 -0.059968336128182725 0.0 -0.059968336128182725 0.0038880140622166437
5.78 -0.0965177348197738 0.0 -0.0965177348197738 0.0038880140622166437
5.8 -0.059968336128182725 0.0 -0.0965177348197738 0.0038880140622166437
5.82 -0.0965177348197738 0.0 -0.0965177348197738 0.02586934973925273
5.84 -0.0965177348197738 0.0 -0.0965177348197738 0.0038880140622166437
5.86 -0.0965177348197738 0.0 -0.0965177348197738 0.0038880140622166437
5.88 -0.059968336128182725 0.0 -0.0965177348197738 0.0038880140622166437
5.9 -0.059968336128182725 0.0 -0.0965177348197738 0.0038880140622166437
5.92 -0.0965177348197738 0.0 -0.059968336128182725 0.02586934973925273
5.94 -0.059968336128182725 0.0 -0.0965177348197738 0.0038880140622166437
5.96 -0.059968336128182725 0.0 -0.0965177348197738 0.0038880140622166437
5.98 -0.0965177348197738 0.0 -0.0965177348197738 0.02586934973925273
6.0 -0.0965177348197738 0.0 -0.0965177348197738 0.0038880140622166437
6.02 -0.059968336128182725 0.0 -0.0965177348197738 0.0038880140622166437
6.04 -0.0965177348197738 0.0 -0.0965177348197738 0.0038880140622166437
6.06 -0.0965177348197738 0.0 -0.0965177348197738 0.0038880140622166437
6.08 -0.059968336128182725 0.0 -0.0965177348197738 0.0038880140622166437
6.1 -0.0965177348197738 0.0 -0.0965177348197738 0.0038880140622166437
6.12 -0.059968336128182725 0.0 -0.0965177348197738 0.0038880140622166437
6.14 -0.059968336128182725 0.0 -0.0965177348197738 0.0038880140622166437
6.16 -0.0965177348197738 0.0 -0.0965177348197738 0.0038880140622166437
6.18 -0.059968336128182725 0.0 -0.059968336128182725 0.0038880140622166437
6.2 -0.059968336128182725 0.0 -0.0965177348197738 0.0038880140622166437
6.22 -0.059968336128182725 0.0 -0.059968336128182725 0.0038880140622166437
6.24 -0.059968336128182725 0.0 -0.0965177348197738 0.0038880140622166437
6.26 -0.059968336128182725 0.0 -0.0965177348197738 0.0038880140622166437
6.28 -0.059968336128182725 0.0 -0.059968336128182725 0.02586934973925273
6.3 -0.0965177348197738 0.0 -0.0965177348197738 0.0038880140622166437
6.32 -0.0965177348197738 0.0 -0.0965177348197738 0.0038880140622166437
6.34 -0.0965177348197738 0.0 -0.0965177348197738 0.0038880140622166437
6.36 -0.059968336128182725 0.0 -0.059968336128182725 0.0038880140622166437
6.38 -0.0965177348197738 0.0 -0.059968336128182725 0.0038880140622166437
6.4 -0.0965177348197738 0.0 -0.059968336128182725 0.0038880140622166437
6.42 -0.059968336128182725 0.0 -0.0965177348197738 0.0038880140622166437
6.44 -0.059968336128182725 0.0 -0.0965177348197738 0.0038880140622166437
6.46 -0.0965177348197738 0.0 -0.0965177348197738 0.0038880140622166437
6.48 -0.0965177348197738 0.0 -0.0965177348197738 0.0038880140622166437
6.5 -0.059968336128182725 0.0 -0.0965177348197738 0.0038880140622166437
6.52 -0.059968336128182725 0.0 -0.059968336128182725 0.0038880140622166437
6.54 -0.059968336128182725 0.0 -0.059968336128182725 0.0038880140622166437
6.56 -0.0965177348197738 0.0 -0.0965177348197738 0.0038880140622166437
6.58 -0.059968336128182725 0.0 -0.0965177348197738 0.0038880140622166437
6.6 -0.0965177348197738 0.0 -0.059968336128182725 0.0038880140622166437
6.62 -0.059968336128182725 0.0 -0.0965177348197738 0.0038880140622166437
6.64 -0.059968336128182725 0.0 -0.059968336128182725 0.02586934973925273
6.66 -0.0965177348197738 0.0 -0.059968336128182725 0.0038880140622166437
6.68 -0.059968336128182725 0.0 -0.0965177348197738 0.02586934973925273
6.7 -0.059968336128182725 0.0 -0.0965177348197738 0.0038880140622166437
6.72 -0.059968336128182725 0.0 -0.0965177348197738 0.02586934973925273
6.74 -0.059968336128182725 0.0 -0.0965177348197738 0.0038880140622166437
6.76 -0.0965177348197738 0.0 -0.059968336128182725 0.0038880140622166437
6.78 -0.0965177348197738 0.0 -0.059968336128182725 0.0038880140622166437
6.8 -0.059968336128182725 0.0 -0.0965177348197738 0.02586934973925273
6.82 -0.059968336128182725 0.0 -0.0965177348197738 0.0038880140622166437
6.84 -0.059968336128182725 0.0 -0.059968336128182725 0.0038880140622166437
6.86 -0.0965177348197738 0.0 -0.0965177348197738 0.0038880140622166437
6.88 -0.0965177348197738 0.0 -0.0965177348197738 0.0038880140622166437
6.9 -0.0965177348197738 0.0 -0.059968336128182725 0.0038880140622166437
6.92 -0.0965177348197738 0.0 -0.059968336128182725 0.0038880140622166437
6.94 -0.059968336128182725 0.0 -0.0965177348197738 0.0038880140622166437
6.96 -0.059968336128182725 0.0 -0.0965177348197738 0.0038880140622166437
6.98 -0.059968336128182725 0.0 -0.0965177348197738 0.02586934973925273
7.0 -0.059968336128182725 0.0 -0.059968336128182725 0.0038880140622166437
7.02 -0.059968336128182725 0.0 -0.059968336128182725 0.0038880140622166437
7.04 -0.059968336128182725 0.0 -0.0965177348197738 0.0038880140622166437
7.06 -0.0965177348197738 0.0 -0.0965177348197738 0.0038880140622166437
7.08 -0.0965177348197738 0.0 -0.0965177348197738 0.0038880140622166437
7.1 -0.0965177348197738 0.0 -0.0965177348197738 0.0038880140622166437
7.12 -0.0965177348197738 0.0 -0.059968336128182725 0.0038880140622166437
7.14 -0.059968336128182725 0.0 -0.059968336128182725 0.0038880140622166437
7.16 -0.059968336128182725 0.0 -0.059968336128182725 0.02586934973925273
7.18 -0.0965177348197738 0.0 -0.059968336128182725 0.0038880140622166437
7.2 -0.059968336128182725 0.0 -0.0965177348197738 0.0038880140622166437
7.22 -0.059968336128182725 0.0 -0.0965177348197738 0.0038880140622166437
7.24 -0.059968336128182725 0.0 -0.059968336128182725 0.0038880140622166437
7.26 -0.059968336128182725 0.0 -0.059968336128182725 0.0038880140622166437
7.28 -0.059968336128182725 0.0 -0.059968336128182725 0.0038880140622166437
7.3 -0.0965177348197738 0.0 -0.0965177348197738 0.0038880140622166437
7.32 -0.059968336128182725 0.0 -0.0965177348197738 0.0038880140622166437
7.34 -0.0965177348197738 0.0 -0.059968336128182725 0.0038880140622166437
7.36 -0.0965177348197738 0.0 -0.059968336128182725 0.0038880140622166437
7.38 -0.059968336128182725 0.0 -0.059968336128182725 0.0038880140622166437
7.4 -0.0965177348197738 0.0 -0.0965177348197738 0.0038880140622166437
7.42 -0.0965177348197738 0.0 -0.0965177348197738 0.0038880140622166437
7.44 -0.0965177348197738 0.0 -0.059968336128182725 0.0038880140622166437
7.46 -0.059968336128182725 0.0 -0.059968336128182725 0.0038880140622166437
7.48 -0.0965177348197738 0.0 -0.059968336128182725 0.0038880140622166437
7.5 -0.0965177348197738 0.0 -0.059968336128182725 0.0038880140622166437
7.52 -0.0965177348197738 0.0 -0.0965177348197738 0.0038880140622166437
7.54 -0.0965177348197738 0.0 -0.0965177348197738 0.0038880140622166437
7.56 -0.059968336128182725 0.0 -0.0965177348197738 0.0038880140622166437
7.58 -0.0965177348197738 0.0 -0.0965177348197738 0.0038880140622166437
7.6 -0.059968336128182725 0.0 -0.0965177348197738 0.0038880140622166437
7.62 -0.059968336128182725 0.0 -0.059968336128182725 0.0038880140622166437
7.64 -0.059968336128182725 0.0 -0.059968336128182725 0.0038880140622166437
7.66 -0.059968336128182725 0.0 -0.059968336128182725 0.0038880140622166437
7.68 -0.0965177348197738 0.0 -0.059968336128182725 0.0038880140622166437
7.7 -0.0965177348197738 0.0 -0.059968336128182725 0.0038880140622166437
7.72 -0.059968336128182725 0.0 -0.0965177348197738 0.0038880140622166437
7.74 -0.059968336128182725 0.0 -0.0965177348197738 0.0038880140622166437
7.76 -0.0965177348197738 0.0 -0.059968336128182725 0.0038880140622166437
7.78 -0.0965177348197738 0.0 -0.0965177348197738 0.0038880140622166437
7.8 -0.0965177348197738 0.0 -0.059968336128182725 0.0038880140622166437
7.82 -0.0965177348197738 0.0 -0.059968336128182725 0.0038880140622166437
7.84 -0.0965177348197738 0.0 -0.059968336128182725 0.0038880140622166437
7.86 -0.0965177348197738 0.0 -0.059968336128182725 0.0038880140622166437
7.88 -0.059968336128182725 0.0 -0.0965177348197738 0.0038880140622166437
7.9 -0.059968336128182725 0.0 -0.0965177348197738 0.0038880140622166437
7.92 -0.0965177348197738 0.0 -0.059968336128182725 0.0038880140622166437
7.94 -0.059968336128182725 0.0 -0.059968336128182725 0.0038880140622166437
7.96 -0.0965177348197738 0.0 -0.0965177348197738 0.0038880140622166437
7.98 -0.059968336128182725 0.0 -0.0965177348197738 0.0038880140622166437
8.0 -0.059968336128182725 0.0 -0.059968336128182725 0.0038880140622166437
8.02 -0.059968336128182725 0.0 -0.0965177348197738 0.0038880140622166437
8.04 -0.059968336128182725 0.0 -0.059968336128182725 0.0038880140622166437
8.06 -0.0965177348197738 0.0 -0.0965177348197738 0.0038880140622166437
8.08 -0.059968336128182725 0.0 -0.059968336128182725 0.0038880140622166437
8.1 -0.0965177348197738 0.0 -0.059968336128182725 0.0038880140622166437
8.12 -0.059968336128182725 0.0 -0.0965177348197738 0.0038880140622166437
8.14 -0.059968336128182725 0.0 -0.059968336128182725 0.0038880140622166437
8.16 -0.059968336128182725 0.0 -0.0965177348197738 0.0038880140622166437
8.18 -0.0965177348197738 0.0 -0.059968336128182725 0.0038880140622166437
8.2 -0.059968336128182725 0.0 -0.059968336128182725 0.0038880140622166437
8.22 -0.0965177348197738 0.0 -0.059968336128182725 0.0038880140622166437
8.24 -0.059968336128182725 0.0 -0.059968336128182725 0.0038880140622166437
8.26 -0.0965177348197738 0.0 -0.059968336128182725 0.0038880140622166437
8.28 -0.059968336128182725 0.0 -0.059968336128182725 0.0038880140622166437
8.3 -0.059968336128182725 0.0 -0.0965177348197738 0.0038880140622166437
8.32 -0.059968336128182725 0.0 -0.0965177348197738 0.0038880140622166437
8.34 -0.0965177348197738 0.0 -0.059968336128182725 0.0038880140622166437
8.36 -0.059968336128182725 0.0 -0.059968336128182725 0.0038880140622166437
8.38 -0.0965177348197738 0.0 -0.059968336128182725 0.0038880140622166437
8.4 -0.059968336128182725 0.0 -0.0965177348197738 0.0038880140622166437
8.42 -0.059968336128182725 0.0 -0.059968336128182725 0.0038880140622166437
8.44 -0.059968336128182725 0.0 -0.059968336128182725 0.0038880140622166437
8.46 -0.0965177348197738 0.0 -0.0965177348197738 0.0038880140622166437
8.48 -0.059968336128182725 0.0 -0.059968336128182725 0.0038880140622166437
8.5 -0.0965177348197738 0.0 -0.059968336128182725 0.0038880140622166437
8.52 -0.059968336128182725 0.0 -0.059968336128182725 0.0038880140622166437
8.54 -0.059968336128182725 0.0 -0.059968336128182725 0.0038880140622166437
8.56 -0.059968336128182725 0.0 -0.059968336128182725 0.02586934973925273
8.58 -0.059968336128182725 0.0 -0.059968336128182725 0.0038880140622166437
8.6 -0.059968336128182725 0.0 -0.059968336128182725 0.0038880140622166437
8.62 -0.0965177348197738 0.0 -0.0965177348197738 0.0038880140622166437
8.64 -0.059968336128182725 0.0 -0.059968336128182725 0.0038880140622166437
8.66 -0.059968336128182725 0.0 -0.059968336128182725 0.0038880140622166437
8.68 -0.059968336128182725 0.0 -0.059968336128182725 0.0038880140622166437
8.7 -0.0965177348197738 0.0 -0.0965177348197738 0.0038880140622166437
8.72 -0.059968336128182725 0.0 -0.0965177348197738 0.0038880140622166437
8.74 -0.059968336128182725 0.0 -0.059968336128182725 0.0038880140622166437
8.76 -0.059968336128182725 0.0 -0.059968336128182725 0.0038880140622166437
8.78 -0.059968336128182725 0.0 -0.059968336128182725 0.0038880140622166437
8.8 -0.0965177348197738 0.0 -0.059968336128182725 0.0038880140622166437
8.82 -0.059968336128182725 0.0 -0.0965177348197738 0.0038880140622166437
8.84 -0.059968336128182725 0.0 -0.0965177348197738 0.0038880140622166437
8.86 -0.0965177348197738 0.0 -0.059968336128182725 0.0038880140622166437
8.88 -0.0965177348197738 0.0 -0.0965177348197738 0.0038880140622166437
8.9 -0.059968336128182725 0.0 -0.059968336128182725 0.0038880140622166437
8.92 -0.059968336128182725 0.0 -0.059968336128182725 0.02586934973925273
8.94 -0.059968336128182725 0.0 -0.059968336128182725 0.0038880140622166437
8.96 -0.059968336128182725 0.0 -0.059968336128182725 0.0038880140622166437
8.98 -0.059968336128182725 0.0 -0.059968336128182725 0.0038880140622166437
9.0 -0.0965177348197738 0.0 -0.059968336128182725 0.0038880140622166437
9.02 -0.059968336128182725 0.0 -0.0965177348197738 0.0038880140622166437
9.04 -0.0965177348197738 0.0 -0.0965177348197738 0.0038880140622166437
9.06 -0.059968336128182725 0.0 -0.059968336128182725 0.0038880140622166437
9.08 -0.059968336128182725 0.0 -0.059968336128182725 0.0038880140622166437
9.1 -0.059968336128182725 0.0 -0.059968336128182725 0.0038880140622166437
9.12 -0.059968336128182725 0.0 -0.059968336128182725 0.0038880140622166437
9.14 -0.059968336128182725 0.0 -0.059968336128182725 0.0038880140622166437
9.16 -0.0965177348197738 0.0 -0.059968336128182725 0.0038880140622166437
9.18 -0.059968336128182725 0.0 -0.059968336128182725 0.0038880140622166437
9.2 -0.059968336128182725 0.0 -0.0965177348197738 0.02586934973925273
9.22 -0.059968336128182725 0.0 -0.059968336128182725 0.0038880140622166437
9.24 -0.059968336128182725 0.0 -0.0965177348197738 0.0038880140622166437
9.26 -0.0965177348197738 0.0 -0.0965177348197738 0.0038880140622166437
9.28 -0.059968336128182725 0.0 -0.0965177348197738 0.0038880140622166437
9.3 -0.059968336128182725 0.0 -0.059968336128182725 0.0038880140622166437
9.32 -0.059968336128182725 0.0 -0.059968336128182725 0.0038880140622166437
9.34 -0.059968336128182725 0.0 -0.059968336128182725 0.0038880140622166437
9.36 -0.059968336128182725 0.0 -0.0965177348197738 0.0038880140622166437
9.38 -0.0965177348197738 0.0 -0.0965177348197738 0.0038880140622166437
9.4 -0.059968336128182725 0.0 -0.059968336128182725 0.02586934973925273
9.42 -0.0965177348197738 0.0 -0.059968336128182725 0.0038880140622166437
9.44 -0.0965177348197738 0.0 -0.059968336128182725 0.0038880140622166437
9.46 -0.059968336128182725 0.0 -0.0965177348197738 0.0038880140622166437
9.48 -0.059968336128182725 0.0 -0.059968336128182725 0.0038880140622166437
9.5 -0.0965177348197738 0.0 -0.059968336128182725 0.0038880140622166437
9.52 -0.0965177348197738 0.0 -0.059968336128182725 0.0038880140622166437
9.54 -0.059968336128182725 0.0 -0.059968336128182725 0.02586934973925273
9.56 -0.059968336128182725 0.0 -0.059968336128182725 0.0038880140622166437
9.58 -0.059968336128182725 0.0 -0.059968336128182725 0.0038880140622166437
9.6 -0.059968336128182725 0.0 -0.059968336128182725 0.0038880140622166437
9.62 -0.059968336128182725 0.0 -0.059968336128182725 0.0038880140622166437
9.64 -0.059968336128182725 0.0 -0.0965177348197738 0.02586934973925273
9.66 -0.059968336128182725 0.0 -0.0965177348197738 0.0038880140622166437
9.68 -0.059968336128182725 0.0 -0.059968336128182725 0.0038880140622166437
9.7 -0.059968336128182725 0.0 -0.059968336128182725 0.0038880140622166437
9.72 -0.0965177348197738 0.0 -0.059968336128182725 0.02586934973925273
9.74 -0.059968336128182725 0.0 -0.059968336128182725 0.02586934973925273
9.76 -0.059968336128182725 0.0 -0.059968336128182725 0.0038880140622166437
9.78 -0.0965177348197738 0.0 -0.059968336128182725 0.0038880140622166437
9.8 -0.059968336128182725 0.0 -0.059968336128182725 0.0038880140622166437
9.82 -0.0965177348197738 0.0 -0.059968336128182725 0.0038880140622166437
9.84 -0.059968336128182725 0.0 -0.059968336128182725 0.0038880140622166437
9.86 -0.0965177348197738 0.0 -0.059968336128182725 0.0038880140622166437
9.88 -0.0965177348197738 0.0 -0.059968336128182725 0.0038880140622166437
9.9 -0.059968336128182725 0.0 -0.059968336128182725 0.0038880140622166437
9.92 -0.0965177348197738 0.0 -0.059968336128182725 0.0038880140622166437
9.94 -0.0965177348197738 0.0 -0.0965177348197738 0.0038880140622166437
9.96 -0.0965177348197738 0.0 -0.059968336128182725 0.02586934973925273
9.98 -0.059968336128182725 0.0 -0.059968336128182725 0.0038880140622166437
10.0 -0.0965177348197738 0.0 -0.059968336128182725 0.0038880140622166437
10.02 -0.059968336128182725 0.0 -0.0965177348197738 0.0038880140622166437
10.04 -0.0965177348197738 0.0 -0.0965177348197738 0.0038880140622166437
10.06 -0.059968336128182725 0.0 -0.059968336128182725 0.0038880140622166437
10.08 -0.0965177348197738 0.0 -0.0965177348197738 0.0038880140622166437
10.1 -0.059968336128182725 0.0 -0.059968336128182725 0.0038880140622166437
10.12 -0.0965177348197738 0.0 -0.059968336128182725 0.0038880140622166437
10.14 -0.0965177348197738 0.0 -0.059968336128182725 0.0038880140622166437
10.16 -0.059968336128182725 0.0 -0.059968336128182725 0.0038880140622166437
10.18 -0.059968336128182725 0.0 -0.059968336128182725 0.0038880140622166437
10.2 -0.059968336128182725 0.0 -0.059968336128182725 0.0038880140622166437
10.22 -0.059968336128182725 0.0 -0.059968336128182725 0.0038880140622166437
10.24 -0.059968336128182725 0.0 -0.0965177348197738 0.0038880140622166437
10.26 -0.023418937436591625 0.0 -0.059968336128182725 0.0038880140622166437
10.28 -0.023418937436591625 0.0 -0.059968336128182725 0.0038880140622166437
10.3 -0.023418937436591625 0.0 -0.059968336128182725 0.0038880140622166437
10.32 -0.023418937436591625 0.0 -0.059968336128182725 0.0038880140622166437
10.34 -0.023418937436591625 0.0 -0.059968336128182725 0.0038880140622166437
10.36 -0.023418937436591625 0.0 -0.059968336128182725 0.0038880140622166437
10.38 -0.023418937436591625 0.0 -0.059968336128182725 0.0038880140622166437
10.4 -0.023418937436591625 0.0 -0.023418937436591625 0.0038880140622166437
10.42 0.0 0.0 -0.023418937436591625 0.0038880140622166437
10.44 0.0 0.0 -0.023418937436591625 0.0038880140622166437
10.46 0.0 0.0 -0.023418937436591625 0.0038880140622166437
10.48 0.0 0.0 -0.023418937436591625 0.0038880140622166437
10.5 0.0 0.0 -0.023418937436591625 0.0038880140622166437
10.52 0.0 0.0 0.0 0.0038880140622166437
10.54 0.0 0.0 0.0 0.0038880140622166437
10.56 0.0 0.0 0.0 0.0038880140622166437
10.58 0.0 0.0 0.0 0.0038880140622166437
10.6 0.0 0.0 0.0 0.0038880140622166437
10.62 0.0 0.0 0.0 0.0038880140622166437
10.64 0.0 0.0 0.0 0.0038880140622166437
10.66 0.0 0.0 0.0 0.0038880140622166437
10.68 0.0 0.0 0.0 0.0038880140622166437
10.7 0.0 0.0 0.0 0.0038880140622166437
10.72 0.0 0.0 0.0 0.0038880140622166437
10.74 0.0 0.0 0.0 0.0038880140622166437
10.76 0.0 0.0 0.0 0.0
10.78 0.0 0.0 0.0 0.0
10.8 0.0 0.0 0.016132285613045416 0.0
10.82 0.0 0.0 0.0 0.0
10.84 0.0 0.0 0.0871657738429086 0.0
10.86 0.0 0.0 0.08923108299622753 0.0
10.88 0.0 0.0 0.23336336860927287 0.0
10.9 0.0 0.0 0.046485756844679704 0.0
10.92 0.0 0.0 0.152003334612815 0.0
10.94 0.0 0.0 0.0 0.0
10.96 0.0 0.0 0.1437420979995394 0.0
10.98 0.032028592771447095 0.0 0.0 0.0
11.0 0.0 0.0 0.20857965876944573 0.0
11.02 0.09480084438803474 0.0 0.0 0.0
11.04 -0.01882376083451409 0.0 0.27135191038603335 0.0
11.06 0.04585959077652979 0.0 0.0 0.0
11.08 -0.10431441313760986 0.0 0.003114264624981905 0.0
11.1 -0.10844503144424766 0.12072318079107403 -0.14705973928915783 0.044889245085254964
11.12 -0.36429082228538523 0.09025998516441311 -0.256707935363931 0.3100733419347741
11.14 -0.6546207026647951 0.4384971118251524 -0.39877491182365754 0.13075841234664687
11.16 -0.5346459608234271 0.08159937473481704 -0.6442941568982002 0.5091346812732139
11.18 -0.8929694354896517 0.4430119237621344 -0.4543766511905587 0.0
11.2 -0.5109529753471893 0.0 -0.878512271416419 0.3903886419784659
11.22 -0.8233750903449576 0.21262708399628677 -0.5006264295805946 -0.02312010748729934
11.24 -0.29722634458944996 -0.27357541036429245 -0.9279180833233632 0.11102351508075986
11.26 -0.6859032904873088 0.0 -0.32344919751444634 -0.2855215144857559
11.28 0.0 -0.47331830402350794 -0.7872902499488063 0.0
11.3 -0.4376925701912969 0.0 -0.041845112043751964 -0.49876388387238246
11.32 0.04762194940711906 -0.6171524222071877 -0.35426722704152025 -0.06621096155619932
11.34 -0.1977430865085611 -0.007016692388796458 0.094497893865305 -0.544458677312374
11.36 0.13517791086353403 -0.5866892265805269 -0.07983365382051227 -0.07296069941990496
11.38 -0.07776834466719315 -0.027265905979913574 0.3261861409347649 -0.5274949574131241
11.4 0.2896367422431739 -0.5697255066812771 0.0 -0.13544046227917483
11.42 0.0 -0.15568967587029148 0.4785796631610858 -0.4868177797509191
11.44 0.5171943710059961 -0.5138167312057419 0.0 -0.15222543169845304
11.46 0.005502789323720864 -0.15551092539032058 0.4399649553161763 -0.3852142108353922
11.48 0.515129061852677 -0.38849970452725946 0.0 -0.16193660989319258
11.5 0.07447096840026546 -0.17197184144876554 0.3992849383179473 -0.2818785198339461
11.52 0.4337690278562194 -0.23271948222211625 0.0 -0.1532759994635967
11.54 0.10069382132526156 -0.15482937106954464 0.31792490432148945 -0.11086669971547247
11.56 0.3921144260682611 -0.06170766210364256 0.02139909648212296 -0.10567033345771479
11.58 0.08830196640534824 -0.13234523155170402 0.3128197012251221 0.0
11.6 0.30662377376516514 0.0 0.08732738161561873 -0.12039912743024078
11.62 0.1156155436939339 -0.13718409684951927 0.22526373976870717 0.0
11.64 0.18045310446384033 0.0 0.07080490838906708 -0.19118199975916428
11.66 0.13564246915897366 -0.08957843084363731 0.09909307046738244 0.0
11.68 0.0522171260091967 0.10599438681854803 0.0522171260091967 -0.06240072890884363
11.7 0.11498937762578426 -0.001150284294688414 0.0 0.1991160957844501
11.72 0.0 0.2922378047503522 0.03156403447600742 0.0
11.74 0.17472173529932328 0.0 0.0 0.3921092515799599
11.76 0.0 0.4395361671058705 0.20300989737763864 0.0
11.78 0.19474866076436292 0.0 0.0 0.4869630826317811
11.8 0.0 0.6223153408658363 0.3368156372240894 0.0
11.82 0.1375461705395825 0.0 0.0016751215398128627 0.6020661272747193
11.84 -0.053307850372786264 0.7002054520184079 0.24306374830771799 0.08331998433631083
11.86 0.0 0.10703344209926635 0.0 0.6647246406139606
11.88 -0.28912671574888427 0.7678815811354353 0.04172897246989199 0.247403316111108
11.9 0.0 0.2389214561614832 0.3331495772128914 0.7459002454583991
11.92 -0.44771616543516224 0.7881307947265525 0.0 0.40629028162814695
11.94 -0.15945159420907107 0.40596622826731366 -0.33806796936038885 0.7272044034732305
11.96 -0.5228802719716631 0.7524712328421339 -0.12290219551748022 0.5631210716984337
11.98 -0.26909979028384445 0.5934055168451232 -0.4132320758968899 0.6221365903858651
12.0 -0.5573643615099354 0.593226766365152 -0.1939356837473435 0.6183482928531934
12.02 -0.2994532615154787 0.5285120775791585 -0.4091014575902522 0.3966240635169419
12.04 -0.5146190353583874 0.2932883725154957 -0.22428915497897783 0.3592323795466041
12.06 -0.32980673274711325 0.18320294365034395 -0.40084022097697625 0.1324905344325661
12.08 -0.5084231078984308 0.0 -0.21602791836570212 0.07658175895703062
12.1 -0.3236108052871563 0.0 -0.3194801869805185 0.0
12.12 -0.4656777817468829 0.0 -0.17121728306083528 0.0
12.14 -0.2788001699822894 0.0 -0.2767348608289705 0.0
12.16 -0.3477683490588338 0.0 -0.16502135560087838 0.0
12.18 -0.16089073729424047 0.0 -0.19744013598583154 0.0
12.2 -0.1912442085258747 0.0 0.0 0.0
12.22 -0.07953070329778264 0.0 -0.07953070329778264 0.0
12.24 -0.15056419152764589 0.0 0.0 0.0
12.26 -0.0754000849911447 0.0 -0.038850686299553655 0.0
12.28 -0.1098841745294169 0.0 -0.00023597845464365386 0.0
12.3 -0.0712694666845069 0.0 -0.07333477583782583 0.0
12.32 -0.10575355622277899 0.0 0.0 0.0038880140622166437
12.34 0.0 0.0 0.0 0.0
12.36 -0.028524140532958986 0.0 0.0 0.0
12.38 0.0 0.0 0.01406697645972646 0.0
12.4 0.0 0.0 0.0 0.0
12.42 0.0 0.0 0.0 0.0
12.44 0.0 0.0 0.0 0.0
12.46 0.0 0.0 0.0 0.0
12.48 0.0 0.0 0.0 0.0
12.5 0.0 0.0 0.0 0.0
12.52 -0.02961486489654841 0.0 0.0 0.0
12.54 0.0 0.0 0.0 0.0
12.56 0.0 0.0 0.0 0.0
12.58 0.0 0.0 0.0 0.0
12.6 0.0 0.0 0.0 0.0
12.62 0.0 0.0 0.0 0.0
12.64 0.0 0.0 0.0 0.0
12.66 0.0 0.0 0.0 0.0
12.68 0.0 0.0 0.018197594766364344 0.0
12.7 0.0 0.0 0.018197594766364344 0.0
12.72 0.0 0.0 0.09129639214954649 0.0
12.74 0.0 0.0 0.052681684304636434 0.0
12.76 0.0 0.0 0.01406697645972646 0.0
12.78 0.0 0.0 0.0 0.0
12.8 0.0 0.0 0.0 0.0
12.82 0.0 0.0 0.0 0.0
12.84 0.0 0.0 0.0 0.0
12.86 0.0 0.0 0.0 0.0
12.88 0.0 0.0 0.07683922807631399 0.0
12.9 0.0037404306931317632 0.0 0.0 0.0
12.92 0.0 0.0 0.18235680584444935 0.0
12.94 0.07064330061635715 0.0 0.0 0.0
12.96 0.0 0.0 0.21064496792276477 0.0
12.98 0.16789964177121675 0.0 0.0 0.0
13.0 0.0 0.0 0.34967205043944277 0.0
13.02 0.08240898946812097 0.0 0.0 0.0
13.04 -0.06776501444601865 0.007676311594888352 0.0010489554716631988 0.0
13.06 -0.07189563275265665 0.15793611428144072 -0.11051034059756676 0.044889245085254964
13.08 -0.4029055301302954 0.09025998516441311 -0.2587732445172499 0.33205467761181023
13.1 -0.6932354105097049 0.4165157761481162 -0.40084022097697625 0.15273974802368295
13.12 -0.6484247752048384 0.0596180390577809 -0.6463594660515193 0.48715334559617773
13.14 -0.9315841433345616 0.4057989902717677 -0.41467121898205905 0.0
13.16 -0.5495676831920993 0.0 -0.9536763779529204 0.3903886419784659
13.18 -0.93508859557305 0.2346084196733227 -0.5006264295805946 -0.02312010748729934
13.2 -0.2951610354361308 -0.23636247687392592 -0.9299833924766824 0.13300485075779606
13.22 -0.6859032904873088 0.0 -0.2868997988228552 -0.34471578365315825
13.24 0.0 -0.43610537053314125 -0.712126143412305 0.0
13.26 -0.40114317149970613 0.0 0.0 -0.461550950382016
13.28 0.00900724156220914 -0.6019208243938574 -0.3908166257331115 0.0
13.3 -0.1977430865085611 -0.0594612236924934 0.057948495173713976 -0.5292270794990431
13.32 0.24689141609162596 -0.6171524222071877 -0.11431774335878445 -0.050979363742868794
13.34 0.0 -0.06447883947027977 0.29170205139649275 -0.5055136217360882
13.36 0.3648008487796748 -0.6069384401716438 0.0 -0.12869072441546914
13.38 0.0 -0.11847674237992506 0.44203026446949467 -0.46483644407388314
13.4 0.44203026446949467 -0.535798066882778 0.0 -0.10826276034438093
13.42 0.0 -0.13352958971328438 0.4399649553161763 -0.3412515394813199
13.44 0.36686615793299415 -0.43246237588133163 0.0 -0.1551868720294871
13.46 0.0 -0.17197184144876554 0.3992849383179473 -0.2818785198339461
13.48 0.28550612393653624 -0.26318267784877725 0.0 -0.1532759994635967
13.5 0.027595023942079522 -0.17006096888287509 0.31792490432148945 -0.11086669971547247
13.52 0.4307291339131709 -0.06170766210364256 0.02139909648212296 -0.1428832669480814
13.54 0.24069548863166945 -0.11036389587466791 0.2762703025335309 0.0
13.56 0.42040258814657605 0.0 0.0 -0.035759278413963536
13.58 0.2293943580753453 -0.13718409684951927 0.22526373976870717 0.0
13.6 0.2556172110003416 0.0 0.10735430708065827 -0.1692006640821282
13.62 0.17219186785056462 -0.08957843084363731 0.09909307046738244 0.0
13.64 0.0522171260091967 0.11274412468225364 0.0522171260091967 -0.06240072890884363
13.66 0.07843997893419319 -0.0231316199717245 0.0 0.17713476010741402
13.68 0.0 0.3142191404273883 0.07017874232091742 0.0
13.7 0.13817233660773226 0.0 0.0 0.37012791590292377
13.72 0.0 0.4987304362732733 0.20507520653095757 0.0
13.74 0.19474866076436292 0.0 0.0 0.4869630826317811
13.76 0.0 0.6223153408658363 0.3368156372240894 0.0
13.78 0.17616087838449257 0.01564385521928341 0.0 0.5800847915976833
13.8 -0.053307850372786264 0.7221867876954441 0.20651434961612675 0.06133864865927463
13.82 0.0 0.12901477777630255 0.0 0.6867059762909966
13.84 -0.28912671574888427 0.7678815811354353 0.04172897246989199 0.2254219804340718
13.86 0.0 0.25415305397481336 -0.1836091379807488 0.7239189097813631
13.88 -0.44771616543516224 0.7509178612361859 0.0 0.3690773481377802
13.9 -0.19600099290066225 0.42794756394434974 -0.33806796936038885 0.7052230677961943
13.92 -0.5249455811249821 0.7372396350288031 -0.12290219551748022 0.5563713338347279
13.94 -0.23255039159225344 0.6153868525221593 -0.44978147458848095 0.6221365903858651
13.96 -0.5208149628183444 0.593226766365152 -0.1939356837473435 0.6183482928531934
13.98 -0.33806796936038885 0.543743675392489 -0.4456508562818432 0.4118556613302723
14.0 -0.5532337432032975 0.3085199703288262 -0.2608385536705688 0.3592323795466041
14.02 -0.32980673274711325 0.18320294365034395 -0.40084022097697625 0.1324905344325661
14.04 -0.4718737092068396 0.0 -0.21602791836570212 0.05460042327999451
14.06 -0.2849960974422463 0.0 -0.35809489482542856 0.0
14.08 -0.42706307390197285 0.0 -0.17121728306083528 0.0
14.1 -0.2788001699822894 0.0 -0.2767348608289705 0.0
14.12 -0.30915364121392386 0.0 -0.1264066477559685 0.0
14.14 -0.19744013598583154 0.0 -0.19744013598583154 0.0
14.16 -0.1912442085258747 0.0 0.0 0.0
14.18 -0.07953070329778264 0.0 -0.07953070329778264 0.0
14.2 -0.15056419152764589 0.0 0.0 0.0
14.22 -0.0754000849911447 0.0 -0.038850686299553655 0.0
14.24 -0.14643357322100797 0.0 -0.00023597845464365386 0.0
14.26 -0.0712694666845069 0.0 -0.07333477583782583 0.0
14.28 -0.10575355622277899 0.0 0.0 0.0038880140622166437
14.3 -0.030589449686277914 0.0 0.0 0.0
14.32 -0.028524140532958986 0.0 0.0 0.0
14.34 0.0 0.0 0.0 0.0
14.36 0.0 0.0 0.0 0.0
14.38 0.0 0.0 0.0 0.0
14.4 0.0 0.0 0.0 0.0
14.42 0.0 0.0 0.0 0.0
14.44 0.0 0.0 0.0 0.0
14.46 0.0 0.0 0.0 0.0
14.48 -0.02961486489654841 0.0 0.0 0.0
14.5 -0.02961486489654841 0.0 0.0 0.0
14.52 0.0 0.0 0.0 0.0
14.54 0.0 0.0 0.0 0.0
14.56 0.0 0.0 0.0 0.0
14.58 0.0 0.0 0.0 0.0
14.6 0.0 0.0 0.0 0.0
14.62 0.0 0.0 0.0 0.0
14.64 0.0 0.0 0.018197594766364344 0.0
14.66 0.0 0.0 0.018197594766364344 0.0
14.68 0.0 0.0 0.09129639214954649 0.0
14.7 0.0 0.0 0.016132285613045416 0.0
14.72 0.0 0.0 0.05061637515131748 0.0
14.74 0.0 0.0 0.0 0.0
14.76 0.0 0.0 0.0 0.0
14.78 0.0 0.0 0.0 0.0
14.8 0.0 0.0 0.0 0.0
14.82 0.0 0.0 0.0 0.0
14.84 0.0 0.0 0.040289829384722864 0.0
14.86 0.0037404306931317632 0.0 0.0 0.0
14.88 0.0 0.0 0.2209715136893594 0.0
14.9 0.07064330061635715 0.0 0.0 0.0
14.92 0.0 0.0 0.2471943666143558 0.0
14.94 0.16789964177121675 0.0 0.0 0.0
14.96 0.0 0.0 0.34967205043944277 0.0
14.98 0.08034368031480196 0.0 0.0 0.0
15.0 -0.06776501444601865 0.029657647271924437 0.04281969683348144 0.0
15.02 -0.07189563275265665 0.15793611428144072 -0.11051034059756676 0.044889245085254964
15.04 -0.4029055301302954 0.1122413208414492 -0.2587732445172499 0.3100733419347741
15.06 -0.6932354105097049 0.4165157761481162 -0.4373896196685674 0.15273974802368295
15.08 -0.6484247752048384 0.0596180390577809 -0.6463594660515193 0.4620318191081365
15.1 -0.9681335420261526 0.4057989902717677 -0.4512206176736503 0.008726879360031886
15.12 -0.5495676831920993 0.0 -0.9536763779529204 0.4056202397917965
15.14 -0.8599244890365486 0.17541415050592013 -0.5006264295805946 -0.0011387718102631728
15.16 -0.29722634458944996 -0.22113087906059536 -0.9279180833233632 0.13300485075779606
15.18 -0.6472885826423989 0.0 -0.2868997988228552 -0.3294841858398281
15.2 0.0 -0.44285510839684694 -0.7100608342589864 0.0
15.22 -0.4376925701912969 0.0 0.0 -0.461550950382016
15.24 0.04762194940711906 -0.6171524222071877 -0.4273660244247026 0.0
15.26 -0.1591283786636512 -0.09667415718286029 0.094497893865305 -0.5072457438220072
15.28 0.28344081478321714 -0.6391337578842238 -0.0412189459756023 -0.09494203509694094
15.3 -0.0026042381306923823 -0.04924724165694955 0.3648008487796748 -0.5207452195494185
15.32 0.3648008487796748 -0.5764752445449829 0.0 -0.12869072441546914
15.34 0.0 -0.10324514456659459 0.44203026446949467 -0.46483644407388314
15.36 0.44203026446949467 -0.535798066882778 0.0 -0.130244096021417
15.38 0.0 -0.13352958971328438 0.40341555662458506 -0.3632328751583561
15.4 0.3648008487796748 -0.43246237588133163 0.0 -0.17716820770652308
15.42 0.0 -0.17197184144876554 0.36067023047303737 -0.2818785198339461
15.44 0.24689141609162596 -0.26318267784877725 0.0 -0.13129466378656057
15.46 0.027595023942079522 -0.17006096888287509 0.31792490432148945 -0.12609829752880292
15.48 0.4693438417580811 -0.06170766210364256 0.02139909648212296 -0.12090193127104526
15.5 0.24069548863166945 -0.11036389587466791 0.3128197012251221 0.0
15.52 0.42040258814657605 0.0 0.04555664025380032 -0.12039912743024078
15.54 0.19284495938375418 -0.13718409684951927 0.18871434107711615 0.0
15.56 0.2556172110003416 0.0 0.10735430708065827 -0.1692006640821282
15.58 0.17219186785056462 -0.06759709516660123 0.060478362622472526 0.0
15.6 0.0522171260091967 0.1279757224955841 0.0887665247007878 -0.06240072890884363
15.62 0.07843997893419319 -0.0231316199717245 0.0 0.1991160957844501
15.64 0.0 0.3142191404273883 0.07017874232091742 0.0
15.66 0.13817233660773226 0.0 0.0 0.37012791590292377
15.68 0.0 0.4987304362732733 0.24162460522254864 0.0
15.7 0.19474866076436292 0.0 0.016132285613045416 0.4869630826317811
15.72 0.0 0.6223153408658363 0.3368156372240894 0.0
15.74 0.1375461705395825 0.01564385521928341 0.0 0.5953163894110137
15.76 -0.053307850372786264 0.7374183855087745 0.24306374830771799 0.08331998433631083
15.78 0.0 0.12901477777630255 0.0 0.6867059762909966
15.8 -0.25257731705729314 0.7459002454583991 0.04172897246989199 0.2254219804340718
15.82 0.0 0.19495878480741086 -0.1836091379807488 0.7239189097813631
15.84 -0.44771616543516224 0.7509178612361859 0.0 0.39105868381481634
15.86 -0.15945159420907107 0.40596622826731366 -0.30151857066879784 0.7272044034732305
15.88 -0.5249455811249821 0.7592209707058392 -0.12290219551748022 0.5631210716984337
15.9 -0.23255039159225344 0.6153868525221593 -0.44978147458848095 0.6221365903858651
15.92 -0.5208149628183444 0.5779951685518215 -0.1939356837473435 0.6183482928531934
15.94 -0.2994532615154787 0.5285120775791585 -0.4456508562818432 0.4118556613302723
15.96 -0.5166843445117065 0.2932883725154957 -0.22428915497897783 0.3592323795466041
15.98 -0.32980673274711325 0.18320294365034395 -0.40084022097697625 0.11050919875552995
16.0 -0.4718737092068396 0.0 -0.21602791836570212 0.05460042327999451
16.02 -0.2849960974422463 0.0 -0.3215454961338374 0.0
16.04 -0.42706307390197285 0.0 -0.17121728306083528 0.0
16.06 -0.2788001699822894 0.0 -0.2767348608289705 0.0
16.08 -0.30915364121392386 0.0 -0.1264066477559685 0.0
16.1 -0.12227602944933047 0.0 -0.19744013598583154 0.0
16.12 -0.1912442085258747 0.0 -0.010562524221238323 0.0
16.14 -0.07953070329778264 0.0 -0.07953070329778264 0.0
16.16 -0.15056419152764589 0.0 -0.004366596761281566 0.0
16.18 -0.0754000849911447 0.0 -0.038850686299553655 0.0
16.2 -0.1098841745294169 0.0 -0.00023597845464365386 0.0
16.22 -0.0712694666845069 0.0 -0.07333477583782583 0.0
16.24 -0.10575355622277899 0.0 0.0 0.0038880140622166437
16.26 0.0 0.0 0.0 0.0
16.28 -0.028524140532958986 0.0 0.0 0.0
16.3 0.0 0.0 0.0 0.0
16.32 0.0 0.0 0.0 0.0
16.34 0.0 0.0 0.0 0.0
16.36 0.0 0.0 0.0 0.0
16.38 0.0 0.0 0.0 0.0
16.4 0.0 0.0 0.0 0.0
16.42 0.0 0.0 0.0 0.0
16.44 0.0 0.0 0.0 0.0
16.46 0.0 0.0 0.0 0.0
16.48 -0.02961486489654841 0.0 0.0 0.0
16.5 0.0 0.0 0.0 0.0
16.52 0.0 0.0 0.0 0.0
16.54 0.0 0.0 0.0 0.0
16.56 0.0 0.0 0.0 0.0
16.58 0.0 0.0 0.0 0.0
16.6 0.0 0.0 0.054746993457955445 0.0
16.62 0.0 0.0 0.018197594766364344 0.0
16.64 0.0 0.0 0.09129639214954649 0.0
16.66 0.0 0.0 0.016132285613045416 0.0
16.68 0.0 0.0 0.01406697645972646 0.0
16.7 0.0 0.0 0.0 0.0
16.72 0.0 0.0 0.0 0.0
16.74 0.0 0.0 0.0 0.0
16.76 0.0 0.0 0.0 0.0
16.78 0.0 0.0 0.0 0.0
16.8 0.0 0.0 0.07683922807631399 0.0
16.82 0.0037404306931317632 0.0 0.0 0.0
16.84 0.0 0.0 0.2209715136893594 0.0
16.86 0.07064330061635715 0.0 0.0 0.0
16.88 0.0 0.0 0.2471943666143558 0.0
16.9 0.16789964177121675 0.0 0.0 0.0
16.92 0.0 0.0 0.34967205043944277 0.0
16.94 0.043794281623210946 0.0 0.0 0.0
16.96 -0.06776501444601865 0.007676311594888352 0.0010489554716631988 0.0
16.98 -0.07189563275265665 0.13595477860440458 -0.11051034059756676 0.044889245085254964
17.0 -0.4029055301302954 0.09025998516441311 -0.2587732445172499 0.33205467761181023
17.02 -0.6932354105097049 0.4012841783347857 -0.40084022097697625 0.15273974802368295
17.04 -0.6870394830497482 0.0596180390577809 -0.6463594660515193 0.48715334559617773
17.06 -0.9681335420261526 0.4277803259488039 -0.4512206176736503 0.0
17.08 -0.5495676831920993 0.0 -0.9536763779529204 0.412369977655502
17.1 -0.8599244890365486 0.21262708399628677 -0.5006264295805946 -0.02312010748729934
17.12 -0.29722634458944996 -0.19914954338355928 -0.8913686846317724 0.13975458862150153
17.14 -0.6472885826423989 0.0 -0.2868997988228552 -0.3075028501627921
17.16 0.0 -0.43610537053314125 -0.6735114355673951 0.0
17.18 -0.40114317149970613 0.0 0.0 -0.48353228605905196
17.2 0.04762194940711906 -0.6019208243938574 -0.4273660244247026 0.0
17.22 -0.1977430865085611 -0.03747988801545721 0.057948495173713976 -0.5072457438220072
17.24 0.24689141609162596 -0.6171524222071877 -0.11431774335878445 -0.050979363742868794
17.26 0.0 -0.07122857733398569 0.3282514500880838 -0.5207452195494185
17.28 0.3648008487796748 -0.5917068423583133 0.0 -0.12869072441546914
17.3 0.0 -0.10324514456659459 0.44203026446949467 -0.46483644407388314
17.32 0.44203026446949467 -0.5138167312057419 0.0 -0.10826276034438093
17.34 0.0 -0.11829799189995377 0.4399649553161763 -0.3632328751583561
17.36 0.401350247471266 -0.43246237588133163 0.0 -0.17716820770652308
17.38 0.0 -0.19395317712580162 0.36067023047303737 -0.2818785198339461
17.4 0.24689141609162596 -0.26318267784877725 0.0 -0.13129466378656057
17.42 0.027595023942079522 -0.17006096888287509 0.31792490432148945 -0.12609829752880292
17.44 0.4307291339131709 -0.06170766210364256 0.057948495173713976 -0.12090193127104526
17.46 0.24069548863166945 -0.13234523155170402 0.3128197012251221 0.0
17.48 0.42040258814657605 0.0 0.08732738161561873 -0.12039912743024078
17.5 0.19284495938375418 -0.13718409684951927 0.22526373976870717 0.0
17.52 0.2556172110003416 0.0 0.10735430708065827 -0.1692006640821282
17.54 0.17219186785056462 -0.08957843084363731 0.13564246915897366 0.0
17.56 0.0522171260091967 0.1279757224955841 0.0887665247007878 -0.06240072890884363
17.58 0.07843997893419319 0.0 0.0 0.17713476010741402
17.6 0.0 0.2922378047503522 0.07017874232091742 0.0
17.62 0.10162293791614119 0.0 0.0 0.3921092515799599
17.64 0.0 0.4767491005962372 0.24162460522254864 0.0
17.66 0.19474866076436292 0.0 0.0 0.4869630826317811
17.68 0.0 0.6442966765428723 0.3368156372240894 0.0
17.7 0.1375461705395825 0.0 0.0 0.5953163894110137
17.72 -0.053307850372786264 0.7002054520184079 0.24306374830771799 0.07657024647260535
17.74 0.0 0.09180184428593582 0.0 0.6867059762909966
17.76 -0.28912671574888427 0.7678815811354353 0.04172897246989199 0.21019038262074108
17.78 -0.004992762829431174 0.2389214561614832 -0.1836091379807488 0.7086873119680327
17.8 -0.44771616543516224 0.7356862634228553 0.0 0.3690773481377802
17.82 -0.15945159420907107 0.40596622826731366 -0.30151857066879784 0.7052230677961943
17.84 -0.5249455811249821 0.7372396350288031 -0.12290219551748022 0.5563713338347279
17.86 -0.23255039159225344 0.6153868525221593 -0.4883961824333909 0.6221365903858651
17.88 -0.5208149628183444 0.593226766365152 -0.1939356837473435 0.6183482928531934
17.9 -0.2629038628238877 0.5285120775791585 -0.4456508562818432 0.3966240635169419
17.92 -0.5532337432032975 0.2932883725154957 -0.18567444713406767 0.3592323795466041
17.94 -0.32980673274711325 0.1679713458370134 -0.40084022097697625 0.11050919875552995
17.96 -0.4718737092068396 0.0 -0.17741321052079206 0.05460042327999451
17.98 -0.2849960974422463 0.0 -0.35809489482542856 0.0
18.0 -0.42706307390197285 0.0 -0.2077666817524263 0.0
18.02 -0.2788001699822894 0.0 -0.2767348608289705 0.0
18.04 -0.3477683490588338 0.0 -0.16502135560087838 0.0
18.06 -0.16089073729424047 0.0 -0.19744013598583154 0.0
18.08 -0.1912442085258747 0.0 -0.010562524221238323 0.0
18.1 -0.07953070329778264 0.0 -0.07953070329778264 0.0
18.12 -0.15056419152764589 0.0 -0.004366596761281566 0.0
18.14 -0.0754000849911447 0.0 -0.038850686299553655 0.0
18.16 -0.14643357322100797 0.0 -0.00023597845464365386 0.0
18.18 -0.0712694666845069 0.0 -0.07333477583782583 0.0
18.2 -0.10575355622277899 0.0 0.0 0.0038880140622166437
18.22 0.0 0.0 0.0 0.0
18.24 -0.028524140532958986 0.0 0.0 0.0
18.26 0.0 0.0 0.01406697645972646 0.0
18.28 0.0 0.0 0.0 0.0
18.3 0.0 0.0 0.0 0.0
18.32 0.0 0.0 0.0 0.0
18.34 0.0 0.0 0.0 0.0
18.36 -0.02961486489654841 0.0 0.0 0.0
18.38 0.0 0.0 -0.028524140532958986 0.0
18.4 -0.02961486489654841 0.0 0.0 0.0
18.42 -0.02961486489654841 0.0 0.0 0.0
18.44 0.0 0.0 0.0 0.0
18.46 0.0 0.0 0.0 0.0
18.48 0.0 0.0 0.0 0.0
18.5 0.0 0.0 0.0 0.0
18.52 0.0 0.0 0.0 0.0
18.54 0.0 0.0 0.0 0.0
18.56 0.0 0.0 0.018197594766364344 0.0
18.58 0.0 0.0 0.018197594766364344 0.0
18.6 0.0 0.0 0.09129639214954649 0.0
18.62 0.0 0.0 0.016132285613045416 0.0
18.64 0.0 0.0 0.01406697645972646 0.0
18.66 0.0 0.0 0.0 0.0
18.68 0.0 0.0 0.0 0.0
18.7 0.0 0.0 0.0 0.0
18.72 0.0 0.0 0.0 0.0
18.74 0.0 0.0 0.0 0.0
18.76 0.0 0.0 0.040289829384722864 0.0
18.78 0.0037404306931317632 0.0 0.0 0.0
18.8 0.0 0.0 0.2209715136893594 0.0
18.82 0.07064330061635715 0.0 0.0 0.0
18.84 0.0 0.0 0.2471943666143558 0.0
18.86 0.16789964177121675 0.0 0.0 0.0
18.88 0.0 0.0 0.31312265174785164 0.0
18.9 0.08240898946812097 0.0 0.0 0.0
18.92 -0.06776501444601865 0.029657647271924437 0.0010489554716631988 0.0
18.94 -0.07189563275265665 0.13595477860440458 -0.11051034059756676 0.044889245085254964
18.96 -0.4029055301302954 0.1122413208414492 -0.29532264320884094 0.33205467761181023
18.98 -0.6932354105097049 0.4012841783347857 -0.4373896196685674 0.13075841234664687
19.0 -0.6870394830497482 0.08159937473481704 -0.6463594660515193 0.4620318191081365
19.02 -0.9315841433345616 0.4277803259488039 -0.4512206176736503 0.008726879360031886
19.04 -0.5130182845005083 0.0 -0.9536763779529204 0.3903886419784659
19.06 -0.8985391968814586 0.19064574831925057 -0.5006264295805946 -0.02312010748729934
19.08 -0.25861163674453996 -0.22113087906059536 -0.9299833924766824 0.13300485075779606
19.1 -0.6472885826423989 0.0 -0.2868997988228552 -0.3075028501627921
19.12 0.0 -0.43610537053314125 -0.712126143412305 0.0
19.14 -0.4376925701912969 0.0 -0.0032304041988419907 -0.461550950382016
19.16 0.04762194940711906 -0.6019208243938574 -0.4273660244247026 0.0
19.18 -0.1977430865085611 -0.0594612236924934 0.094497893865305 -0.5072457438220072
19.2 0.24689141609162596 -0.6239021600708935 -0.11431774335878445 -0.07296069941990496
19.22 0.0 -0.04924724165694955 0.3648008487796748 -0.5055136217360882
19.24 0.3648008487796748 -0.5917068423583133 0.0 -0.1134591266021387
19.26 0.0 -0.10324514456659459 0.4785796631610858 -0.4868177797509191
19.28 0.4785796631610858 -0.5138167312057419 0.0 -0.15222543169845304
19.3 0.0 -0.11829799189995377 0.4399649553161763 -0.3632328751583561
19.32 0.3648008487796748 -0.43246237588133163 0.0 -0.17716820770652308
19.34 0.0 -0.17197184144876554 0.3992849383179473 -0.2818785198339461
19.36 0.28344081478321714 -0.24795108003544675 0.0 -0.1532759994635967
19.38 0.06414442263367037 -0.17006096888287509 0.3544743030130806 -0.12609829752880292
19.4 0.4307291339131709 -0.06170766210364256 0.057948495173713976 -0.1276516691347509
19.42 0.24069548863166945 -0.13234523155170402 0.3128197012251221 0.0
19.44 0.42040258814657605 0.0 0.08732738161561873 -0.14238046310727687
19.46 0.19284495938375418 -0.13718409684951927 0.22526373976870717 0.0
19.48 0.2556172110003416 0.0 0.10735430708065827 -0.1692006640821282
19.5 0.17219186785056462 -0.10481002865696781 0.13564246915897366 0.0
19.52 0.0522171260091967 0.10599438681854803 0.0887665247007878 -0.08438206458587971
19.54 0.07843997893419319 -0.007900022158393971 0.0 0.17713476010741402
19.56 0.0 0.3142191404273883 0.07017874232091742 0.0
19.58 0.13817233660773226 0.0 0.0 0.37012791590292377
19.6 0.0 0.4615175027829067 0.24162460522254864 0.0
19.62 0.19474866076436292 0.0 0.016132285613045416 0.4869630826317811
19.64 0.0 0.6223153408658363 0.3368156372240894 0.0
19.66 0.17616087838449257 0.01564385521928341 0.0016751215398128627 0.5581034559206474
19.68 -0.08985724906437736 0.7374183855087745 0.2451290574610368 0.06133864865927463
19.7 0.0 0.12901477777630255 0.0 0.6799562384272909
19.72 -0.25257731705729314 0.7678815811354353 0.04172897246989199 0.2034406447570356
19.74 0.0 0.2389214561614832 -0.1836091379807488 0.7391505075946937
19.76 -0.44771616543516224 0.7509178612361859 0.0 0.384308945951111
19.78 -0.15945159420907107 0.42794756394434974 -0.33806796936038885 0.7272044034732305
19.8 -0.5249455811249821 0.7592209707058392 -0.12290219551748022 0.5411397360213976
19.82 -0.23255039159225344 0.6153868525221593 -0.44978147458848095 0.6001552547088289
19.84 -0.5208149628183444 0.593226766365152 -0.1939356837473435 0.6183482928531934
19.86 -0.2994532615154787 0.543743675392489 -0.4456508562818432 0.3966240635169419
19.88 -0.5532337432032975 0.2780567747021653 -0.22428915497897783 0.3592323795466041
19.9 -0.32980673274711325 0.1679713458370134 -0.36429082228538523 0.1324905344325661
19.92 -0.5084231078984308 0.0 -0.17741321052079206 0.07658175895703062
19.94 -0.2849960974422463 0.0 -0.2829307882889274 0.0
19.96 -0.42706307390197285 0.0 -0.17121728306083528 0.0
19.98 -0.2788001699822894 0.0 -0.2767348608289705 0.0
20.0 -0.30915364121392386 0.0 -0.1264066477559685 0.0
