0.0 0.0 0.0 0.0 0.0
0.02 0.0 0.0 0.0 0.0
0.04 0.0 0.0 0.009983050847457625 0.002643832857862058
0.06 -0.09032203389830507 0.04773972142977011 0.009983050847457625 0.0
0.08 -0.052830508474576265 0.02519177714381607 0.0 0.024453235669787132
0.1 -0.12781355932203392 0.04700117995574116 0.0 0.0
0.12 -0.05221650468560815 0.0 -0.052830508474576265 0.0
0.14 -0.08909402632036889 0.0 -0.052830508474576265 0.0
0.16 -0.013496971683943176 -0.028145943039931898 -0.12781355932203392 0.0
0.18 -0.013496971683943176 0.0 -0.089708030109337 -0.028515213776946338
0.2 0.0 -0.07361110234885437 -0.1265855517440977 0.0
0.22 -0.012882967894975061 -0.0063365402280068095 -0.08909402632036889 -0.028515213776946338
0.24 0.0 -0.05106315806290038 -0.050988497107671976 0.0
0.26 -0.012882967894975061 0.0 0.0 -0.028515213776946338
0.28 0.0 -0.07361110234885437 -0.05037449331870386 0.0
0.3 -0.012882967894975061 0.0 0.0 -0.028515213776946338
0.32 -0.013496971683943176 -0.07361110234885437 -0.012882967894975061 0.0
0.34 0.0 -0.005967269490992327 0.0 -0.005967269490992327
0.36 0.0 -0.05106315806290038 0.0 0.0
0.38 -0.012882967894975061 0.0 0.0 0.0
0.4 0.0 -0.028145943039931898 0.0 0.0
0.42 -0.012882967894975061 0.0 0.0 0.0
0.44 0.0 -0.028145943039931898 0.0 0.0
0.46 0.0 0.0 0.0 -0.005967269490992327
0.48 0.0 -0.028145943039931898 -0.012882967894975061 0.0
0.5 -0.05037449331870386 -0.005967269490992327 -0.013496971683943176 -0.051432428799914845
0.52 0.0 -0.07361110234885437 -0.050988497107671976 0.0
0.54 -0.012882967894975061 -0.028884484513960834 0.0 -0.051432428799914845
0.56 0.0 -0.05106315806290038 -0.05037449331870386 0.0
0.58 -0.05037449331870386 0.0 0.0 -0.028515213776946338
0.6 0.0 -0.028145943039931898 -0.012882967894975061 0.0
0.62 -0.012882967894975061 -0.005967269490992327 0.0 -0.005597998753977859
0.64 0.0 -0.07361110234885437 -0.012882967894975061 0.0
0.66 -0.012882967894975061 -0.005967269490992327 0.0 -0.005597998753977859
0.68 0.0 -0.028145943039931898 -0.012882967894975061 0.0
0.7 -0.012882967894975061 0.0 0.0 0.0
0.72 0.0 -0.05106315806290038 0.0 0.0
0.74 -0.012882967894975061 -0.005967269490992327 0.0 -0.028515213776946338
0.76 0.0 -0.05106315806290038 -0.012882967894975061 0.0
0.78 -0.012882967894975061 0.0 -0.012882967894975061 -0.005967269490992327
0.8 -0.013496971683943176 -0.028145943039931898 -0.012882967894975061 0.0
0.82 -0.050988497107671976 0.0 -0.013496971683943176 -0.005597998753977859
0.84 -0.013496971683943176 -0.028145943039931898 -0.050988497107671976 0.0
0.86 -0.050988497107671976 0.0 -0.013496971683943176 0.0
0.88 -0.050988497107671976 -0.028145943039931898 -0.012882967894975061 0.0
0.9 -0.050988497107671976 0.0 0.0 0.0
0.92 -0.013496971683943176 -0.005597998753977859 -0.012882967894975061 0.0
0.94 -0.08848002253140078 0.0 -0.013496971683943176 0.0
0.96 -0.013496971683943176 -0.028145943039931898 -0.013496971683943176 0.0
0.98 -0.012882967894975061 0.0 0.0 0.0
1.0 0.0 -0.028145943039931898 -0.013496971683943176 0.0
1.02 -0.08848002253140078 0.0 0.0 0.0
1.04 -0.013496971683943176 -0.005597998753977859 -0.050988497107671976 0.0
1.06 -0.050988497107671976 0.0 -0.013496971683943176 0.0
1.08 -0.013496971683943176 -0.028145943039931898 -0.050988497107671976 0.0
1.1 -0.050988497107671976 0.0 -0.013496971683943176 0.0
1.12 0.0 -0.028145943039931898 -0.08848002253140078 0.0
1.14 -0.08848002253140078 0.0 -0.013496971683943176 0.0
1.16 -0.050988497107671976 -0.028145943039931898 -0.050988497107671976 0.0
1.18 -0.050988497107671976 0.0 -0.013496971683943176 0.0
1.2 -0.013496971683943176 -0.028145943039931898 -0.050988497107671976 0.0
1.22 -0.050988497107671976 0.0 -0.013496971683943176 0.0
1.24 -0.013496971683943176 -0.005228728016963391 -0.050988497107671976 0.0
1.26 -0.08848002253140078 0.0 -0.013496971683943176 0.0
1.28 -0.050988497107671976 -0.005228728016963391 -0.050988497107671976 0.0
1.3 -0.08848002253140078 0.0 -0.013496971683943176 -0.005597998753977859
1.32 -0.013496971683943176 -0.005228728016963391 -0.08848002253140078 0.0
1.34 -0.050988497107671976 0.0 -0.013496971683943176 0.0
1.36 -0.013496971683943176 -0.005228728016963391 -0.08848002253140078 0.0
1.38 -0.08848002253140078 0.0 -0.013496971683943176 0.0
1.4 -0.050988497107671976 -0.005228728016963391 -0.050988497107671976 0.0
1.42 -0.08848002253140078 0.0 -0.050988497107671976 0.0
1.44 -0.050988497107671976 -0.005228728016963391 -0.050988497107671976 0.0
1.46 -0.08848002253140078 0.0 -0.050988497107671976 0.0
1.48 -0.013496971683943176 0.0 -0.08848002253140078 0.0
1.5 -0.050988497107671976 0.0 -0.013496971683943176 0.0
1.52 -0.013496971683943176 0.0 -0.050988497107671976 0.0
1.54 -0.08848002253140078 0.0 -0.050988497107671976 0.0
1.56 -0.050988497107671976 -0.005228728016963391 -0.08848002253140078 0.0
1.58 -0.08848002253140078 0.0 -0.050988497107671976 0.0
1.6 -0.050988497107671976 -0.005228728016963391 -0.08848002253140078 0.0
1.62 -0.050988497107671976 0.0 -0.050988497107671976 0.0
1.64 -0.050988497107671976 -0.005228728016963391 -0.050988497107671976 0.0
1.66 -0.08848002253140078 0.0 -0.050988497107671976 0.0
1.68 -0.050988497107671976 0.0 -0.050988497107671976 0.0
1.7 -0.08848002253140078 0.0 -0.013496971683943176 0.0
1.72 -0.050988497107671976 -0.005228728016963391 -0.050988497107671976 0.0
1.74 -0.050988497107671976 0.0 -0.050988497107671976 0.0
1.76 -0.050988497107671976 0.0 -0.08848002253140078 0.0
1.78 -0.08848002253140078 0.0 -0.08909402632036889 0.0
1.8 -0.013496971683943176 0.0 -0.1265855517440977 0.0
1.82 -0.08848002253140078 0.0 -0.08909402632036889 0.0
1.84 -0.050988497107671976 0.0 -0.1265855517440977 0.0
1.86 -0.12597154795512963 0.0 -0.1265855517440977 0.0
1.88 -0.050988497107671976 0.0 -0.08848002253140078 0.0
1.9 -0.08848002253140078 0.0 -0.050988497107671976 0.0
1.92 -0.050988497107671976 0.0 -0.08848002253140078 0.0
1.94 -0.08848002253140078 0.0 -0.050988497107671976 0.0
1.96 -0.050988497107671976 0.0 -0.08848002253140078 0.0
1.98 -0.08848002253140078 0.0 -0.050988497107671976 0.0
2.0 -0.050988497107671976 -0.005228728016963391 -0.08848002253140078 0.0
2.02 -0.08848002253140078 0.0 -0.050988497107671976 0.0
2.04 -0.050988497107671976 0.0 -0.08848002253140078 0.0
2.06 -0.08848002253140078 0.0 -0.050988497107671976 0.0
2.08 -0.050988497107671976 0.0 -0.08848002253140078 0.00042820843577520695
2.1 -0.013496971683943176 0.0 -0.08909402632036889 0.0
2.12 -0.013496971683943176 0.0 -0.08909402632036889 0.0
2.14 -0.050988497107671976 0.0 -0.05160250089664009 0.0
2.16 -0.05160250089664009 0.0 -0.1265855517440977 0.00042820843577520695
2.18 -0.08909402632036889 0.0 -0.08909402632036889 0.0
2.2 -0.08909402632036889 0.0 -0.1265855517440977 0.0
2.22 -0.1265855517440977 0.0 -0.08909402632036889 0.0
2.24 -0.08909402632036889 0.0 -0.1265855517440977 0.0
2.26 -0.1265855517440977 0.0 -0.1265855517440977 0.0
2.28 -0.08909402632036889 0.0 -0.1265855517440977 0.00042820843577520695
2.3 -0.08848002253140078 0.0 -0.08909402632036889 0.0
2.32 -0.050988497107671976 0.0 -0.1265855517440977 0.00042820843577520695
2.34 -0.08848002253140078 0.0 -0.08848002253140078 0.0
2.36 -0.050988497107671976 0.0 -0.08848002253140078 0.00042820843577520695
2.38 -0.08848002253140078 0.0 -0.050988497107671976 0.0
2.4 -0.08909402632036889 0.0 -0.08848002253140078 0.00042820843577520695
2.42 -0.08909402632036889 0.0 -0.050988497107671976 0.0
2.44 -0.08909402632036889 0.0 -0.1265855517440977 0.00042820843577520695
2.46 -0.1265855517440977 0.0 -0.08909402632036889 0.0
2.48 -0.08909402632036889 0.0 -0.1265855517440977 0.00042820843577520695
2.5 -0.08909402632036889 0.0 -0.1265855517440977 0.0
2.52 -0.08909402632036889 0.0 -0.1265855517440977 0.00042820843577520695
2.54 -0.16407707716782655 0.0 -0.1265855517440977 0.0
2.56 -0.08909402632036889 0.0 -0.1265855517440977 0.0
2.58 -0.08909402632036889 0.0 -0.08909402632036889 0.0
2.6 -0.08909402632036889 0.0 -0.1265855517440977 0.023345423458743714
2.62 -0.1265855517440977 0.0 -0.08909402632036889 0.0
2.64 -0.08909402632036889 0.0 -0.08848002253140078 0.00042820843577520695
2.66 -0.1265855517440977 0.0 -0.08909402632036889 0.0
2.68 -0.08909402632036889 0.0 -0.1265855517440977 0.0
2.7 -0.08909402632036889 0.0 -0.08909402632036889 0.0
2.72 -0.08909402632036889 0.0 -0.1265855517440977 0.023345423458743714
2.74 -0.1265855517440977 0.0 -0.08909402632036889 0.0
2.76 -0.08909402632036889 0.0 -0.1265855517440977 0.0
2.78 -0.08909402632036889 0.0 -0.1265855517440977 0.0
2.8 -0.08909402632036889 0.0 -0.08909402632036889 0.0
2.82 -0.1265855517440977 0.0 -0.08909402632036889 0.0
2.84 -0.08909402632036889 0.0 -0.1265855517440977 0.0
2.86 -0.1265855517440977 0.0 -0.08909402632036889 0.0
2.88 -0.1265855517440977 0.0 -0.08909402632036889 0.023345423458743714
2.9 -0.1265855517440977 0.0 -0.08909402632036889 0.0
2.92 -0.08909402632036889 0.0 -0.1265855517440977 0.0007974791727896613
2.94 -0.1265855517440977 0.0 -0.1265855517440977 0.0
2.96 -0.08909402632036889 0.0 -0.1265855517440977 0.0007974791727896613
2.98 -0.1265855517440977 0.0 -0.08909402632036889 0.0
3.0 -0.08909402632036889 0.0 -0.12597154795512963 0.0007974791727896613
3.02 -0.1265855517440977 0.0011667499098041573 -0.050988497107671976 0.0
3.04 -0.08909402632036889 0.0 -0.1265855517440977 0.023345423458743714
3.06 -0.1265855517440977 0.0 -0.08909402632036889 0.0
3.08 -0.1265855517440977 0.0 -0.1265855517440977 0.0007974791727896613
3.1 -0.1265855517440977 0.0 -0.1265855517440977 0.0011667499098041573
3.12 -0.08909402632036889 0.0 -0.1265855517440977 0.023714694195758154
3.14 -0.1265855517440977 0.0 -0.08909402632036889 0.0
3.16 -0.08909402632036889 0.0 -0.1265855517440977 0.023714694195758154
3.18 -0.1265855517440977 0.0011667499098041573 -0.1265855517440977 0.0011667499098041573
3.2 -0.08909402632036889 0.0 -0.08909402632036889 0.023714694195758154
3.22 -0.1265855517440977 0.0 -0.08909402632036889 0.0
3.24 -0.1265855517440977 0.0 -0.08909402632036889 0.023714694195758154
3.26 -0.1265855517440977 0.0 -0.08909402632036889 0.0011667499098041573
3.28 -0.1265855517440977 0.0 -0.1265855517440977 0.023714694195758154
3.3 -0.1265855517440977 0.0011667499098041573 -0.1646910809567946 0.0011667499098041573
3.32 -0.08909402632036889 0.0 -0.1646910809567946 0.0011667499098041573
3.34 -0.1265855517440977 0.0011667499098041573 -0.1271995555330658 0.0011667499098041573
3.36 -0.08909402632036889 0.0 -0.1265855517440977 0.04626263848171221
3.38 -0.1265855517440977 0.0011667499098041573 -0.08909402632036889 0.0011667499098041573
3.4 -0.08909402632036889 0.0 -0.1265855517440977 0.04626263848171221
3.42 -0.1265855517440977 0.0 -0.1271995555330658 0.0011667499098041573
3.44 -0.08909402632036889 0.0 -0.1646910809567946 0.04626263848171221
3.46 -0.08909402632036889 0.0 -0.1646910809567946 0.0011667499098041573
3.48 -0.08909402632036889 0.0 -0.1265855517440977 0.04663190921872665
3.5 -0.1646910809567946 0.0 -0.1265855517440977 0.02408396493277265
3.52 -0.1271995555330658 0.0 -0.1646910809567946 0.04626263848171221
3.54 -0.2021826063805235 0.0 -0.1271995555330658 0.0011667499098041573
3.56 -0.1646910809567946 0.0 -0.1646910809567946 0.023714694195758154
3.58 -0.1646910809567946 0.0 -0.08909402632036889 0.0011667499098041573
3.6 -0.1646910809567946 0.0 -0.08909402632036889 0.023714694195758154
3.62 -0.1646910809567946 0.0015360206468186255 -0.08909402632036889 0.02408396493277265
3.64 -0.1271995555330658 0.0 -0.1265855517440977 0.04663190921872665
3.66 -0.1646910809567946 0.0015360206468186255 -0.08909402632036889 0.02408396493277265
3.68 -0.1271995555330658 0.0 -0.1646910809567946 0.04663190921872665
3.7 -0.1646910809567946 0.0015360206468186255 -0.1646910809567946 0.02408396493277265
3.72 -0.1271995555330658 0.0 -0.1271995555330658 0.0691798535046807
3.74 -0.1646910809567946 0.0015360206468186255 -0.1271995555330658 0.02408396493277265
3.76 -0.1271995555330658 0.0 -0.1646910809567946 0.023714694195758154
3.78 -0.1646910809567946 0.0015360206468186255 -0.1271995555330658 0.0011667499098041573
3.8 -0.1271995555330658 0.0 -0.1646910809567946 0.023714694195758154
3.82 -0.1646910809567946 0.0 -0.1271995555330658 0.02408396493277265
3.84 -0.1646910809567946 0.0 -0.1646910809567946 0.04663190921872665
3.86 -0.1646910809567946 0.0015360206468186255 -0.1271995555330658 0.04700117995574116
3.88 -0.1646910809567946 0.0019052913838331076 -0.1646910809567946 0.04663190921872665
3.9 -0.1646910809567946 0.024453235669787132 -0.1646910809567946 0.02408396493277265
3.92 -0.1271995555330658 0.0019052913838331076 -0.1646910809567946 0.04663190921872665
3.94 -0.1646910809567946 0.0015360206468186255 -0.1271995555330658 0.02408396493277265
3.96 -0.1271995555330658 0.0 -0.1646910809567946 0.04663190921872665
3.98 -0.1646910809567946 0.0015360206468186255 -0.1646910809567946 0.02408396493277265
4.0 -0.1271995555330658 0.0 -0.1646910809567946 0.04663190921872665
4.02 -0.1271995555330658 0.0019052913838331076 -0.1646910809567946 0.0015360206468186255
4.04 -0.1271995555330658 0.0 -0.1646910809567946 0.02408396493277265
4.06 -0.1646910809567946 0.024453235669787132 -0.1646910809567946 0.0015360206468186255
4.08 -0.1271995555330658 0.0019052913838331076 -0.1646910809567946 0.04663190921872665
4.1 -0.1646910809567946 0.0019052913838331076 -0.20279661016949152 0.04700117995574116
4.12 -0.1646910809567946 0.0 -0.16530508474576272 0.04700117995574116
4.14 -0.2021826063805235 0.024453235669787132 -0.20279661016949152 0.024453235669787132
4.16 -0.1646910809567946 0.0019052913838331076 -0.1646910809567946 0.04700117995574116
4.18 -0.1646910809567946 0.024453235669787132 -0.1271995555330658 0.04700117995574116
4.2 -0.1271995555330658 0.0019052913838331076 -0.1646910809567946 0.04700117995574116
4.22 -0.1271995555330658 0.0019052913838331076 -0.1646910809567946 0.024453235669787132
4.24 -0.1271995555330658 0.0 -0.1646910809567946 0.04700117995574116
4.26 -0.1646910809567946 0.024453235669787132 -0.20279661016949152 0.04700117995574116
4.28 -0.1271995555330658 0.0019052913838331076 -0.24028813559322038 0.04700117995574116
4.3 -0.1271995555330658 0.0019052913838331076 -0.20279661016949152 0.024453235669787132
4.32 -0.1271995555330658 0.0019052913838331076 -0.24028813559322038 0.04700117995574116
4.34 -0.1271995555330658 0.0019052913838331076 -0.24028813559322038 0.04700117995574116
4.36 -0.1271995555330658 0.0019052913838331076 -0.20279661016949152 0.04700117995574116
4.38 -0.1646910809567946 0.024453235669787132 -0.20279661016949152 0.047370450692755625
4.4 -0.1271995555330658 0.0019052913838331076 -0.20279661016949152 0.06991839497870964
4.42 -0.1271995555330658 0.0019052913838331076 -0.1646910809567946 0.06991839497870964
4.44 -0.1271995555330658 0.024822506406801614 -0.1646910809567946 0.06991839497870964
4.46 -0.1646910809567946 0.024822506406801614 -0.1271995555330658 0.04700117995574116
4.48 -0.20279661016949152 0.024822506406801614 -0.1646910809567946 0.06991839497870964
4.5 -0.16530508474576272 0.047370450692755625 -0.1646910809567946 0.06991839497870964
4.52 -0.16530508474576272 0.024822506406801614 -0.1646910809567946 0.09246633926466363
4.54 -0.20279661016949152 0.024822506406801614 -0.20279661016949152 0.06991839497870964
4.56 -0.16530508474576272 0.024822506406801614 -0.20279661016949152 0.047370450692755625
4.58 -0.16530508474576272 0.047370450692755625 -0.20279661016949152 0.047370450692755625
4.6 -0.16530508474576272 0.024822506406801614 -0.20279661016949152 0.06991839497870964
4.62 -0.16530508474576272 0.024822506406801614 -0.20279661016949152 0.047370450692755625
4.64 -0.12781355932203392 0.024822506406801614 -0.20279661016949152 0.06991839497870964
4.66 -0.1271995555330658 0.002274562120847576 -0.20279661016949152 0.09283561000167814
4.68 -0.1271995555330658 0.002274562120847576 -0.20279661016949152 0.11538355428763214
4.7 -0.1271995555330658 0.024822506406801614 -0.20279661016949152 0.09283561000167814
4.72 -0.16530508474576272 0.024822506406801614 -0.20279661016949152 0.07028766571572412
4.74 -0.16530508474576272 0.047370450692755625 -0.20279661016949152 0.07028766571572412
4.76 -0.16530508474576272 0.04773972142977011 -0.16530508474576272 0.06991839497870964
4.78 -0.20279661016949152 0.04773972142977011 -0.20279661016949152 0.06991839497870964
4.8 -0.20279661016949152 0.02519177714381607 -0.20279661016949152 0.06991839497870964
4.82 -0.16530508474576272 0.024822506406801614 -0.20279661016949152 0.06991839497870964
4.84 -0.20279661016949152 0.024822506406801614 -0.20279661016949152 0.047370450692755625
4.86 -0.16530508474576272 0.024822506406801614 -0.20279661016949152 0.07028766571572412
4.88 -0.20279661016949152 0.04773972142977011 -0.20279661016949152 0.07028766571572412
4.9 -0.16530508474576272 0.04773972142977011 -0.16530508474576272 0.07028766571572412
4.92 -0.16530508474576272 0.04773972142977011 -0.16530508474576272 0.09283561000167814
4.94 -0.16530508474576272 0.07028766571572412 -0.16530508474576272 0.09283561000167814
4.96 -0.16530508474576272 0.07028766571572412 -0.16530508474576272 0.09283561000167814
4.98 -0.16530508474576272 0.04773972142977011 -0.16530508474576272 0.09283561000167814
5.0 -0.16530508474576272 0.04773972142977011 -0.16530508474576272 0.09283561000167814
5.02 -0.16530508474576272 0.04773972142977011 -0.16530508474576272 0.09283561000167814
5.04 -0.16530508474576272 0.04773972142977011 -0.16530508474576272 0.09283561000167814
5.06 -0.16530508474576272 0.04773972142977011 -0.16530508474576272 0.09283561000167814
5.08 -0.12781355932203392 0.04773972142977011 -0.16530508474576272 0.09283561000167814
5.1 -0.16530508474576272 0.02519177714381607 -0.16530508474576272 0.09283561000167814
5.12 -0.16530508474576272 0.02519177714381607 -0.16530508474576272 0.09283561000167814
5.14 -0.12781355932203392 0.04773972142977011 -0.16530508474576272 0.09283561000167814
5.16 -0.12781355932203392 0.04773972142977011 -0.16530508474576272 0.07028766571572412
5.18 -0.16530508474576272 0.02519177714381607 -0.16530508474576272 0.07028766571572412
5.2 -0.12781355932203392 0.02519177714381607 -0.16530508474576272 0.07028766571572412
5.22 -0.16530508474576272 0.02519177714381607 -0.16530508474576272 0.09283561000167814
5.24 -0.16530508474576272 0.02519177714381607 -0.16530508474576272 0.07028766571572412
5.26 -0.12781355932203392 0.02519177714381607 -0.16530508474576272 0.07028766571572412
5.28 -0.16530508474576272 0.02519177714381607 -0.16530508474576272 0.09283561000167814
5.3 -0.16530508474576272 0.04773972142977011 -0.16530508474576272 0.07028766571572412
5.32 -0.16530508474576272 0.02519177714381607 -0.16530508474576272 0.07028766571572412
5.34 -0.12781355932203392 0.02519177714381607 -0.16530508474576272 0.07028766571572412
5.36 -0.16530508474576272 0.02519177714381607 -0.16530508474576272 0.09283561000167814
5.38 -0.12781355932203392 0.02519177714381607 -0.16530508474576272 0.07028766571572412
5.4 -0.12781355932203392 0.02519177714381607 -0.16530508474576272 0.09283561000167814
5.42 -0.16530508474576272 0.02519177714381607 -0.16530508474576272 0.07028766571572412
5.44 -0.12781355932203392 0.04773972142977011 -0.16530508474576272 0.07028766571572412
5.46 -0.12781355932203392 0.02519177714381607 -0.16530508474576272 0.07028766571572412
5.48 -0.16530508474576272 0.04773972142977011 -0.16530508474576272 0.07028766571572412
5.5 -0.16530508474576272 0.04773972142977011 -0.16530508474576272 0.07028766571572412
5.52 -0.16530508474576272 0.04773972142977011 -0.16530508474576272 0.07028766571572412
5.54 -0.16530508474576272 0.02519177714381607 -0.16530508474576272 0.07028766571572412
5.56 -0.12781355932203392 0.02519177714381607 -0.16530508474576272 0.07028766571572412
5.58 -0.16530508474576272 0.02519177714381607 -0.16530508474576272 0.07028766571572412
5.6 -0.16530508474576272 0.04773972142977011 -0.16530508474576272 0.07028766571572412
5.62 -0.16530508474576272 0.04773972142977011 -0.16530508474576272 0.07028766571572412
5.64 -0.16530508474576272 0.02519177714381607 -0.16530508474576272 0.07028766571572412
5.66 -0.12781355932203392 0.02519177714381607 -0.12781355932203392 0.07028766571572412
5.68 -0.16530508474576272 0.02519177714381607 -0.16530508474576272 0.07028766571572412
5.7 -0.16530508474576272 0.02519177714381607 -0.16530508474576272 0.07028766571572412
5.72 -0.16530508474576272 0.04773972142977011 -0.12781355932203392 0.07028766571572412
5.74 -0.12781355932203392 0.02519177714381607 -0.16530508474576272 0.07028766571572412
5.76 -0.12781355932203392 0.02519177714381607 -0.12781355932203392 0.07028766571572412
5.78 -0.16530508474576272 0.02519177714381607 -0.16530508474576272 0.07028766571572412
5.8 -0.12781355932203392 0.02519177714381607 -0.16530508474576272 0.07028766571572412
5.82 -0.16530508474576272 0.04773972142977011 -0.16530508474576272 0.09283561000167814
5.84 -0.16530508474576272 0.04773972142977011 -0.16530508474576272 0.07028766571572412
5.86 -0.16530508474576272 0.02519177714381607 -0.16530508474576272 0.07028766571572412
5.88 -0.12781355932203392 0.02519177714381607 -0.16530508474576272 0.07028766571572412
5.9 -0.12781355932203392 0.02519177714381607 -0.16530508474576272 0.07028766571572412
5.92 -0.16530508474576272 0.02519177714381607 -0.12781355932203392 0.09283561000167814
5.94 -0.12781355932203392 0.04773972142977011 -0.16530508474576272 0.07028766571572412
5.96 -0.12781355932203392 0.02519177714381607 -0.16530508474576272 0.07028766571572412
5.98 -0.16530508474576272 0.02519177714381607 -0.16530508474576272 0.09283561000167814
6.0 -0.16530508474576272 0.02519177714381607 -0.16530508474576272 0.07028766571572412
6.02 -0.12781355932203392 0.02519177714381607 -0.16530508474576272 0.07028766571572412
6.04 -0.16530508474576272 0.02519177714381607 -0.16530508474576272 0.07028766571572412
6.06 -0.16530508474576272 0.02519177714381607 -0.16530508474576272 0.07028766571572412
6.08 -0.12781355932203392 0.02519177714381607 -0.16530508474576272 0.07028766571572412
6.1 -0.16530508474576272 0.04773972142977011 -0.16530508474576272 0.07028766571572412
6.12 -0.12781355932203392 0.02519177714381607 -0.16530508474576272 0.07028766571572412
6.14 -0.12781355932203392 0.02519177714381607 -0.16530508474576272 0.07028766571572412
6.16 -0.16530508474576272 0.02519177714381607 -0.16530508474576272 0.07028766571572412
6.18 -0.12781355932203392 0.02519177714381607 -0.12781355932203392 0.07028766571572412
6.2 -0.12781355932203392 0.02519177714381607 -0.16530508474576272 0.07028766571572412
6.22 -0.12781355932203392 0.02519177714381607 -0.12781355932203392 0.07028766571572412
6.24 -0.12781355932203392 0.02519177714381607 -0.16530508474576272 0.07028766571572412
6.26 -0.12781355932203392 0.02519177714381607 -0.16530508474576272 0.07028766571572412
6.28 -0.12781355932203392 0.02519177714381607 -0.12781355932203392 0.09283561000167814
6.3 -0.16530508474576272 0.02519177714381607 -0.16530508474576272 0.07028766571572412
6.32 -0.16530508474576272 0.02519177714381607 -0.16530508474576272 0.07028766571572412
6.34 -0.16530508474576272 0.02519177714381607 -0.16530508474576272 0.07028766571572412
6.36 -0.12781355932203392 0.02519177714381607 -0.12781355932203392 0.07028766571572412
6.38 -0.16530508474576272 0.02519177714381607 -0.12781355932203392 0.07028766571572412
6.4 -0.16530508474576272 0.02519177714381607 -0.12781355932203392 0.07028766571572412
6.42 -0.12781355932203392 0.02519177714381607 -0.16530508474576272 0.07028766571572412
6.44 -0.12781355932203392 0.02519177714381607 -0.16530508474576272 0.07028766571572412
6.46 -0.16530508474576272 0.04773972142977011 -0.16530508474576272 0.07028766571572412
6.48 -0.16530508474576272 0.02519177714381607 -0.16530508474576272 0.07028766571572412
6.5 -0.12781355932203392 0.02519177714381607 -0.16530508474576272 0.07028766571572412
6.52 -0.12781355932203392 0.02519177714381607 -0.12781355932203392 0.07028766571572412
6.54 -0.12781355932203392 0.02519177714381607 -0.12781355932203392 0.07028766571572412
6.56 -0.16530508474576272 0.02519177714381607 -0.16530508474576272 0.07028766571572412
6.58 -0.12781355932203392 0.02519177714381607 -0.16530508474576272 0.07028766571572412
6.6 -0.16530508474576272 0.02519177714381607 -0.12781355932203392 0.07028766571572412
6.62 -0.12781355932203392 0.02519177714381607 -0.16530508474576272 0.07028766571572412
6.64 -0.12781355932203392 0.02519177714381607 -0.12781355932203392 0.09283561000167814
6.66 -0.16530508474576272 0.02519177714381607 -0.12781355932203392 0.07028766571572412
6.68 -0.12781355932203392 0.02519177714381607 -0.16530508474576272 0.09283561000167814
6.7 -0.12781355932203392 0.02519177714381607 -0.16530508474576272 0.07028766571572412
6.72 -0.12781355932203392 0.02519177714381607 -0.16530508474576272 0.09283561000167814
6.74 -0.12781355932203392 0.02519177714381607 -0.16530508474576272 0.07028766571572412
6.76 -0.16530508474576272 0.02519177714381607 -0.12781355932203392 0.07028766571572412
6.78 -0.16530508474576272 0.02519177714381607 -0.12781355932203392 0.07028766571572412
6.8 -0.12781355932203392 0.02519177714381607 -0.16530508474576272 0.09283561000167814
6.82 -0.12781355932203392 0.02519177714381607 -0.16530508474576272 0.07028766571572412
6.84 -0.12781355932203392 0.02519177714381607 -0.12781355932203392 0.07028766571572412
6.86 -0.16530508474576272 0.02519177714381607 -0.16530508474576272 0.07028766571572412
6.88 -0.16530508474576272 0.02519177714381607 -0.16530508474576272 0.07028766571572412
6.9 -0.16530508474576272 0.02519177714381607 -0.12781355932203392 0.07028766571572412
6.92 -0.16530508474576272 0.02519177714381607 -0.12781355932203392 0.07028766571572412
6.94 -0.12781355932203392 0.02519177714381607 -0.16530508474576272 0.07028766571572412
6.96 -0.12781355932203392 0.02519177714381607 -0.16530508474576272 0.07028766571572412
6.98 -0.12781355932203392 0.02519177714381607 -0.16530508474576272 0.09283561000167814
7.0 -0.12781355932203392 0.02519177714381607 -0.12781355932203392 0.07028766571572412
7.02 -0.12781355932203392 0.02519177714381607 -0.12781355932203392 0.07028766571572412
7.04 -0.12781355932203392 0.02519177714381607 -0.16530508474576272 0.07028766571572412
7.06 -0.16530508474576272 0.02519177714381607 -0.16530508474576272 0.07028766571572412
7.08 -0.16530508474576272 0.02519177714381607 -0.16530508474576272 0.07028766571572412
7.1 -0.16530508474576272 0.02519177714381607 -0.16530508474576272 0.07028766571572412
7.12 -0.16530508474576272 0.02519177714381607 -0.12781355932203392 0.07028766571572412
7.14 -0.12781355932203392 0.02519177714381607 -0.12781355932203392 0.07028766571572412
7.16 -0.12781355932203392 0.04773972142977011 -0.12781355932203392 0.09283561000167814
7.18 -0.16530508474576272 0.02519177714381607 -0.12781355932203392 0.07028766571572412
7.2 -0.12781355932203392 0.02519177714381607 -0.16530508474576272 0.07028766571572412
7.22 -0.12781355932203392 0.02519177714381607 -0.16530508474576272 0.07028766571572412
7.24 -0.12781355932203392 0.02519177714381607 -0.12781355932203392 0.07028766571572412
7.26 -0.12781355932203392 0.02519177714381607 -0.12781355932203392 0.07028766571572412
7.28 -0.12781355932203392 0.02519177714381607 -0.12781355932203392 0.07028766571572412
7.3 -0.16530508474576272 0.02519177714381607 -0.16530508474576272 0.07028766571572412
7.32 -0.12781355932203392 0.02519177714381607 -0.16530508474576272 0.07028766571572412
7.34 -0.16530508474576272 0.02519177714381607 -0.12781355932203392 0.07028766571572412
7.36 -0.16530508474576272 0.02519177714381607 -0.12781355932203392 0.07028766571572412
7.38 -0.12781355932203392 0.02519177714381607 -0.12781355932203392 0.07028766571572412
7.4 -0.16530508474576272 0.02519177714381607 -0.16530508474576272 0.07028766571572412
7.42 -0.16530508474576272 0.02519177714381607 -0.16530508474576272 0.07028766571572412
7.44 -0.16530508474576272 0.02519177714381607 -0.12781355932203392 0.07028766571572412
7.46 -0.12781355932203392 0.02519177714381607 -0.12781355932203392 0.07028766571572412
7.48 -0.16530508474576272 0.02519177714381607 -0.12781355932203392 0.07028766571572412
7.5 -0.16530508474576272 0.02519177714381607 -0.12781355932203392 0.07028766571572412
7.52 -0.16530508474576272 0.02519177714381607 -0.16530508474576272 0.07028766571572412
7.54 -0.16530508474576272 0.02519177714381607 -0.16530508474576272 0.07028766571572412
7.56 -0.12781355932203392 0.02519177714381607 -0.16530508474576272 0.07028766571572412
7.58 -0.16530508474576272 0.02519177714381607 -0.16530508474576272 0.07028766571572412
7.6 -0.12781355932203392 0.02519177714381607 -0.16530508474576272 0.07028766571572412
7.62 -0.12781355932203392 0.02519177714381607 -0.12781355932203392 0.07028766571572412
7.64 -0.12781355932203392 0.02519177714381607 -0.12781355932203392 0.07028766571572412
7.66 -0.12781355932203392 0.02519177714381607 -0.12781355932203392 0.07028766571572412
7.68 -0.16530508474576272 0.02519177714381607 -0.12781355932203392 0.07028766571572412
7.7 -0.16530508474576272 0.04773972142977011 -0.12781355932203392 0.07028766571572412
7.72 -0.12781355932203392 0.04773972142977011 -0.16530508474576272 0.07028766571572412
7.74 -0.12781355932203392 0.02519177714381607 -0.16530508474576272 0.07028766571572412
7.76 -0.16530508474576272 0.02519177714381607 -0.12781355932203392 0.07028766571572412
7.78 -0.16530508474576272 0.02519177714381607 -0.16530508474576272 0.07028766571572412
7.8 -0.16530508474576272 0.02519177714381607 -0.12781355932203392 0.07028766571572412
7.82 -0.16530508474576272 0.02519177714381607 -0.12781355932203392 0.07028766571572412
7.84 -0.16530508474576272 0.02519177714381607 -0.12781355932203392 0.07028766571572412
7.86 -0.16530508474576272 0.02519177714381607 -0.12781355932203392 0.07028766571572412
7.88 -0.12781355932203392 0.02519177714381607 -0.16530508474576272 0.07028766571572412
7.9 -0.12781355932203392 0.02519177714381607 -0.16530508474576272 0.07028766571572412
7.92 -0.16530508474576272 0.02519177714381607 -0.12781355932203392 0.07028766571572412
7.94 -0.12781355932203392 0.02519177714381607 -0.12781355932203392 0.07028766571572412
7.96 -0.16530508474576272 0.02519177714381607 -0.16530508474576272 0.07028766571572412
7.98 -0.12781355932203392 0.02519177714381607 -0.16530508474576272 0.07028766571572412
8.0 -0.12781355932203392 0.02519177714381607 -0.12781355932203392 0.07028766571572412
8.02 -0.12781355932203392 0.02519177714381607 -0.16530508474576272 0.07028766571572412
8.04 -0.12781355932203392 0.02519177714381607 -0.12781355932203392 0.07028766571572412
8.06 -0.16530508474576272 0.02519177714381607 -0.16530508474576272 0.07028766571572412
8.08 -0.12781355932203392 0.02519177714381607 -0.12781355932203392 0.07028766571572412
8.1 -0.16530508474576272 0.04773972142977011 -0.12781355932203392 0.07028766571572412
8.12 -0.12781355932203392 0.02519177714381607 -0.16530508474576272 0.07028766571572412
8.14 -0.12781355932203392 0.02519177714381607 -0.12781355932203392 0.07028766571572412
8.16 -0.12781355932203392 0.02519177714381607 -0.16530508474576272 0.07028766571572412
8.18 -0.16530508474576272 0.02519177714381607 -0.12781355932203392 0.07028766571572412
8.2 -0.12781355932203392 0.02519177714381607 -0.12781355932203392 0.07028766571572412
8.22 -0.16530508474576272 0.02519177714381607 -0.12781355932203392 0.07028766571572412
8.24 -0.12781355932203392 0.02519177714381607 -0.12781355932203392 0.07028766571572412
8.26 -0.16530508474576272 0.04773972142977011 -0.12781355932203392 0.07028766571572412
8.28 -0.12781355932203392 0.04773972142977011 -0.12781355932203392 0.07028766571572412
8.3 -0.12781355932203392 0.02519177714381607 -0.16530508474576272 0.07028766571572412
8.32 -0.12781355932203392 0.02519177714381607 -0.16530508474576272 0.07028766571572412
8.34 -0.16530508474576272 0.02519177714381607 -0.12781355932203392 0.07028766571572412
8.36 -0.12781355932203392 0.02519177714381607 -0.12781355932203392 0.07028766571572412
8.38 -0.16530508474576272 0.02519177714381607 -0.12781355932203392 0.07028766571572412
8.4 -0.12781355932203392 0.02519177714381607 -0.16530508474576272 0.07028766571572412
8.42 -0.12781355932203392 0.02519177714381607 -0.12781355932203392 0.07028766571572412
8.44 -0.12781355932203392 0.02519177714381607 -0.12781355932203392 0.07028766571572412
8.46 -0.16530508474576272 0.02519177714381607 -0.16530508474576272 0.07028766571572412
8.48 -0.12781355932203392 0.02519177714381607 -0.12781355932203392 0.07028766571572412
8.5 -0.16530508474576272 0.02519177714381607 -0.12781355932203392 0.07028766571572412
8.52 -0.12781355932203392 0.02519177714381607 -0.12781355932203392 0.07028766571572412
8.54 -0.12781355932203392 0.02519177714381607 -0.12781355932203392 0.07028766571572412
8.56 -0.12781355932203392 0.02519177714381607 -0.12781355932203392 0.09283561000167814
8.58 -0.12781355932203392 0.02519177714381607 -0.12781355932203392 0.07028766571572412
8.6 -0.12781355932203392 0.02519177714381607 -0.12781355932203392 0.07028766571572412
8.62 -0.16530508474576272 0.02519177714381607 -0.16530508474576272 0.07028766571572412
8.64 -0.12781355932203392 0.02519177714381607 -0.12781355932203392 0.07028766571572412
8.66 -0.12781355932203392 0.02519177714381607 -0.12781355932203392 0.07028766571572412
8.68 -0.12781355932203392 0.02519177714381607 -0.12781355932203392 0.07028766571572412
8.7 -0.16530508474576272 0.04773972142977011 -0.16530508474576272 0.07028766571572412
8.72 -0.12781355932203392 0.02519177714381607 -0.16530508474576272 0.07028766571572412
8.74 -0.12781355932203392 0.02519177714381607 -0.12781355932203392 0.07028766571572412
8.76 -0.12781355932203392 0.02519177714381607 -0.12781355932203392 0.07028766571572412
8.78 -0.12781355932203392 0.02519177714381607 -0.12781355932203392 0.07028766571572412
8.8 -0.16530508474576272 0.04773972142977011 -0.12781355932203392 0.07028766571572412
8.82 -0.12781355932203392 0.02519177714381607 -0.16530508474576272 0.07028766571572412
8.84 -0.12781355932203392 0.04773972142977011 -0.16530508474576272 0.07028766571572412
8.86 -0.16530508474576272 0.02519177714381607 -0.12781355932203392 0.07028766571572412
8.88 -0.16530508474576272 0.02519177714381607 -0.16530508474576272 0.07028766571572412
8.9 -0.12781355932203392 0.02519177714381607 -0.12781355932203392 0.07028766571572412
8.92 -0.12781355932203392 0.02519177714381607 -0.12781355932203392 0.09283561000167814
8.94 -0.12781355932203392 0.02519177714381607 -0.12781355932203392 0.07028766571572412
8.96 -0.12781355932203392 0.02519177714381607 -0.12781355932203392 0.07028766571572412
8.98 -0.12781355932203392 0.02519177714381607 -0.12781355932203392 0.07028766571572412
9.0 -0.16530508474576272 0.02519177714381607 -0.12781355932203392 0.07028766571572412
9.02 -0.12781355932203392 0.02519177714381607 -0.16530508474576272 0.07028766571572412
9.04 -0.16530508474576272 0.02519177714381607 -0.16530508474576272 0.07028766571572412
9.06 -0.12781355932203392 0.02519177714381607 -0.12781355932203392 0.07028766571572412
9.08 -0.12781355932203392 0.02519177714381607 -0.12781355932203392 0.07028766571572412
9.1 -0.12781355932203392 0.02519177714381607 -0.12781355932203392 0.07028766571572412
9.12 -0.12781355932203392 0.02519177714381607 -0.12781355932203392 0.07028766571572412
9.14 -0.12781355932203392 0.02519177714381607 -0.12781355932203392 0.07028766571572412
9.16 -0.16530508474576272 0.02519177714381607 -0.12781355932203392 0.07028766571572412
9.18 -0.12781355932203392 0.02519177714381607 -0.12781355932203392 0.07028766571572412
9.2 -0.12781355932203392 0.02519177714381607 -0.16530508474576272 0.09283561000167814
9.22 -0.12781355932203392 0.02519177714381607 -0.12781355932203392 0.07028766571572412
9.24 -0.12781355932203392 0.02519177714381607 -0.16530508474576272 0.07028766571572412
9.26 -0.16530508474576272 0.02519177714381607 -0.16530508474576272 0.07028766571572412
9.28 -0.12781355932203392 0.02519177714381607 -0.16530508474576272 0.07028766571572412
9.3 -0.12781355932203392 0.02519177714381607 -0.12781355932203392 0.07028766571572412
9.32 -0.12781355932203392 0.02519177714381607 -0.12781355932203392 0.07028766571572412
9.34 -0.12781355932203392 0.02519177714381607 -0.12781355932203392 0.07028766571572412
9.36 -0.12781355932203392 0.02519177714381607 -0.16530508474576272 0.07028766571572412
9.38 -0.16530508474576272 0.02519177714381607 -0.16530508474576272 0.07028766571572412
9.4 -0.12781355932203392 0.02519177714381607 -0.12781355932203392 0.09283561000167814
9.42 -0.16530508474576272 0.02519177714381607 -0.12781355932203392 0.07028766571572412
9.44 -0.16530508474576272 0.02519177714381607 -0.12781355932203392 0.07028766571572412
9.46 -0.12781355932203392 0.02519177714381607 -0.16530508474576272 0.07028766571572412
9.48 -0.12781355932203392 0.02519177714381607 -0.12781355932203392 0.07028766571572412
9.5 -0.16530508474576272 0.02519177714381607 -0.12781355932203392 0.07028766571572412
9.52 -0.16530508474576272 0.02519177714381607 -0.12781355932203392 0.07028766571572412
9.54 -0.12781355932203392 0.02519177714381607 -0.12781355932203392 0.09283561000167814
9.56 -0.12781355932203392 0.02519177714381607 -0.12781355932203392 0.07028766571572412
9.58 -0.12781355932203392 0.02519177714381607 -0.12781355932203392 0.07028766571572412
9.6 -0.12781355932203392 0.04773972142977011 -0.12781355932203392 0.07028766571572412
9.62 -0.12781355932203392 0.02519177714381607 -0.12781355932203392 0.07028766571572412
9.64 -0.12781355932203392 0.02519177714381607 -0.16530508474576272 0.09283561000167814
9.66 -0.12781355932203392 0.02519177714381607 -0.16530508474576272 0.07028766571572412
9.68 -0.12781355932203392 0.02519177714381607 -0.12781355932203392 0.07028766571572412
9.7 -0.12781355932203392 0.02519177714381607 -0.12781355932203392 0.07028766571572412
9.72 -0.16530508474576272 0.02519177714381607 -0.12781355932203392 0.09283561000167814
9.74 -0.12781355932203392 0.02519177714381607 -0.12781355932203392 0.09283561000167814
9.76 -0.12781355932203392 0.02519177714381607 -0.12781355932203392 0.07028766571572412
9.78 -0.16530508474576272 0.02519177714381607 -0.12781355932203392 0.07028766571572412
9.8 -0.12781355932203392 0.02519177714381607 -0.12781355932203392 0.07028766571572412
9.82 -0.16530508474576272 0.02519177714381607 -0.12781355932203392 0.07028766571572412
9.84 -0.12781355932203392 0.02519177714381607 -0.12781355932203392 0.07028766571572412
9.86 -0.16530508474576272 0.02519177714381607 -0.12781355932203392 0.07028766571572412
9.88 -0.16530508474576272 0.02519177714381607 -0.12781355932203392 0.07028766571572412
9.9 -0.12781355932203392 0.02519177714381607 -0.12781355932203392 0.07028766571572412
9.92 -0.16530508474576272 0.02519177714381607 -0.12781355932203392 0.07028766571572412
9.94 -0.16530508474576272 0.02519177714381607 -0.16530508474576272 0.07028766571572412
9.96 -0.16530508474576272 0.02519177714381607 -0.12781355932203392 0.09283561000167814
9.98 -0.12781355932203392 0.02519177714381607 -0.12781355932203392 0.07028766571572412
10.0 -0.16530508474576272 0.02519177714381607 -0.12781355932203392 0.07028766571572412
10.02 -0.12781355932203392 0.02519177714381607 -0.16530508474576272 0.07028766571572412
10.04 -0.16530508474576272 0.02519177714381607 -0.16530508474576272 0.07028766571572412
10.06 -0.12781355932203392 0.02519177714381607 -0.12781355932203392 0.07028766571572412
10.08 -0.16530508474576272 0.02519177714381607 -0.16530508474576272 0.07028766571572412
10.1 -0.12781355932203392 0.02519177714381607 -0.12781355932203392 0.07028766571572412
10.12 -0.16530508474576272 0.02519177714381607 -0.12781355932203392 0.07028766571572412
10.14 -0.16530508474576272 0.02519177714381607 -0.12781355932203392 0.07028766571572412
10.16 -0.12781355932203392 0.02519177714381607 -0.12781355932203392 0.07028766571572412
10.18 -0.12781355932203392 0.02519177714381607 -0.12781355932203392 0.07028766571572412
10.2 -0.12781355932203392 0.02519177714381607 -0.12781355932203392 0.07028766571572412
10.22 -0.12781355932203392 0.02519177714381607 -0.12781355932203392 0.07028766571572412
10.24 -0.12781355932203392 0.02519177714381607 -0.16530508474576272 0.07028766571572412
10.26 -0.09032203389830507 0.02519177714381607 -0.12781355932203392 0.07028766571572412
10.28 -0.09032203389830507 0.002643832857862058 -0.12781355932203392 0.07028766571572412
10.3 -0.09032203389830507 0.002643832857862058 -0.12781355932203392 0.07028766571572412
10.32 -0.09032203389830507 0.002643832857862058 -0.12781355932203392 0.07028766571572412
10.34 -0.09032203389830507 0.002643832857862058 -0.12781355932203392 0.07028766571572412
10.36 -0.09032203389830507 0.002643832857862058 -0.12781355932203392 0.07028766571572412
10.38 -0.09032203389830507 0.02519177714381607 -0.12781355932203392 0.07028766571572412
10.4 -0.09032203389830507 0.02519177714381607 -0.09032203389830507 0.07028766571572412
10.42 -0.052830508474576265 0.002643832857862058 -0.09032203389830507 0.07028766571572412
10.44 -0.052830508474576265 0.002643832857862058 -0.09032203389830507 0.07028766571572412
10.46 -0.052830508474576265 0.02519177714381607 -0.09032203389830507 0.07028766571572412
10.48 -0.052830508474576265 0.02519177714381607 -0.09032203389830507 0.07028766571572412
10.5 -0.052830508474576265 0.02519177714381607 -0.09032203389830507 0.07028766571572412
10.52 -0.052830508474576265 0.02519177714381607 -0.052830508474576265 0.07028766571572412
10.54 -0.015338983050847466 0.02519177714381607 -0.052830508474576265 0.07028766571572412
10.56 -0.015338983050847466 0.002643832857862058 -0.052830508474576265 0.07028766571572412
10.58 0.0 0.02519177714381607 -0.052830508474576265 0.07028766571572412
10.6 -0.015338983050847466 0.02519177714381607 -0.015338983050847466 0.07028766571572412
10.62 0.0 0.02519177714381607 -0.015338983050847466 0.07028766571572412
10.64 0.0 0.02519177714381607 -0.015338983050847466 0.07028766571572412
10.66 0.0 0.02519177714381607 0.0 0.07028766571572412
10.68 0.0 0.02519177714381607 0.0 0.07028766571572412
10.7 0.0 0.02519177714381607 0.0 0.07028766571572412
10.72 0.0 0.02519177714381607 0.009983050847457625 0.07028766571572412
10.74 0.0 0.0 0.009983050847457625 0.07028766571572412
10.76 -0.011211058425393827 0.0 0.04747457627118644 0.04773972142977011
10.78 0.0 0.0 0.0 0.04773972142977011
10.8 -0.011825062214361928 0.0 0.0843520979059472 0.04773972142977011
10.82 0.0 0.002643832857862058 0.04686057248221834 0.04773972142977011
10.84 -0.01243906600333003 0.0 0.15872114496443668 0.02519177714381607
10.86 0.0 0.0 0.15933514875340474 0.02519177714381607
10.88 0.0 0.0 0.30868724665935193 0.002643832857862058
10.9 0.044404557326345934 0.0 0.1200016119627717 0.002643832857862058
10.92 -0.014281077370234263 0.0 0.23124818065602182 0.0
10.94 0.042562545959441644 0.0 0.0050710205357129 0.0
10.96 -0.016123088737138636 0.0 0.22879216550014958 0.0
10.98 0.11570358543999493 0.0 0.0 0.0
11.0 -0.017965100104042897 0.0 0.3013192011917348 0.0
11.02 0.1876166173426121 0.0 0.00015899022396809182 0.026668860091873983
11.04 -0.05852664447261219 0.024186266667909517 0.3732322330943521 0.0
11.06 0.14644106918507444 0.0 0.0 0.11585512675978349
11.08 -0.13719371805387853 0.13877234178275205 0.10710753239444154 0.13951088325678096
11.1 -0.1384217256318146 0.27765041313348404 -0.17652725484451154 0.20715471611464303
11.12 -0.4008624035979164 0.23181598308754703 -0.28900183111569794 0.4572954259470872
11.14 -0.7001806031987787 0.5452715786688165 -0.4377399252326772 0.2296003586654602
11.16 -0.584636007982752 0.11353720060255978 -0.6971105842539382 0.5448000061966651
11.18 -0.9612231716896213 0.38216387661379886 -0.5113248666048753 0.0
11.2 -0.5813958871405882 -0.24030921003887995 -0.9569251451668443 0.21878920555690345
11.22 -0.9139075856424028 0.0 -0.5783258681957477 -0.4254932839077004
11.24 -0.38472820318742285 -0.7917994535381816 -1.0286680751721384 -0.13468793434752174
11.26 -0.7969648809511167 -0.3645986260512359 -0.4191497096663112 -0.8623974522921598
11.28 -0.07497193917410244 -1.1133790053337698 -0.9069834420664307 -0.502471186926061
11.3 -0.5634196753631904 -0.6396052063268574 -0.1528549070690774 -1.1832384626137187
11.32 0.05948085205622616 -1.3192646698034713 -0.48536660557089245 -0.7760006842536258
11.34 -0.3323304849311363 -0.7079875806587486 0.10004239642479579 -1.2519901076826243
11.36 0.13876192942646076 -1.273430239757535 -0.2173998935040779 -0.7756314135166109
11.38 -0.21678588971510976 -0.7068797684477057 0.3286755717009772 -1.2054171361626582
11.4 0.2911840462772483 -1.226857268237569 0.0 -0.7959637333804781
11.42 -0.026872247440593522 -0.7948559211694344 0.4804836847627964 -1.1126404638597407
11.44 0.5185892139754935 -1.111163380911683 0.0 -0.7475444081754394
11.46 0.0 -0.6998636244444303 0.4423781555500998 -0.9281949314649494
11.48 0.5179752101865256 -0.8805141477339398 0.0 -0.6554039756114141
11.5 0.0674629013128118 -0.6073539211433905 0.40365862254843504 -0.7200936425731606
11.52 0.44053614418319537 -0.6040304845102602 0.0 -0.5371251931264271
11.54 0.10188440779169977 -0.46578865289842014 0.32621955654510487 -0.42069276432651215
11.56 0.4053305320180162 -0.3046296062636118 0.02505934557733841 -0.3497254948355198
11.58 0.0982003850578918 -0.3041580337914604 0.3285054698036544 -0.1434705596288033
11.6 0.32666345843674977 -0.04995534585185696 0.10171430589437697 -0.23356003503748252
11.62 0.1367498161622333 -0.18514070983244418 0.24922439243341982 0.0
11.64 0.20927685185381845 0.07112850892488998 0.09680227558263205 -0.18218654393632822
11.66 0.16932931127421752 0.0 0.1318377858504886 0.18682239625077585
11.68 0.09127624148191921 0.3938158729315212 0.09127624148191921 0.0
11.7 0.16318927338453637 0.10153344042328477 0.0 0.5549749195663296
11.72 0.010767156533748767 0.7161339662011383 0.08513620359223828 0.2630617577951077
11.74 0.238002222334671 0.33365975654908536 0.0 0.876923742098932
11.76 0.0 0.9693311436648351 0.27303773260252745 0.38134054028009506
11.78 0.270581717446655 0.47374794184599794 0.04686057248221834 1.061738545230738
11.8 0.0 1.244337723940457 0.4193198115636341 0.5428688576519178
11.82 0.22695015413324526 0.6578242035037747 0.08005407138317044 1.2454455361515004
11.84 -0.09540416610737296 1.3825795555522968 0.33819672282649554 0.7716717371445883
11.86 0.033966492913888036 0.8178754379275404 -0.02164912283785142 1.3607701527403722
11.88 -0.3252653489614907 1.4738791449071562 0.14521306160713848 0.9764495894032468
11.9 0.0 0.9531631036432646 0.4486591858334547 1.451331200621202
11.92 -0.4789154733902146 1.472771332696113 0.0 1.1102601721709133
11.94 -0.18021127757831995 1.0661697940749117 -0.366440897119028 1.381102472604239
11.96 -0.5545125280266403 1.3559696331591837 -0.14271975215459148 1.1763246203455806
11.98 -0.29268585384950657 1.127166753666513 -0.44203795175545385 1.1493454272154526
12.0 -0.5913900496614011 1.0321744569415088 -0.21708879921308105 1.0579435361254563
12.02 -0.32833536790633094 0.8491037057596384 -0.44080994417751757 0.7138160400439144
12.04 -0.5520565128707677 0.5057147511521256 -0.2527383132699054 0.5733585840099875
12.06 -0.36398488196315565 0.2979827329973512 -0.4383539290216451 0.2532561151624576
12.08 -0.5502145015038635 0.024453235669787132 -0.2502822981140331 0.1375622278365717
12.1 -0.36214287059625133 0.0 -0.3609148630183152 0.0
12.12 -0.5108809647132306 -0.028515213776946338 -0.21033475753443193 0.0
12.14 -0.32219533001665007 -0.005967269490992327 -0.3215813262276819 0.0
12.16 -0.3959503732861715 -0.028145943039931898 -0.20849274616752744 0.0
12.18 -0.20726473858959127 0.0 -0.24475626401332012 0.0
12.2 -0.24291425264641575 0.0 -0.017965100104042897 0.0
12.22 -0.12982567258626132 0.0019052913838331076 -0.12982567258626132 0.0
12.24 -0.20419471964475083 0.002274562120847576 -0.016123088737138636 0.024453235669787132
12.26 -0.12859766500832503 0.002274562120847576 -0.09110613958459626 0.047370450692755625
12.28 -0.16547518664308575 0.002274562120847576 -0.05300061037189932 0.024822506406801614
12.3 -0.12736965743038886 0.002274562120847576 -0.12798366121935695 0.024822506406801614
12.32 -0.16424717906514957 0.0 -0.052386606582931206 0.07028766571572412
12.34 -0.051158599004995045 0.002274562120847576 0.0 0.04773972142977011
12.36 -0.08803612063975574 0.002274562120847576 0.007527035691585221 0.04773972142977011
12.38 -0.01305306979229813 0.0 0.08373809411697905 0.04773972142977011
12.4 0.0 0.002643832857862058 0.04624656869325028 0.04773972142977011
12.42 0.0 0.002643832857862058 0.008755043269521423 0.04773972142977011
12.44 0.0 0.02519177714381607 0.008141039480553364 0.04773972142977011
12.46 0.0 0.02519177714381607 0.0 0.04773972142977011
12.48 -0.011211058425393827 0.002643832857862058 -0.01243906600333003 0.04773972142977011
12.5 -0.04931658763809074 0.02519177714381607 -0.01243906600333003 0.04773972142977011
12.52 -0.09216404526520938 0.002643832857862058 -0.04993059142705884 0.04773972142977011
12.54 -0.05405851605251247 0.002643832857862058 -0.04931658763809074 0.04773972142977011
12.56 -0.05405851605251247 0.002643832857862058 -0.011825062214361928 0.04773972142977011
12.58 -0.011211058425393827 0.002643832857862058 -0.011825062214361928 0.04773972142977011
12.6 -0.05405851605251247 0.002643832857862058 0.0 0.04773972142977011
12.62 0.0 0.02519177714381607 0.0 0.04773972142977011
12.64 -0.011211058425393827 0.002643832857862058 0.009369047058489524 0.04773972142977011
12.66 0.0 0.002643832857862058 0.04747457627118644 0.04773972142977011
12.68 -0.011211058425393827 0.02519177714381607 0.08496610169491525 0.04773972142977011
12.7 0.0 0.0 0.08496610169491525 0.04773972142977011
12.72 0.0 0.0 0.15994915254237288 0.02519177714381607
12.74 0.0 0.0 0.12184362332967597 0.02519177714381607
12.76 -0.011825062214361928 0.0 0.08373809411697905 0.02519177714381607
12.78 0.0 0.0 0.008141039480553364 0.02519177714381607
12.8 -0.04993059142705884 0.0 0.044404557326345934 0.002643832857862058
12.82 0.0 0.0 -0.013667073581266231 0.002643832857862058
12.84 -0.051158599004995045 0.0 0.0 0.0
12.86 0.0 0.0 0.0 0.0
12.88 -0.014281077370234263 0.003013103594876526 0.15565112601959624 0.0
12.9 0.08066807517213859 0.0 0.0 0.0
12.92 0.0 0.0033823743318910082 0.2668976947128465 0.0
12.94 0.15380911465269187 0.0 0.07882606380523416 0.0
12.96 -0.017965100104042897 0.0037516450689054903 0.30193320498070286 0.0
12.98 0.2625996681900696 0.0 0.0007729940129361235 0.026668860091873983
13.0 -0.02164912283785142 0.024186266667909517 0.4535712161451993 0.0
13.02 0.18393259460880357 0.025663349615967418 0.0 0.13877234178275205
13.04 -0.09970219263014951 0.1616895568057205 0.10649352860547362 0.11696293897082694
13.06 -0.1009302002080858 0.3231155724424066 -0.13903572942078274 0.20715471611464303
13.08 -0.43896793281061336 0.23181598308754703 -0.2896158349046661 0.4798433702330413
13.1 -0.7382861324114756 0.5227236343828625 -0.4383539290216451 0.2521483029514142
13.12 -0.6983385918318745 0.09098925631660576 -0.6977245880429064 0.5222520619107112
13.14 -0.9993287009023182 0.33669871730487627 -0.4690914127667249 0.0
13.16 -0.6195014163532853 -0.24030921003887995 -1.0325221998032705 0.21878920555690345
13.18 -1.0269961657025575 0.0 -0.5783258681957477 -0.4254932839077004
13.2 -0.3841141993984545 -0.7463342942292592 -1.0292820789611066 -0.11213999006156755
13.22 -0.7969648809511167 -0.34168141102826705 -0.3816581842425823 -0.9304105558870361
13.24 -0.07497193917410244 -1.067913846024847 -0.8313863874300049 -0.4799232426401074
13.26 -0.5259281499394617 -0.6621531506128113 -0.0772578524326521 -1.137773303304796
13.28 0.021375322843529332 -1.2963474547805034 -0.5228581309946212 -0.6628916920868404
13.3 -0.3323304849311363 -0.7763699549906398 0.06255087100106688 -1.2290728926596555
13.32 0.25185050948661497 -1.3192646698034713 -0.25427741513883845 -0.7530834692306567
13.34 -0.10308330586598718 -0.7523449277566274 0.2917980500662167 -1.182869191876704
13.36 0.36678110091367405 -1.2723224275464913 -0.026872247440593522 -0.7963330041174925
13.38 -0.026872247440593522 -0.749390761860512 0.4429921593390677 -1.090092519573787
13.4 0.4429921593390677 -1.1337113251976372 0.0 -0.7024485196035313
13.42 0.0 -0.6773156801584763 0.4423781555500998 -0.8830990428930414
13.44 0.3673951047026422 -0.9256100363058479 0.0 -0.6557732463484285
13.46 0.0 -0.6073539211433905 0.40365862254843504 -0.7200936425731606
13.48 0.289956038699312 -0.6498649145561972 0.0 -0.5371251931264271
13.5 0.026901356944242394 -0.48870586792138865 0.32621955654510487 -0.42069276432651215
13.52 0.44343606123071305 -0.3046296062636118 0.02505934557733841 -0.3951906541444423
13.54 0.250008498119711 -0.28161008950550637 0.2910139443799255 -0.1434705596288033
13.56 0.44036604228587234 -0.02703813082888845 0.0 -0.09568747416265708
13.58 0.2504524000113561 -0.18514070983244418 0.24922439243341982 0.0
13.6 0.2848739064902445 0.07112850892488998 0.13429380100636096 -0.15963859965037436
13.62 0.2068208366979462 0.0 0.1318377858504886 0.18682239625077585
13.64 0.09127624148191921 0.3934466021945067 0.09127624148191921 0.0
13.66 0.12569774796080757 0.0789854961373308 0.0 0.5324269752803756
13.68 0.0 0.7386819104870923 0.12324173280493522 0.24051381350915363
13.7 0.2005106969109422 0.3111118122631314 0.0 0.854375797812978
13.72 0.0 1.0373442472597114 0.2736517363914955 0.426436428852003
13.74 0.270581717446655 0.47374794184599794 0.04686057248221834 1.061738545230738
13.76 0.0 1.244337723940457 0.4193198115636341 0.565416801937872
13.78 0.26505568334594215 0.6803721477897289 0.0044570167467447575 1.2228975918655465
13.8 -0.09540416610737296 1.405127499838251 0.3007051974027665 0.7491237928586341
13.82 0.033966492913888036 0.8404233822134946 -0.02164912283785142 1.3833180970263261
13.84 -0.3252653489614907 1.4738791449071562 0.14521306160713848 0.9539016451172928
13.86 0.0 0.9760803186662326 -0.21401878026824023 1.428783256335248
13.88 -0.4789154733902146 1.4273061733871906 0.0 1.0647950128619903
13.9 -0.21770280300204886 1.0887177383608657 -0.366440897119028 1.358554528318285
13.92 -0.5551265318156082 1.3330524181362153 -0.14271975215459148 1.1766938910825948
13.94 -0.2551943284257779 1.1497146979524673 -0.47952947717918254 1.1493454272154526
13.96 -0.5538985242376722 1.0321744569415088 -0.21708879921308105 1.0579435361254563
13.98 -0.366440897119028 0.8720209207826071 -0.47830146960124637 0.7367332550668828
14.0 -0.5901620420834648 0.528631966175094 -0.2902298386936341 0.5733585840099875
14.02 -0.36398488196315565 0.2979827329973512 -0.4383539290216451 0.2532561151624576
14.04 -0.5127229760801346 0.04700117995574116 -0.2502822981140331 0.11501428355061769
14.06 -0.3240373413835544 0.0 -0.39902039223101204 0.0
14.08 -0.4727754355005335 -0.05106315806290038 -0.21033475753443193 0.0
14.1 -0.32219533001665007 -0.028515213776946338 -0.3215813262276819 0.0
14.12 -0.35784484407347467 -0.028145943039931898 -0.1703872169548306 0.0
14.14 -0.24475626401332012 0.0 -0.24475626401332012 0.0
14.16 -0.24291425264641575 0.0 -0.017965100104042897 0.0
14.18 -0.12982567258626132 0.0019052913838331076 -0.12982567258626132 0.0
14.2 -0.20419471964475083 0.002274562120847576 -0.016123088737138636 0.047370450692755625
14.22 -0.12859766500832503 0.002274562120847576 -0.09110613958459626 0.047370450692755625
14.24 -0.20296671206681455 0.002274562120847576 -0.05300061037189932 0.024822506406801614
14.26 -0.12736965743038886 0.0 -0.12798366121935695 0.024822506406801614
14.28 -0.16424717906514957 0.0 -0.014281077370234263 0.07028766571572412
14.3 -0.08865012442872386 0.002274562120847576 -0.013667073581266231 0.04773972142977011
14.32 -0.08803612063975574 0.002274562120847576 0.007527035691585221 0.04773972142977011
14.34 0.0 0.0 0.04624656869325028 0.04773972142977011
14.36 0.0 0.0 0.04624656869325028 0.04773972142977011
14.38 0.0 0.002643832857862058 0.008755043269521423 0.04773972142977011
14.4 0.0 0.02519177714381607 0.0 0.04773972142977011
14.42 0.0 0.04810899216678456 0.0 0.04773972142977011
14.44 -0.011211058425393827 0.002643832857862058 -0.01243906600333003 0.04773972142977011
14.46 -0.04931658763809074 0.002643832857862058 -0.01243906600333003 0.04773972142977011
14.48 -0.09216404526520938 0.002643832857862058 -0.04993059142705884 0.04773972142977011
14.5 -0.09216404526520938 0.002643832857862058 -0.011825062214361928 0.04773972142977011
14.52 -0.05405851605251247 0.002643832857862058 0.0 0.04773972142977011
14.54 -0.011211058425393827 0.002643832857862058 -0.011211058425393827 0.04773972142977011
14.56 -0.05405851605251247 0.002643832857862058 0.0 0.04773972142977011
14.58 0.0 0.002643832857862058 0.0 0.04773972142977011
14.6 -0.015952986839815553 0.002643832857862058 0.009369047058489524 0.04773972142977011
14.62 0.0 0.002643832857862058 0.0 0.04773972142977011
14.64 -0.011211058425393827 0.02519177714381607 0.08496610169491525 0.04773972142977011
14.66 0.0 0.0 0.08496610169491525 0.04773972142977011
14.68 0.0 0.002643832857862058 0.15994915254237288 0.02519177714381607
14.7 0.0 0.0 0.0843520979059472 0.02519177714381607
14.72 -0.011825062214361928 0.002643832857862058 0.12122961954070782 0.02519177714381607
14.74 0.0 0.0 0.008141039480553364 0.02519177714381607
14.76 -0.04993059142705884 0.0 0.006913031902617078 0.002643832857862058
14.78 0.0 0.0 -0.013667073581266231 0.002643832857862058
14.8 -0.051158599004995045 0.0 0.0 0.0
14.82 0.0 0.0 0.0 0.0
14.84 -0.014281077370234263 0.003013103594876526 0.11815960059586739 0.0
14.86 0.08066807517213859 0.0 0.005685024324680987 0.0
14.88 0.0 0.0 0.3050032239255434 0.0
14.9 0.15380911465269187 0.0 0.04133453838150547 0.0
14.92 0.0 0.0037516450689054903 0.33942473040443166 0.0
14.94 0.2625996681900696 0.0 0.0 0.0008997809079265284
14.96 -0.02164912283785142 0.024186266667909517 0.4535712161451993 0.0
14.98 0.18331859081983543 0.025663349615967418 0.0 0.11585512675978349
15.0 -0.09970219263014951 0.18423750109167453 0.14934098623259212 0.13951088325678096
15.02 -0.1009302002080858 0.3231155724424066 -0.13903572942078274 0.20715471611464303
15.04 -0.43896793281061336 0.25436392737350105 -0.2896158349046661 0.4572954259470872
15.06 -0.7382861324114756 0.5227236343828625 -0.475845454445374 0.2521483029514142
15.08 -0.6983385918318745 0.09098925631660576 -0.6977245880429064 0.4964829827267638
15.1 -1.0368202263260469 0.33669871730487627 -0.5065829381904536 0.0
15.12 -0.6195014163532853 -0.24030921003887995 -1.0325221998032705 0.24170642057987196
15.14 -0.9513991110661315 0.0 -0.5783258681957477 -0.40294533962174633
15.16 -0.38472820318742285 -0.7234170792062906 -1.0286680751721384 -0.11213999006156755
15.18 -0.7588593517384199 -0.3867772996001752 -0.3816581842425823 -0.9074933408640677
15.2 -0.07497193917410244 -1.0675445752878328 -0.830772383641037 -0.4799232426401074
15.22 -0.5634196753631904 -0.6170572620409032 -0.0772578524326521 -1.137773303304796
15.24 0.05948085205622616 -1.3192646698034713 -0.5603496564183503 -0.6628916920868404
15.26 -0.2942249557184395 -0.8218351142995621 0.10004239642479579 -1.2065249483737013
15.28 0.2893420349103441 -1.3418126140894255 -0.17929436429138107 -0.7981793578025647
15.3 -0.14118883507868402 -0.7294277127336595 0.36678110091367405 -1.2057864068996729
15.32 0.36678110091367405 -1.2264879975005543 -0.026872247440593522 -0.7963330041174925
15.34 -0.026872247440593522 -0.7264735468375434 0.4429921593390677 -1.090092519573787
15.36 0.4429921593390677 -1.1337113251976372 0.0 -0.7249964638894855
15.38 0.0 -0.6773156801584763 0.4048866301263711 -0.9056469871789954
15.4 0.36678110091367405 -0.9256100363058479 0.0 -0.6783211906343825
15.42 0.0 -0.6073539211433905 0.365553093335738 -0.7200936425731606
15.44 0.25185050948661497 -0.6498649145561972 0.0 -0.514577248840473
15.46 0.026901356944242394 -0.48870586792138865 0.32621955654510487 -0.4436099793494807
15.48 0.4815415904434101 -0.3046296062636118 0.02505934557733841 -0.3726427098584883
15.5 0.250008498119711 -0.28161008950550637 0.3285054698036544 -0.1434705596288033
15.52 0.44036604228587234 -0.02703813082888845 0.058866848267258465 -0.23356003503748252
15.54 0.2129608745876272 -0.18514070983244418 0.21173286700969113 0.0
15.56 0.2848739064902445 0.07112850892488998 0.13429380100636096 -0.15963859965037436
15.58 0.2068208366979462 0.0 0.09373225663779167 0.20973961127374435
15.6 0.09127624148191921 0.41636381721747523 0.128767766905648 0.0
15.62 0.12569774796080757 0.0789854961373308 0.0 0.5549749195663296
15.64 0.0 0.7386819104870923 0.12324173280493522 0.24051381350915363
15.66 0.2005106969109422 0.33365975654908536 0.0 0.854375797812978
15.68 0.0 1.0373442472597114 0.31114326181522434 0.426436428852003
15.7 0.270581717446655 0.4962958861319517 0.0843520979059472 1.061738545230738
15.72 0.0 1.244337723940457 0.4193198115636341 0.5883340169608406
15.74 0.22695015413324526 0.6803721477897289 0.04194854217047356 1.2458148068885149
15.76 -0.09540416610737296 1.4280447148612194 0.33819672282649554 0.7716717371445883
15.78 0.033966492913888036 0.8404233822134946 -0.02164912283785142 1.3833180970263261
15.8 -0.2877738235377619 1.451331200621202 0.14521306160713848 0.9539016451172928
15.82 0.0 0.9080672150713565 -0.21401878026824023 1.428783256335248
15.84 -0.4789154733902146 1.4273061733871906 0.0 1.0873429571479445
15.86 -0.18021127757831995 1.0661697940749117 -0.3289493716952993 1.381102472604239
15.88 -0.5551265318156082 1.3556003624221693 -0.14271975215459148 1.1763246203455806
15.9 -0.2551943284257779 1.1497146979524673 -0.47952947717918254 1.1493454272154526
15.92 -0.5538985242376722 1.0092572419185404 -0.21708879921308105 1.0579435361254563
15.94 -0.32833536790633094 0.8491037057596384 -0.47830146960124637 0.7367332550668828
15.96 -0.5526705166597359 0.5057147511521256 -0.2527383132699054 0.5733585840099875
15.98 -0.36398488196315565 0.2979827329973512 -0.4383539290216451 0.23070817087650358
16.0 -0.5127229760801346 0.024453235669787132 -0.2502822981140331 0.11501428355061769
16.02 -0.3240373413835544 0.0 -0.36152886680728324 0.0
16.04 -0.4727754355005335 -0.028515213776946338 -0.21033475753443193 0.0
16.06 -0.32219533001665007 -0.028515213776946338 -0.3215813262276819 0.0
16.08 -0.35784484407347467 -0.028145943039931898 -0.1703872169548306 0.0
16.1 -0.16915920937689433 0.0 -0.24475626401332012 0.0
16.12 -0.24291425264641575 0.0 -0.056070629316739784 0.0
16.14 -0.12982567258626132 0.0019052913838331076 -0.12982567258626132 0.0
16.16 -0.20419471964475083 0.002274562120847576 -0.05422861794983558 0.047370450692755625
16.18 -0.12859766500832503 0.002274562120847576 -0.09110613958459626 0.047370450692755625
16.2 -0.16547518664308575 0.002274562120847576 -0.05300061037189932 0.024822506406801614
16.22 -0.12736965743038886 0.0 -0.12798366121935695 0.024822506406801614
16.24 -0.16424717906514957 0.0 -0.014281077370234263 0.07028766571572412
16.26 -0.051158599004995045 0.002274562120847576 0.0 0.04773972142977011
16.28 -0.08803612063975574 0.002274562120847576 0.007527035691585221 0.04773972142977011
16.3 0.0 0.0 0.04624656869325028 0.04773972142977011
16.32 0.0 0.0 0.04624656869325028 0.04773972142977011
16.34 0.0 0.002643832857862058 0.008755043269521423 0.04773972142977011
16.36 0.0 0.04773972142977011 0.008141039480553364 0.04773972142977011
16.38 0.0 0.04810899216678456 0.0 0.04773972142977011
16.4 -0.011211058425393827 0.002643832857862058 -0.01243906600333003 0.04773972142977011
16.42 -0.04931658763809074 0.002643832857862058 -0.01243906600333003 0.02519177714381607
16.44 -0.04931658763809074 0.002643832857862058 -0.04993059142705884 0.04773972142977011
16.46 -0.04931658763809074 0.002643832857862058 -0.04931658763809074 0.04773972142977011
16.48 -0.09216404526520938 0.002643832857862058 -0.011825062214361928 0.02519177714381607
16.5 -0.011211058425393827 0.002643832857862058 0.0 0.02519177714381607
16.52 -0.05405851605251247 0.002643832857862058 0.0 0.02519177714381607
16.54 0.0 0.002643832857862058 0.0 0.04773972142977011
16.56 0.0 0.002643832857862058 0.009369047058489524 0.02519177714381607
16.58 0.0 0.002643832857862058 0.009369047058489524 0.04773972142977011
16.6 -0.011211058425393827 0.002643832857862058 0.12245762711864411 0.04773972142977011
16.62 0.0 0.0 0.08496610169491525 0.04773972142977011
16.64 0.0 0.0 0.15994915254237288 0.02519177714381607
16.66 0.0 0.0 0.0843520979059472 0.02519177714381607
16.68 -0.011825062214361928 0.002643832857862058 0.08373809411697905 0.02519177714381607
16.7 0.0 0.0 0.0 0.002643832857862058
16.72 -0.01243906600333003 0.0 0.006913031902617078 0.0
16.74 0.0 0.0 -0.013667073581266231 0.0
16.76 -0.051158599004995045 0.0 0.0 0.0
16.78 0.0 0.0 0.0 0.0
16.8 -0.014281077370234263 0.003013103594876526 0.15565112601959624 0.0
16.82 0.08066807517213859 0.0 0.005685024324680987 0.0
16.84 0.0 0.0033823743318910082 0.3050032239255434 0.0
16.86 0.15380911465269187 0.0 0.07882606380523416 0.0
16.88 0.0 0.0037516450689054903 0.33942473040443166 0.0
16.9 0.2625996681900696 0.0 0.0 0.0008997809079265284
16.92 -0.02164912283785142 0.024186266667909517 0.4535712161451993 0.0
16.94 0.14582706539610674 0.025663349615967418 0.0 0.09330718247382946
16.96 -0.09970219263014951 0.1616895568057205 0.10649352860547362 0.13951088325678096
16.98 -0.1009302002080858 0.30056762815645255 -0.13903572942078274 0.20715471611464303
17.0 -0.43896793281061336 0.23181598308754703 -0.2896158349046661 0.4798433702330413
17.02 -0.7382861324114756 0.49980641935989395 -0.4383539290216451 0.2521483029514142
17.04 -0.7364441210445714 0.09098925631660576 -0.6977245880429064 0.5222520619107112
17.06 -1.0368202263260469 0.35924666159083035 -0.5065829381904536 0.0
17.08 -0.6195014163532853 -0.24030921003887995 -1.0325221998032705 0.24133714984285742
17.1 -0.9513991110661315 0.0 -0.5783258681957477 -0.4254932839077004
17.12 -0.38472820318742285 -0.7008691349203366 -0.9911765497484097 -0.1125092607985822
17.14 -0.7588593517384199 -0.364229355314221 -0.3816581842425823 -0.8849453965781138
17.16 -0.07497193917410244 -1.067913846024847 -0.7932808582173081 -0.5250191312120152
17.18 -0.5259281499394617 -0.6621531506128113 -0.0772578524326521 -1.1603212475907503
17.2 0.05948085205622616 -1.2963474547805034 -0.5603496564183503 -0.6403437478008869
17.22 -0.3323304849311363 -0.7538220107046856 0.06255087100106688 -1.2065249483737013
17.24 0.25185050948661497 -1.3192646698034713 -0.25427741513883845 -0.7530834692306567
17.26 -0.10308330586598718 -0.7519756570196137 0.32928957548994514 -1.2057864068996729
17.28 0.36678110091367405 -1.2494052125235229 -0.026872247440593522 -0.7963330041174925
17.3 -0.026872247440593522 -0.7264735468375434 0.4429921593390677 -1.090092519573787
17.32 0.4429921593390677 -1.111163380911683 0.0 -0.7024485196035313
17.34 0.0 -0.6543984651355077 0.4423781555500998 -0.9056469871789954
17.36 0.40427262633740274 -0.9256100363058479 0.0 -0.6783211906343825
17.38 0.0 -0.6299018654293445 0.365553093335738 -0.7200936425731606
17.4 0.25185050948661497 -0.6498649145561972 0.0 -0.514577248840473
17.42 0.026901356944242394 -0.48870586792138865 0.32621955654510487 -0.4436099793494807
17.44 0.44343606123071305 -0.3046296062636118 0.06255087100106688 -0.3726427098584883
17.46 0.250008498119711 -0.3041580337914604 0.3285054698036544 -0.1434705596288033
17.48 0.44036604228587234 -0.02703813082888845 0.10171430589437697 -0.23356003503748252
17.5 0.2129608745876272 -0.18514070983244418 0.24922439243341982 0.0
17.52 0.2848739064902445 0.07112850892488998 0.13429380100636096 -0.15963859965037436
17.54 0.2068208366979462 0.0 0.16932931127421752 0.16427445196482177
17.56 0.09127624148191921 0.41636381721747523 0.128767766905648 0.0
17.58 0.12569774796080757 0.12445065544625339 0.013837175478589203 0.5324269752803756
17.6 0.0 0.7161339662011383 0.12324173280493522 0.19504865420023126
17.62 0.1630191714872134 0.3111118122631314 0.0 0.876923742098932
17.64 0.0 1.0147963029737574 0.31114326181522434 0.40388848456604903
17.66 0.270581717446655 0.47374794184599794 0.04686057248221834 1.061738545230738
17.68 0.0 1.266885668226411 0.4193198115636341 0.5883340169608406
17.7 0.22695015413324526 0.6581934742407896 0.0044570167467447575 1.2458148068885149
17.72 -0.09540416610737296 1.3825795555522968 0.33819672282649554 0.7720410078816029
17.74 0.07207202212658498 0.7949582229045713 -0.02164912283785142 1.3833180970263261
17.76 -0.3252653489614907 1.4738791449071562 0.14521306160713848 0.9309844300943244
17.78 -0.027789160727532403 0.9531631036432646 -0.21401878026824023 1.40586604131228
17.8 -0.4789154733902146 1.404388958364222 0.0 1.0647950128619903
17.82 -0.18021127757831995 1.0661697940749117 -0.3289493716952993 1.358554528318285
17.84 -0.5551265318156082 1.3330524181362153 -0.14271975215459148 1.1766938910825948
17.86 -0.2551943284257779 1.1497146979524673 -0.5176350063918793 1.1493454272154526
17.88 -0.5538985242376722 1.0321744569415088 -0.21708879921308105 1.0579435361254563
17.9 -0.29084384248260226 0.8491037057596384 -0.47830146960124637 0.7138160400439144
17.92 -0.5901620420834648 0.5057147511521256 -0.21463278405720837 0.5733585840099875
17.94 -0.36398488196315565 0.27506551797438267 -0.4383539290216451 0.23070817087650358
17.96 -0.5127229760801346 0.024453235669787132 -0.21217676890133613 0.11501428355061769
17.98 -0.3240373413835544 0.0 -0.39902039223101204 0.0
18.0 -0.4727754355005335 -0.028515213776946338 -0.24782628295816062 0.0
18.02 -0.32219533001665007 -0.028515213776946338 -0.3215813262276819 0.0
18.04 -0.3959503732861715 -0.028145943039931898 -0.20849274616752744 0.0
18.06 -0.20726473858959127 0.0 -0.24475626401332012 0.0
18.08 -0.24291425264641575 0.0 -0.056070629316739784 0.0
18.1 -0.12982567258626132 0.0 -0.12982567258626132 0.0
18.12 -0.20419471964475083 0.002274562120847576 -0.05422861794983558 0.024453235669787132
18.14 -0.12859766500832503 0.002274562120847576 -0.09110613958459626 0.047370450692755625
18.16 -0.20296671206681455 0.002274562120847576 -0.05300061037189932 0.024822506406801614
18.18 -0.12736965743038886 0.0 -0.12798366121935695 0.024822506406801614
18.2 -0.16424717906514957 0.002274562120847576 -0.014281077370234263 0.07028766571572412
18.22 -0.051158599004995045 0.002274562120847576 -0.013667073581266231 0.04773972142977011
18.24 -0.08803612063975574 0.002274562120847576 0.007527035691585221 0.04773972142977011
18.26 0.0 0.0 0.08373809411697905 0.04773972142977011
18.28 0.0 0.0 0.04624656869325028 0.04773972142977011
18.3 0.0 0.002643832857862058 0.008755043269521423 0.04773972142977011
18.32 0.0 0.02519177714381607 0.008141039480553364 0.04773972142977011
18.34 -0.011211058425393827 0.07102620718975305 0.0 0.04773972142977011
18.36 -0.09216404526520938 0.002643832857862058 -0.050544595216026944 0.04773972142977011
18.38 -0.04931658763809074 0.002643832857862058 -0.08803612063975574 0.04773972142977011
18.4 -0.09216404526520938 0.002643832857862058 -0.04993059142705884 0.04773972142977011
18.42 -0.09216404526520938 0.002643832857862058 -0.04931658763809074 0.04773972142977011
18.44 -0.05405851605251247 0.002643832857862058 -0.011825062214361928 0.04773972142977011
18.46 -0.011211058425393827 0.002643832857862058 0.0 0.04773972142977011
18.48 -0.015952986839815553 0.002643832857862058 0.0 0.04773972142977011
18.5 0.0 0.002643832857862058 0.0 0.04773972142977011
18.52 0.0 0.002643832857862058 0.009369047058489524 0.04773972142977011
18.54 0.0 0.002643832857862058 0.009369047058489524 0.04773972142977011
18.56 -0.011211058425393827 0.02519177714381607 0.08496610169491525 0.04773972142977011
18.58 0.0 0.0 0.08496610169491525 0.04773972142977011
18.6 0.0 0.0 0.15994915254237288 0.02519177714381607
18.62 0.0 0.0 0.0843520979059472 0.02519177714381607
18.64 -0.011825062214361928 0.0 0.08373809411697905 0.02519177714381607
18.66 0.0 0.002643832857862058 0.008141039480553364 0.02519177714381607
18.68 -0.04993059142705884 0.0 0.006913031902617078 0.002643832857862058
18.7 0.0 0.0 -0.013667073581266231 0.002643832857862058
18.72 -0.051158599004995045 0.0 0.0 0.0
18.74 0.0 0.0 0.0 0.0
18.76 -0.014281077370234263 0.003013103594876526 0.11815960059586739 0.0
18.78 0.08066807517213859 0.0 0.005685024324680987 0.0
18.8 0.0 0.0 0.3050032239255434 0.0
18.82 0.15380911465269187 0.0 0.07882606380523416 0.0
18.84 -0.017965100104042897 0.0037516450689054903 0.33942473040443166 0.0
18.86 0.2625996681900696 0.0 0.0007729940129361235 0.049586075114842476
18.88 -0.02164912283785142 0.024186266667909517 0.4160796907214706 0.0
18.9 0.18393259460880357 0.025663349615967418 0.0 0.11585512675978349
18.92 -0.09970219263014951 0.18423750109167453 0.10649352860547362 0.13951088325678096
18.94 -0.1009302002080858 0.30056762815645255 -0.13903572942078274 0.20715471611464303
18.96 -0.43896793281061336 0.25436392737350105 -0.32710736032839477 0.4798433702330413
18.98 -0.7382861324114756 0.49980641935989395 -0.475845454445374 0.2296003586654602
19.0 -0.7364441210445714 0.11353720060255978 -0.6977245880429064 0.4964829827267638
19.02 -0.9993287009023182 0.35924666159083035 -0.5065829381904536 0.0
19.04 -0.5820098909295564 -0.24030921003887995 -1.0325221998032705 0.21878920555690345
19.06 -0.9895046402788286 0.0 -0.5783258681957477 -0.4254932839077004
19.08 -0.3466226739747259 -0.7234170792062906 -1.0292820789611066 -0.11213999006156755
19.1 -0.7588593517384199 -0.364229355314221 -0.3816581842425823 -0.8849453965781138
19.12 -0.07497193917410244 -1.067913846024847 -0.8313863874300049 -0.5250191312120152
19.14 -0.5634196753631904 -0.6621531506128113 -0.11474937785638056 -1.137773303304796
19.16 0.05948085205622616 -1.2963474547805034 -0.5603496564183503 -0.6858089071098095
19.18 -0.3323304849311363 -0.7763699549906398 0.10004239642479579 -1.2065249483737013
19.2 0.25185050948661497 -1.3188953990664576 -0.25427741513883845 -0.7756314135166109
19.22 -0.06559178044225805 -0.7294277127336595 0.36678110091367405 -1.182869191876704
19.24 0.36678110091367405 -1.2494052125235229 -0.06436377286432221 -0.7734157890945241
19.26 0.0 -0.7264735468375434 0.4804836847627964 -1.1126404638597407
19.28 0.4804836847627964 -1.111163380911683 0.0 -0.7475444081754394
19.3 0.0 -0.6543984651355077 0.4423781555500998 -0.9056469871789954
19.32 0.36678110091367405 -0.9256100363058479 0.0 -0.6783211906343825
19.34 -0.029328262596465426 -0.6073539211433905 0.40365862254843504 -0.7200936425731606
19.36 0.2893420349103441 -0.6269476995332288 0.0 -0.5371251931264271
19.38 0.06439288236797086 -0.48870586792138865 0.363711081968834 -0.4436099793494807
19.4 0.44343606123071305 -0.3046296062636118 0.06255087100106688 -0.3722734391214738
19.42 0.250008498119711 -0.3041580337914604 0.3285054698036544 -0.1660185039147573
19.44 0.44036604228587234 -0.02703813082888845 0.10171430589437697 -0.2561079793234366
19.46 0.2129608745876272 -0.18514070983244418 0.24922439243341982 0.0
19.48 0.2848739064902445 0.093676453210844 0.13429380100636096 -0.15963859965037436
19.5 0.2068208366979462 -0.020658226564505444 0.16932931127421752 0.18682239625077585
19.52 0.09127624148191921 0.3938158729315212 0.128767766905648 0.0
19.54 0.12569774796080757 0.10190271116029942 0.0 0.5324269752803756
19.56 0.010767156533748767 0.7386819104870923 0.12324173280493522 0.21796586922319966
19.58 0.2005106969109422 0.3111118122631314 0.0 0.854375797812978
19.6 0.0 0.991879087950789 0.31114326181522434 0.40388848456604903
19.62 0.270581717446655 0.45083072682302977 0.0843520979059472 1.061738545230738
19.64 0.0 1.244337723940457 0.4193198115636341 0.565416801937872
19.66 0.26505568334594215 0.6803721477897289 0.08005407138317044 1.2003496475795925
19.68 -0.1328956915311018 1.4280447148612194 0.33881072661546346 0.7491237928586341
19.7 0.07207202212658498 0.8404233822134946 -0.02164912283785142 1.3836873677633401
19.72 -0.2877738235377619 1.4738791449071562 0.14521306160713848 0.9313537008313388
19.74 0.0 0.9531631036432646 -0.21401878026824023 1.451700471358217
19.76 -0.4789154733902146 1.4273061733871906 0.0 1.0877122278849591
19.78 -0.18021127757831995 1.0887177383608657 -0.366440897119028 1.381102472604239
19.8 -0.5551265318156082 1.3556003624221693 -0.14271975215459148 1.1537766760596266
19.82 -0.2551943284257779 1.1497146979524673 -0.47952947717918254 1.1267974829294984
19.84 -0.5538985242376722 1.0321744569415088 -0.21708879921308105 1.0579435361254563
19.86 -0.32833536790633094 0.8720209207826071 -0.47830146960124637 0.7138160400439144
19.88 -0.5901620420834648 0.48279753612915705 -0.2527383132699054 0.5733585840099875
19.9 -0.36398488196315565 0.27506551797438267 -0.4008624035979164 0.2532561151624576
19.92 -0.5502145015038635 0.04700117995574116 -0.21217676890133613 0.1375622278365717
19.94 -0.3240373413835544 0.0 -0.3234233375945864 0.0
19.96 -0.4727754355005335 -0.028515213776946338 -0.21033475753443193 0.0
19.98 -0.32219533001665007 -0.028515213776946338 -0.3215813262276819 0.0
20.0 -0.35784484407347467 -0.028145943039931898 -0.1703872169548306 0.0
