0.0 0.0 -0.010123645871974929 -0.011569880996542775 0.0
0.02 0.0 -0.010123645871974929 -0.011569880996542775 0.011569880996542775
0.04 0.08098916697579943 0.08243540210036727 -0.16799451818268396 -0.16654828305811611
0.06 0.051507482914872706 0.07231175622839235 -0.033435878870188784 -0.06791427812700337
0.08 0.18489338636054292 0.2048084061190645 -0.272930876627453 -0.27703833826834284
0.1 0.038374219610907395 0.09789456930233062 0.014293727418478204 -0.02018467183833641
0.12 0.12380965436169719 0.1639719658641686 -0.14322835570404624 -0.16758310908888588
0.14 0.006772171672988402 0.04693448317545979 0.1263514103865717 0.09841045555415505
0.16 0.08953984575878393 0.12046776494427851 -0.07004655009415639 -0.052922972332155954
0.18 -0.009918105850969217 0.011775421017548474 0.17078098451023285 0.1529636755497912
0.2 0.06272592236285139 0.08353019567637106 -0.017460825416400986 -0.031691932929265726
0.22 -0.02749763692992486 -0.01592775593338208 0.18645832714766544 0.1529636755497912
0.24 0.043367884173899654 0.06506141104241735 -0.018444573075341388 -0.037245629694723385
0.26 -0.04685567511887666 -0.035285794122333874 0.17535093361675014 0.1575336246563085
0.28 0.024009845984947858 0.05493776517044243 -0.019428320734281745 -0.03267568058820613
0.3 -0.06621371330782842 -0.035285794122333874 0.1642435400858348 0.14087253435993552
0.32 0.0138862001129729 0.05493776517044243 -0.03608941103065472 -0.0493367708845791
0.34 -0.06710296686282652 -0.02605140180535699 0.127335158045512 0.11408779819158761
0.36 0.012996946557974873 0.054048511615444314 -0.03707315868959502 -0.05032051854351946
0.38 -0.07722661273480146 -0.03617504767733192 0.13190510715202924 0.12878139317007983
0.4 0.022231338874951708 0.0439248657434694 -0.026487025351992644 -0.045750569437002106
0.42 -0.0486341822288728 -0.037064301232330024 0.1309213594930889 0.10755035376718967
0.44 0.021342085319953637 0.05227000450544821 -0.03759441888290801 -0.04216436798942526
0.46 -0.049523435783870855 -0.018595516598376303 0.11981396596217361 0.11669025198022423
0.48 0.020452831764955562 0.06150439682242507 -0.0330244697763907 -0.031578234651822884
0.5 -0.05041268933886895 -0.009361124281399444 0.1087065724312583 0.10558285844930887
0.52 0.03892161639890928 0.06061514326742697 -0.02943826832881376 -0.042685628182738196
0.54 -0.0218202588329403 -0.00012673196442258334 0.10216912800686029 0.09904541402491084
0.56 0.038032362843911253 0.06984953558440385 -0.030422015987754163 -0.03354572996970359
0.58 -0.02270951238793835 0.0091076603525543 0.09106173447594497 0.09806166636597048
0.6 0.03714310928891318 0.05883663615743087 -0.02128211777471961 -0.04008317439410165
0.62 -0.013475120070961466 -0.001905239074418684 0.09007798681700459 0.0712769301976226
0.64 0.02701946341693827 0.06807102847440771 -0.03794320807109258 -0.04106692205304201
0.66 -0.01436437362595954 0.007329153242558152 0.06786319975517396 0.05461583990124962
0.68 0.03536460217891701 0.05705812904743472 -0.034357006623515686 -0.04760436647744007
0.7 -0.005129981308982704 0.006439899687560055 0.05120210945880099 0.0582020413488265
0.72 0.03447534862391896 0.056168875492436675 -0.04089445104791372 -0.04401816502986315
0.74 -0.016142880735955687 0.0249086843215138 0.04466466503440298 0.04709464781791121
0.76 0.033586095068920886 0.054390368382440525 -0.037308249600336844 -0.050555609454261206
0.78 0.0023259038979980317 0.013895784894540813 0.038127220610004946 0.04055720339351317
0.8 0.04193123383089967 0.05350111482744245 -0.05396933989670977 -0.04696940800668431
0.82 0.0014366503429999577 0.023130177211517673 0.02701982707908968 0.01834241633168259
0.84 0.04104198027590162 0.0627355071444193 -0.0347057958117003 -0.05350685243108232
0.86 0.019905434976953667 0.041598961845471384 0.026036079420149252 0.011804971907284533
0.88 0.03926347316590547 0.0710806459063981 -0.02556589759866575 -0.049920650983505406
0.9 0.008892535549980693 0.040709708290473316 0.013944938230293582 0.005267527482886496
0.92 0.04760861192788426 0.07019139235140004 -0.03308708968200417 -0.030657106898495937
0.94 0.027361320183934414 0.049054847052452104 0.0018537970404379008 -0.0012699169415115404
0.96 0.046719358372886204 0.058289239369428966 -0.019377242362452345 -0.03262460221637668
0.98 0.02647206662893634 0.04816559349745406 -0.00011369827744284666 -0.04928569251274963
1.0 0.0357064589459132 0.05739998581443091 -0.02134473768033308 -0.050269440171690036
1.02 0.024693559518940204 0.05651073225943284 -0.022328485339273473 -0.04112954195865548
1.04 0.02380430596394213 0.05562147870443476 -0.0288659297636715 -0.03198964374562093
1.06 0.03303869828091899 0.054732225149436695 -0.03441962652912915 -0.043097037276536236
1.08 0.03214944472592093 0.06396661746641355 -0.035403374188069534 -0.05420443080745154
1.1 0.04138383704289779 0.06396661746641355 -0.05663441359095976 -0.07543547021034176
1.12 0.04138383704289779 0.0732010097833904 -0.05206446448444249 -0.0708655211038245
1.14 0.06074187523184957 0.0630773639114155 -0.05206446448444249 -0.0708655211038245
1.16 0.050618229359874645 0.07231175622839235 -0.05206446448444249 -0.0708655211038245
1.18 0.050618229359874645 0.07231175622839235 -0.05206446448444249 -0.0708655211038245
1.2 0.050618229359874645 0.07231175622839235 -0.062188110356417414 -0.0708655211038245
1.22 0.06074187523184957 0.07231175622839235 -0.05206446448444249 -0.0708655211038245
1.24 0.050618229359874645 0.062188110356417414 -0.05206446448444249 -0.0708655211038245
1.26 0.050618229359874645 0.062188110356417414 -0.05206446448444249 -0.0708655211038245
1.28 0.06074187523184957 0.062188110356417414 -0.07231175622839235 -0.0708655211038245
1.3 0.06074187523184957 0.062188110356417414 -0.062188110356417414 -0.0708655211038245
1.32 0.11136010459172423 0.062188110356417414 -0.12292998558826698 -0.0708655211038245
1.34 0.09200206640277243 0.062188110356417414 -0.08145165444142691 -0.0708655211038245
1.36 0.163756841061595 0.07231175622839235 -0.1402260343553957 -0.08098916697579943
1.38 0.08632468830578785 0.062188110356417414 -0.05171567529625788 -0.08098916697579943
1.4 0.16998161594658148 0.062188110356417414 -0.1353072960606938 -0.0708655211038245
1.42 0.0824258173187994 0.062188110356417414 -0.01087230262017354 -0.0708655211038245
1.44 0.17765262595613582 0.05206446448444249 -0.10557131691552482 -0.0708655211038245
1.46 0.05827965458786107 0.05206446448444249 0.028003574738030012 -0.0708655211038245
1.48 0.1636301090971724 0.05206446448444249 -0.0722491363227789 -0.0708655211038245
1.5 0.043367884173899654 0.062188110356417414 0.05021836179986064 -0.0708655211038245
1.52 0.12758179338426304 0.04194081861246756 -0.03632450194139646 -0.0708655211038245
1.54 0.007319568460990238 0.05206446448444249 0.05478831090637792 -0.0708655211038245
1.56 0.09987861643333244 0.04194081861246756 0.0077562829940801435 -0.0708655211038245
1.58 -0.011149216172963433 0.04194081861246756 0.04171342205758186 -0.0708655211038245
1.6 0.07039693237240578 0.03181717274049263 0.003821292358318648 -0.0708655211038245
1.62 -0.02216211559993642 0.03181717274049263 0.011977442912412834 -0.0708655211038245
1.64 0.03913674120148289 0.021693526868517703 0.024703542573024276 -0.0708655211038245
1.66 -0.034064268581907524 0.021693526868517703 -0.007634890360781269 -0.0708655211038245
1.68 0.004651807795996063 0.0 0.0672793196562476 -0.0708655211038245
1.7 -0.028386890484922937 0.011569880996542775 -0.0009837476589403783 -0.0708655211038245
1.72 -0.000683713533992357 -0.020247291743949857 0.09828521574292816 -0.0708655211038245
1.74 -0.013475120070961466 -0.010123645871974929 -0.021579828591074858 -0.0708655211038245
1.76 0.003215157452996106 -0.030370937615924784 0.09695267889580317 -0.0708655211038245
1.78 0.019905434976953667 -0.011012899426972996 -0.06340694892609958 -0.0708655211038245
1.8 0.006224774884986483 -0.03214944472592093 0.050555609454261206 -0.06074187523184957
1.82 0.03392795183591706 -0.0026677606649942046 -0.1143739674741588 -0.06074187523184957
1.84 -0.009234392316976859 -0.05328599002486884 0.0263733270745498 -0.06074187523184957
1.86 0.010123645871974929 -0.013680660091967207 -0.12744885632295488 -0.06074187523184957
1.88 -0.05384297159443863 -0.04494085126289006 -0.016088751731230647 -0.050618229359874645
1.9 0.004231142972416739 0.003898870986988451 -0.15880354159782006 -0.050618229359874645
1.92 -0.038931201180477194 -0.05773225779985919 -0.07683062696308025 -0.030370937615924784
1.94 0.03939020513032805 -0.008892535549980693 -0.16695969215191422 -0.030370937615924784
1.96 -0.01300653133954274 -0.10089460195275311 -0.11894391658067607 0.0
1.98 0.06620412852626055 -0.04104198027590162 -0.14636361121977973 -0.010123645871974929
2.0 0.004572999739412906 -0.15418059197762196 -0.15955219834601866 0.030833425081552252
2.02 0.0837836596052162 -0.036253855733915104 -0.11512262422235743 -0.010644906065287837
2.04 0.0027944926294167817 -0.18209889373112614 -0.1866231037969377 0.033435878870188784
2.06 0.07277076017824317 -0.03324423830192474 -0.09157530031340183 -0.039397137551516484
2.08 -0.0091076603525543 -0.15973123811018397 -0.1134412981870478 0.01480729325593507
2.1 0.0709922530682471 0.009370709062967332 -0.024930939127910005 -0.06259567227228748
2.12 -0.010886167462550424 -0.014101324915546554 -0.048764432319436744 -0.0727193181442624
2.14 0.07844813827522779 0.10793940711772236 0.007407493805895546 -0.0944128450127801
2.16 0.027829908915353137 0.1409781053986414 -0.01382354559699469 -0.17800446577721607
2.18 0.10792982233615453 0.15554801904560667 0.005439998488014786 -0.11888129667506261
2.2 0.06832449240325285 0.27368988009188716 -0.01122109180835816 -0.2576610959058905
2.22 0.11983197531812559 0.1896910956840973 -0.01220483946729854 -0.09533397276610701
2.24 0.09035029125719887 0.32841252045975594 -0.0288659297636715 -0.23359251180362195
2.26 0.12249973598311976 0.20391915256406642 -0.02429598065715423 -0.009077278307421093
2.28 0.0837836596052162 0.35421045833626785 -0.029849677422611878 -0.14374961589735918
2.3 0.09657506614218533 0.15829458776718403 -0.035403374188069534 0.06410452730246875
2.32 0.05785898976428176 0.30858589353938537 -0.040957070953527186 -0.09376634500824031
2.34 0.05963749687427791 0.07362167460696971 -0.03638712184700991 0.09644296023627436
2.36 0.040279458685326106 0.240046276333559 -0.03638712184700991 -0.036148183758340134
2.38 0.051292358112299104 0.0033035502911471296 -0.04194081861246756 0.08990551581187628
2.4 0.03193431992334732 0.16794964490774025 -0.04194081861246756 -0.014282185884694128
2.42 0.032823573478345386 -0.051213550055715956 -0.04194081861246756 0.05461583990124962
2.44 0.0134655352893936 0.10153039157890606 -0.05206446448444249 0.025863608415020962
2.46 0.024478434716366595 -0.0798059805616445 -0.05206446448444249 0.01735866867274219
2.48 0.004231142972416739 0.06103580809100632 -0.05206446448444249 0.049348312418363106
2.5 0.024478434716366595 -0.09170813354361565 -0.05206446448444249 -0.005204907577273036
2.52 0.004231142972416739 0.007749818066137547 -0.04194081861246756 0.09452654329022296
2.54 0.024478434716366595 -0.08603075544663105 -0.04194081861246756 0.015156082444119673
2.56 0.004231142972416739 -0.01961150211779696 -0.04194081861246756 0.14381223580297264
2.58 0.033712827033343454 -0.07523298082223173 -0.04194081861246756 -0.023084836443328136
2.6 0.0033418894174186654 -0.039184665109322364 -0.04194081861246756 0.10458756925658438
2.62 0.033712827033343454 -0.04363093288431268 -0.04194081861246756 -0.10280408647761602
2.64 -0.006781756454556256 -0.018595516598376303 -0.03181717274049263 0.061776701262619346
2.66 0.032823573478345386 -0.012918138501391691 -0.03181717274049263 -0.1335238132817254
2.68 -0.017794655881529252 -0.017364406276382038 -0.021693526868517703 0.012777178032440838
2.7 0.021810674051372384 0.02880755530850226 -0.03181717274049263 -0.17141594298098858
2.72 -0.04994410060745018 -0.004231142972416739 -0.021693526868517703 -0.05450214162380682
2.74 -0.000215124802573607 0.02347203397851384 -0.01712357776200043 -0.18610953795948088
2.76 -0.0820935453333711 -0.050618229359874645 -0.011107393530915307 -0.12797011651626777
2.78 0.006351506849409054 -0.021136545298947925 -0.022677274527458085 -0.18119079966477894
2.8 -0.11691075072428625 -0.0928913199577705 0.013709847319551825 -0.18784194236661983
2.82 0.030497669580347386 -0.034817205390915124 -0.027768483827288266 -0.14242862058401823
2.84 -0.1254710142888386 -0.10835048715973383 0.021865997873646 -0.1982517575211659
2.86 0.03350728701233777 -0.010671042659976818 -0.05096701854805926 -0.11234385225066461
2.88 -0.14181943504580005 -0.0740806785568206 0.00879110902484992 -0.16458078774023538
2.9 0.008813727493397584 0.024488019497934475 -0.07416555326883024 -0.06496303515018223
2.92 -0.02389269880209314 -0.038032362843911253 -0.08984289590626282 -0.06299553983230148
2.94 0.08802438735920082 0.061425588765841935 -0.10598272600932288 0.008853728930463394
2.96 0.15054476970104658 -0.00020554002100569337 -0.1895743467737588 -0.016947259578944118
2.98 0.21395440559789033 0.09001801927177057 -0.11477383503417281 0.002316284506065369
3.0 0.32108336721719777 0.049523435783870855 -0.24799993749954305 -0.030022148427740168
3.02 0.2472082286813829 0.10103091869874357 -0.07554916848778465 -0.03100589608668055
3.04 0.37758451469506277 0.06231484232084001 -0.1921141806567819 -0.04766698638305351
3.06 0.19501703223251787 0.08434064117478596 0.036508514480308805 -0.04865073404199389
3.08 0.33696319924274054 0.035500918924907504 -0.12396481161903677 -0.05420443080745154
3.1 0.10377748742032093 0.0676503636508284 0.0783356348153335 -0.04408078493547661
3.12 0.26274620393992937 0.04829232546187661 -0.0592879457514257 -0.0597581275729092
3.14 0.007534693263563892 0.06942887076082453 0.10512037098368145 -0.04963448170093426
3.16 0.173959294990153 0.05007083257187275 -0.022900823904415796 -0.06531182433836684
3.18 -0.07379633047923172 0.05184933968186889 0.10315287566580064 -0.06074187523184957
3.2 0.1102078023263131 0.01313326330396531 0.009088819841205168 -0.06074187523184957
3.22 -0.09972100032016618 -0.005335521329988409 0.0779868456271489 -0.06074187523184957
3.24 0.07238097950340763 -0.044051597707891986 0.03911096826894533 -0.06074187523184957
3.26 -0.11907903850911797 -0.03303869828091899 0.04072967439864146 -0.06074187523184957
3.28 0.011639104271558072 -0.02380430596394213 0.0727193181442624 -0.06074187523184957
3.3 -0.15033922968004076 0.014911770413961446 0.028289744020601172 -0.06074187523184957
3.32 -0.051770531625285755 0.014022516858963373 0.12246749812263953 -0.06074187523184957
3.34 -0.14788659381762026 0.053627846791865025 0.01729604876712873 -0.06074187523184957
3.36 -0.06900820593724526 0.033380555047915164 0.12472116272309143 -0.06074187523184957
3.38 -0.125518938196678 0.04439345447488816 -0.0578532521606419 -0.06074187523184957
3.4 -0.07011258429481688 0.003898870986988451 0.09562014204867819 -0.040494583487899714
3.42 -0.06532445975283037 0.024146162730938305 -0.10066412015460699 -0.040494583487899714
3.44 -0.06053633521084386 -0.006224774884986483 0.04823932494819581 -0.040494583487899714
3.46 -0.015253627180957638 0.014022516858963373 -0.1627385322335815 -0.050618229359874645
3.48 -0.029823540827922893 -0.046719358372886204 0.00380975082453455 -0.020247291743949857
3.5 0.016348420756961406 -0.007114028439984545 -0.19507696516738707 -0.030370937615924784
3.52 -0.036937569267907436 -0.0788688030988071 -0.07260946704474752 -0.010123645871974929
3.54 0.010123645871974929 -0.029139827293930536 -0.20878681248693898 -0.020247291743949857
3.56 -0.0630773639114155 -0.13126553956867787 -0.1708946827876757 0.006016184231085122
3.58 -0.00500324934456012 -0.04282048738589774 -0.19276068066132174 -0.016661090296372957
3.6 -0.04816559349745406 -0.15684835264261615 -0.20398177246967986 0.029849677422611878
3.62 0.030155812813351182 -0.01956357820995751 -0.1428911080496457 -0.02730599636166079
3.64 -0.04337746895546752 -0.18565590795111842 -0.22353148583726049 0.052699422955198263
3.66 0.04595683678231069 -0.01655396077796712 -0.10725264295083442 -0.04038088521045687
3.68 -0.03770009085848296 -0.16328825233017621 -0.13825853903751498 0.034070837340944536
3.7 0.06175786075127021 0.02461475146235708 -0.012839797938054322 -0.07468681346214316
3.72 -0.011775421017548474 -0.01765833913553885 -0.036673291129581065 -0.07011686435562589
3.74 0.08768253059220467 0.10438239289773016 0.025052331761208895 -0.10505775107806795
3.76 0.03617504767733192 0.15766838292259897 0.013944938230293582 -0.19009560696707176
3.78 0.11716421465313137 0.20171998063049099 0.027654785549845403 -0.13097243786491827
3.8 0.05731159297627989 0.30050380348781963 0.005439998488014786 -0.27333843854332307
3.82 0.11894272176312749 0.21739427263502786 -0.0010974459363832264 -0.10088766953156465
3.84 0.09958468357417573 0.35700495096568463 -0.01775853623275619 -0.23359251180362195
3.86 0.12161048242812174 0.20391915256406642 -0.02429598065715423 -0.008093530648480738
3.88 0.09301805192219303 0.3753470036352158 -0.029849677422611878 -0.15288951411039367
3.9 0.09568581258718727 0.16151933000174803 -0.0252797283160946 0.06508827496140916
3.92 0.05696973620928369 0.32048804652135643 -0.040957070953527186 -0.0872289005838422
3.94 0.05874824331927982 0.07628943527196398 -0.046510767718984845 0.09841045555415505
3.96 0.030155812813351182 0.24360329055355118 -0.046510767718984845 -0.041180620330484904
3.98 0.051292358112299104 -0.0032630813608355317 -0.05206446448444249 0.09644296023627436
4.0 0.021810674051372384 0.16371850193532345 -0.04194081861246756 0.00793260117713645
4.02 0.05218161166729717 -0.05689092815270059 -0.05206446448444249 0.0712769301976226
4.04 0.012576281734395525 0.08572936760994665 -0.062188110356417414 0.032401052839419
4.06 0.023589181161368527 -0.10484139684758091 -0.05206446448444249 0.03401975896911513
4.08 0.0134655352893936 0.045234784122046914 -0.05206446448444249 0.05490200918382076
4.1 0.033712827033343454 -0.09738551164060033 -0.05206446448444249 0.010472435060159543
4.12 0.0134655352893936 0.011306832286129843 -0.05206446448444249 0.11477383503417281
4.14 0.033712827033343454 -0.10272103297058867 -0.04194081861246756 0.015156082444119673
4.16 0.0033418894174186654 -0.03541252608675641 -0.04194081861246756 0.15295213401600719
4.18 0.033712827033343454 -0.0919232583461893 -0.04194081861246756 -0.024068584102268517
4.2 0.0033418894174186654 -0.026393258572353133 -0.04194081861246756 0.11829741657613624
4.22 0.032823573478345386 -0.051086818091293375 -0.04194081861246756 -0.09921788503003914
4.24 0.002452635862420603 -0.03617504767733192 -0.03181717274049263 0.07548654858217116
4.26 0.02269992760637046 -0.020374023708372452 -0.03181717274049263 -0.14561495447158115
4.28 -0.02880755530850226 -0.025709545038360825 -0.03181717274049263 0.025503277693052242
4.3 0.020921420496374323 0.020462416546523473 -0.03181717274049263 -0.18906078093630194
4.32 -0.050833354162448253 -0.0134655352893936 -0.01712357776200043 -0.0665932828136624
4.34 -0.0011043783575716691 0.01423764166153698 -0.027247223633975356 -0.20277062825585374
4.36 -0.09399569831534219 -0.040494583487899714 -0.0009837476589403783 -0.13907751004718308
4.38 0.004572999739412906 -0.020247291743949857 -0.028230971292915734 -0.18119079966477894
4.4 -0.1288129037062573 -0.08365692764079365 0.0182797964260691 -0.19796558823859475
4.42 0.018595516598376303 -0.024693559518940204 -0.03887587735820357 -0.13687492381856056
4.44 -0.14838606669778268 -0.0982268412877589 0.03100589608668055 -0.22763894747815033
4.46 0.030839526347343504 -0.009781789104978756 -0.05195076620699965 -0.11136010459172423
4.48 -0.15550009513776722 -0.10356236261774732 0.03262460221637668 -0.15804334331583736
4.5 0.003810478148837368 0.01436437362595954 -0.07057935182125336 -0.04274824808835162
4.52 -0.02833896657708351 -0.04904526227088419 -0.07613304858671101 -0.07670538715185331
4.54 0.10382541132816031 0.059647081655845785 -0.11662763207461072 0.010821224248344153
4.56 0.1460985019260562 0.008139598740973069 -0.18141819621966468 -0.004856118389088414
4.58 0.20950813782289998 0.09836315803374936 -0.13241867298948615 0.01440742569592105
4.6 0.33777364474115534 0.0486341822288728 -0.25453738192394104 -0.007807361365909565
4.62 0.27402215207731545 0.1001416651437455 -0.08208661291218267 -0.009774856683790313
4.64 0.37402750047507044 0.051301942893867004 -0.22034515194969762 -0.0365595928521382
4.66 0.20247291743949858 0.012585866515963415 0.010707525970901282 -0.05322068314851116
4.68 0.3444190844497212 0.04473531124188434 -0.13408845749101167 -0.06432807667942647
4.7 0.11067639105773185 0.06676111009583033 0.08388933158079115 -0.05420443080745154
4.72 0.26096769682993326 0.04740307190687854 -0.06842784396446021 -0.05420443080745154
4.74 0.01676908558054073 0.07866326307780139 0.10610411864262183 -0.0597581275729092
4.76 0.18408294086212798 0.039947186699897816 -0.026487025351992644 -0.05518817846639191
4.78 -0.06367268460725677 0.04172569380989395 0.10969032009019868 -0.05518817846639191
4.8 0.10097341000933635 0.03249130149291709 0.011056315159085927 -0.06074187523184957
4.82 -0.11818978495411984 0.014022516858963373 0.07995434094502966 -0.06074187523184957
4.84 0.0631465871864307 -0.034817205390915124 0.04107846358682606 -0.06074187523184957
4.86 -0.1283134308260947 -0.02380430596394213 0.05282081558849713 -0.06074187523184957
4.88 0.03188639601550789 -0.05328599002486884 0.05443952171819331 -0.06074187523184957
4.9 -0.14021558380806587 -0.013680660091967207 0.02013359346650701 -0.06074187523184957
4.92 -0.030633986326337716 -0.005335521329988409 0.09863400493111277 -0.06074187523184957
4.94 -0.14466185158305622 0.043504200919890094 0.00913989821303455 -0.06074187523184957
4.96 -0.06722969882724907 0.04261494736489203 0.1221187089344549 -0.06074187523184957
4.98 -0.1329748234036588 0.06286223910884188 -0.04477836331184584 -0.050618229359874645
5.0 -0.07756846950179754 0.023256909175940234 0.10869503089747422 -0.040494583487899714
5.02 -0.10226202902073776 0.04439345447488816 -0.08857297896475128 -0.050618229359874645
5.04 -0.06710296686282652 -0.006224774884986483 0.05576051703153422 -0.040494583487899714
5.06 -0.04206755057689014 0.024146162730938305 -0.1450936942782682 -0.040494583487899714
5.08 -0.037279426034903605 -0.02647206662893634 0.005777246142415357 -0.030370937615924784
5.1 -0.0012311103219942406 -0.006224774884986483 -0.17841587487101418 -0.040494583487899714
5.12 -0.0351590621579113 -0.07797954954380906 -0.06607202262034956 -0.020247291743949857
5.14 0.011902152981971064 -0.028250573738932486 -0.2078030648279986 -0.020247291743949857
5.16 -0.062188110356417414 -0.12948703245868176 -0.13953999751281054 0.006016184231085122
5.18 -0.013348388106538912 -0.04104198027590162 -0.18720698389586407 -0.011107393530915307
5.2 -0.06663437813140777 -0.14494619966064512 -0.18928817749118768 0.015156082444119673
5.22 0.011687028179397463 -0.02701946341693827 -0.1438748557085861 -0.01619860283074549
5.24 -0.061846253589421224 -0.1636301090971724 -0.20426794175225102 0.0435595247421637
5.26 0.026598798593358897 -0.024009845984947858 -0.1082363906097748 -0.029273491679541557
5.28 -0.04604522962046174 -0.14037319992123212 -0.1301023884834208 0.01480729325593507
5.3 0.06264711430626824 0.019494354934942244 -0.030484635893367636 -0.07827301490972005
5.32 -0.010886167462550424 -0.014101324915546554 -0.044194483212919466 -0.07827301490972005
5.34 0.08857178414720272 0.10793940711772236 0.01753113967787048 -0.10453649088475503
5.36 0.047187947104304954 0.15110175127061634 0.0018537970404379008 -0.17800446577721607
5.38 0.11805346820812944 0.18502970310653338 0.010993695253472444 -0.11888129667506261
5.4 0.06832449240325285 0.3031715641528139 -0.005667395042900515 -0.2622310450124078
5.42 0.11983197531812559 0.21917277974502405 -0.002081193595323618 -0.08978027600064935
5.44 0.081115898940222 0.3385361663317309 -0.0288659297636715 -0.20779152329421444
5.46 0.11326534366614288 0.19557401380208764 -0.02429598065715423 0.01215376109546913
5.48 0.06442562141626444 0.35598896544626396 -0.029849677422611878 -0.13819591913190152
5.5 0.0864514202702104 0.14071505668822837 -0.035403374188069534 0.05855083053701109
5.52 0.05785898976428176 0.29100636246042977 -0.030833425081552252 -0.08364269913626535
5.54 0.05963749687427791 0.056042143528014114 -0.046510767718984845 0.08631931436429943
5.56 0.040279458685326106 0.22246674525460325 -0.04194081861246756 -0.036148183758340134
5.58 0.051292358112299104 0.0050820574011432775 -0.04194081861246756 0.08990551581187628
5.6 0.021810674051372384 0.1697281520177364 -0.062188110356417414 0.0013951567527384853
5.62 0.032823573478345386 -0.04943504294571971 -0.05206446448444249 0.06473948577322454
5.64 0.0134655352893936 0.10330889868890221 -0.05206446448444249 0.035987254286995896
5.66 0.033712827033343454 -0.09738551164060033 -0.05206446448444249 0.0274823145447171
5.68 0.0134655352893936 0.04256702345705265 -0.05206446448444249 0.05848821063139766
5.7 0.023589181161368527 -0.10005327230559435 -0.05206446448444249 0.01961233327319409
5.72 0.0134655352893936 -0.0014845742508393838 -0.04194081861246756 0.1340373791191823
5.74 0.033712827033343454 -0.0952651477636079 -0.04194081861246756 0.02429598065715423
5.76 0.0134655352893936 -0.027956640879775674 -0.04194081861246756 0.14184474048509188
5.78 0.033712827033343454 -0.07434372726723361 -0.04194081861246756 -0.0508533202706164
5.8 0.0033418894174186654 -0.03829541155432429 -0.04194081861246756 0.10719002304522093
5.82 0.023589181161368527 -0.03350728701233777 -0.04194081861246756 -0.11032527856095446
5.84 -0.00767101000955433 -0.027829908915353137 -0.03181717274049263 0.05980920594473858
5.86 0.02269992760637046 0.007329153242558152 -0.03181717274049263 -0.14561495447158115
5.88 -0.018683909436527327 -0.017364406276382038 -0.021693526868517703 0.020933328586535082
5.9 0.01079777462439939 0.02880755530850226 -0.03181717274049263 -0.18350708417084427
5.92 -0.050833354162448253 -0.005120396527414807 0.0 -0.0711632319201797
5.94 0.009019267514403264 0.02258278042351577 -0.027247223633975356 -0.19721693149039618
5.96 -0.09399569831534219 -0.050618229359874645 -0.0009837476589403783 -0.12797011651626777
5.98 0.014696645611387841 -0.021136545298947925 -0.016661090296372957 -0.1756371028993213
6.0 -0.10945486551730552 -0.08365692764079365 0.02840344229804403 -0.20808923411056968
6.02 0.018595516598376303 -0.015459167201963343 -0.02875223148622864 -0.14699856969053549
6.04 -0.14838606669778268 -0.09911609484275698 0.04112954195865548 -0.22763894747815033
6.06 0.02160513403036667 -0.010671042659976818 -0.05195076620699965 -0.12148375046369914
6.08 -0.15550009513776722 -0.09432797030077046 0.022500956344401777 -0.15804334331583736
6.1 0.003810478148837368 0.023598765942936376 -0.08070299769322829 -0.04274824808835162
6.12 -0.047697004766035306 -0.039810869953907334 -0.07613304858671101 -0.06102804451442072
6.14 0.08446737313920856 0.0697707275278207 -0.11107393530915306 0.010821224248344153
6.16 0.15622214779803112 0.008139598740973069 -0.19154184209163957 -0.004856118389088414
6.18 0.21963178369487488 0.09836315803374936 -0.13698862209600343 0.024531071567895985
6.2 0.3580209364851052 0.0486341822288728 -0.25453738192394104 -0.007807361365909565
6.22 0.2647877597603386 0.1001416651437455 -0.08665656201869995 -0.009774856683790313
6.24 0.3951640457740184 0.051301942893867004 -0.2249151010562149 -0.04668323872411313
6.26 0.21348581686647156 0.0834513876197879 0.02638486860833387 -0.05322068314851116
6.28 0.34619759155971735 0.04473531124188434 -0.11841111485357912 -0.06432807667942647
6.3 0.11390113329229584 0.07599550241280721 0.08944302834624882 -0.05420443080745154
6.32 0.2728698498119043 0.05752671777885347 -0.07855148983643512 -0.05420443080745154
6.34 0.01854759269053683 0.07866326307780139 0.10153416953610446 -0.04408078493547661
6.36 0.17573780210014925 0.039947186699897816 -0.010809682714560126 -0.0597581275729092
6.38 -0.06189417749726071 0.06108373199884576 0.11524401685565638 -0.05518817846639191
6.4 0.1027519171193324 0.02236765562094217 0.011056315159085927 -0.06074187523184957
6.42 -0.11730053139912182 0.003898870986988451 0.074400644179572 -0.06074187523184957
6.44 0.06492509429642694 -0.024693559518940204 0.04564841269334336 -0.06074187523184957
6.46 -0.12653492371609865 -0.02380430596394213 0.05282081558849713 -0.06074187523184957
6.48 0.02354125725352918 -0.044051597707891986 0.07925676256866043 -0.06074187523184957
6.5 -0.14856072257004457 -0.0044462677749903465 0.0348271884449992 -0.06074187523184957
6.52 -0.038979125088316524 0.014022516858963373 0.13357489165355482 -0.06074187523184957
6.54 -0.15300699034503504 0.05273859323686696 0.0182797964260691 -0.06074187523184957
6.56 -0.06634044527225098 0.04261494736489203 0.12015121361657413 -0.06074187523184957
6.58 -0.1329748234036588 0.06286223910884188 -0.04674585862972661 -0.050618229359874645
6.6 -0.08680286181877446 0.023256909175940234 0.11129748468611077 -0.040494583487899714
6.62 -0.10226202902073776 0.043504200919890094 -0.1107877660265819 -0.040494583487899714
6.64 -0.06710296686282652 -0.006224774884986483 0.05379302171365346 -0.040494583487899714
6.66 -0.03283315825991326 0.024146162730938305 -0.15718483546812395 -0.050618229359874645
6.68 -0.04740307190687854 -0.046719358372886204 0.00380975082453455 -0.020247291743949857
6.7 0.00800328199498262 -0.007114028439984545 -0.18495331929541212 -0.030370937615924784
6.72 -0.03604831571290937 -0.08810319541578397 -0.07816316381020519 -0.010123645871974929
6.74 0.011012899426972996 -0.04849786548288233 -0.20421686338042158 -0.020247291743949857
6.76 -0.062188110356417414 -0.1413891854406528 -0.16077103691570077 0.006016184231085122
6.78 -0.004113995789562052 -0.04282048738589774 -0.19831437742677938 -0.016661090296372957
6.8 -0.06752363168640582 -0.16841823363915892 -0.19941182336316263 0.0399733232945868
6.82 0.020921420496374323 -0.02968722408193242 -0.13832115894312844 -0.011628653724228213
6.84 -0.042488215400469466 -0.18565590795111842 -0.22908518260271815 0.052699422955198263
6.86 0.04595683678231069 -0.007319568460990238 -0.10725264295083442 -0.04038088521045687
6.88 -0.05705812904743472 -0.16328825233017621 -0.13825853903751498 0.028517140575486877
6.9 0.06175786075127021 0.02461475146235708 -0.012839797938054322 -0.07468681346214316
6.92 -0.031133459206500246 -0.02778198500751376 -0.031119594364123405 -0.07011686435562589
6.94 0.08768253059220467 0.10438239289773016 0.03517597763318383 -0.1106114478435256
6.96 0.02605140180535699 0.1669027752395758 0.013944938230293582 -0.19009560696707176
6.98 0.11716421465313137 0.19159633475851603 0.027654785549845403 -0.14109608373689325
7.0 0.05731159297627989 0.3097381958047965 0.005439998488014786 -0.2632147926713481
7.02 0.11894272176312749 0.22662866495200476 -0.0010974459363832264 -0.10644136629702232
7.04 0.09035029125719887 0.35700495096568463 -0.007634890360781269 -0.23359251180362195
7.06 0.12161048242812174 0.20391915256406642 -0.02429598065715423 -0.008093530648480738
7.08 0.08289440605021811 0.36522335776324083 -0.029849677422611878 -0.15745946321691098
7.1 0.09568581258718727 0.16151933000174803 -0.0252797283160946 0.06508827496140916
7.12 0.046846090337308764 0.31125365420437956 -0.040957070953527186 -0.08167520381838464
7.14 0.05874824331927982 0.06616578939998907 -0.046510767718984845 0.09841045555415505
7.16 0.049513851002302975 0.2334796446815763 -0.046510767718984845 -0.031056974458509995
7.18 0.06052675042927597 -0.02262111954978723 -0.05206446448444249 0.09644296023627436
7.2 0.031045066368349247 0.16371850193532345 -0.05206446448444249 -0.0021910446948384594
7.22 0.05218161166729717 -0.06701457402467555 -0.05206446448444249 0.0712769301976226
7.24 0.012576281734395525 0.0756057217379717 -0.062188110356417414 0.032401052839419
7.26 0.023589181161368527 -0.10484139684758091 -0.05206446448444249 0.03401975896911513
7.28 0.0134655352893936 0.05535842999402187 -0.062188110356417414 0.05490200918382076
7.3 0.033712827033343454 -0.10750915751257518 -0.05206446448444249 0.010472435060159543
7.32 0.0134655352893936 0.011306832286129843 -0.04194081861246756 0.11477383503417281
7.34 0.033712827033343454 -0.11195542528756551 -0.04194081861246756 0.015156082444119673
7.36 0.0033418894174186654 -0.03541252608675641 -0.04194081861246756 0.15295213401600719
7.38 0.023589181161368527 -0.0919232583461893 -0.04194081861246756 -0.029622280867726173
7.4 0.0033418894174186654 -0.045751296761304926 -0.04194081861246756 0.11829741657613624
7.42 0.032823573478345386 -0.051086818091293375 -0.04194081861246756 -0.10934153090201405
7.44 -0.00767101000955433 -0.03617504767733192 -0.03181717274049263 0.07548654858217116
7.46 0.03193431992334732 -0.020374023708372452 -0.03181717274049263 -0.14561495447158115
7.48 -0.02880755530850226 -0.025709545038360825 -0.021693526868517703 0.005255985949102374
7.5 0.020921420496374323 0.020462416546523473 -0.03181717274049263 -0.18906078093630194
7.52 -0.050833354162448253 -0.0134655352893936 -0.011569880996542775 -0.07214697957912006
7.54 0.008130013959405179 0.01423764166153698 -0.027247223633975356 -0.2083243250213114
7.56 -0.09399569831534219 -0.05985262167685151 -0.0009837476589403783 -0.149201155919158
7.58 0.004572999739412906 -0.011012899426972996 -0.028230971292915734 -0.18119079966477894
7.6 -0.11957851138928048 -0.08365692764079365 0.012726099660611445 -0.19796558823859475
7.62 0.018595516598376303 -0.015459167201963343 -0.02875223148622864 -0.13687492381856056
7.64 -0.13826242082580775 -0.10835048715973383 0.03100589608668055 -0.23319264424360797
7.66 0.02160513403036667 -0.010671042659976818 -0.05195076620699965 -0.11136010459172423
7.68 -0.15550009513776722 -0.09432797030077046 0.028054653109859433 -0.15804334331583736
7.7 0.003810478148837368 0.01436437362595954 -0.07057935182125336 -0.04274824808835162
7.72 -0.047697004766035306 -0.03892161639890928 -0.07613304858671101 -0.06658174127987837
7.74 0.09459101901118347 0.0697707275278207 -0.11662763207461072 0.010821224248344153
7.76 0.15622214779803112 0.008139598740973069 -0.20166548796361453 -0.004856118389088414
7.78 0.21963178369487488 0.09836315803374936 -0.13698862209600343 0.024531071567895985
7.8 0.3580209364851052 0.0486341822288728 -0.25453738192394104 -0.007807361365909565
7.82 0.2647877597603386 0.1001416651437455 -0.09221025878415759 -0.019898502555765234
7.84 0.3951640457740184 0.051301942893867004 -0.2249151010562149 -0.0365595928521382
7.86 0.21348581686647156 0.0834513876197879 0.02638486860833387 -0.05322068314851116
7.88 0.34619759155971735 0.04473531124188434 -0.11285741808812146 -0.06432807667942647
7.9 0.10377748742032093 0.07688475596780525 0.08944302834624882 -0.06432807667942647
7.92 0.2728698498119043 0.04740307190687854 -0.07299779307097755 -0.05420443080745154
7.94 0.00842394681856192 0.07866326307780139 0.10153416953610446 -0.05420443080745154
7.96 0.1656141562281743 0.039947186699897816 -0.010809682714560126 -0.04963448170093426
7.98 -0.07201782336923566 0.06108373199884576 0.11524401685565638 -0.05518817846639191
8.0 0.1027519171193324 0.02236765562094217 0.0009326692871110174 -0.05518817846639191
8.02 -0.11730053139912182 0.003898870986988451 0.074400644179572 -0.06074187523184957
8.04 0.06492509429642694 -0.024693559518940204 0.04564841269334336 -0.06074187523184957
8.06 -0.12653492371609865 -0.03392795183591706 0.05282081558849713 -0.06074187523184957
8.08 0.02354125725352918 -0.044051597707891986 0.07925676256866043 -0.06074187523184957
8.1 -0.14856072257004457 -0.0044462677749903465 0.0348271884449992 -0.050618229359874645
8.12 -0.04910277096029148 0.014022516858963373 0.13357489165355482 -0.06074187523184957
8.14 -0.16313063621701 0.05273859323686696 0.012726099660611445 -0.06074187523184957
8.16 -0.06634044527225098 0.04261494736489203 0.12015121361657413 -0.050618229359874645
8.18 -0.1329748234036588 0.06286223910884188 -0.04674585862972661 -0.050618229359874645
8.2 -0.09692650769074941 0.023256909175940234 0.10117383881413586 -0.040494583487899714
8.22 -0.09213838314876285 0.03426980860291323 -0.1107877660265819 -0.040494583487899714
8.24 -0.05786857454584964 -0.006224774884986483 0.05379302171365346 -0.040494583487899714
8.26 -0.042956804131888196 0.024146162730938305 -0.16730848134009887 -0.040494583487899714
8.28 -0.04740307190687854 -0.046719358372886204 0.009363447589992302 -0.030370937615924784
8.3 0.00800328199498262 -0.007114028439984545 -0.19507696516738707 -0.030370937615924784
8.32 -0.03604831571290937 -0.08810319541578397 -0.08273311291672243 -0.020247291743949857
8.34 0.0008892535549980681 -0.038374219610907395 -0.2143405092523965 -0.02580098850940751
8.36 -0.062188110356417414 -0.15062357775762966 -0.16077103691570077 0.006016184231085122
8.38 -0.004113995789562052 -0.04282048738589774 -0.20843802329875433 -0.016661090296372957
8.4 -0.05739998581443091 -0.16841823363915892 -0.20953546923513752 0.0399733232945868
8.42 0.030155812813351182 -0.02968722408193242 -0.14844480481510336 -0.02175229959620314
8.44 -0.052611861272444375 -0.18565590795111842 -0.2392088284746931 0.052699422955198263
8.46 0.03583319091033576 -0.01655396077796712 -0.10725264295083442 -0.04038088521045687
8.48 -0.04693448317545979 -0.16328825233017621 -0.13825853903751498 0.028517140575486877
8.5 0.06175786075127021 0.02461475146235708 -0.012839797938054322 -0.07468681346214316
8.52 -0.031133459206500246 -0.02778198500751376 -0.031119594364123405 -0.07011686435562589
8.54 0.08768253059220467 0.10438239289773016 0.03517597763318383 -0.10505775107806795
8.56 0.03617504767733192 0.1567791293676009 0.013944938230293582 -0.19009560696707176
8.58 0.11716421465313137 0.19159633475851603 0.03777843142182034 -0.13097243786491827
8.6 0.05731159297627989 0.2996145499328216 -0.004683647383960135 -0.2632147926713481
8.62 0.11894272176312749 0.21650501908002984 -0.006651142701840883 -0.09631772042504741
8.64 0.09958468357417573 0.3459920515387116 -0.01775853623275619 -0.22902256269710475
8.66 0.12161048242812174 0.20302989900906834 -0.018742283891696576 -0.003523581541963437
8.68 0.08289440605021811 0.3643341042082427 -0.029849677422611878 -0.15844321087585134
8.7 0.09568581258718727 0.15918384132218208 -0.035403374188069534 0.0595345781959515
8.72 0.046846090337308764 0.2993515012224085 -0.040957070953527186 -0.0973525464558171
8.74 0.06887188919125475 0.07451092816196779 -0.046510767718984845 0.0928567587886974
8.76 0.03939020513032805 0.23170113757158017 -0.046510767718984845 -0.031056974458509995
8.78 0.06052675042927597 -0.015165234342806543 -0.05206446448444249 0.09644296023627436
8.8 0.031045066368349247 0.1697281520177364 -0.05206446448444249 -0.0021910446948384594
8.82 0.04205796579532225 -0.05866943526269664 -0.05206446448444249 0.06670698109110532
8.84 0.02269992760637046 0.10419815224390032 -0.062188110356417414 0.02783110373290172
8.86 0.033712827033343454 -0.08726186576862537 -0.062188110356417414 0.029449809862597858
8.88 0.0134655352893936 0.06370356875600058 -0.05206446448444249 0.04576211097078622
8.9 0.033712827033343454 -0.10928766462257129 -0.05206446448444249 0.005902485953642267
8.92 0.014354788844391668 0.029775616920083514 -0.04194081861246756 0.10008024005568063
8.94 0.033712827033343454 -0.10361028652558665 -0.04194081861246756 0.01613983010306005
8.96 0.0134655352893936 -0.026178133769779573 -0.04194081861246756 0.13924228669645533
8.98 0.033712827033343454 -0.0919232583461893 -0.04194081861246756 -0.027654785549845403
9.0 0.0134655352893936 -0.045751296761304926 -0.04194081861246756 0.11014126602204205
9.02 0.023589181161368527 -0.06121046396326833 -0.04194081861246756 -0.09725038971215837
9.04 -0.01690540232653119 -0.035285794122333874 -0.03181717274049263 0.067330398028077
9.06 0.02269992760637046 -0.020374023708372452 -0.03181717274049263 -0.1335238132817254
9.08 -0.008560263564552393 -0.034943937355337684 -0.03181717274049263 0.007223481266983181
9.1 0.031045066368349247 0.0011043783575716691 -0.021693526868517703 -0.17696963974644633
9.12 -0.03982045473547524 -0.02269992760637046 -0.021693526868517703 -0.04437849575183187
9.14 0.009019267514403264 0.01423764166153698 -0.027247223633975356 -0.18610953795948088
9.16 -0.07285915301639424 -0.039605329932901646 -0.005553696765457653 -0.1380937623882427
9.18 0.006351506849409054 -0.020247291743949857 -0.022677274527458085 -0.18119079966477894
9.2 -0.11691075072428625 -0.08365692764079365 0.023833493191526754 -0.18327199326010254
9.22 0.020374023708372452 -0.024693559518940204 -0.027768483827288266 -0.1323049747120433
9.24 -0.1254710142888386 -0.08810319541578397 0.021865997873646 -0.1982517575211659
9.26 0.03350728701233777 -0.009781789104978756 -0.05096701854805926 -0.11789754901612226
9.28 -0.1316957891738251 -0.09343871674577241 0.018914754896824856 -0.17013448450569305
9.3 0.018048119810374418 0.024488019497934475 -0.07416555326883024 -0.07051673191563988
9.32 -0.014658306485116304 -0.04815600871588616 -0.08984289590626282 -0.06299553983230148
9.34 0.09814803323117577 0.051301942893867004 -0.10598272600932288 -0.0012699169415115404
9.36 0.1606684155730215 -0.00020554002100569337 -0.18402065000830117 -0.016947259578944118
9.38 0.19459636740893851 0.09001801927177057 -0.11477383503417281 -0.003237412259392288
9.4 0.31184897490022095 0.059647081655845785 -0.24799993749954305 -0.030022148427740168
9.42 0.23797383636440606 0.09179652638176672 -0.08110286525324228 -0.03100589608668055
9.44 0.3674608688230878 0.042956804131888196 -0.19766787742223954 -0.04766698638305351
9.46 0.185782639915541 0.07510624885780912 0.03095481771485115 -0.04865073404199389
9.48 0.3268395533707656 0.03639017247990553 -0.12396481161903677 -0.05420443080745154
9.5 0.10377748742032093 0.0676503636508284 0.08845928068730843 -0.05420443080745154
9.52 0.25262255806795453 0.04829232546187661 -0.0592879457514257 -0.05420443080745154
9.54 0.007534693263563892 0.06942887076082453 0.10512037098368145 -0.0597581275729092
9.56 0.16383564911817816 0.040836440254895905 -0.022900823904415796 -0.05518817846639191
9.58 -0.07379633047923172 0.05184933968186889 0.0930292297938257 -0.0708655211038245
9.6 0.10008415645433813 0.01313326330396531 0.009088819841205168 -0.06074187523184957
9.62 -0.10984464619214104 -0.005335521329988409 0.0779868456271489 -0.06074187523184957
9.64 0.07238097950340763 -0.03392795183591706 0.04923461414092026 -0.06074187523184957
9.66 -0.11907903850911797 -0.02380430596394213 0.04628337116409912 -0.06074187523184957
9.68 0.0015154583995831152 -0.03392795183591706 0.06716562137880475 -0.06074187523184957
9.7 -0.1604628755520157 0.014911770413961446 0.018166098148626245 -0.06074187523184957
9.72 -0.0416468857533108 0.024146162730938305 0.12246749812263953 -0.06074187523184957
9.74 -0.14788659381762026 0.043504200919890094 0.012726099660611445 -0.06074187523184957
9.76 -0.059773813620268325 0.033380555047915164 0.11459751685111652 -0.050618229359874645
9.78 -0.125518938196678 0.04439345447488816 -0.052299555395184244 -0.06074187523184957
9.8 -0.07011258429481688 0.003898870986988451 0.09562014204867819 -0.050618229359874645
9.82 -0.0754481056248053 0.03426980860291323 -0.11634146279203957 -0.040494583487899714
9.84 -0.05041268933886895 -0.006224774884986483 0.03811567907622085 -0.040494583487899714
9.86 -0.02537727305293257 0.014022516858963373 -0.15718483546812395 -0.040494583487899714
9.88 -0.029823540827922893 -0.046719358372886204 -0.006313895047440407 -0.020247291743949857
9.9 0.016348420756961406 -0.007114028439984545 -0.19507696516738707 -0.030370937615924784
9.92 -0.036937569267907436 -0.08810319541578397 -0.08273311291672243 -0.010123645871974929
9.94 0.010123645871974929 -0.038374219610907395 -0.20878681248693898 -0.020247291743949857
9.96 -0.0630773639114155 -0.1413891854406528 -0.1708946827876757 0.01613983010306005
9.98 -0.00500324934456012 -0.04282048738589774 -0.19276068066132174 -0.016661090296372957
10.0 -0.058289239369428966 -0.15684835264261615 -0.20398177246967986 0.029849677422611878
10.02 0.030155812813351182 -0.01956357820995751 -0.1428911080496457 -0.02730599636166079
10.04 -0.052611861272444375 -0.18565590795111842 -0.22353148583726049 0.042575777083223326
10.06 0.04595683678231069 -0.01655396077796712 -0.10725264295083442 -0.04038088521045687
10.08 -0.04782373673045789 -0.16328825233017621 -0.13825853903751498 0.034070837340944536
10.1 0.06175786075127021 0.02461475146235708 -0.012839797938054322 -0.07468681346214316
10.12 -0.031133459206500246 -0.02778198500751376 -0.02099594849214847 -0.07011686435562589
10.14 0.08768253059220467 0.10438239289773016 0.025052331761208895 -0.10505775107806795
10.16 0.04629869354930686 0.14754473705062407 0.013944938230293582 -0.19009560696707176
10.18 0.11716421465313137 0.1814726888865411 0.027654785549845403 -0.13097243786491827
10.2 0.06743523884825482 0.28949090406084665 -0.004683647383960135 -0.2632147926713481
10.22 0.11894272176312749 0.21650501908002984 -0.006651142701840883 -0.10644136629702232
10.24 0.08946103770220082 0.35611569741068655 -0.01775853623275619 -0.22902256269710475
10.26 0.12161048242812174 0.20302989900906834 -0.018742283891696576 -0.003523581541963437
10.28 0.08289440605021811 0.35421045833626785 -0.029849677422611878 -0.15844321087585134
10.3 0.10492020490416415 0.15918384132218208 -0.035403374188069534 0.0595345781959515
10.32 0.046846090337308764 0.3094751470943835 -0.040957070953527186 -0.0973525464558171
10.34 0.05874824331927982 0.07451092816196779 -0.046510767718984845 0.0928567587886974
10.36 0.03939020513032805 0.24182478344355512 -0.046510767718984845 -0.031056974458509995
10.38 0.06052675042927597 -0.00504158847083168 -0.05206446448444249 0.09644296023627436
10.4 0.031045066368349247 0.17985179788971134 -0.05206446448444249 -0.0021910446948384594
10.42 0.04205796579532225 -0.04943504294571971 -0.05206446448444249 0.07683062696308025
10.44 0.02269992760637046 0.10419815224390032 -0.062188110356417414 0.02783110373290172
10.46 0.033712827033343454 -0.08726186576862537 -0.062188110356417414 0.029449809862597858
10.48 0.0134655352893936 0.05357992288402563 -0.05206446448444249 0.04576211097078622
10.5 0.033712827033343454 -0.08904037287862142 -0.062188110356417414 -0.004221159918332667
10.52 0.014354788844391668 0.01965197104810856 -0.05206446448444249 0.08995659418370569
10.54 0.033712827033343454 -0.10361028652558665 -0.04194081861246756 0.026263475975034978
10.56 0.0134655352893936 -0.026178133769779573 -0.04194081861246756 0.13924228669645533
10.58 0.033712827033343454 -0.0919232583461893 -0.04194081861246756 -0.027654785549845403
10.6 0.0134655352893936 -0.03651690444432809 -0.04194081861246756 0.11569496278749973
10.62 0.023589181161368527 -0.051086818091293375 -0.04194081861246756 -0.09725038971215837
10.64 -0.01690540232653119 -0.035285794122333874 -0.03181717274049263 0.067330398028077
10.66 0.02269992760637046 -0.020374023708372452 -0.03181717274049263 -0.14364745915370036
10.68 -0.008560263564552393 -0.034943937355337684 -0.021693526868517703 0.007223481266983181
10.7 0.031045066368349247 0.0011043783575716691 -0.03181717274049263 -0.18709328561842126
10.72 -0.04994410060745018 -0.02269992760637046 -0.011569880996542775 -0.060055838389264385
10.74 0.009019267514403264 0.01423764166153698 -0.027247223633975356 -0.1815395888529635
10.76 -0.07285915301639424 -0.04972897580487657 -0.005553696765457653 -0.1380937623882427
10.78 0.006351506849409054 -0.020247291743949857 -0.022677274527458085 -0.18119079966477894
10.8 -0.1067871048523113 -0.08365692764079365 0.013709847319551825 -0.1777182964946449
10.82 0.020374023708372452 -0.034817205390915124 -0.027768483827288266 -0.14242862058401823
10.84 -0.11534736841686372 -0.0982268412877589 0.03198964374562093 -0.1982517575211659
10.86 0.03350728701233777 -0.009781789104978756 -0.05096701854805926 -0.11234385225066461
10.88 -0.12246139685684826 -0.09343871674577241 0.018914754896824856 -0.17013448450569305
10.9 0.028171765682349328 0.01436437362595954 -0.07416555326883024 -0.060393086043664945
10.92 -0.014658306485116304 -0.04815600871588616 -0.08428919914080518 -0.06854923659775915
10.94 0.08802438735920082 0.051301942893867004 -0.10598272600932288 0.008853728930463394
10.96 0.15054476970104658 0.009028852295971142 -0.1895743467737588 -0.016947259578944118
10.98 0.1844727215369636 0.07989437339979563 -0.12032753179963046 -0.003237412259392288
11.0 0.3109597213452229 0.049523435783870855 -0.24342998839302574 -0.030022148427740168
11.02 0.22696093693743302 0.10103091869874357 -0.08110286525324228 -0.03100589608668055
11.04 0.3665716152680898 0.05219119644886508 -0.20322157418769718 -0.04766698638305351
11.06 0.19412777867751976 0.07510624885780912 0.015277475077418584 -0.04865073404199389
11.08 0.3158266539437925 0.03639017247990553 -0.11384116574706181 -0.05420443080745154
11.1 0.09131835286878008 0.07777400952280333 0.08290558392185077 -0.04963448170093426
11.12 0.26096769682993326 0.04829232546187661 -0.05327176152034057 -0.0597581275729092
11.14 0.005756186153567744 0.06019447844384767 0.09956667421822374 -0.04963448170093426
11.16 0.17218078788015692 0.030712794382920967 -0.018330874797898494 -0.05518817846639191
11.18 -0.056216799400276025 0.03249130149291709 0.09759917890034299 -0.06074187523184957
11.2 0.09830564934434208 0.023256909175940234 0.009088819841205168 -0.0708655211038245
11.22 -0.11162315330213714 0.024146162730938305 0.07341689652063162 -0.0708655211038245
11.24 0.051244434204459684 0.004788124541986513 0.03454101916242805 -0.0708655211038245
11.26 -0.13098119149108903 0.005677378096984587 0.03615972529212418 -0.0708655211038245
11.28 0.00986059716156202 -0.02380430596394213 0.05802572316577019 -0.06074187523184957
11.3 -0.14288334447306014 0.005677378096984587 0.029273491679541557 -0.06074187523184957
11.32 -0.024067354674355054 0.004788124541986513 0.10777390314414731 -0.0708655211038245
11.34 -0.1294178091836665 0.025035416285936377 0.00815615055409417 -0.06074187523184957
11.36 -0.05053942130329154 0.014911770413961446 0.12113496127551454 -0.0708655211038245
11.38 -0.10705015356272433 0.025035416285936377 -0.04576211097078622 -0.06074187523184957
11.4 -0.05075454610586514 -0.005335521329988409 0.087463991494584 -0.050618229359874645
11.42 -0.06532445975283037 0.025035416285936377 -0.10425032160218387 -0.06074187523184957
11.44 -0.049523435783870855 -0.015459167201963343 0.05020682026607656 -0.050618229359874645
11.46 -0.03372241181491131 0.024146162730938305 -0.1552173401502431 -0.050618229359874645
11.48 -0.04829232546187661 -0.03659571250091127 -0.004346399729559553 -0.040494583487899714
11.5 0.007114028439984545 0.003009617431990377 -0.18298582397753135 -0.040494583487899714
11.52 -0.0461719615848843 -0.07797954954380906 -0.07619566849232452 -0.020247291743949857
11.54 0.0008892535549980681 -0.028250573738932486 -0.20224936806254087 -0.030370937615924784
11.56 -0.062188110356417414 -0.12025264014170489 -0.14410994661932786 0.011569880996542775
11.58 0.006009650082412876 -0.04104198027590162 -0.1816532871304064 -0.005553696765457653
11.6 -0.05739998581443091 -0.14494619966064512 -0.19385812659770496 0.020709779209577325
11.62 0.020921420496374323 -0.016895817544963335 -0.13832115894312844 -0.010644906065287837
11.64 -0.052611861272444375 -0.1636301090971724 -0.20426794175225102 0.04911322150762135
11.66 0.03583319091033576 -0.0138862001129729 -0.0925590479723422 -0.0237197949140839
11.68 -0.04693448317545979 -0.14037319992123212 -0.12454869171796312 0.01480729325593507
11.7 0.06175786075127021 0.019494354934942244 -0.030484635893367636 -0.06814936903774513
11.72 -0.010886167462550424 -0.014101324915546554 -0.038640786447461814 -0.07827301490972005
11.74 0.07844813827522779 0.10793940711772236 0.007407493805895546 -0.08885914824732245
11.76 0.047187947104304954 0.16122539714259126 -0.008269848831537033 -0.17245076901175843
11.78 0.11805346820812944 0.18502970310653338 0.010993695253472444 -0.11332759990960496
11.8 0.06832449240325285 0.29393717183583695 -0.01122109180835816 -0.25210739914043284
11.82 0.11983197531812559 0.20993838742804719 -0.01775853623275619 -0.08978027600064935
11.84 0.081115898940222 0.339425419886729 -0.0288659297636715 -0.21334522005967213
11.86 0.12249973598311976 0.19557401380208764 -0.02429598065715423 0.0020301152234941965
11.88 0.0837836596052162 0.3661126113182389 -0.029849677422611878 -0.13819591913190152
11.9 0.0864514202702104 0.14071505668822837 -0.035403374188069534 0.06410452730246875
11.92 0.05785898976428176 0.3011300083324047 -0.030833425081552252 -0.08364269913626535
11.94 0.05963749687427791 0.06616578939998907 -0.03638712184700991 0.08631931436429943
11.96 0.040279458685326106 0.24271403699855315 -0.05206446448444249 -0.026024537886365225
11.98 0.04205796579532225 0.0050820574011432775 -0.04194081861246756 0.10002916168385122
12.0 0.021810674051372384 0.1697281520177364 -0.05206446448444249 0.0013951567527384853
12.02 0.042947219350320316 -0.04943504294571971 -0.05206446448444249 0.06473948577322454
12.04 0.0134655352893936 0.10330889868890221 -0.05206446448444249 0.035987254286995896
12.06 0.033712827033343454 -0.08726186576862537 -0.05206446448444249 0.0274823145447171
12.08 0.0134655352893936 0.05269066932902751 -0.05206446448444249 0.05848821063139766
12.1 0.024478434716366595 -0.08992962643361944 -0.05206446448444249 0.01961233327319409
12.12 0.0134655352893936 0.008639071621135573 -0.04194081861246756 0.12946743001266503
12.14 0.033712827033343454 -0.0952651477636079 -0.04194081861246756 0.014172334785179293
12.16 0.0134655352893936 -0.027956640879775674 -0.04194081861246756 0.14184474048509188
12.18 0.033712827033343454 -0.07434372726723361 -0.04194081861246756 -0.04072967439864146
12.2 0.0033418894174186654 -0.03829541155432429 -0.04194081861246756 0.09706637717324602
12.22 0.023589181161368527 -0.03350728701233777 -0.04194081861246756 -0.1047715817954968
12.24 0.002452635862420603 -0.027829908915353137 -0.03181717274049263 0.06993285181671349
12.26 0.02269992760637046 0.007329153242558152 -0.03181717274049263 -0.1557386003435561
12.28 -0.018683909436527327 -0.007240760404407105 -0.021693526868517703 0.010809682714560126
12.3 0.020921420496374323 0.038931201180477194 -0.03181717274049263 -0.18350708417084427
12.32 -0.050833354162448253 -0.005120396527414807 0.0 -0.061039586048204746
12.34 0.009019267514403264 0.02258278042351577 -0.027247223633975356 -0.20277062825585374
12.36 -0.09399569831534219 -0.050618229359874645 -0.0009837476589403783 -0.1335238132817254
12.38 0.004572999739412906 -0.021136545298947925 -0.028230971292915734 -0.1756371028993213
12.4 -0.10945486551730552 -0.07442253532381679 0.0182797964260691 -0.20808923411056968
12.42 0.028719162470351237 -0.015459167201963343 -0.03887587735820357 -0.14699856969053549
12.44 -0.14838606669778268 -0.10923974071473191 0.0365595928521382 -0.22763894747815033
12.46 0.02160513403036667 -0.0014366503429999577 -0.05195076620699965 -0.12148375046369914
12.48 -0.16473448745474403 -0.0749699321118187 0.03262460221637668 -0.16816698918781225
12.5 0.013934124020812278 0.023598765942936376 -0.07057935182125336 -0.04274824808835162
12.52 -0.02833896657708351 -0.039810869953907334 -0.07613304858671101 -0.06102804451442072
12.54 0.10382541132816031 0.059647081655845785 -0.11662763207461072 0.010821224248344153
12.56 0.15622214779803112 0.008139598740973069 -0.19154184209163957 -0.004856118389088414
12.58 0.21963178369487488 0.09836315803374936 -0.13241867298948615 0.01440742569592105
12.6 0.35713168293010716 0.0486341822288728 -0.25453738192394104 -0.007807361365909565
12.62 0.2638985062053405 0.1001416651437455 -0.08208661291218267 -0.019898502555765234
12.64 0.37402750047507044 0.051301942893867004 -0.20322157418769718 -0.04668323872411313
12.66 0.20247291743949858 0.0834513876197879 0.020831171842876216 -0.05322068314851116
12.68 0.3453083380047192 0.04473531124188434 -0.11384116574706181 -0.05420443080745154
12.7 0.11067639105773185 0.06676111009583033 0.09401297745276609 -0.05420443080745154
12.72 0.26185695038493134 0.04740307190687854 -0.05830419809248525 -0.05420443080745154
12.74 0.01676908558054073 0.07866326307780139 0.10610411864262183 -0.0597581275729092
12.76 0.18408294086212798 0.039947186699897816 -0.016363379480017686 -0.04963448170093426
12.78 -0.06367268460725677 0.06108373199884576 0.10969032009019868 -0.05518817846639191
12.8 0.10097341000933635 0.03249130149291709 0.011056315159085927 -0.0708655211038245
12.82 -0.11818978495411984 0.014022516858963373 0.09007798681700459 -0.06074187523184957
12.84 0.05391219486945396 -0.024693559518940204 0.035524766821368424 -0.06074187523184957
12.86 -0.1283134308260947 -0.03392795183591706 0.042697169716522196 -0.06074187523184957
12.88 0.02176275014353303 -0.043162344152893925 0.06456316759016822 -0.06074187523184957
12.9 -0.13098119149108903 -0.013680660091967207 0.02013359346650701 -0.06074187523184957
12.92 -0.021399594009360975 -0.005335521329988409 0.09863400493111277 -0.06074187523184957
12.94 -0.14466185158305622 0.043504200919890094 0.00913989821303455 -0.06074187523184957
12.96 -0.06722969882724907 0.033380555047915164 0.11656501216899724 -0.06074187523184957
12.98 -0.1237404310866819 0.06286223910884188 -0.04477836331184584 -0.050618229359874645
13.0 -0.07756846950179754 0.023256909175940234 0.10869503089747422 -0.040494583487899714
13.02 -0.09213838314876285 0.03426980860291323 -0.09869662483672621 -0.040494583487899714
13.04 -0.06710296686282652 -0.006224774884986483 0.05576051703153422 -0.040494583487899714
13.06 -0.04206755057689014 0.024146162730938305 -0.1450936942782682 -0.040494583487899714
13.08 -0.037279426034903605 -0.02647206662893634 0.015900892014390267 -0.030370937615924784
13.1 -0.0012311103219942406 0.003898870986988451 -0.17841587487101418 -0.040494583487899714
13.12 -0.0351590621579113 -0.06785590367183413 -0.06607202262034956 -0.020247291743949857
13.14 0.0026677606649942046 -0.028250573738932486 -0.2078030648279986 -0.020247291743949857
13.16 -0.05206446448444249 -0.12948703245868176 -0.13953999751281054 0.006016184231085122
13.18 -0.013348388106538912 -0.04104198027590162 -0.18720698389586407 -0.021231039402890235
13.2 -0.05651073225943284 -0.14494619966064512 -0.18928817749118768 0.015156082444119673
13.22 0.020921420496374323 -0.02701946341693827 -0.1438748557085861 -0.01619860283074549
13.24 -0.061846253589421224 -0.18298814728612417 -0.20426794175225102 0.0435595247421637
13.26 0.036722444465333834 -0.024009845984947858 -0.1082363906097748 -0.029273491679541557
13.28 -0.056168875492436675 -0.14037319992123212 -0.13467233758993805 0.01480729325593507
13.3 0.05252346843429333 0.0296180008069172 -0.04060828176534257 -0.06814936903774513
13.32 -0.010886167462550424 -0.014101324915546554 -0.044194483212919466 -0.07827301490972005
13.34 0.08857178414720272 0.0978157612457474 0.007407493805895546 -0.09898279411929738
13.36 0.047187947104304954 0.15110175127061634 0.0018537970404379008 -0.17800446577721607
13.38 0.11805346820812944 0.18502970310653338 0.010993695253472444 -0.11888129667506261
13.4 0.05820084653127794 0.3031715641528139 -0.005667395042900515 -0.2622310450124078
13.42 0.11983197531812559 0.4823875724163722 -0.01220483946729854 -0.08978027600064935
13.44 0.081115898940222 0.3486598122037058 -0.0288659297636715 -0.21334522005967213
13.46 0.12249973598311976 0.20569765967406256 -0.029849677422611878 0.006600064330011497
13.48 0.0837836596052162 0.3467545731292871 -0.029849677422611878 -0.13819591913190152
13.5 0.0864514202702104 0.14071505668822837 -0.035403374188069534 0.06410452730246875
13.52 0.05785898976428176 0.29100636246042977 -0.040957070953527186 -0.08364269913626535
13.54 0.05963749687427791 0.056042143528014114 -0.03638712184700991 0.08631931436429943
13.56 0.040279458685326106 0.2325903911265782 -0.04194081861246756 -0.026024537886365225
13.58 0.04205796579532225 -0.004152334915833559 -0.04194081861246756 0.08990551581187628
13.6 0.021810674051372384 0.16049375970075946 -0.062188110356417414 0.0013951567527384853
13.62 0.032823573478345386 -0.05866943526269664 -0.05206446448444249 0.06473948577322454
13.64 0.0134655352893936 0.10330889868890221 -0.05206446448444249 0.025863608415020962
13.66 0.023589181161368527 -0.09738551164060033 -0.05206446448444249 0.0274823145447171
13.68 0.004231142972416739 0.04256702345705265 -0.05206446448444249 0.05848821063139766
13.7 0.024478434716366595 -0.10005327230559435 -0.05206446448444249 0.01961233327319409
13.72 0.0134655352893936 -0.0014845742508393838 -0.04194081861246756 0.1340373791191823
13.74 0.033712827033343454 -0.0952651477636079 -0.04194081861246756 0.02429598065715423
13.76 0.0134655352893936 -0.018722248562798888 -0.04194081861246756 0.15196838635706678
13.78 0.033712827033343454 -0.07434372726723361 -0.04194081861246756 -0.0508533202706164
13.8 0.0033418894174186654 -0.02906101923734745 -0.04194081861246756 0.11731366891719588
13.82 0.023589181161368527 -0.03350728701233777 -0.04194081861246756 -0.1047715817954968
13.84 0.002452635862420603 -0.008471870726401369 -0.03181717274049263 0.06993285181671349
13.86 0.02269992760637046 0.007329153242558152 -0.03181717274049263 -0.14561495447158115
13.88 -0.02880755530850226 -0.007240760404407105 -0.021693526868517703 0.020933328586535082
13.9 0.020921420496374323 0.02880755530850226 -0.03181717274049263 -0.18350708417084427
13.92 -0.050833354162448253 -0.005120396527414807 -0.011569880996542775 -0.0711632319201797
13.94 0.009019267514403264 0.02258278042351577 -0.027247223633975356 -0.20277062825585374
13.96 -0.09399569831534219 -0.050618229359874645 -0.0009837476589403783 -0.14364745915370036
13.98 0.004572999739412906 -0.021136545298947925 -0.028230971292915734 -0.1756371028993213
14.0 -0.10945486551730552 -0.07442253532381679 0.0182797964260691 -0.202535537345112
14.02 0.018595516598376303 -0.016348420756961406 -0.023198534720770988 -0.14699856969053549
14.04 -0.14838606669778268 -0.09911609484275698 0.03100589608668055 -0.22763894747815033
14.06 0.02160513403036667 -0.0014366503429999577 -0.06207441207897458 -0.12148375046369914
14.08 -0.16473448745474403 -0.09432797030077046 0.022500956344401777 -0.16816698918781225
14.1 0.013934124020812278 0.023598765942936376 -0.08070299769322829 -0.04274824808835162
14.12 -0.047697004766035306 -0.02968722408193242 -0.07613304858671101 -0.07115169038639566
14.14 0.11394905720013522 0.0697707275278207 -0.1281975130711535 0.010821224248344153
14.16 0.15622214779803112 0.018263244612948027 -0.18141819621966468 -0.004856118389088414
14.18 0.21963178369487488 0.09836315803374936 -0.13241867298948615 0.01440742569592105
14.2 0.35713168293010716 0.05875782810084774 -0.25453738192394104 -0.007807361365909565
14.22 0.27402215207731545 0.11026531101572042 -0.08208661291218267 -0.019898502555765234
14.24 0.3841511463470454 0.051301942893867004 -0.20322157418769718 -0.04668323872411313
14.26 0.20247291743949858 0.0834513876197879 0.020831171842876216 -0.05322068314851116
14.28 0.35454273032169614 0.04473531124188434 -0.12396481161903677 -0.06432807667942647
14.3 0.11067639105773185 0.06676111009583033 0.09401297745276609 -0.05420443080745154
14.32 0.2710913427019082 0.04740307190687854 -0.0739815407299179 -0.05420443080745154
14.34 0.01676908558054073 0.07866326307780139 0.10610411864262183 -0.0597581275729092
14.36 0.18408294086212798 0.039947186699897816 -0.016363379480017686 -0.04963448170093426
14.38 -0.07379633047923172 0.06108373199884576 0.10969032009019868 -0.05518817846639191
14.4 0.10097341000933635 0.03249130149291709 0.021179961031060884 -0.06074187523184957
14.42 -0.11818978495411984 0.014022516858963373 0.09007798681700459 -0.06074187523184957
14.44 0.05391219486945396 -0.024693559518940204 0.04107846358682606 -0.06074187523184957
14.46 -0.1283134308260947 -0.02380430596394213 0.05282081558849713 -0.06074187523184957
14.48 0.0125283578265561 -0.043162344152893925 0.04888582495273565 -0.06074187523184957
14.5 -0.14021558380806587 -0.0044462677749903465 0.02013359346650701 -0.06074187523184957
14.52 -0.030633986326337716 0.004788124541986513 0.09863400493111277 -0.06074187523184957
14.54 -0.14466185158305622 0.043504200919890094 0.00913989821303455 -0.06074187523184957
14.56 -0.07735334469922397 0.033380555047915164 0.1221187089344549 -0.06074187523184957
14.58 -0.1329748234036588 0.053627846791865025 -0.04477836331184584 -0.050618229359874645
14.6 -0.07756846950179754 0.023256909175940234 0.11326498000399148 -0.040494583487899714
14.62 -0.08290399083178603 0.04439345447488816 -0.09869662483672621 -0.050618229359874645
14.64 -0.06710296686282652 0.003898870986988451 0.06588416290350912 -0.040494583487899714
14.66 -0.04206755057689014 0.024146162730938305 -0.1552173401502431 -0.040494583487899714
14.68 -0.037279426034903605 -0.02647206662893634 -0.004346399729559553 -0.030370937615924784
14.7 -0.0012311103219942406 -0.006224774884986483 -0.18298582397753135 -0.030370937615924784
14.72 -0.0351590621579113 -0.07797954954380906 -0.06607202262034956 -0.020247291743949857
14.74 0.0017785071099961362 -0.03748496605590935 -0.2078030648279986 -0.020247291743949857
14.76 -0.062188110356417414 -0.12948703245868176 -0.13953999751281054 0.006016184231085122
14.78 -0.013348388106538912 -0.04104198027590162 -0.197330629767839 -0.021231039402890235
14.8 -0.06663437813140777 -0.14494619966064512 -0.18928817749118768 0.015156082444119673
14.82 0.020921420496374323 -0.016895817544963335 -0.1438748557085861 -0.01619860283074549
14.84 -0.061846253589421224 -0.17375375496914733 -0.2098216385177087 0.0435595247421637
14.86 0.036722444465333834 -0.024009845984947858 -0.09811274473779986 -0.029273491679541557
14.88 -0.056168875492436675 -0.14037319992123212 -0.1301023884834208 0.01480729325593507
14.9 0.05252346843429333 0.019494354934942244 -0.04060828176534257 -0.06814936903774513
14.92 -0.021009813334525333 -0.014101324915546554 -0.044194483212919466 -0.07827301490972005
14.94 0.08857178414720272 0.0978157612457474 0.01753113967787048 -0.0944128450127801
14.96 0.047187947104304954 0.16122539714259126 0.0018537970404379008 -0.17800446577721607
14.98 0.11805346820812944 0.18502970310653338 0.010993695253472444 -0.11888129667506261
15.0 0.06832449240325285 0.3031715641528139 -0.005667395042900515 -0.2622310450124078
15.02 0.11983197531812559 0.20993838742804719 -0.01775853623275619 -0.08978027600064935
15.04 0.081115898940222 0.339425419886729 -0.0288659297636715 -0.21791516916618942
15.06 0.12249973598311976 0.19557401380208764 -0.029849677422611878 0.0020301152234941965
15.08 0.0837836596052162 0.3467545731292871 -0.029849677422611878 -0.13819591913190152
15.1 0.09657506614218533 0.14071505668822837 -0.035403374188069534 0.06410452730246875
15.12 0.05785898976428176 0.29100636246042977 -0.030833425081552252 -0.08364269913626535
15.14 0.06976114274625284 0.06616578939998907 -0.03638712184700991 0.08631931436429943
15.16 0.040279458685326106 0.2325903911265782 -0.04194081861246756 -0.036148183758340134
15.18 0.051292358112299104 0.0050820574011432775 -0.04194081861246756 0.10002916168385122
15.2 0.021810674051372384 0.16049375970075946 -0.062188110356417414 0.0013951567527384853
15.22 0.042947219350320316 -0.05866943526269664 -0.05206446448444249 0.06473948577322454
15.24 0.0134655352893936 0.10330889868890221 -0.05206446448444249 0.035987254286995896
15.26 0.033712827033343454 -0.09738551164060033 -0.062188110356417414 0.0274823145447171
15.28 0.004231142972416739 0.05269066932902751 -0.05206446448444249 0.05848821063139766
15.3 0.024478434716366595 -0.08992962643361944 -0.05206446448444249 0.01961233327319409
15.32 0.0134655352893936 0.008639071621135573 -0.04194081861246756 0.13959107588463995
15.34 0.033712827033343454 -0.0952651477636079 -0.04194081861246756 0.014172334785179293
15.36 0.0134655352893936 -0.018722248562798888 -0.04194081861246756 0.15196838635706678
15.38 0.023589181161368527 -0.08446737313920856 -0.04194081861246756 -0.0508533202706164
15.4 0.0033418894174186654 -0.02906101923734745 -0.04194081861246756 0.11731366891719588
15.42 0.033712827033343454 -0.03350728701233777 -0.04194081861246756 -0.1047715817954968
15.44 -0.00767101000955433 -0.018595516598376303 -0.03181717274049263 0.05980920594473858
15.46 0.02269992760637046 0.007329153242558152 -0.03181717274049263 -0.14561495447158115
15.48 -0.018683909436527327 -0.007240760404407105 -0.03181717274049263 0.0006860368425852154
15.5 0.020921420496374323 0.02880755530850226 -0.03181717274049263 -0.18350708417084427
15.52 -0.050833354162448253 -0.015244042399389736 -0.011569880996542775 -0.07671692868563736
15.54 -0.0011043783575716691 0.02258278042351577 -0.027247223633975356 -0.20277062825585374
15.56 -0.09399569831534219 -0.050618229359874645 -0.0009837476589403783 -0.14364745915370036
15.58 0.004572999739412906 -0.021136545298947925 -0.028230971292915734 -0.1756371028993213
15.6 -0.11957851138928048 -0.08365692764079365 0.0182797964260691 -0.20808923411056968
15.62 0.018595516598376303 -0.006224774884986483 -0.033322180592745915 -0.14699856969053549
15.64 -0.14838606669778268 -0.09911609484275698 0.03100589608668055 -0.22763894747815033
15.66 0.02160513403036667 -0.0014366503429999577 -0.05195076620699965 -0.12148375046369914
15.68 -0.16473448745474403 -0.0850935779837936 0.022500956344401777 -0.16261329242235462
15.7 0.004699731703835443 0.023598765942936376 -0.07057935182125336 -0.04274824808835162
15.72 -0.03757335889406035 -0.02968722408193242 -0.07613304858671101 -0.07115169038639566
15.74 0.09459101901118347 0.0697707275278207 -0.11662763207461072 0.010821224248344153
15.76 0.15533289424303304 0.008139598740973069 -0.18141819621966468 -0.004856118389088414
15.78 0.3628090610270917 0.09836315803374936 -0.13241867298948615 0.024531071567895985
15.8 0.3470080370581322 0.0486341822288728 -0.25453738192394104 -0.007807361365909565
15.82 0.2638985062053405 0.11026531101572042 -0.08208661291218267 -0.019898502555765234
15.84 0.3832618927920473 0.051301942893867004 -0.20322157418769718 -0.04668323872411313
15.86 0.20247291743949858 0.0834513876197879 0.020831171842876216 -0.05322068314851116
15.88 0.3444190844497212 0.04473531124188434 -0.09816382310962925 -0.05420443080745154
15.9 0.1199107833747087 0.07688475596780525 0.09401297745276609 -0.05420443080745154
15.92 0.26096769682993326 0.05752671777885347 -0.06842784396446021 -0.05420443080745154
15.94 0.01676908558054073 0.07866326307780139 0.10610411864262183 -0.0597581275729092
15.96 0.173959294990153 0.039947186699897816 -0.026487025351992644 -0.04963448170093426
15.98 -0.06367268460725677 0.05184933968186889 0.10969032009019868 -0.05518817846639191
16.0 0.0908497641373614 0.02236765562094217 0.0009326692871110174 -0.05518817846639191
16.02 -0.1283134308260947 0.014022516858963373 0.07995434094502966 -0.06074187523184957
16.04 0.05391219486945396 -0.024693559518940204 0.04107846358682606 -0.06074187523184957
16.06 -0.1283134308260947 -0.02380430596394213 0.05282081558849713 -0.06074187523184957
16.08 0.02176275014353303 -0.043162344152893925 0.04888582495273565 -0.06074187523184957
16.1 -0.14021558380806587 -0.013680660091967207 0.02013359346650701 -0.06074187523184957
16.12 -0.021399594009360975 -0.005335521329988409 0.09863400493111277 -0.06074187523184957
16.14 -0.14466185158305622 0.03426980860291323 0.00913989821303455 -0.06074187523184957
16.16 -0.057995306510272224 0.033380555047915164 0.11656501216899724 -0.06074187523184957
16.18 -0.1237404310866819 0.06286223910884188 -0.034654717439870905 -0.06074187523184957
16.2 -0.07756846950179754 0.023256909175940234 0.10869503089747422 -0.040494583487899714
16.22 -0.10226202902073776 0.03426980860291323 -0.08857297896475128 -0.040494583487899714
16.24 -0.06710296686282652 0.003898870986988451 0.05576051703153422 -0.040494583487899714
16.26 -0.04206755057689014 0.024146162730938305 -0.15064739104372585 -0.040494583487899714
16.28 -0.037279426034903605 -0.02647206662893634 0.005777246142415357 -0.030370937615924784
16.3 -0.0012311103219942406 -0.006224774884986483 -0.17841587487101418 -0.030370937615924784
16.32 -0.025924669840934444 -0.07797954954380906 -0.06607202262034956 -0.020247291743949857
16.34 0.0017785071099961362 -0.03748496605590935 -0.2078030648279986 -0.020247291743949857
16.36 -0.062188110356417414 -0.12948703245868176 -0.14966364338478547 0.006016184231085122
16.38 -0.013348388106538912 -0.04104198027590162 -0.18720698389586407 -0.021231039402890235
16.4 -0.06663437813140777 -0.14494619966064512 -0.19941182336316263 0.015156082444119673
16.42 0.020921420496374323 -0.02701946341693827 -0.1438748557085861 -0.01619860283074549
16.44 -0.051722607717446314 -0.18298814728612417 -0.2098216385177087 0.0435595247421637
16.46 0.036722444465333834 -0.0138862001129729 -0.09811274473779986 -0.029273491679541557
16.48 -0.04604522962046174 -0.14037319992123212 -0.1301023884834208 0.01480729325593507
16.5 0.06264711430626824 0.019494354934942244 -0.04060828176534257 -0.06814936903774513
16.52 -0.020120559779527283 -0.014101324915546554 -0.044194483212919466 -0.07827301490972005
16.54 0.08857178414720272 0.0978157612457474 0.01753113967787048 -0.10453649088475503
16.56 0.037064301232330024 0.1409781053986414 -0.008269848831537033 -0.17245076901175843
16.58 0.11805346820812944 0.17490605723455846 0.010993695253472444 -0.11888129667506261
16.6 0.06832449240325285 0.2930479182808389 0.004456250829074419 -0.2576610959058905
16.62 0.11983197531812559 0.20904913387304913 -0.01220483946729854 -0.0852103268941321
16.64 0.081115898940222 0.32841252045975594 -0.0288659297636715 -0.22902256269710475
16.66 0.11326534366614288 0.19468476024708958 -0.02429598065715423 -0.009077278307421093
16.68 0.07454926728823937 0.3357416737023141 -0.029849677422611878 -0.15387326176933408
16.7 0.09657506614218533 0.14994944900520527 -0.035403374188069534 0.05855083053701109
16.72 0.047735343892306825 0.2799934630334568 -0.030833425081552252 -0.09376634500824031
16.74 0.05963749687427791 0.06438728228999288 -0.03638712184700991 0.08631931436429943
16.76 0.040279458685326106 0.23081188401658215 -0.04194081861246756 -0.036148183758340134
16.78 0.04205796579532225 0.013427196163121992 -0.04194081861246756 0.10002916168385122
16.8 0.021810674051372384 0.14859160671878835 -0.05206446448444249 -0.008728489119236472
16.82 0.032823573478345386 -0.051213550055715956 -0.04194081861246756 0.07029318253868219
16.84 0.0134655352893936 0.0914067457069311 -0.062188110356417414 0.03141730518047862
16.86 0.033712827033343454 -0.0798059805616445 -0.062188110356417414 0.02291236543819987
16.88 0.004231142972416739 0.06103580809100632 -0.05206446448444249 0.049348312418363106
16.9 0.024478434716366595 -0.08158448767164068 -0.05206446448444249 0.004918738294701887
16.92 0.004231142972416739 0.01698421038311429 -0.04194081861246756 0.09452654329022296
16.94 0.024478434716366595 -0.08603075544663105 -0.04194081861246756 0.020709779209577325
16.96 0.004231142972416739 -0.018722248562798888 -0.04194081861246756 0.14381223580297264
16.98 0.024478434716366595 -0.07523298082223173 -0.04194081861246756 -0.03320848231530306
17.0 0.0033418894174186654 -0.02906101923734745 -0.04194081861246756 0.10458756925658438
17.02 0.033712827033343454 -0.04363093288431268 -0.04194081861246756 -0.10280408647761602
17.04 -0.006781756454556256 -0.027829908915353137 -0.03181717274049263 0.061776701262619346
17.06 0.032823573478345386 -0.012028884946393618 -0.03181717274049263 -0.1335238132817254
17.08 -0.008560263564552393 -0.026598798593358897 -0.021693526868517703 0.017347127138958137
17.1 0.021810674051372384 0.0195731629915254 -0.021693526868517703 -0.17141594298098858
17.12 -0.04994410060745018 -0.004231142972416739 -0.011569880996542775 -0.05450214162380682
17.14 0.009908521069401327 0.02347203397851384 -0.027247223633975356 -0.18610953795948088
17.16 -0.0820935453333711 -0.050618229359874645 -0.005553696765457653 -0.12241641975081015
17.18 0.006351506849409054 -0.021136545298947925 -0.022677274527458085 -0.1756371028993213
17.2 -0.1067871048523113 -0.09378057351276856 0.013709847319551825 -0.18784194236661983
17.22 0.020374023708372452 -0.025582813073938265 -0.027768483827288266 -0.14242862058401823
17.24 -0.1254710142888386 -0.08899244897078204 0.03198964374562093 -0.1982517575211659
17.26 0.03350728701233777 -0.0005473967880019074 -0.05096701854805926 -0.11234385225066461
17.28 -0.14181943504580005 -0.08420432442879555 0.003237412259392288 -0.16458078774023538
17.3 0.008813727493397584 0.024488019497934475 -0.07416555326883024 -0.06496303515018223
17.32 -0.02389269880209314 -0.02879797052693437 -0.08984289590626282 -0.06299553983230148
17.34 0.08802438735920082 0.07065998108281879 -0.10042902924386522 0.008853728930463394
17.36 0.15977916201802342 0.019152498167946053 -0.17945070090178392 -0.016947259578944118
17.38 0.2038307597259154 0.09925241158874745 -0.11477383503417281 -0.003237412259392288
17.4 0.32019411366219974 0.059647081655845785 -0.23787629162756807 -0.030022148427740168
17.42 0.24631897512638481 0.10103091869874357 -0.07097921938126735 -0.03100589608668055
17.44 0.3665716152680898 0.053080450003863126 -0.19766787742223954 -0.04766698638305351
17.46 0.20425142454949474 0.07510624885780912 0.03095481771485115 -0.04865073404199389
17.48 0.3158266539437925 0.04651381835188047 -0.11384116574706181 -0.05420443080745154
17.5 0.10055274518575694 0.07777400952280333 0.0930292297938257 -0.0597581275729092
17.52 0.26096769682993326 0.04829232546187661 -0.06484164251688336 -0.0597581275729092
17.54 0.015879832025542655 0.07955251663279947 0.10969032009019868 -0.04963448170093426
17.56 0.16205714200818197 0.030712794382920967 -0.028454520669873452 -0.05518817846639191
17.58 -0.06545119171725296 0.03249130149291709 0.09759917890034299 -0.06074187523184957
17.6 0.09830564934434208 0.01313326330396531 -0.001034826030769742 -0.06074187523184957
17.62 -0.11162315330213714 0.004788124541986513 0.0779868456271489 -0.06074187523184957
17.64 0.060478826521436616 -0.014569913646965268 0.02898732239697039 -0.06074187523184957
17.66 -0.13098119149108903 -0.013680660091967207 0.04171342205758186 -0.06074187523184957
17.68 0.00986059716156202 -0.03392795183591706 0.07370306580320278 -0.06074187523184957
17.7 -0.15211773679003687 -0.0044462677749903465 0.01914984580756663 -0.06074187523184957
17.72 -0.03330174699133199 0.024146162730938305 0.11332759990960496 -0.06074187523184957
17.74 -0.13865220150064334 0.053627846791865025 0.00815615055409417 -0.06074187523184957
17.76 -0.05053942130329154 0.033380555047915164 0.12113496127551454 -0.050618229359874645
17.78 -0.11628454587970116 0.053627846791865025 -0.04576211097078622 -0.050618229359874645
17.8 -0.059988938422841975 0.014022516858963373 0.09758763736655895 -0.040494583487899714
17.82 -0.08468249794178215 0.03426980860291323 -0.10425032160218387 -0.040494583487899714
17.84 -0.059647081655845785 -0.015459167201963343 0.05020682026607656 -0.050618229359874645
17.86 -0.024488019497934475 0.014911770413961446 -0.1450936942782682 -0.040494583487899714
17.88 -0.02893428727292482 -0.0357064589459132 0.005777246142415357 -0.030370937615924784
17.9 0.007114028439984545 -0.006224774884986483 -0.18298582397753135 -0.030370937615924784
17.92 -0.03604831571290937 -0.07797954954380906 -0.07619566849232452 -0.020247291743949857
17.94 0.0008892535549980681 -0.028250573738932486 -0.2078030648279986 -0.020247291743949857
17.96 -0.062188110356417414 -0.13037628601367984 -0.14966364338478547 0.006016184231085122
17.98 -0.004113995789562052 -0.04104198027590162 -0.18720698389586407 -0.021231039402890235
18.0 -0.05739998581443091 -0.14494619966064512 -0.18373448072573 0.015156082444119673
18.02 0.020921420496374323 -0.02701946341693827 -0.13832115894312844 -0.01619860283074549
18.04 -0.042488215400469466 -0.1636301090971724 -0.20426794175225102 0.0435595247421637
18.06 0.03583319091033576 -0.014775453667971021 -0.0925590479723422 -0.029273491679541557
18.08 -0.036810837303484854 -0.14037319992123212 -0.12454869171796312 0.01480729325593507
18.1 0.07188150662324512 0.019494354934942244 -0.030484635893367636 -0.06814936903774513
18.12 -0.010886167462550424 -0.023335717232523392 -0.044194483212919466 -0.07827301490972005
18.14 0.08857178414720272 0.08858136892877055 0.01753113967787048 -0.08885914824732245
18.16 0.047187947104304954 0.16122539714259126 -0.008269848831537033 -0.17245076901175843
18.18 0.11805346820812944 0.18502970310653338 0.010993695253472444 -0.11332759990960496
18.2 0.06832449240325285 0.29393717183583695 -0.005667395042900515 -0.2622310450124078
18.22 0.11983197531812559 0.20993838742804719 -0.01220483946729854 -0.07965663012867444
18.24 0.081115898940222 0.339425419886729 -0.0288659297636715 -0.21791516916618942
18.26 0.12249973598311976 0.19557401380208764 -0.029849677422611878 0.0020301152234941965
18.28 0.07454926728823937 0.3467545731292871 -0.029849677422611878 -0.1483195650038764
18.3 0.09657506614218533 0.14305054536779427 -0.035403374188069534 0.06410452730246875
18.32 0.05785898976428176 0.29100636246042977 -0.040957070953527186 -0.09376634500824031
18.34 0.06976114274625284 0.056042143528014114 -0.03638712184700991 0.08631931436429943
18.36 0.040279458685326106 0.2325903911265782 -0.03638712184700991 -0.026024537886365225
18.38 0.04205796579532225 0.0050820574011432775 -0.04194081861246756 0.08990551581187628
18.4 0.021810674051372384 0.16049375970075946 -0.05206446448444249 0.0013951567527384853
18.42 0.032823573478345386 -0.05866943526269664 -0.05206446448444249 0.06473948577322454
18.44 0.0134655352893936 0.10330889868890221 -0.05206446448444249 0.035987254286995896
18.46 0.033712827033343454 -0.09738551164060033 -0.05206446448444249 0.0274823145447171
18.48 0.004231142972416739 0.05269066932902751 -0.05206446448444249 0.05848821063139766
18.5 0.024478434716366595 -0.10005327230559435 -0.062188110356417414 0.01961233327319409
18.52 0.004231142972416739 0.008639071621135573 -0.04194081861246756 0.12391373324720739
18.54 0.033712827033343454 -0.0952651477636079 -0.04194081861246756 0.02429598065715423
18.56 0.0134655352893936 -0.03808028675175063 -0.04194081861246756 0.15196838635706678
18.58 0.023589181161368527 -0.07434372726723361 -0.04194081861246756 -0.0508533202706164
18.6 0.0033418894174186654 -0.03829541155432429 -0.04194081861246756 0.10719002304522093
18.62 0.023589181161368527 -0.03350728701233777 -0.04194081861246756 -0.11032527856095446
18.64 -0.00767101000955433 -0.027829908915353137 -0.03181717274049263 0.05980920594473858
18.66 0.02269992760637046 -0.001905239074418684 -0.03181717274049263 -0.1511686512370387
18.68 -0.018683909436527327 -0.017364406276382038 -0.03181717274049263 0.010809682714560126
18.7 0.020921420496374323 0.02880755530850226 -0.03181717274049263 -0.17338343829886935
18.72 -0.050833354162448253 -0.005120396527414807 -0.005553696765457653 -0.0711632319201797
18.74 0.009019267514403264 0.02258278042351577 -0.01712357776200043 -0.20277062825585374
18.76 -0.09399569831534219 -0.050618229359874645 -0.0009837476589403783 -0.14364745915370036
18.78 0.004572999739412906 -0.021136545298947925 -0.028230971292915734 -0.1756371028993213
18.8 -0.10945486551730552 -0.08365692764079365 0.0182797964260691 -0.202535537345112
18.82 0.018595516598376303 -0.006224774884986483 -0.03887587735820357 -0.14699856969053549
18.84 -0.14838606669778268 -0.09911609484275698 0.03100589608668055 -0.22763894747815033
18.86 0.02160513403036667 -0.0014366503429999577 -0.05195076620699965 -0.12148375046369914
18.88 -0.16473448745474403 -0.0749699321118187 0.022500956344401777 -0.15248964655037972
18.9 0.013934124020812278 0.023598765942936376 -0.07057935182125336 -0.04274824808835162
18.92 -0.02833896657708351 -0.039810869953907334 -0.07613304858671101 -0.07115169038639566
18.94 0.10382541132816031 0.0697707275278207 -0.11662763207461072 0.010821224248344153
18.96 0.15533289424303304 0.008139598740973069 -0.19154184209163957 -0.004856118389088414
18.98 0.21963178369487488 0.09836315803374936 -0.13241867298948615 0.01440742569592105
19.0 0.35713168293010716 0.05875782810084774 -0.25453738192394104 -0.007807361365909565
19.02 0.27402215207731545 0.1001416651437455 -0.08208661291218267 -0.009774856683790313
19.04 0.3647931081580936 0.051301942893867004 -0.21479145518423995 -0.04668323872411313
19.06 0.20247291743949858 0.0834513876197879 0.020831171842876216 -0.05322068314851116
19.08 0.3453083380047192 0.04473531124188434 -0.13408845749101167 -0.06432807667942647
19.1 0.11067639105773185 0.06676111009583033 0.09401297745276609 -0.05420443080745154
19.12 0.2710913427019082 0.04740307190687854 -0.07855148983643512 -0.05420443080745154
19.14 0.01676908558054073 0.07866326307780139 0.10610411864262183 -0.0597581275729092
19.16 0.173959294990153 0.039947186699897816 -0.026487025351992644 -0.04963448170093426
19.18 -0.06367268460725677 0.05184933968186889 0.10969032009019868 -0.05518817846639191
19.2 0.0908497641373614 0.03249130149291709 0.011056315159085927 -0.05518817846639191
19.22 -0.1283134308260947 0.014022516858963373 0.07995434094502966 -0.06074187523184957
19.24 0.05391219486945396 -0.024693559518940204 0.04107846358682606 -0.06074187523184957
19.26 -0.1283134308260947 -0.02380430596394213 0.05282081558849713 -0.06074187523184957
19.28 0.02176275014353303 -0.043162344152893925 0.06456316759016822 -0.06074187523184957
19.3 -0.15033922968004076 -0.013680660091967207 0.02013359346650701 -0.06074187523184957
19.32 -0.021399594009360975 -0.005335521329988409 0.09863400493111277 -0.06074187523184957
19.34 -0.14466185158305622 0.043504200919890094 0.00913989821303455 -0.06074187523184957
19.36 -0.06722969882724907 0.033380555047915164 0.11199506306247999 -0.06074187523184957
19.38 -0.13386407695865685 0.053627846791865025 -0.03922466654638818 -0.050618229359874645
19.4 -0.07756846950179754 0.023256909175940234 0.10869503089747422 -0.050618229359874645
19.42 -0.10226202902073776 0.04439345447488816 -0.09869662483672621 -0.040494583487899714
19.44 -0.06710296686282652 0.003898870986988451 0.05020682026607656 -0.050618229359874645
19.46 -0.04206755057689014 0.024146162730938305 -0.15064739104372585 -0.050618229359874645
19.48 -0.037279426034903605 -0.02647206662893634 0.0002235493769577 -0.040494583487899714
19.5 -0.0012311103219942406 -0.006224774884986483 -0.17841587487101418 -0.040494583487899714
19.52 -0.0351590621579113 -0.07797954954380906 -0.06607202262034956 -0.020247291743949857
19.54 0.011902152981971064 -0.028250573738932486 -0.2078030648279986 -0.020247291743949857
19.56 -0.062188110356417414 -0.12025264014170489 -0.14966364338478547 0.006016184231085122
19.58 -0.013348388106538912 -0.04104198027590162 -0.19276068066132174 -0.011107393530915307
19.6 -0.05651073225943284 -0.14494619966064512 -0.18928817749118768 0.015156082444119673
19.62 0.020921420496374323 -0.02701946341693827 -0.1438748557085861 -0.01619860283074549
19.64 -0.061846253589421224 -0.17375375496914733 -0.2098216385177087 0.0435595247421637
19.66 0.036722444465333834 -0.024009845984947858 -0.1082363906097748 -0.029273491679541557
19.68 -0.04604522962046174 -0.14037319992123212 -0.1301023884834208 0.01480729325593507
19.7 0.06264711430626824 0.019494354934942244 -0.030484635893367636 -0.06814936903774513
19.72 -0.010886167462550424 -0.014101324915546554 -0.054318129084894404 -0.07827301490972005
19.74 0.08857178414720272 0.0978157612457474 0.01753113967787048 -0.0944128450127801
19.76 0.047187947104304954 0.15110175127061634 0.0018537970404379008 -0.17245076901175843
19.78 0.11805346820812944 0.18502970310653338 0.010993695253472444 -0.11888129667506261
19.8 0.06832449240325285 0.29393717183583695 -0.01122109180835816 -0.2622310450124078
19.82 0.11983197531812559 0.20993838742804719 -0.01220483946729854 -0.08978027600064935
19.84 0.081115898940222 0.339425419886729 -0.0288659297636715 -0.20779152329421444
19.86 0.11326534366614288 0.19557401380208764 -0.029849677422611878 -0.003523581541963437
19.88 0.07454926728823937 0.35687821900126204 -0.029849677422611878 -0.13819591913190152
19.9 0.09657506614218533 0.1314806643712515 -0.035403374188069534 0.05855083053701109
19.92 0.047735343892306825 0.29100636246042977 -0.030833425081552252 -0.08364269913626535
19.94 0.05963749687427791 0.056042143528014114 -0.046510767718984845 0.08631931436429943
19.96 0.040279458685326106 0.2325903911265782 -0.03638712184700991 -0.026024537886365225
19.98 0.04205796579532225 -0.014275980787808515 -0.04194081861246756 0.08990551581187628
20.0 0.021810674051372384 0.1503701138287846 -0.05206446448444249 0.0013951567527384853
