0.0 0.0 -0.03654939869159109 -0.025121526488041265 0.0
0.02 0.0 -0.03654939869159109 -0.025121526488041265 0.025121526488041265
0.04 0.2923951895327287 0.297616532202956 -0.36159129950728847 -0.3584511086962833
0.06 0.18068168430463644 0.2610671335113649 -0.050388355856944594 -0.12842376989037824
0.08 0.6516932489886827 0.7341440073487301 -0.5386713031686922 -0.5507627101710175
0.1 0.09106041369490285 0.3217740759746335 0.1325695683829924 0.05453415434955868
0.12 0.3731290574610369 0.5286786132042665 -0.17138083356284145 -0.2274349119192389
0.14 -0.07579027260465068 0.07975928313857868 0.44568338459922685 0.3913614283287483
0.16 0.21247429862143996 0.32940914651975955 0.035111797960079516 0.07546492226145128
0.18 -0.15715030660110874 -0.07883016654769931 0.5675361671058705 0.5351955465124283
0.2 0.09456486593339089 0.17495031514011938 0.1619821962445098 0.12790945356514832
0.22 -0.23644503144424767 -0.19467429008242926 0.6047491005962371 0.5351955465124283
0.24 0.019400759396889983 0.09772089945029944 0.15350033629488485 0.11267785575181784
0.26 -0.3116091379807488 -0.2698383966189304 0.5742859049695761 0.5419452843761339
0.28 -0.055763347139611175 0.061171500758708364 0.14501847634526008 0.11942759361552344
0.3 -0.3867732445172498 -0.2698383966189304 0.5438227093429151 0.4962504909361425
0.32 -0.09231274583120236 0.061171500758708364 0.09932368290526862 0.07373280017553198
0.34 -0.384707935363931 -0.23122368877402028 0.4541652445488515 0.4285743618191149
0.36 -0.09024743667788324 0.06323680991202713 0.09084182295564397 0.06525094022590718
0.38 -0.4212573340555221 -0.26777308746561135 0.46091498241255713 0.4573054353598567
0.4 -0.05163272883297333 0.02668741122043608 0.10748148949406036 0.07200067808961302
0.42 -0.30747851967411094 -0.26570777831229253 0.4524331224629323 0.4048609040561598
0.44 -0.04956741967965442 0.06736742821866512 0.07701829386739924 0.07026855600369364
0.46 -0.30541321052079196 -0.18847836262247253 0.42196992683627144 0.4183603797835711
0.48 -0.0475021105263355 0.10598213606357511 0.08376803173110492 0.08690822254211002
0.5 -0.30334790136747314 -0.14986365477756253 0.39150673120961044 0.38789718415691
0.52 0.029727305163484527 0.10804744521689395 0.08203590964518584 0.05644502691544909
0.54 -0.189569086986062 -0.1112489469326525 0.3677932734466552 0.3641837263939547
0.56 0.03179261431680362 0.14666215306180408 0.07355404969556094 0.06994450264286046
0.58 -0.18750377783274302 -0.07263423908774239 0.33733007781999425 0.3557018664443299
0.6 0.03385792347012255 0.11217806352353195 0.0870535254229722 0.04623104487990509
0.62 -0.1488890699878329 -0.10711832862601449 0.32884821787036933 0.28802573732730236
0.64 -0.002691475221468481 0.15079277136844188 0.041358731982980734 0.037749184930280275
0.66 -0.14682376083451398 -0.06850362078110457 0.26792182661704744 0.24233094388731086
0.68 0.03798854177676024 0.11630868183016978 0.039626609897061515 0.014035727167324888
0.7 -0.10820905298960407 -0.06643831162778575 0.22222703317705594 0.24059882180139158
0.72 0.04005385093007929 0.11837399098348877 0.015913152134106184 0.01230360508140571
0.74 -0.14269314252787615 0.010791104062034373 0.19851357541410067 0.2101356261747307
0.76 0.04211916008339818 0.12250460929012662 0.014181030048186924 -0.011409852681549676
0.78 -0.06546372683805614 -0.02369298547623773 0.17480011765114534 0.18642216841177534
0.8 0.08279917708162711 0.12456991844344549 -0.03151376339180441 -0.01314197476746888
0.82 -0.06339841768473721 0.014921722368672286 0.1443369220244845 0.12549577715845353
0.84 0.08486448623494611 0.1631846262883555 0.003967048012642929 -0.03685543253042417
0.86 0.013830998005082772 0.09215113805849229 0.13585506207485953 0.10178231939549814
0.88 0.08899510454158394 0.20386464328658443 0.01746652374005419 -0.03858755461634332
0.9 -0.020653091533189297 0.09421644721181122 0.09691000649857377 0.07806886163254281
0.92 0.12967512153981287 0.20592995243990342 -0.014728793972526001 -0.003106743211895982
0.94 0.05657632415663075 0.13489646421004015 0.05796495092228797 0.05435540386958747
0.96 0.13174043069313185 0.17351117205495015 0.0055204196185908855 -0.020070463111145652
0.98 0.058641633309949655 0.13696177336335913 0.041001231023038306 -0.06576525655113705
1.0 0.09725634115485968 0.17557648120826916 -0.011443300280658757 -0.07424711650076196
1.02 0.06277225161658752 0.1776417903615881 -0.019925160230283633 -0.060747640773350695
1.04 0.06483756076990643 0.179707099514907 -0.04363861799323894 -0.04724816504593943
1.06 0.10345226861481643 0.18177240866822592 -0.058870215806569426 -0.07771136067260037
1.08 0.1055175777681354 0.22038711651313592 -0.06735207575619429 -0.10817455629926134
1.1 0.14413228561304542 0.22038711651313592 -0.11979660705989133 -0.16061908760295834
1.12 0.14413228561304542 0.2590018243580459 -0.1130468691961857 -0.15386934973925276
1.14 0.2192963921495465 0.2224524256664549 -0.1130468691961857 -0.15386934973925276
1.16 0.18274699345795545 0.2610671335113649 -0.1130468691961857 -0.15386934973925276
1.18 0.18274699345795545 0.2610671335113649 -0.1130468691961857 -0.15386934973925276
1.2 0.18274699345795545 0.2610671335113649 -0.13502820487322179 -0.15386934973925276
1.22 0.2192963921495465 0.2610671335113649 -0.1130468691961857 -0.15386934973925276
1.24 0.18274699345795545 0.2245177348197738 -0.1130468691961857 -0.15386934973925276
1.26 0.18274699345795545 0.2245177348197738 -0.1130468691961857 -0.15386934973925276
1.28 0.2192963921495465 0.2245177348197738 -0.15700954055025793 -0.15386934973925276
1.3 0.2192963921495465 0.2245177348197738 -0.13502820487322179 -0.15386934973925276
1.32 0.4020433856075019 0.2245177348197738 -0.26691621893543843 -0.15386934973925276
1.34 0.3268792790710009 0.2245177348197738 -0.1705090162776692 -0.15386934973925276
1.36 0.5806597607588195 0.2610671335113649 -0.28543331044063613 -0.17585068541628887
1.38 0.2800033346128151 0.2245177348197738 -0.07738730731176711 -0.17585068541628887
1.4 0.566202596685587 0.2245177348197738 -0.24302401069251187 -0.15386934973925276
1.42 0.2289967718479915 0.2245177348197738 0.04619759728079595 -0.15386934973925276
1.44 0.5569667752825819 0.18796833612818273 -0.14990230172660987 -0.15386934973925276
1.46 0.10489141169998563 0.18796833612818273 0.15281878197410922 -0.15386934973925276
1.48 0.469410813826167 0.18796833612818273 -0.05851271484662704 -0.15386934973925276
1.5 0.019400759396889983 0.2245177348197738 0.21374517322743114 -0.15386934973925276
1.52 0.31288667329320796 0.15141893743659163 0.022662889997811783 -0.15386934973925276
1.54 -0.13712338113606917 0.18796833612818273 0.2204949110911368 -0.15386934973925276
1.56 0.19704254975847785 0.15141893743659163 0.10885611062003699 -0.15386934973925276
1.58 -0.21435279682588904 0.15141893743659163 0.17306799556522617 -0.15386934973925276
1.6 0.08532904453038592 0.11486953874500054 0.07492867082153766 -0.15386934973925276
1.62 -0.24883688636416113 0.11486953874500054 0.0799462865993241 -0.15386934973925276
1.64 -0.022253842391068562 0.07832014005340947 0.09171364024081613 -0.15386934973925276
1.66 -0.2812556667491145 0.07832014005340947 0.008805913310458106 -0.15386934973925276
1.68 -0.13092745367611228 0.0 0.15560147182517198 -0.15386934973925276
1.7 -0.23437972229092877 0.04177074136181838 -0.008481859949624845 -0.15386934973925276
1.72 -0.11853559875619872 -0.07309879738318217 0.19436777692148655 -0.15386934973925276
1.74 -0.1488890699878329 -0.03654939869159109 -0.08810409318811568 -0.15386934973925276
1.76 -0.06752903599137505 -0.10964819607477325 0.15022635508744314 -0.15386934973925276
1.78 0.013830998005082772 -0.03448408953827215 -0.2201708577303036 -0.15386934973925276
1.8 -0.014457164073232512 -0.1055175777681354 0.011409852681549676 -0.13188801406221665
1.82 0.10138695946149753 0.006195927459956802 -0.36573709799990267 -0.13188801406221665
1.84 -0.03861470784491001 -0.17655106599799858 -0.06648025847102201 -0.13188801406221665
1.86 0.03654939869159109 -0.028288162078315374 -0.41316401352581333 -0.13188801406221665
1.88 -0.18383771782154484 -0.1358710489997697 -0.17136932107841607 -0.10990667838518055
1.9 0.04165460178795845 0.05100656276482362 -0.48758988050654656 -0.10990667838518055
1.92 -0.09834706551844914 -0.16622452023140394 -0.3032573351406328 -0.06594400703110832
1.94 0.2002440514742364 0.020653091533189297 -0.492607496284333 -0.06594400703110832
1.96 0.021627676322918808 -0.30622618753781145 -0.3724868358636082 0.0
1.98 0.31815348416228534 -0.08486448623494611 -0.41298526304584204 -0.02198133567703611
2.0 0.10092240116605776 -0.48277725353581014 -0.41941094754871444 0.060602337892488624
2.02 0.3974482090054243 -0.03592323262344144 -0.2975581650420706 -0.035804864765280636
2.04 0.10505301947269567 -0.5466402295159871 -0.4242498128465297 0.050388355856944594
2.06 0.36296411946715207 0.01714863929470105 -0.19249035195470532 -0.12044471378155787
2.08 0.07263423908774239 -0.4184042510613435 -0.21775718132360852 -0.012270157482296519
2.1 0.36709473777379015 0.21848341513252703 -0.0097111781947396 -0.1898529649845046
2.12 0.07676485739438031 0.14429389338575527 -0.05194172746289257 -0.21183430066154071
2.14 0.4098400639253379 0.5901733295083945 0.07319654873561843 -0.2589371628266181
2.16 0.22709307046738245 0.6936255981232111 0.020752017431921368 -0.4245738662073629
2.18 0.5215535691534302 0.7198484510482075 0.05623282883636873 -0.27399001015997737
2.2 0.37329066523374677 1.1147213244060232 0.010538035396377331 -0.5562831297896084
2.22 0.5539723495383834 0.7692542629551518 0.002056175446752479 -0.168922197072612
2.24 0.44225884431029117 1.2278739727192847 -0.04363861799323894 -0.4373917876139984
2.26 0.5477764220784265 0.736209316502049 -0.03688888012953333 0.08499734997621966
2.28 0.3974482090054243 1.236599767628 -0.052120477942863806 -0.18520436265108606
2.3 0.4278016802370586 0.4818026687460807 -0.06735207575619429 0.2914899814991406
2.32 0.2774734671640564 0.9821931198720316 -0.08258367356952476 -0.04811998233111181
2.34 0.2733428488574186 0.0864197688939751 -0.07583393570581912 0.3743977084294988
2.36 0.19817874232091742 0.6608836021928381 -0.07583393570581912 0.08015848467840446
2.38 0.23266283185918957 -0.23075913047858063 -0.09106553351914957 0.35068425066654335
2.4 0.1574987253226885 0.3478353211269201 -0.09106553351914957 0.10542531404730777
2.42 0.15543341616936956 -0.4645126867013597 -0.09106553351914957 0.24233094388731086
2.44 0.08026930963286846 0.08166298451918774 -0.1130468691961857 0.1576910948710336
2.46 0.11475339917114061 -0.5782915010827703 -0.1130468691961857 0.11701391720882862
2.48 0.04165460178795845 -0.06453461024717672 -0.1130468691961857 0.16426208225476802
2.5 0.11475339917114061 -0.6107102814677239 -0.1130468691961857 0.020427964071088125
2.52 0.04165460178795845 -0.24108567624517496 -0.09106553351914957 0.2179359318035798
2.54 0.11475339917114061 -0.5638343370095381 -0.09106553351914957 0.023389404402122053
2.56 0.04165460178795845 -0.2976620004018061 -0.09106553351914957 0.283701188354717
2.58 0.15336810701605064 -0.4773690999167131 -0.09106553351914957 -0.11040948222598504
2.6 0.04371991094127736 -0.3208449593837542 -0.09106553351914957 0.14142044177698487
2.62 0.15336810701605064 -0.3105184136171594 -0.09106553351914957 -0.3406155715118614
2.64 0.007170512249686303 -0.18847836262247253 -0.06908419784211348 0.0008718172851722716
2.66 0.15543341616936956 -0.1416024181642867 -0.06908419784211348 -0.4422191404273883
2.68 -0.02731357728858585 -0.13127587239769203 -0.04710286216507737 -0.12773070308517714
2.7 0.12094932663109739 0.06179766682685804 -0.06908419784211348 -0.5403584651710767
2.72 -0.13283115505672122 -0.04165460178795845 -0.04710286216507737 -0.2833321749103493
2.74 0.051981147554553096 0.0741895217467716 -0.040353124301371744 -0.5690895387118187
2.76 -0.2383487328248566 -0.18274699345795545 -0.03046319562666095 -0.42698754261405786
2.78 0.09679178285941993 -0.07103348822986323 -0.05558472211470222 -0.5266802389636943
2.8 -0.3376703831330353 -0.3248139699176819 0.02024921359111689 -0.5093924657036114
2.82 0.2208971430074258 -0.09932165030817858 -0.07615798906665239 -0.3790578232473427
2.84 -0.326369252576711 -0.3489715136893594 0.025266829368903315 -0.4685365375614351
2.86 0.27396901492556835 0.02478370983982721 -0.14556624026959913 -0.25027655239702207
2.88 -0.34846148719506964 -0.18831675484976257 -0.02216008615700737 -0.34148738879703366
2.9 0.21119676330898093 0.1833731595261051 -0.21497449147254588 -0.10297819004150369
2.92 0.09839253371729921 -0.03179261431680362 -0.25218742496291247 -0.086014470142254
2.94 0.5077225711483473 0.3378319909057452 -0.2840586893146594 0.0763367395466236
2.96 0.722888344991256 0.1206009079095177 -0.44969539269540415 0.017142470379220898
2.98 0.9359888096808457 0.4516108052871563 -0.261898603157652 0.05262328178366828
3.0 1.296377593500389 0.30541321052079196 -0.5289601249739526 -0.030284445146689723
3.02 0.987459930741109 0.48609489482542856 -0.11961785657992013 -0.03876630509631458
3.04 1.4053996235070128 0.3357666817524263 -0.3409845849562292 -0.084461098536306
3.06 0.6882426476802739 0.4047348608289705 0.19349595963631425 -0.09294295848593084
3.08 1.1479530818079962 0.21785724906437737 -0.13590002215839408 -0.10817455629926134
3.1 0.24804911252330158 0.3233748268325126 0.32556272417850207 -0.08619322062222523
3.12 0.7797676196706163 0.24821072029601154 0.029915431702321887 -0.12340615411259181
3.14 -0.18910452869062208 0.3192442085258747 0.39323885329552977 -0.10142481843555569
3.16 0.38535930460824025 0.2440801019893737 0.10574936740814098 -0.13863775192592226
3.18 -0.5407675176014501 0.2399494836827358 0.37627513339628 -0.13188801406221665
3.2 0.11299104054055131 0.08962127060973363 0.15299753245408051 -0.13188801406221665
3.22 -0.6607422594428181 0.012391854919913604 0.2899031622940835 -0.13188801406221665
3.24 -0.03940248168576954 -0.1379363581530886 0.1832819776007702 -0.13188801406221665
3.26 -0.7359063659793192 -0.10345226861481643 0.1645861356156013 -0.13188801406221665
3.28 -0.25869887383531603 -0.06483756076990643 0.21183430066154071 -0.13188801406221665
3.3 -0.8434892529007734 0.08549065230309576 0.08998151815489691 -0.13188801406221665
3.32 -0.47179933852490596 0.08755596145641467 0.27225788807405815 -0.13188801406221665
3.34 -0.7977040328061773 0.23581886537609797 0.01851709150519769 -0.13188801406221665
3.36 -0.49182626398994567 0.16272006799291577 0.2263843441540955 -0.13188801406221665
3.38 -0.6694680543515333 0.19720415753118795 -0.20493925991697304 -0.13188801406221665
3.4 -0.43777980728207344 0.05100656276482362 0.10608493325339972 -0.08792534270814444
3.42 -0.3888385536705688 0.12410536014800577 -0.34548788440878575 -0.08792534270814444
3.44 -0.33989730005906416 0.014457164073232512 -0.0412134291021187 -0.08792534270814444
3.46 -0.14475845168119517 0.08755596145641467 -0.5215173203050458 -0.10990667838518055
3.48 -0.17098130460619151 -0.13174043069313185 -0.16306621160876258 -0.04396267135407222
3.5 0.022092234618358554 0.016522473226551464 -0.6044250472354038 -0.06594400703110832
3.52 -0.15445883137964003 -0.2372580084612671 -0.33216715916134565 -0.02198133567703611
3.54 0.03654939869159109 -0.052445705849992814 -0.6246742608265209 -0.04396267135407222
3.56 -0.2224524256664549 -0.4158743836125846 -0.5265349360828322 0.00988992867471079
3.58 0.003039893943048433 -0.08073386792830818 -0.5518017654517355 -0.04569479343999143
3.6 -0.13696177336335913 -0.47658132607585335 -0.5412637300553582 0.052120477942863806
3.62 0.16162934362932638 0.045436801373016505 -0.37371615410872305 -0.08149965820527205
3.64 -0.08802051975185442 -0.5383789929027113 -0.5139072776405932 0.08586916726139197
3.66 0.24505468677910314 0.09850867329115909 -0.2297032854450719 -0.12892657373118274
3.68 -0.041144575293668745 -0.41014301444806756 -0.2684695905413865 0.02321065392215082
3.7 0.32848002992888004 0.29462210645875764 0.02923387738154619 -0.22879802056079043
3.72 0.07883016654769931 0.15255512999903087 -0.012996671886606775 -0.22204828269708482
3.74 0.44845477177024806 0.5984345661216705 0.12737320212523473 -0.29474202759189877
3.76 0.26777308746561135 0.7749856321196689 0.09691000649857377 -0.46351892178364873
3.78 0.5601682769983402 0.9129219902727577 0.11715922008969065 -0.31293506573626306
3.8 0.3388065756954748 1.232630757094072 0.05623282883636873 -0.593496063279975
3.82 0.5560376586917022 0.8850983864898818 0.032519371073413454 -0.18415379488594244
3.84 0.4808735521552012 1.341652787100696 -0.013175422366577986 -0.4373917876139984
3.86 0.5498417312317455 0.736209316502049 -0.03688888012953333 0.09347920992584445
3.88 0.4360629168503342 1.3076332558578634 -0.052120477942863806 -0.19870383837849714
3.9 0.4298669893903776 0.4828933931096702 -0.04537074007915815 0.29997184144876554
3.92 0.27953877631737534 1.0146119002569847 -0.08258367356952476 -0.024406524568156257
3.94 0.2754081580107375 0.08022384143401856 -0.09781527138285524 0.3913614283287483
3.96 0.16162934362932638 0.652622365579562 -0.09781527138285524 0.07875041595331846
3.98 0.23266283185918957 -0.2755697657834475 -0.1130468691961857 0.3743977084294988
4.0 0.12094932663109739 0.30618071933896135 -0.09106553351914957 0.16635170530062962
4.02 0.23059752270587064 -0.5113886311595456 -0.1130468691961857 0.28802573732730236
4.04 0.08233461878618738 -0.0017623586305886563 -0.13502820487322179 0.1814045526339889
4.06 0.11681870832445955 -0.7003315520774573 -0.1130468691961857 0.16270871064882003
4.08 0.08026930963286846 -0.1479599533969531 -0.1130468691961857 0.17949368006809852
4.1 0.15336810701605064 -0.65758622592591 -0.1130468691961857 0.05764089756145471
4.12 0.08026930963286846 -0.24934691285845065 -0.1130468691961857 0.261898603157652
4.14 0.15336810701605064 -0.6451943710059961 -0.09106553351914957 0.023389404402122053
4.16 0.04371991094127736 -0.3810873435515827 -0.09106553351914957 0.2972006640821282
4.18 0.15336810701605064 -0.5587291339131709 -0.09106553351914957 -0.1188913421756099
4.2 0.04371991094127736 -0.2904914881521195 -0.09106553351914957 0.16166965536810185
4.22 0.15543341616936956 -0.3532637397687072 -0.09106553351914957 -0.3423476935977806
4.24 0.04578522009459632 -0.26777308746561135 -0.06908419784211348 0.021121030876289165
4.26 0.11888401747777846 -0.18434774431583473 -0.06908419784211348 -0.4811641960036742
4.28 -0.06179766682685804 -0.171955889395921 -0.06908419784211348 -0.11596334944368525
4.3 0.12301463578441635 0.021117649828629105 -0.06908419784211348 -0.5945351185606931
4.32 -0.13076584590340232 -0.08026930963286846 -0.040353124301371744 -0.3222772304866348
4.34 0.05404645670787206 0.03557481390186158 -0.06233445997840785 -0.6147843321518098
4.36 -0.2707675132098099 -0.14619759476636435 -0.008481859949624845 -0.4574507382407187
4.38 0.10092240116605776 -0.07309879738318217 -0.0708163199280327 -0.5266802389636943
4.4 -0.3700891635179885 -0.2861992620727719 0.026998951454822527 -0.5313738013806475
4.42 0.18847836262247253 -0.06277225161658752 -0.10662118469331332 -0.3638262254340122
4.44 -0.39327212249993637 -0.3124221149977683 0.03876630509631458 -0.5259986846429187
4.46 0.2801649423855249 0.022718400686508253 -0.15404810021922402 -0.2417946924473972
4.48 -0.37674964927338483 -0.30003026007785466 0.020070463111145652 -0.3177739310340784
4.5 0.21423665725202898 0.14682376083451398 -0.2167066135584651 -0.04205179878818179
4.52 0.10871907948389377 -0.06627670385507554 -0.23193821137179563 -0.1062636837333709
4.54 0.591147914298124 0.34196260921238303 -0.31986355407994 0.0933004594458733
4.56 0.7332148907578506 0.16128092490774656 -0.4446777769176178 0.05608752595550675
4.58 0.9463153554474402 0.49229082228538523 -0.31607525654726826 0.09156833735995407
4.6 1.3777376274968471 0.30747851967411094 -0.5526735827369078 0.030641946106632158
4.62 1.105369363429158 0.4881602039787474 -0.14333131434287544 0.013678226207382495
4.64 1.413660860120288 0.30128259221415415 -0.41180090488426185 -0.053997902909645054
4.66 0.7309879738318218 0.1509543791411519 0.13430169046891152 -0.09969269634963647
4.68 1.1906984079595437 0.2564719569092873 -0.15788135783543011 -0.13015589197629746
4.7 0.2835077868513032 0.32544013598583155 0.34079432199183257 -0.10817455629926134
4.72 0.7838982379772543 0.2502760294493305 0.016415955974910745 -0.10817455629926134
4.74 -0.15048982084571216 0.35785891637078476 0.4017207132451547 -0.12340615411259181
4.76 0.4219087032998315 0.2075307032977826 0.10748148949406036 -0.11665641624888616
4.78 -0.5042181189098589 0.2034000849911447 0.39998859115923524 -0.11665641624888616
4.8 0.07437633269564181 0.1647853771462347 0.1699612523533302 -0.13188801406221665
4.82 -0.737971675132638 0.08755596145641467 0.30686688219333325 -0.13188801406221665
4.84 -0.0780171895306799 -0.09932165030817858 0.20024569750001986 -0.13188801406221665
4.86 -0.7745210738242287 -0.06483756076990643 0.20353119119188706 -0.13188801406221665
4.88 -0.185600076452134 -0.17655106599799858 0.18483534920671824 -0.13188801406221665
4.9 -0.8069398542091824 -0.028288162078315374 0.08496390237711052 -0.13188801406221665
4.92 -0.40076585029504225 0.012391854919913604 0.23002733880590512 -0.13188801406221665
4.94 -0.7966133084425877 0.1992694666845069 0.013499475727411264 -0.13188801406221665
4.96 -0.49595688229658336 0.20133477583782583 0.23659832618963952 -0.13188801406221665
4.98 -0.7122133805030816 0.274433573221008 -0.15751234439106243 -0.10990667838518055
5.0 -0.480525133433621 0.1261706693013247 0.1535118487793103 -0.08792534270814444
5.02 -0.5432973850502086 0.19720415753118795 -0.3065428288324999 -0.10990667838518055
5.04 -0.384707935363931 0.014457164073232512 -0.009018111389538494 -0.08792534270814444
5.06 -0.26266788436924415 0.12410536014800577 -0.4673406669154296 -0.08792534270814444
5.08 -0.21372663075773934 -0.058641633309949655 -0.14610249170951278 -0.06594400703110832
5.1 -0.0572024902247804 0.014457164073232512 -0.5587302537954125 -0.08792534270814444
5.12 -0.15858944968627792 -0.2393233176145862 -0.30845370139839046 -0.04396267135407222
5.14 0.032418780384953216 -0.05451101500331182 -0.6161924008768961 -0.04396267135407222
5.16 -0.2245177348197738 -0.4200050019192226 -0.4521090691020991 0.00988992867471079
5.18 -0.037640123055180524 -0.08486448623494611 -0.5365701676384051 -0.03046319562666095
5.2 -0.21419118905317916 -0.44416254569090013 -0.5125326565146165 0.023389404402122053
5.22 0.08439992793950632 0.002691475221468481 -0.3821980140583479 -0.05103646257861111
5.24 -0.16524993544167438 -0.469410813826167 -0.47842646623614593 0.07236969153398068
5.26 0.16989058024260204 0.055763347139611175 -0.23818514539469673 -0.09846337810452177
5.28 -0.08182459229189765 -0.3432401445248421 -0.26345197476360005 -0.012270157482296519
5.3 0.32641472077556094 0.255032813824118 -0.024942776008070024 -0.2270658984748712
5.32 0.07676485739438031 0.14429389338575527 -0.04519198959918693 -0.2270658984748712
5.34 0.446389462616929 0.5901733295083945 0.09517788441265454 -0.2809184985036542
5.36 0.30225717700388366 0.7301749968148022 0.05796495092228797 -0.4245738662073629
5.38 0.5581029678450211 0.8315619562762997 0.07146442664969921 -0.27399001015997737
5.4 0.37329066523374677 1.2264348296341154 0.025769633209707793 -0.5630328676533141
5.42 0.5539723495383834 0.8809677681832441 0.024037511123788574 -0.15369059925928147
5.44 0.40364413646538116 1.2644233714108757 -0.04363861799323894 -0.3781975184465957
5.46 0.5091617142335163 0.6955292995038201 -0.03688888012953333 0.1374418812799167
5.48 0.3222841024689233 1.232469149321362 -0.052120477942863806 -0.16997276483775556
5.5 0.3912522815454675 0.40250794390294176 -0.06735207575619429 0.2762583836858101
5.52 0.2774734671640564 0.9028983950288927 -0.060602337892488624 -0.026138646654075615
5.54 0.2733428488574186 0.00712504405083636 -0.09781527138285524 0.35241637275246274
5.56 0.19817874232091742 0.5815888773496987 -0.09106553351914957 0.08015848467840446
5.58 0.23266283185918957 -0.23488974878521848 -0.09106553351914957 0.35068425066654335
5.6 0.12094932663109739 0.34370470282028237 -0.13502820487322179 0.14263824753767446
5.62 0.15543341616936956 -0.4686433050079971 -0.1130468691961857 0.26431227956434694
5.64 0.08026930963286846 0.07753236621254994 -0.1130468691961857 0.17967243054806972
5.66 0.15336810701605064 -0.65758622592591 -0.1130468691961857 0.13899525288586467
5.68 0.08026930963286846 -0.14176402593699652 -0.1130468691961857 0.1777615579821793
5.7 0.11681870832445955 -0.6513902984659525 -0.1130468691961857 0.07114037328886597
5.72 0.08026930963286846 -0.2797003840900853 -0.09106553351914957 0.2973794145620994
5.74 0.15336810701605064 -0.6024490448544481 -0.09106553351914957 0.03688888012953333
5.76 0.08026930963286846 -0.3383420174000348 -0.09106553351914957 0.26673746845546725
5.78 0.15336810701605064 -0.4794344090700319 -0.09106553351914957 -0.1865674712926374
5.8 0.04371991094127736 -0.32291026853707305 -0.09106553351914957 0.1312064597414409
5.82 0.11681870832445955 -0.27396901492556835 -0.09106553351914957 -0.3728108892244416
5.84 0.009235821403005214 -0.22709307046738245 -0.06908419784211348 -0.01609190261407742
5.86 0.11888401747777846 -0.06850362078110457 -0.06908419784211348 -0.4811641960036742
5.88 -0.02524826813526694 -0.13127587239769203 -0.04710286216507737 -0.1227130873073906
5.9 0.08646523709282525 0.06179766682685804 -0.06908419784211348 -0.5793035207473625
5.92 -0.13076584590340232 -0.03958929263463952 0.0 -0.3290269683503405
5.94 0.09059585539946316 0.07625483090009053 -0.06233445997840785 -0.5995527343384796
5.96 -0.2707675132098099 -0.18274699345795545 -0.008481859949624845 -0.42698754261405786
5.98 0.13747179985764885 -0.07103348822986323 -0.04569479343999143 -0.5114486411503639
6.0 -0.29492505698148735 -0.2861992620727719 0.04898028713185864 -0.5533551370576836
6.02 0.18847836262247253 -0.024157543771677496 -0.08463984901627722 -0.3858075611110483
6.04 -0.39327212249993637 -0.31035680584444936 0.060747640773350695 -0.5259986846429187
6.06 0.24155023454061503 0.02478370983982721 -0.15404810021922402 -0.2637760281244333
6.08 -0.37674964927338483 -0.2614155522329447 -0.001910872565890405 -0.3177739310340784
6.1 0.21423665725202898 0.1854384686794239 -0.23868794923550124 -0.04205179878818179
6.12 0.033554972947392625 -0.027661996010165543 -0.23193821137179563 -0.06905075024300429
6.14 0.515983807761623 0.37851200790397405 -0.30463195626660955 0.0933004594458733
6.16 0.7697642894494416 0.16128092490774656 -0.46665911259465387 0.05608752595550675
6.18 0.9828647541390312 0.49229082228538523 -0.32282499441097395 0.1135496730369902
6.2 1.4508364248800292 0.30747851967411094 -0.5526735827369078 0.030641946106632158
6.22 1.066754655584248 0.4881602039787474 -0.1500810522065811 0.013678226207382495
6.24 1.4846943483501516 0.30128259221415415 -0.4185506427479675 -0.07597923858668117
6.26 0.7654720633700937 0.4068001699822894 0.17151462395927813 -0.09969269634963647
6.28 1.186567789652906 0.2564719569092873 -0.12066842434506361 -0.13015589197629746
6.3 0.28459851121489266 0.36405484383074166 0.35602591980516307 -0.10817455629926134
6.32 0.8163170183622075 0.2868254281409216 -0.0055653797021253115 -0.10817455629926134
6.34 -0.1546204391523502 0.35785891637078476 0.39497097538144876 -0.08619322062222523
6.36 0.3812286863016028 0.2075307032977826 0.14469442298442675 -0.12340615411259181
6.38 -0.5083487372164972 0.2785641915276459 0.41522018897256596 -0.11665641624888616
6.4 0.07024571438900362 0.12823597845464366 0.1699612523533302 -0.13188801406221665
6.42 -0.7400369842859571 0.05100656276482362 0.29163528438000275 -0.13188801406221665
6.44 -0.08214780783731737 -0.06277225161658752 0.20699543536372553 -0.13188801406221665
6.46 -0.7786516921308668 -0.06483756076990643 0.20353119119188706 -0.13188801406221665
6.48 -0.22628009345036268 -0.1379363581530886 0.23554775842449605 -0.13188801406221665
6.5 -0.847619871207411 0.010326545766594648 0.11369497591785223 -0.13188801406221665
6.52 -0.4414458672932713 0.08755596145641467 0.3027210837007191 -0.13188801406221665
6.54 -0.8372933254408168 0.2378841745294169 0.026998951454822527 -0.13188801406221665
6.56 -0.49802219144990223 0.20133477583782583 0.2196346062903898 -0.13188801406221665
6.58 -0.7122133805030816 0.274433573221008 -0.17447606429031215 -0.10990667838518055
6.6 -0.5191398412785313 0.1261706693013247 0.1432978667437663 -0.08792534270814444
6.62 -0.5432973850502086 0.1992694666845069 -0.36746922008582183 -0.08792534270814444
6.64 -0.384707935363931 0.014457164073232512 -0.025981831288788212 -0.08792534270814444
6.66 -0.22405317652433404 0.12410536014800577 -0.5062857224917156 -0.10990667838518055
6.68 -0.2502760294493305 -0.13174043069313185 -0.16306621160876258 -0.04396267135407222
6.7 -0.018587782379870382 0.016522473226551464 -0.5824437115583676 -0.06594400703110832
6.72 -0.156524140532959 -0.2758727163061772 -0.3473987569746761 -0.02198133567703611
6.74 0.03448408953827215 -0.12760981238649394 -0.617924522962815 -0.04396267135407222
6.76 -0.2245177348197738 -0.4524237823041757 -0.5045536004057961 0.00988992867471079
6.78 0.0009745847897295028 -0.08073386792830818 -0.567033363265066 -0.04569479343999143
6.8 -0.21212587989986018 -0.5183520674376717 -0.5345139921916526 0.07410181361989987
6.82 0.12301463578441635 0.008887402681425488 -0.36696641624501747 -0.04428672471490548
6.84 -0.09008582890517339 -0.5383789929027113 -0.5291388754539237 0.08586916726139197
6.86 0.24505468677910314 0.13712338113606917 -0.2297032854450719 -0.12892657373118274
6.88 -0.11630868183016978 -0.41014301444806756 -0.2684695905413865 0.00797905610882034
6.9 0.32848002992888004 0.29462210645875764 0.02923387738154619 -0.22879802056079043
6.92 0.0036660600111982633 0.11600573130743987 0.0022349259267237104 -0.22204828269708482
6.94 0.44845477177024806 0.5984345661216705 0.14935453780227087 -0.3099736254052292
6.96 0.23122368877402028 0.8136003399645788 0.09691000649857377 -0.46351892178364873
6.98 0.5601682769983402 0.8763725915811665 0.11715922008969065 -0.33491640141329926
7.0 0.3388065756954748 1.2712454649389822 0.05623282883636873 -0.5715147276029388
7.02 0.5560376586917022 0.923713094334792 0.032519371073413454 -0.19938539269927294
7.04 0.44225884431029117 1.341652787100696 0.008805913310458106 -0.4373917876139984
7.06 0.5498417312317455 0.736209316502049 -0.03688888012953333 0.09347920992584445
7.08 0.39951351815874314 1.2710838571662721 -0.052120477942863806 -0.20545357624220287
7.1 0.4298669893903776 0.4828933931096702 -0.04537074007915815 0.29997184144876554
7.12 0.24298937762578426 0.9759971924120745 -0.08258367356952476 -0.009174926754826007
7.14 0.2754081580107375 0.04367444274242757 -0.09781527138285524 0.3913614283287483
7.16 0.23679345016582748 0.6160729668879712 -0.09781527138285524 0.10073175163035453
7.18 0.2712775397040996 -0.3507338723199482 -0.1130468691961857 0.3743977084294988
7.2 0.15956403447600742 0.30618071933896135 -0.1130468691961857 0.14437036962359356
7.22 0.23059752270587064 -0.5479380298511367 -0.1130468691961857 0.28802573732730236
7.24 0.08233461878618738 -0.03831175732217984 -0.13502820487322179 0.1814045526339889
7.26 0.11681870832445955 -0.7003315520774573 -0.1130468691961857 0.16270871064882003
7.28 0.08026930963286846 -0.1114105547053619 -0.13502820487322179 0.17949368006809852
7.3 0.15336810701605064 -0.6941356246175008 -0.1130468691961857 0.05764089756145471
7.32 0.08026930963286846 -0.24934691285845065 -0.09106553351914957 0.261898603157652
7.34 0.15336810701605064 -0.6838090788509061 -0.09106553351914957 0.023389404402122053
7.36 0.04371991094127736 -0.3810873435515827 -0.09106553351914957 0.2972006640821282
7.38 0.11681870832445955 -0.5587291339131709 -0.09106553351914957 -0.13412293998894037
7.4 0.04371991094127736 -0.3656555946886206 -0.09106553351914957 0.16166965536810185
7.42 0.15543341616936956 -0.3532637397687072 -0.09106553351914957 -0.3643290292748167
7.44 0.009235821403005214 -0.26777308746561135 -0.06908419784211348 0.021121030876289165
7.46 0.1574987253226885 -0.18434774431583473 -0.06908419784211348 -0.4811641960036742
7.48 -0.06179766682685804 -0.171955889395921 -0.04710286216507737 -0.15992602079775747
7.5 0.12301463578441635 0.021117649828629105 -0.06908419784211348 -0.5945351185606931
7.52 -0.13076584590340232 -0.08026930963286846 -0.025121526488041265 -0.3375088282999653
7.54 0.09266116455278203 0.03557481390186158 -0.06233445997840785 -0.6300159299651403
7.56 -0.2707675132098099 -0.22136170130286545 -0.008481859949624845 -0.4794320739177549
7.58 0.10092240116605776 -0.03448408953827215 -0.0708163199280327 -0.5266802389636943
7.6 -0.3314744556730786 -0.2861992620727719 0.011767353641492045 -0.5313738013806475
7.62 0.18847836262247253 -0.024157543771677496 -0.08463984901627722 -0.3638262254340122
7.64 -0.35672272380834535 -0.3489715136893594 0.03876630509631458 -0.541230282456249
7.66 0.24155023454061503 0.02478370983982721 -0.15404810021922402 -0.2417946924473972
7.68 -0.37674964927338483 -0.2614155522329447 0.01332072524744008 -0.3177739310340784
7.7 0.21423665725202898 0.14682376083451398 -0.2167066135584651 -0.04205179878818179
7.72 0.033554972947392625 -0.029727305163484527 -0.23193821137179563 -0.08428234805633479
7.74 0.552533206453214 0.37851200790397405 -0.31986355407994 0.0933004594458733
7.76 0.7697642894494416 0.16128092490774656 -0.48864044827169006 0.05608752595550675
7.78 0.9828647541390312 0.49229082228538523 -0.32282499441097395 0.1135496730369902
7.8 1.4508364248800292 0.30747851967411094 -0.5526735827369078 0.030641946106632158
7.82 1.066754655584248 0.4881602039787474 -0.16531265001991152 -0.008303109469653597
7.84 1.4846943483501516 0.30128259221415415 -0.4185506427479675 -0.053997902909645054
7.86 0.7654720633700937 0.4068001699822894 0.17151462395927813 -0.09969269634963647
7.88 1.186567789652906 0.2564719569092873 -0.10543682653173311 -0.13015589197629746
7.9 0.24804911252330158 0.3619895346774227 0.35602591980516307 -0.13015589197629746
7.92 0.8163170183622075 0.2502760294493305 0.009666218111204938 -0.10817455629926134
7.94 -0.1911698378439412 0.35785891637078476 0.39497097538144876 -0.10817455629926134
7.96 0.34467928761001165 0.2075307032977826 0.14469442298442675 -0.10142481843555569
7.98 -0.5448981359080883 0.2785641915276459 0.41522018897256596 -0.11665641624888616
8.0 0.07024571438900362 0.12823597845464366 0.14797991667629415 -0.11665641624888616
8.02 -0.7400369842859571 0.05100656276482362 0.29163528438000275 -0.13188801406221665
8.04 -0.08214780783731737 -0.06277225161658752 0.20699543536372553 -0.13188801406221665
8.06 -0.7786516921308668 -0.10138695946149753 0.20353119119188706 -0.13188801406221665
8.08 -0.22628009345036268 -0.1379363581530886 0.23554775842449605 -0.13188801406221665
8.1 -0.847619871207411 0.010326545766594648 0.11369497591785223 -0.10990667838518055
8.12 -0.47799526598486247 0.08755596145641467 0.3027210837007191 -0.13188801406221665
8.14 -0.873842724132408 0.2378841745294169 0.011767353641492045 -0.13188801406221665
8.16 -0.49802219144990223 0.20133477583782583 0.2196346062903898 -0.10990667838518055
8.18 -0.7122133805030816 0.274433573221008 -0.17447606429031215 -0.10990667838518055
8.2 -0.5556892399701225 0.1261706693013247 0.12131653106673021 -0.08792534270814444
8.22 -0.5067479863586177 0.16065475883959685 -0.36746922008582183 -0.08792534270814444
8.24 -0.3460932275190209 0.014457164073232512 -0.025981831288788212 -0.08792534270814444
8.26 -0.2606025752159251 0.12410536014800577 -0.5282670581687516 -0.08792534270814444
8.28 -0.2502760294493305 -0.13174043069313185 -0.14783461379543186 -0.06594400703110832
8.3 -0.018587782379870382 0.016522473226551464 -0.6044250472354038 -0.06594400703110832
8.32 -0.156524140532959 -0.2758727163061772 -0.35414849483838173 -0.04396267135407222
8.34 -0.002065309153318933 -0.09106041369490285 -0.639905858639851 -0.05919426916740268
8.36 -0.2245177348197738 -0.49103849014908574 -0.5045536004057961 0.00988992867471079
8.38 0.0009745847897295028 -0.08073386792830818 -0.5890146989421022 -0.04569479343999143
8.4 -0.17557648120826916 -0.5183520674376717 -0.5564953278686887 0.07410181361989987
8.42 0.16162934362932638 0.008887402681425488 -0.3889477519220535 -0.06626806039194158
8.44 -0.1266352275967644 -0.5383789929027113 -0.5511202111309599 0.08586916726139197
8.46 0.20850528808751206 0.09850867329115909 -0.2297032854450719 -0.12892657373118274
8.48 -0.07975928313857868 -0.41014301444806756 -0.2684695905413865 0.00797905610882034
8.5 0.32848002992888004 0.29462210645875764 0.02923387738154619 -0.22879802056079043
8.52 0.0036660600111982633 0.11600573130743987 0.0022349259267237104 -0.22204828269708482
8.54 0.44845477177024806 0.5984345661216705 0.14935453780227087 -0.29474202759189877
8.56 0.26777308746561135 0.7770509412729879 0.09691000649857377 -0.46351892178364873
8.58 0.5601682769983402 0.8763725915811665 0.13914055576672676 -0.31293506573626306
8.6 0.3388065756954748 1.2346960662473911 0.03425149315933264 -0.5715147276029388
8.62 0.5560376586917022 0.8871636956432009 0.017287773260082965 -0.17740405702223686
8.64 0.4808735521552012 1.3071686975624235 -0.013175422366577986 -0.43064204975029297
8.66 0.5498417312317455 0.7382746256553679 -0.02165728231620285 0.10022894778955015
8.68 0.39951351815874314 1.273149166319591 -0.052120477942863806 -0.21393543619182773
8.7 0.4298669893903776 0.47973735959276165 -0.06735207575619429 0.28474024363543504
8.72 0.24298937762578426 0.9435784120271216 -0.08258367356952476 -0.04638786024519234
8.74 0.31195755670232855 0.08435445974065622 -0.09781527138285524 0.3761298305154179
8.76 0.2002440514742364 0.620203585194609 -0.09781527138285524 0.10073175163035453
8.78 0.2712775397040996 -0.3079885461684005 -0.1130468691961857 0.3743977084294988
8.8 0.15956403447600742 0.34370470282028237 -0.1130468691961857 0.14437036962359356
8.82 0.19404812401427957 -0.5072580128529074 -0.1130468691961857 0.2812759994635967
8.84 0.11888401747777846 0.07546705705923112 -0.13502820487322179 0.1746548147702833
8.86 0.15336810701605064 -0.6210368272343187 -0.13502820487322179 0.1559589727851144
8.88 0.08026930963286846 -0.07073053770713325 -0.1130468691961857 0.16599420434068723
8.9 0.15336810701605064 -0.6900050063108628 -0.1130468691961857 0.05089115969774907
8.92 0.07820400047954953 -0.17211749716863084 -0.09106553351914957 0.23316752961691034
8.94 0.15336810701605064 -0.6431290618526768 -0.09106553351914957 0.0318712643517469
8.96 0.08026930963286846 -0.34247263570667275 -0.09106553351914957 0.27695145049101133
8.98 0.15336810701605064 -0.5587291339131709 -0.09106553351914957 -0.11715922008969065
9.0 0.08026930963286846 -0.3656555946886206 -0.09106553351914957 0.15665203959031543
9.02 0.11681870832445955 -0.38981313846029836 -0.09106553351914957 -0.3253839736985309
9.04 -0.029378886441904797 -0.2698383966189304 -0.06908419784211348 0.01610341509850277
9.06 0.11888401747777846 -0.18434774431583473 -0.06908419784211348 -0.4422191404273883
9.08 0.011301130556324167 -0.210570597240831 -0.06908419784211348 -0.14296230089850767
9.1 0.15956403447600742 -0.05404645670787206 -0.04710286216507737 -0.5555900629844074
9.12 -0.09628175636513013 -0.11888401747777846 -0.04710286216507737 -0.26135083923331315
9.14 0.09059585539946316 0.03557481390186158 -0.06233445997840785 -0.5690895387118187
9.16 -0.19973402497994663 -0.14826290391968328 -0.015231597813330475 -0.4489688782910939
9.18 0.09679178285941993 -0.07309879738318217 -0.05558472211470222 -0.5266802389636943
9.2 -0.3376703831330353 -0.2861992620727719 0.042230549268153 -0.5026427278399057
9.22 0.18434774431583473 -0.06277225161658752 -0.07615798906665239 -0.3570764875703066
9.24 -0.326369252576711 -0.2758727163061772 0.025266829368903315 -0.4685365375614351
9.26 0.27396901492556835 0.022718400686508253 -0.14556624026959913 -0.2655081502103525
9.28 -0.3119120885034785 -0.2634808613862637 -0.0001787504799712486 -0.3567189866103642
9.3 0.24981147115389085 0.1833731595261051 -0.21497449147254588 -0.11820978785483416
9.32 0.13700724156220914 -0.06834201300839461 -0.25218742496291247 -0.086014470142254
9.34 0.5442719698399384 0.30128259221415415 -0.2840586893146594 0.05435540386958747
9.36 0.7594377436828471 0.1206009079095177 -0.43446379488207365 0.017142470379220898
9.38 0.8608247031443444 0.4516108052871563 -0.261898603157652 0.0373916839703378
9.4 1.257762885655479 0.34196260921238303 -0.5289601249739526 -0.030284445146689723
9.42 0.948845222896199 0.4474801869805185 -0.13484945439325058 -0.03876630509631458
9.44 1.3688502248154215 0.2606025752159251 -0.3562161827695597 -0.084461098536306
9.46 0.6496279398353638 0.36612015298406053 0.17826436182298377 -0.09294295848593084
9.48 1.1114036831164051 0.21579193991105827 -0.13590002215839408 -0.10817455629926134
9.5 0.24804911252330158 0.3233748268325126 0.3475440598555382 -0.10817455629926134
9.52 0.7432182209790257 0.24821072029601154 0.029915431702321887 -0.10817455629926134
9.54 -0.18910452869062208 0.3192442085258747 0.39323885329552977 -0.12340615411259181
9.56 0.34880990591664945 0.20546539414446371 0.10574936740814098 -0.11665641624888616
9.58 -0.5407675176014501 0.2399494836827358 0.35429379771924385 -0.15386934973925276
9.6 0.07644164184896013 0.08962127060973363 0.15299753245408051 -0.13188801406221665
9.62 -0.6972916581344089 0.012391854919913604 0.2899031622940835 -0.13188801406221665
9.64 -0.03940248168576954 -0.10138695946149753 0.2052633132778063 -0.13188801406221665
9.66 -0.7359063659793192 -0.06483756076990643 0.17981773342893176 -0.13188801406221665
9.68 -0.2952482725269072 -0.10138695946149753 0.19660270284821024 -0.13188801406221665
9.7 -0.8800386515923644 0.08549065230309576 0.0680001824778608 -0.13188801406221665
9.72 -0.43524993983331484 0.12410536014800577 0.27225788807405815 -0.13188801406221665
9.74 -0.7977040328061773 0.1992694666845069 0.011767353641492045 -0.13188801406221665
9.76 -0.4532115561450354 0.16272006799291577 0.20440300847705944 -0.10990667838518055
9.78 -0.6694680543515333 0.19720415753118795 -0.18970766210364257 -0.13188801406221665
9.8 -0.43777980728207344 0.05100656276482362 0.10608493325339972 -0.10990667838518055
9.82 -0.4253879523621599 0.16065475883959685 -0.38270081789915233 -0.08792534270814444
9.84 -0.30334790136747314 0.014457164073232512 -0.06319476477915487 -0.08792534270814444
9.86 -0.18130785037278627 0.08755596145641467 -0.5062857224917156 -0.08792534270814444
9.88 -0.17098130460619151 -0.13174043069313185 -0.18504754728579875 -0.04396267135407222
9.9 0.022092234618358554 0.016522473226551464 -0.6044250472354038 -0.06594400703110832
9.92 -0.15445883137964003 -0.2758727163061772 -0.35414849483838173 -0.02198133567703611
9.94 0.03654939869159109 -0.09106041369490285 -0.6246742608265209 -0.04396267135407222
9.96 -0.2224524256664549 -0.4524237823041757 -0.5265349360828322 0.0318712643517469
9.98 0.003039893943048433 -0.08073386792830818 -0.5518017654517355 -0.04569479343999143
10.0 -0.17351117205495015 -0.47658132607585335 -0.5412637300553582 0.052120477942863806
10.02 0.16162934362932638 0.045436801373016505 -0.37371615410872305 -0.08149965820527205
10.04 -0.1266352275967644 -0.5383789929027113 -0.5139072776405932 0.06388783158435586
10.06 0.24505468677910314 0.09850867329115909 -0.2297032854450719 -0.12892657373118274
10.08 -0.07769397398525985 -0.41014301444806756 -0.2684695905413865 0.02321065392215082
10.1 0.32848002992888004 0.29462210645875764 0.02923387738154619 -0.22879802056079043
10.12 0.0036660600111982633 0.11600573130743987 0.02421626160375983 -0.22204828269708482
10.14 0.44845477177024806 0.5984345661216705 0.12737320212523473 -0.29474202759189877
10.16 0.3043224861572025 0.7384362334280778 0.09691000649857377 -0.46351892178364873
10.18 0.5601682769983402 0.8398231928895754 0.11715922008969065 -0.31293506573626306
10.2 0.37535597438706586 1.1981466675558 0.03425149315933264 -0.5715147276029388
10.22 0.5560376586917022 0.8871636956432009 0.017287773260082965 -0.19938539269927294
10.24 0.4443241534636102 1.3437180962540145 -0.013175422366577986 -0.43064204975029297
10.26 0.5498417312317455 0.7382746256553679 -0.02165728231620285 0.10022894778955015
10.28 0.39951351815874314 1.236599767628 -0.052120477942863806 -0.21393543619182773
10.3 0.46848169723528765 0.47973735959276165 -0.06735207575619429 0.28474024363543504
10.32 0.24298937762578426 0.9801278107187128 -0.08258367356952476 -0.04638786024519234
10.34 0.2754081580107375 0.08435445974065622 -0.09781527138285524 0.3761298305154179
10.36 0.2002440514742364 0.6567529838862002 -0.09781527138285524 0.10073175163035453
10.38 0.2712775397040996 -0.27143914747680964 -0.1130468691961857 0.3743977084294988
10.4 0.15956403447600742 0.3802541015118735 -0.1130468691961857 0.14437036962359356
10.42 0.19404812401427957 -0.4686433050079971 -0.1130468691961857 0.3032573351406328
10.44 0.11888401747777846 0.07546705705923112 -0.13502820487322179 0.1746548147702833
10.46 0.15336810701605064 -0.6210368272343187 -0.13502820487322179 0.1559589727851144
10.48 0.08026930963286846 -0.10727993639872441 -0.1130468691961857 0.16599420434068723
10.5 0.15336810701605064 -0.6169062089276807 -0.13502820487322179 0.028909824020712953
10.52 0.07820400047954953 -0.20866689586022202 -0.1130468691961857 0.21118619393987417
10.54 0.15336810701605064 -0.6431290618526768 -0.09106553351914957 0.05385260002878301
10.56 0.08026930963286846 -0.34247263570667275 -0.09106553351914957 0.27695145049101133
10.58 0.15336810701605064 -0.5587291339131709 -0.09106553351914957 -0.11715922008969065
10.6 0.08026930963286846 -0.3270408868437107 -0.09106553351914957 0.17188363740364593
10.62 0.11681870832445955 -0.3532637397687072 -0.09106553351914957 -0.3253839736985309
10.64 -0.029378886441904797 -0.2698383966189304 -0.06908419784211348 0.01610341509850277
10.66 0.11888401747777846 -0.18434774431583473 -0.06908419784211348 -0.46420047610442444
10.68 0.011301130556324167 -0.210570597240831 -0.04710286216507737 -0.14296230089850767
10.7 0.15956403447600742 -0.05404645670787206 -0.06908419784211348 -0.5775713986614435
10.72 -0.13283115505672122 -0.11888401747777846 -0.025121526488041265 -0.2985637727236795
10.74 0.09059585539946316 0.03557481390186158 -0.06233445997840785 -0.5623398008481129
10.76 -0.19973402497994663 -0.18481230261127432 -0.015231597813330475 -0.4489688782910939
10.78 0.09679178285941993 -0.07309879738318217 -0.05558472211470222 -0.5266802389636943
10.8 -0.3011209844414442 -0.2861992620727719 0.02024921359111689 -0.4874111300265752
10.82 0.18434774431583473 -0.09932165030817858 -0.07615798906665239 -0.3790578232473427
10.84 -0.28981985388512 -0.3124221149977683 0.04724816504593943 -0.4685365375614351
10.86 0.27396901492556835 0.022718400686508253 -0.14556624026959913 -0.25027655239702207
10.88 -0.2732973806585686 -0.2634808613862637 -0.0001787504799712486 -0.3567189866103642
10.9 0.28636086984548187 0.14682376083451398 -0.21497449147254588 -0.09622845217779802
10.92 0.13700724156220914 -0.06834201300839461 -0.236955827149582 -0.1012460679555845
10.94 0.5077225711483473 0.30128259221415415 -0.2840586893146594 0.0763367395466236
10.96 0.722888344991256 0.15921561575442764 -0.44969539269540415 0.017142470379220898
10.98 0.8242753044527534 0.4150614065955652 -0.2771302009709825 0.0373916839703378
11.0 1.259828194808798 0.30541321052079196 -0.5222103871102469 -0.030284445146689723
11.02 0.9143611333579268 0.48609489482542856 -0.13484945439325058 -0.03876630509631458
11.04 1.3709155339687407 0.2992172830608352 -0.3714477805828901 -0.084461098536306
11.06 0.6903079568335928 0.36612015298406053 0.14105142833261722 -0.09294295848593084
11.08 1.0769195935781326 0.21579193991105827 -0.11391868648135792 -0.10817455629926134
11.1 0.20834368031480213 0.35992422552410375 0.3323124620422077 -0.10142481843555569
11.12 0.7838982379772543 0.24821072029601154 0.03980536037703267 -0.12340615411259181
11.14 -0.18497391038398428 0.28062950068096476 0.37800725548219916 -0.10142481843555569
11.16 0.3894899229148784 0.1689159954528726 0.1124991052718467 -0.11665641624888616
11.18 -0.461472792758311 0.1647853771462347 0.3610435355829495 -0.13188801406221665
11.2 0.08057226015559832 0.1261706693013247 0.15299753245408051 -0.15386934973925276
11.22 -0.6931610398277709 0.12410536014800577 0.2831534244303779 -0.15386934973925276
11.24 -0.11043596991563293 0.04894125361150466 0.17653223973706456 -0.15386934973925276
11.26 -0.7683251463642724 0.046875944458185756 0.15783639775189565 -0.15386934973925276
11.28 -0.25456825552867784 -0.06483756076990643 0.18310322712079896 -0.13188801406221665
11.3 -0.8007439267492258 0.046875944458185756 0.09846337810452177 -0.13188801406221665
11.32 -0.3559552149901754 0.04894125361150466 0.24352681453331637 -0.15386934973925276
11.34 -0.7204746171163572 0.12204005099468684 0.005017615777786413 -0.13188801406221665
11.36 -0.41459684830012566 0.08549065230309576 0.22811646624001472 -0.15386934973925276
11.38 -0.5922386386617136 0.12204005099468684 -0.16599420434068723 -0.13188801406221665
11.4 -0.36261570074557253 0.012391854919913604 0.10106731747561326 -0.10990667838518055
11.42 -0.3888385536705688 0.12204005099468684 -0.34375576232286653 -0.13188801406221665
11.44 -0.30541321052079196 -0.024157543771677496 -0.024249709202869008 -0.10990667838518055
11.46 -0.22198786737101503 0.12410536014800577 -0.48932200259246567 -0.10990667838518055
11.48 -0.24821072029601154 -0.09519103200154075 -0.16808382738654884 -0.08792534270814444
11.5 -0.016522473226551464 0.05307187191814253 -0.565479991659118 -0.08792534270814444
11.52 -0.19307353922455006 -0.2393233176145862 -0.33043503707542665 -0.04396267135407222
11.54 -0.002065309153318933 -0.05451101500331182 -0.6009608030635655 -0.06594400703110832
11.56 -0.2245177348197738 -0.3813902940743125 -0.4588588069658048 0.025121526488041265
11.58 0.03752398348132058 -0.08486448623494611 -0.5213385698250746 -0.015231597813330475
11.6 -0.17557648120826916 -0.44416254569090013 -0.5192823943783221 0.038621002215452525
11.62 0.12301463578441635 0.03924087391305959 -0.36696641624501747 -0.035804864765280636
11.64 -0.1266352275967644 -0.469410813826167 -0.47842646623614593 0.08760128934731116
11.66 0.20850528808751206 0.09231274583120236 -0.20097221190433012 -0.08323178029119128
11.68 -0.07975928313857868 -0.3432401445248421 -0.24822037695026955 -0.012270157482296519
11.7 0.32848002992888004 0.255032813824118 -0.024942776008070024 -0.20508456279783507
11.72 0.07676485739438031 0.14429389338575527 -0.02996039178585646 -0.2270658984748712
11.74 0.4098400639253379 0.5901733295083945 0.07319654873561843 -0.2437055650132876
11.76 0.30225717700388366 0.7667243955063934 0.03598361524525185 -0.4093422683940324
11.78 0.5581029678450211 0.8315619562762997 0.07146442664969921 -0.25875841234664687
11.8 0.37329066523374677 1.1878201217892053 0.010538035396377331 -0.5410515319762779
11.82 0.5539723495383834 0.842353060338334 -0.013175422366577986 -0.15369059925928147
11.84 0.40364413646538116 1.2623580622575568 -0.04363861799323894 -0.39342911625992627
11.86 0.5477764220784265 0.6955292995038201 -0.03688888012953333 0.11546054560288058
11.88 0.3974482090054243 1.2690185480129532 -0.052120477942863806 -0.16997276483775556
11.9 0.3912522815454675 0.40250794390294176 -0.06735207575619429 0.2914899814991406
11.92 0.2774734671640564 0.9394477937204839 -0.060602337892488624 -0.026138646654075615
11.94 0.2733428488574186 0.04367444274242757 -0.07583393570581912 0.35241637275246274
11.96 0.19817874232091742 0.6546876747328811 -0.1130468691961857 0.10213982035544053
11.98 0.19404812401427957 -0.23488974878521848 -0.09106553351914957 0.3726655863435795
12.0 0.12094932663109739 0.34370470282028237 -0.1130468691961857 0.14263824753767446
12.02 0.19198281486096067 -0.4686433050079971 -0.1130468691961857 0.26431227956434694
12.04 0.08026930963286846 0.07753236621254994 -0.1130468691961857 0.17967243054806972
12.06 0.15336810701605064 -0.6210368272343187 -0.1130468691961857 0.13899525288586467
12.08 0.08026930963286846 -0.1052146272454057 -0.1130468691961857 0.1777615579821793
12.1 0.11475339917114061 -0.6148408997743615 -0.1130468691961857 0.07114037328886597
12.12 0.08026930963286846 -0.24315098539849408 -0.09106553351914957 0.2906296766983938
12.14 0.15336810701605064 -0.6024490448544481 -0.09106553351914957 0.014907544452497201
12.16 0.08026930963286846 -0.3383420174000348 -0.09106553351914957 0.26673746845546725
12.18 0.15336810701605064 -0.4794344090700319 -0.09106553351914957 -0.1645861356156013
12.2 0.04371991094127736 -0.32291026853707305 -0.09106553351914957 0.10922512406440484
12.22 0.11681870832445955 -0.27396901492556835 -0.09106553351914957 -0.3575792914111111
12.24 0.04578522009459632 -0.22709307046738245 -0.06908419784211348 0.005889433062958638
12.26 0.11888401747777846 -0.06850362078110457 -0.06908419784211348 -0.5031455316807104
12.28 -0.02524826813526694 -0.09472647370610093 -0.04710286216507737 -0.14469442298442675
12.3 0.12301463578441635 0.09834706551844914 -0.06908419784211348 -0.5793035207473625
12.32 -0.13076584590340232 -0.03958929263463952 0.0 -0.3070456326733043
12.34 0.09059585539946316 0.07625483090009053 -0.06233445997840785 -0.6147843321518098
12.36 -0.2707675132098099 -0.18274699345795545 -0.008481859949624845 -0.4422191404273883
12.38 0.10092240116605776 -0.07103348822986323 -0.0708163199280327 -0.5114486411503639
12.4 -0.29492505698148735 -0.24758455422786194 0.026998951454822527 -0.5533551370576836
12.42 0.22502776131406363 -0.024157543771677496 -0.10662118469331332 -0.3858075611110483
12.44 -0.39327212249993637 -0.3469062045360405 0.053997902909645054 -0.5259986846429187
12.46 0.24155023454061503 0.06339841768473721 -0.15404810021922402 -0.2637760281244333
12.48 -0.4153643571182948 -0.18625144569644372 0.020070463111145652 -0.33975526671111445
12.5 0.25078605594362 0.1854384686794239 -0.2167066135584651 -0.04205179878818179
12.52 0.10871907948389377 -0.027661996010165543 -0.23193821137179563 -0.06905075024300429
12.54 0.591147914298124 0.34196260921238303 -0.31986355407994 0.0933004594458733
12.56 0.7697642894494416 0.16128092490774656 -0.46665911259465387 0.05608752595550675
12.58 0.9828647541390312 0.49229082228538523 -0.31607525654726826 0.09156833735995407
12.6 1.452901734033348 0.30747851967411094 -0.5526735827369078 0.030641946106632158
12.62 1.068819964737567 0.4881602039787474 -0.14333131434287544 -0.008303109469653597
12.64 1.413660860120288 0.30128259221415415 -0.3714477805828901 -0.07597923858668117
12.66 0.7309879738318218 0.4068001699822894 0.15628302614594763 -0.09969269634963647
12.68 1.1886330988062248 0.2564719569092873 -0.11391868648135792 -0.10817455629926134
12.7 0.2835077868513032 0.32544013598583155 0.36277565766886866 -0.10817455629926134
12.72 0.7818329288239354 0.2502760294493305 0.03839729165194691 -0.10817455629926134
12.74 -0.15048982084571216 0.35785891637078476 0.4017207132451547 -0.12340615411259181
12.76 0.4219087032998315 0.2075307032977826 0.12946282517109653 -0.10142481843555569
12.78 -0.5042181189098589 0.2785641915276459 0.39998859115923524 -0.11665641624888616
12.8 0.07437633269564181 0.1647853771462347 0.1699612523533302 -0.15386934973925276
12.82 -0.737971675132638 0.08755596145641467 0.32884821787036933 -0.13188801406221665
12.84 -0.11663189737558943 -0.06277225161658752 0.18501409968668941 -0.13188801406221665
12.86 -0.7745210738242287 -0.10138695946149753 0.18154985551485092 -0.13188801406221665
12.88 -0.22214947514372485 -0.14000166730640756 0.20681668488375432 -0.13188801406221665
12.9 -0.7683251463642724 -0.028288162078315374 0.08496390237711052 -0.13188801406221665
12.92 -0.36215114245013275 0.012391854919913604 0.23002733880590512 -0.13188801406221665
12.94 -0.7966133084425877 0.1992694666845069 0.013499475727411264 -0.13188801406221665
12.96 -0.49595688229658336 0.16272006799291577 0.22136672837630908 -0.13188801406221665
12.98 -0.6735986726581713 0.274433573221008 -0.15751234439106243 -0.10990667838518055
13.0 -0.480525133433621 0.1261706693013247 0.1535118487793103 -0.08792534270814444
13.02 -0.5067479863586177 0.16065475883959685 -0.32852416450953603 -0.08792534270814444
13.04 -0.384707935363931 0.014457164073232512 -0.009018111389538494 -0.08792534270814444
13.06 -0.26266788436924415 0.12410536014800577 -0.4673406669154296 -0.08792534270814444
13.08 -0.21372663075773934 -0.058641633309949655 -0.1241211560324767 -0.06594400703110832
13.1 -0.0572024902247804 0.05100656276482362 -0.5587302537954125 -0.08792534270814444
13.12 -0.15858944968627792 -0.20277391892299507 -0.30845370139839046 -0.04396267135407222
13.14 -0.006195927459956802 -0.05451101500331182 -0.6161924008768961 -0.04396267135407222
13.16 -0.18796833612818273 -0.4200050019192226 -0.4521090691020991 0.00988992867471079
13.18 -0.037640123055180524 -0.08486448623494611 -0.5365701676384051 -0.05244453130369706
13.2 -0.1776417903615881 -0.44416254569090013 -0.5125326565146165 0.023389404402122053
13.22 0.12301463578441635 0.002691475221468481 -0.3821980140583479 -0.05103646257861111
13.24 -0.16524993544167438 -0.5445749203626679 -0.47842646623614593 0.07236969153398068
13.26 0.2064399789341932 0.055763347139611175 -0.23818514539469673 -0.09846337810452177
13.28 -0.11837399098348877 -0.3432401445248421 -0.27020171262730563 -0.012270157482296519
13.3 0.2898653220839699 0.29158221251570926 -0.046924111685106136 -0.20508456279783507
13.32 0.07676485739438031 0.14429389338575527 -0.04519198959918693 -0.2270658984748712
13.34 0.446389462616929 0.5536239308168033 0.07319654873561843 -0.26568690069032375
13.36 0.30225717700388366 0.7301749968148022 0.05796495092228797 -0.4245738662073629
13.38 0.5581029678450211 0.8315619562762997 0.07146442664969921 -0.27399001015997737
13.4 0.33674126654215575 1.2264348296341154 0.025769633209707793 -0.5630328676533141
13.42 0.5539723495383834 1.8312521341646124 0.002056175446752479 -0.15369059925928147
13.44 0.40364413646538116 1.3009727701024667 -0.04363861799323894 -0.39342911625992627
13.46 0.5477764220784265 0.7320786981954112 -0.052120477942863806 0.12221028346658626
13.48 0.3974482090054243 1.1938544414764523 -0.052120477942863806 -0.16997276483775556
13.5 0.3912522815454675 0.40250794390294176 -0.06735207575619429 0.2914899814991406
13.52 0.2774734671640564 0.9028983950288927 -0.08258367356952476 -0.026138646654075615
13.54 0.2733428488574186 0.00712504405083636 -0.07583393570581912 0.35241637275246274
13.56 0.19817874232091742 0.61813827604129 -0.09106553351914957 0.10213982035544053
13.58 0.19404812401427957 -0.2735044566301284 -0.09106553351914957 0.35068425066654335
13.6 0.12094932663109739 0.305089994975372 -0.13502820487322179 0.14263824753767446
13.62 0.15543341616936956 -0.5072580128529074 -0.1130468691961857 0.26431227956434694
13.64 0.08026930963286846 0.07753236621254994 -0.1130468691961857 0.1576910948710336
13.66 0.11681870832445955 -0.65758622592591 -0.1130468691961857 0.13899525288586467
13.68 0.04165460178795845 -0.14176402593699652 -0.1130468691961857 0.1777615579821793
13.7 0.11475339917114061 -0.6513902984659525 -0.1130468691961857 0.07114037328886597
13.72 0.08026930963286846 -0.2797003840900853 -0.09106553351914957 0.2973794145620994
13.74 0.15336810701605064 -0.6024490448544481 -0.09106553351914957 0.03688888012953333
13.76 0.08026930963286846 -0.29972730955512505 -0.09106553351914957 0.28871880413250334
13.78 0.15336810701605064 -0.4794344090700319 -0.09106553351914957 -0.1865674712926374
13.8 0.04371991094127736 -0.2842955606921631 -0.09106553351914957 0.15318779541847705
13.82 0.11681870832445955 -0.27396901492556835 -0.09106553351914957 -0.3575792914111111
13.84 0.04578522009459632 -0.15192896393088143 -0.06908419784211348 0.005889433062958638
13.86 0.11888401747777846 -0.06850362078110457 -0.06908419784211348 -0.4811641960036742
13.88 -0.06179766682685804 -0.09472647370610093 -0.04710286216507737 -0.1227130873073906
13.9 0.12301463578441635 0.06179766682685804 -0.06908419784211348 -0.5793035207473625
13.92 -0.13076584590340232 -0.03958929263463952 -0.025121526488041265 -0.3290269683503405
13.94 0.09059585539946316 0.07625483090009053 -0.06233445997840785 -0.6147843321518098
13.96 -0.2707675132098099 -0.18274699345795545 -0.008481859949624845 -0.46420047610442444
13.98 0.10092240116605776 -0.07103348822986323 -0.0708163199280327 -0.5114486411503639
14.0 -0.29492505698148735 -0.24758455422786194 0.026998951454822527 -0.5381235392443531
14.02 0.18847836262247253 -0.022092234618358554 -0.06940825120294675 -0.3858075611110483
14.04 -0.39327212249993637 -0.31035680584444936 0.03876630509631458 -0.5259986846429187
14.06 0.24155023454061503 0.06339841768473721 -0.1760294358962601 -0.2637760281244333
14.08 -0.4153643571182948 -0.2614155522329447 -0.001910872565890405 -0.33975526671111445
14.1 0.25078605594362 0.1854384686794239 -0.23868794923550124 -0.04205179878818179
14.12 0.033554972947392625 0.008887402681425488 -0.23193821137179563 -0.09103208592004043
14.14 0.627697312989715 0.37851200790397405 -0.34498508056798133 0.0933004594458733
14.16 0.7697642894494416 0.19783032359933775 -0.4446777769176178 0.05608752595550675
14.18 0.9828647541390312 0.49229082228538523 -0.31607525654726826 0.09156833735995407
14.2 1.452901734033348 0.34402791836570207 -0.5526735827369078 0.030641946106632158
14.22 1.105369363429158 0.5247096026703384 -0.14333131434287544 -0.008303109469653597
14.24 1.4502102588118795 0.30128259221415415 -0.3714477805828901 -0.07597923858668117
14.26 0.7309879738318218 0.4068001699822894 0.15628302614594763 -0.09969269634963647
14.28 1.2272478066511348 0.2564719569092873 -0.13590002215839408 -0.13015589197629746
14.3 0.2835077868513032 0.32544013598583155 0.36277565766886866 -0.10817455629926134
14.32 0.8204476366688455 0.2502760294493305 0.0011843581615801346 -0.10817455629926134
14.34 -0.15048982084571216 0.35785891637078476 0.4017207132451547 -0.12340615411259181
14.36 0.4219087032998315 0.2075307032977826 0.12946282517109653 -0.10142481843555569
14.38 -0.5407675176014501 0.2785641915276459 0.39998859115923524 -0.11665641624888616
14.4 0.07437633269564181 0.1647853771462347 0.19194258803036637 -0.13188801406221665
14.42 -0.737971675132638 0.08755596145641467 0.32884821787036933 -0.13188801406221665
14.44 -0.11663189737558943 -0.06277225161658752 0.20024569750001986 -0.13188801406221665
14.46 -0.7745210738242287 -0.06483756076990643 0.20353119119188706 -0.13188801406221665
14.48 -0.26076418298863513 -0.14000166730640756 0.16960375139338774 -0.13188801406221665
14.5 -0.8069398542091824 0.010326545766594648 0.08496390237711052 -0.13188801406221665
14.52 -0.40076585029504225 0.04894125361150466 0.23002733880590512 -0.13188801406221665
14.54 -0.7966133084425877 0.1992694666845069 0.013499475727411264 -0.13188801406221665
14.56 -0.5325062809881744 0.16272006799291577 0.23659832618963952 -0.13188801406221665
14.58 -0.7122133805030816 0.23581886537609797 -0.15751234439106243 -0.10990667838518055
14.6 -0.480525133433621 0.1261706693013247 0.16026158664301587 -0.08792534270814444
14.62 -0.46813327851370773 0.19720415753118795 -0.32852416450953603 -0.10990667838518055
14.64 -0.384707935363931 0.05100656276482362 0.012963224287497549 -0.08792534270814444
14.66 -0.26266788436924415 0.12410536014800577 -0.48932200259246567 -0.08792534270814444
14.68 -0.21372663075773934 -0.058641633309949655 -0.16808382738654884 -0.06594400703110832
14.7 -0.0572024902247804 0.014457164073232512 -0.565479991659118 -0.06594400703110832
14.72 -0.15858944968627792 -0.2393233176145862 -0.30845370139839046 -0.04396267135407222
14.74 -0.004130618306637866 -0.09312572284822186 -0.6161924008768961 -0.04396267135407222
14.76 -0.2245177348197738 -0.4200050019192226 -0.4521090691020991 0.00988992867471079
14.78 -0.037640123055180524 -0.08486448623494611 -0.5585515033154412 -0.05244453130369706
14.8 -0.21419118905317916 -0.44416254569090013 -0.5125326565146165 0.023389404402122053
14.82 0.12301463578441635 0.03924087391305959 -0.3821980140583479 -0.05103646257861111
14.84 -0.16524993544167438 -0.505960212517758 -0.49365806404947643 0.07236969153398068
14.86 0.2064399789341932 0.055763347139611175 -0.21620380971766062 -0.09846337810452177
14.88 -0.11837399098348877 -0.3432401445248421 -0.26345197476360005 -0.012270157482296519
14.9 0.2898653220839699 0.255032813824118 -0.046924111685106136 -0.20508456279783507
14.92 0.040215458702789295 0.14429389338575527 -0.04519198959918693 -0.2270658984748712
14.94 0.446389462616929 0.5536239308168033 0.09517788441265454 -0.2589371628266181
14.96 0.30225717700388366 0.7667243955063934 0.05796495092228797 -0.4245738662073629
14.98 0.5581029678450211 0.8315619562762997 0.07146442664969921 -0.27399001015997737
15.0 0.37329066523374677 1.2264348296341154 0.025769633209707793 -0.5630328676533141
15.02 0.5539723495383834 0.842353060338334 -0.013175422366577986 -0.15369059925928147
15.04 0.40364413646538116 1.2623580622575568 -0.04363861799323894 -0.4001788541236319
15.06 0.5477764220784265 0.6955292995038201 -0.052120477942863806 0.11546054560288058
15.08 0.3974482090054243 1.1938544414764523 -0.052120477942863806 -0.16997276483775556
15.1 0.4278016802370586 0.40250794390294176 -0.06735207575619429 0.2914899814991406
15.12 0.2774734671640564 0.9028983950288927 -0.060602337892488624 -0.026138646654075615
15.14 0.3098922475490097 0.04367444274242757 -0.07583393570581912 0.35241637275246274
15.16 0.19817874232091742 0.61813827604129 -0.09106553351914957 0.08015848467840446
15.18 0.23266283185918957 -0.23488974878521848 -0.09106553351914957 0.3726655863435795
15.2 0.12094932663109739 0.305089994975372 -0.13502820487322179 0.14263824753767446
15.22 0.19198281486096067 -0.5072580128529074 -0.1130468691961857 0.26431227956434694
15.24 0.08026930963286846 0.07753236621254994 -0.1130468691961857 0.17967243054806972
15.26 0.15336810701605064 -0.65758622592591 -0.13502820487322179 0.13899525288586467
15.28 0.04165460178795845 -0.1052146272454057 -0.1130468691961857 0.1777615579821793
15.3 0.11475339917114061 -0.6148408997743615 -0.1130468691961857 0.07114037328886597
15.32 0.08026930963286846 -0.24315098539849408 -0.09106553351914957 0.3126110123754299
15.34 0.15336810701605064 -0.6024490448544481 -0.09106553351914957 0.014907544452497201
15.36 0.08026930963286846 -0.29972730955512505 -0.09106553351914957 0.28871880413250334
15.38 0.11681870832445955 -0.515983807761623 -0.09106553351914957 -0.1865674712926374
15.4 0.04371991094127736 -0.2842955606921631 -0.09106553351914957 0.15318779541847705
15.42 0.15336810701605064 -0.27396901492556835 -0.09106553351914957 -0.3575792914111111
15.44 0.009235821403005214 -0.18847836262247253 -0.06908419784211348 -0.01609190261407742
15.46 0.11888401747777846 -0.06850362078110457 -0.06908419784211348 -0.4811641960036742
15.48 -0.02524826813526694 -0.09472647370610093 -0.06908419784211348 -0.16667575866146284
15.5 0.12301463578441635 0.06179766682685804 -0.06908419784211348 -0.5793035207473625
15.52 -0.13076584590340232 -0.0761386913262306 -0.025121526488041265 -0.344258566163671
15.54 0.05404645670787206 0.07625483090009053 -0.06233445997840785 -0.6147843321518098
15.56 -0.2707675132098099 -0.18274699345795545 -0.008481859949624845 -0.46420047610442444
15.58 0.10092240116605776 -0.07103348822986323 -0.0708163199280327 -0.5114486411503639
15.6 -0.3314744556730786 -0.2861992620727719 0.026998951454822527 -0.5533551370576836
15.62 0.18847836262247253 0.014457164073232512 -0.09138958687998286 -0.3858075611110483
15.64 -0.39327212249993637 -0.31035680584444936 0.03876630509631458 -0.5259986846429187
15.66 0.24155023454061503 0.06339841768473721 -0.15404810021922402 -0.2637760281244333
15.68 -0.4153643571182948 -0.22280084438803474 -0.001910872565890405 -0.324523668897784
15.7 0.21217134809871008 0.1854384686794239 -0.2167066135584651 -0.04205179878818179
15.72 0.07010437163898384 0.008887402681425488 -0.23193821137179563 -0.09103208592004043
15.74 0.552533206453214 0.37851200790397405 -0.31986355407994 0.0933004594458733
15.76 0.7718295986027605 0.16128092490774656 -0.4446777769176178 0.05608752595550675
15.78 1.4997776784915338 0.49229082228538523 -0.31607525654726826 0.1135496730369902
15.8 1.4163523353417569 0.30747851967411094 -0.5526735827369078 0.030641946106632158
15.82 1.068819964737567 0.5247096026703384 -0.14333131434287544 -0.008303109469653597
15.84 1.4522755679651982 0.30128259221415415 -0.3714477805828901 -0.07597923858668117
15.86 0.7309879738318218 0.4068001699822894 0.15628302614594763 -0.09969269634963647
15.88 1.1906984079595437 0.2564719569092873 -0.07670575299099142 -0.10817455629926134
15.9 0.3221224946962132 0.3619895346774227 0.36277565766886866 -0.10817455629926134
15.92 0.7838982379772543 0.2868254281409216 0.016415955974910745 -0.10817455629926134
15.94 -0.15048982084571216 0.35785891637078476 0.4017207132451547 -0.12340615411259181
15.96 0.38535930460824025 0.2075307032977826 0.10748148949406036 -0.10142481843555569
15.98 -0.5042181189098589 0.2399494836827358 0.39998859115923524 -0.11665641624888616
16.0 0.03782693400405063 0.12823597845464366 0.14797991667629415 -0.11665641624888616
16.02 -0.7745210738242287 0.08755596145641467 0.30686688219333325 -0.13188801406221665
16.04 -0.11663189737558943 -0.06277225161658752 0.20024569750001986 -0.13188801406221665
16.06 -0.7745210738242287 -0.06483756076990643 0.20353119119188706 -0.13188801406221665
16.08 -0.22214947514372485 -0.14000166730640756 0.16960375139338774 -0.13188801406221665
16.1 -0.8069398542091824 -0.028288162078315374 0.08496390237711052 -0.13188801406221665
16.12 -0.36215114245013275 0.012391854919913604 0.23002733880590512 -0.13188801406221665
16.14 -0.7966133084425877 0.16065475883959685 0.013499475727411264 -0.13188801406221665
16.16 -0.45734217445167336 0.16272006799291577 0.22136672837630908 -0.13188801406221665
16.18 -0.6735986726581713 0.274433573221008 -0.1355310087140263 -0.13188801406221665
16.2 -0.480525133433621 0.1261706693013247 0.1535118487793103 -0.08792534270814444
16.22 -0.5432973850502086 0.16065475883959685 -0.3065428288324999 -0.08792534270814444
16.24 -0.384707935363931 0.05100656276482362 -0.009018111389538494 -0.08792534270814444
16.26 -0.26266788436924415 0.12410536014800577 -0.48257226472876 -0.08792534270814444
16.28 -0.21372663075773934 -0.058641633309949655 -0.14610249170951278 -0.06594400703110832
16.3 -0.0572024902247804 0.014457164073232512 -0.5587302537954125 -0.06594400703110832
16.32 -0.1199747418413679 -0.2393233176145862 -0.30845370139839046 -0.04396267135407222
16.34 -0.004130618306637866 -0.09312572284822186 -0.6161924008768961 -0.04396267135407222
16.36 -0.2245177348197738 -0.4200050019192226 -0.47409040477913517 0.00988992867471079
16.38 -0.037640123055180524 -0.08486448623494611 -0.5365701676384051 -0.05244453130369706
16.4 -0.21419118905317916 -0.44416254569090013 -0.5345139921916526 0.023389404402122053
16.42 0.12301463578441635 0.002691475221468481 -0.3821980140583479 -0.05103646257861111
16.44 -0.12870053675008336 -0.5445749203626679 -0.49365806404947643 0.07236969153398068
16.46 0.2064399789341932 0.09231274583120236 -0.21620380971766062 -0.09846337810452177
16.48 -0.08182459229189765 -0.3432401445248421 -0.26345197476360005 -0.012270157482296519
16.5 0.32641472077556094 0.255032813824118 -0.046924111685106136 -0.20508456279783507
16.52 0.0381501495494703 0.14429389338575527 -0.04519198959918693 -0.2270658984748712
16.54 0.446389462616929 0.5536239308168033 0.09517788441265454 -0.2809184985036542
16.56 0.26570777831229253 0.6936255981232111 0.03598361524525185 -0.4093422683940324
16.58 0.5581029678450211 0.7950125575847087 0.07146442664969921 -0.27399001015997737
16.6 0.37329066523374677 1.1898854309425242 0.04775096888674391 -0.5562831297896084
16.62 0.5539723495383834 0.844418369491653 0.002056175446752479 -0.14694086139557594
16.64 0.40364413646538116 1.2278739727192847 -0.04363861799323894 -0.43064204975029297
16.66 0.5091617142335163 0.697594608657139 -0.03688888012953333 0.08499734997621966
16.68 0.3588335011605144 1.15937035193818 -0.052120477942863806 -0.2071856983281221
16.7 0.4278016802370586 0.44112265174785187 -0.06735207575619429 0.2762583836858101
16.72 0.24092406847246528 0.8684143054906206 -0.060602337892488624 -0.04811998233111181
16.74 0.2733428488574186 0.047805061049065234 -0.07583393570581912 0.35241637275246274
16.76 0.19817874232091742 0.6222688943479282 -0.09106553351914957 0.08015848467840446
16.78 0.19404812401427957 -0.1942097317869898 -0.09106553351914957 0.3726655863435795
16.8 0.12094932663109739 0.2726712145904186 -0.1130468691961857 0.12065691186063829
16.82 0.15543341616936956 -0.4645126867013597 -0.09106553351914957 0.2795438773776774
16.84 0.08026930963286846 0.0451135858275965 -0.13502820487322179 0.17292269268436408
16.86 0.15336810701605064 -0.5782915010827703 -0.13502820487322179 0.13224551502215917
16.88 0.04165460178795845 -0.06453461024717672 -0.1130468691961857 0.16426208225476802
16.9 0.11475339917114061 -0.5741608827761326 -0.1130468691961857 0.04240929974812422
16.92 0.04165460178795845 -0.20247096840026546 -0.09106553351914957 0.2179359318035798
16.94 0.11475339917114061 -0.5638343370095381 -0.09106553351914957 0.038621002215452525
16.96 0.04165460178795845 -0.29972730955512505 -0.09106553351914957 0.283701188354717
16.98 0.11475339917114061 -0.4773690999167131 -0.09106553351914957 -0.13239081790302112
17.0 0.04371991094127736 -0.2842955606921631 -0.09106553351914957 0.14142044177698487
17.02 0.15336810701605064 -0.3105184136171594 -0.09106553351914957 -0.3406155715118614
17.04 0.007170512249686303 -0.22709307046738245 -0.06908419784211348 0.0008718172851722716
17.06 0.15543341616936956 -0.1436677273176056 -0.06908419784211348 -0.4422191404273883
17.08 0.011301130556324167 -0.16989058024260204 -0.04710286216507737 -0.1209809652214715
17.1 0.12094932663109739 0.023182958981948026 -0.04710286216507737 -0.5403584651710767
17.12 -0.13283115505672122 -0.04165460178795845 -0.025121526488041265 -0.2833321749103493
17.14 0.0885305462461442 0.0741895217467716 -0.06233445997840785 -0.5690895387118187
17.16 -0.2383487328248566 -0.18274699345795545 -0.015231597813330475 -0.4117559448007274
17.18 0.09679178285941993 -0.07103348822986323 -0.05558472211470222 -0.5114486411503639
17.2 -0.3011209844414442 -0.3227486607643629 0.02024921359111689 -0.5093924657036114
17.22 0.18434774431583473 -0.06070694246326856 -0.07615798906665239 -0.3790578232473427
17.24 -0.326369252576711 -0.27380740715285823 0.04724816504593943 -0.4685365375614351
17.26 0.27396901492556835 0.061333108531418226 -0.14556624026959913 -0.25027655239702207
17.28 -0.34846148719506964 -0.2248661535413537 -0.0373916839703378 -0.34148738879703366
17.3 0.21119676330898093 0.1833731595261051 -0.21497449147254588 -0.10297819004150369
17.32 0.09839253371729921 0.00682209352810649 -0.25218742496291247 -0.086014470142254
17.34 0.5077225711483473 0.3764466987506553 -0.2688270915013289 0.0763367395466236
17.36 0.761503052836166 0.19576501444601865 -0.42771405701836807 0.017142470379220898
17.38 0.8994394109892546 0.4902255131320664 -0.261898603157652 0.0373916839703378
17.4 1.298442902653708 0.34196260921238303 -0.5069787892969163 -0.030284445146689723
17.42 0.9895252398944279 0.48609489482542856 -0.11286811871621444 -0.03876630509631458
17.44 1.3709155339687407 0.29715197390751624 -0.3562161827695597 -0.084461098536306
17.46 0.726857355525184 0.36612015298406053 0.17826436182298377 -0.09294295848593084
17.48 1.0769195935781326 0.2523413386026494 -0.11391868648135792 -0.10817455629926134
17.5 0.24695838815971216 0.35992422552410375 0.35429379771924385 -0.12340615411259181
17.52 0.7838982379772543 0.24821072029601154 0.014683833888991388 -0.12340615411259181
17.54 -0.14842451169239324 0.35579360721746583 0.39998859115923524 -0.10142481843555569
17.56 0.35294052422328714 0.1689159954528726 0.09051776959481053 -0.11665641624888616
17.58 -0.5000875006032213 0.1647853771462347 0.3610435355829495 -0.13188801406221665
17.6 0.08057226015559832 0.08962127060973363 0.13101619677704446 -0.13188801406221665
17.62 -0.6931610398277709 0.04894125361150466 0.2899031622940835 -0.13188801406221665
17.64 -0.07182126207072259 -0.026222852924996407 0.16130064192373406 -0.13188801406221665
17.66 -0.7683251463642724 -0.028288162078315374 0.17306799556522617 -0.13188801406221665
17.68 -0.25456825552867784 -0.10138695946149753 0.2203161606111656 -0.13188801406221665
17.7 -0.8393586345941353 0.010326545766594648 0.07648204242748567 -0.13188801406221665
17.72 -0.39456992283508574 0.12410536014800577 0.25875841234664687 -0.13188801406221665
17.74 -0.7590893249612671 0.23581886537609797 0.005017615777786413 -0.13188801406221665
17.76 -0.41459684830012566 0.16272006799291577 0.22811646624001472 -0.10990667838518055
17.78 -0.6308533465066235 0.23581886537609797 -0.16599420434068723 -0.10990667838518055
17.8 -0.4012304085904824 0.08755596145641467 0.1230486531526494 -0.08792534270814444
17.82 -0.4640026602070698 0.16065475883959685 -0.34375576232286653 -0.08792534270814444
17.84 -0.34196260921238303 -0.024157543771677496 -0.024249709202869008 -0.10990667838518055
17.86 -0.1833731595261051 0.08549065230309576 -0.4673406669154296 -0.08792534270814444
17.88 -0.17304661375951044 -0.09725634115485968 -0.14610249170951278 -0.06594400703110832
17.9 -0.016522473226551464 0.014457164073232512 -0.565479991659118 -0.06594400703110832
17.92 -0.156524140532959 -0.2393233176145862 -0.33043503707542665 -0.04396267135407222
17.94 -0.002065309153318933 -0.05451101500331182 -0.6161924008768961 -0.04396267135407222
17.96 -0.2245177348197738 -0.41793969276590376 -0.47409040477913517 0.00988992867471079
17.98 0.0009745847897295028 -0.08486448623494611 -0.5365701676384051 -0.05244453130369706
18.0 -0.17557648120826916 -0.44416254569090013 -0.497301058701286 0.023389404402122053
18.02 0.12301463578441635 0.002691475221468481 -0.36696641624501747 -0.05103646257861111
18.04 -0.09008582890517339 -0.469410813826167 -0.47842646623614593 0.07236969153398068
18.06 0.20850528808751206 0.09437805498452108 -0.20097221190433012 -0.09846337810452177
18.08 -0.04320988444698755 -0.3432401445248421 -0.24822037695026955 -0.012270157482296519
18.1 0.36502942862047105 0.255032813824118 -0.024942776008070024 -0.20508456279783507
18.12 0.07676485739438031 0.10567918554084534 -0.04519198959918693 -0.2270658984748712
18.14 0.446389462616929 0.5150092229718933 0.09517788441265454 -0.2437055650132876
18.16 0.30225717700388366 0.7667243955063934 0.03598361524525185 -0.4093422683940324
18.18 0.5581029678450211 0.8315619562762997 0.07146442664969921 -0.25875841234664687
18.2 0.37329066523374677 1.1878201217892053 0.025769633209707793 -0.5630328676533141
18.22 0.5539723495383834 0.842353060338334 0.002056175446752479 -0.13170926358224544
18.24 0.40364413646538116 1.2623580622575568 -0.04363861799323894 -0.4001788541236319
18.26 0.5477764220784265 0.6955292995038201 -0.052120477942863806 0.11546054560288058
18.28 0.3588335011605144 1.1938544414764523 -0.052120477942863806 -0.19195410051479164
18.3 0.4278016802370586 0.40566397741984994 -0.06735207575619429 0.2914899814991406
18.32 0.2774734671640564 0.9028983950288927 -0.08258367356952476 -0.04811998233111181
18.34 0.3098922475490097 0.00712504405083636 -0.07583393570581912 0.35241637275246274
18.36 0.19817874232091742 0.61813827604129 -0.07583393570581912 0.10213982035544053
18.38 0.19404812401427957 -0.23488974878521848 -0.09106553351914957 0.35068425066654335
18.4 0.12094932663109739 0.305089994975372 -0.1130468691961857 0.14263824753767446
18.42 0.15543341616936956 -0.5072580128529074 -0.1130468691961857 0.26431227956434694
18.44 0.08026930963286846 0.07753236621254994 -0.1130468691961857 0.17967243054806972
18.46 0.15336810701605064 -0.65758622592591 -0.1130468691961857 0.13899525288586467
18.48 0.04165460178795845 -0.1052146272454057 -0.1130468691961857 0.1777615579821793
18.5 0.11475339917114061 -0.6513902984659525 -0.13502820487322179 0.07114037328886597
18.52 0.04165460178795845 -0.24315098539849408 -0.09106553351914957 0.27539807888506335
18.54 0.15336810701605064 -0.6024490448544481 -0.09106553351914957 0.03688888012953333
18.56 0.08026930963286846 -0.37489141609162596 -0.09106553351914957 0.28871880413250334
18.58 0.11681870832445955 -0.4794344090700319 -0.09106553351914957 -0.1865674712926374
18.6 0.04371991094127736 -0.32291026853707305 -0.09106553351914957 0.1312064597414409
18.62 0.11681870832445955 -0.27396901492556835 -0.09106553351914957 -0.3728108892244416
18.64 0.009235821403005214 -0.22709307046738245 -0.06908419784211348 -0.01609190261407742
18.66 0.11888401747777846 -0.10711832862601449 -0.06908419784211348 -0.49639579381700444
18.68 -0.02524826813526694 -0.13127587239769203 -0.06908419784211348 -0.14469442298442675
18.7 0.12301463578441635 0.06179766682685804 -0.06908419784211348 -0.5573221850703265
18.72 -0.13076584590340232 -0.03958929263463952 -0.015231597813330475 -0.3290269683503405
18.74 0.09059585539946316 0.07625483090009053 -0.040353124301371744 -0.6147843321518098
18.76 -0.2707675132098099 -0.18274699345795545 -0.008481859949624845 -0.46420047610442444
18.78 0.10092240116605776 -0.07103348822986323 -0.0708163199280327 -0.5114486411503639
18.8 -0.29492505698148735 -0.2861992620727719 0.026998951454822527 -0.5381235392443531
18.82 0.18847836262247253 0.014457164073232512 -0.10662118469331332 -0.3858075611110483
18.84 -0.39327212249993637 -0.31035680584444936 0.03876630509631458 -0.5259986846429187
18.86 0.24155023454061503 0.06339841768473721 -0.15404810021922402 -0.2637760281244333
18.88 -0.4153643571182948 -0.18625144569644372 -0.001910872565890405 -0.30254233322074797
18.9 0.25078605594362 0.1854384686794239 -0.2167066135584651 -0.04205179878818179
18.92 0.10871907948389377 -0.027661996010165543 -0.23193821137179563 -0.09103208592004043
18.94 0.591147914298124 0.37851200790397405 -0.31986355407994 0.0933004594458733
18.96 0.7718295986027605 0.16128092490774656 -0.46665911259465387 0.05608752595550675
18.98 0.9828647541390312 0.49229082228538523 -0.31607525654726826 0.09156833735995407
19.0 1.452901734033348 0.34402791836570207 -0.5526735827369078 0.030641946106632158
19.02 1.105369363429158 0.4881602039787474 -0.14333131434287544 0.013678226207382495
19.04 1.3750461522753783 0.30128259221415415 -0.39656930707093135 -0.07597923858668117
19.06 0.7309879738318218 0.4068001699822894 0.15628302614594763 -0.09969269634963647
19.08 1.1886330988062248 0.2564719569092873 -0.15788135783543011 -0.13015589197629746
19.1 0.2835077868513032 0.32544013598583155 0.36277565766886866 -0.10817455629926134
19.12 0.8204476366688455 0.2502760294493305 -0.0055653797021253115 -0.10817455629926134
19.14 -0.15048982084571216 0.35785891637078476 0.4017207132451547 -0.12340615411259181
19.16 0.38535930460824025 0.2075307032977826 0.10748148949406036 -0.10142481843555569
19.18 -0.5042181189098589 0.2399494836827358 0.39998859115923524 -0.11665641624888616
19.2 0.03782693400405063 0.1647853771462347 0.1699612523533302 -0.11665641624888616
19.22 -0.7745210738242287 0.08755596145641467 0.30686688219333325 -0.13188801406221665
19.24 -0.11663189737558943 -0.06277225161658752 0.20024569750001986 -0.13188801406221665
19.26 -0.7745210738242287 -0.06483756076990643 0.20353119119188706 -0.13188801406221665
19.28 -0.22214947514372485 -0.14000166730640756 0.20681668488375432 -0.13188801406221665
19.3 -0.8434892529007734 -0.028288162078315374 0.08496390237711052 -0.13188801406221665
19.32 -0.36215114245013275 0.012391854919913604 0.23002733880590512 -0.13188801406221665
19.34 -0.7966133084425877 0.1992694666845069 0.013499475727411264 -0.13188801406221665
19.36 -0.49595688229658336 0.16272006799291577 0.21461699051260347 -0.13188801406221665
19.38 -0.7101480713497625 0.23581886537609797 -0.14228074657773193 -0.10990667838518055
19.4 -0.480525133433621 0.1261706693013247 0.1535118487793103 -0.10990667838518055
19.42 -0.5432973850502086 0.19720415753118795 -0.32852416450953603 -0.08792534270814444
19.44 -0.384707935363931 0.05100656276482362 -0.024249709202869008 -0.10990667838518055
19.46 -0.26266788436924415 0.12410536014800577 -0.48257226472876 -0.10990667838518055
19.48 -0.21372663075773934 -0.058641633309949655 -0.16133408952284323 -0.08792534270814444
19.5 -0.0572024902247804 0.014457164073232512 -0.5587302537954125 -0.08792534270814444
19.52 -0.15858944968627792 -0.2393233176145862 -0.30845370139839046 -0.04396267135407222
19.54 0.032418780384953216 -0.05451101500331182 -0.6161924008768961 -0.04396267135407222
19.56 -0.2245177348197738 -0.3813902940743125 -0.47409040477913517 0.00988992867471079
19.58 -0.037640123055180524 -0.08486448623494611 -0.5518017654517355 -0.03046319562666095
19.6 -0.1776417903615881 -0.44416254569090013 -0.5125326565146165 0.023389404402122053
19.62 0.12301463578441635 0.002691475221468481 -0.3821980140583479 -0.05103646257861111
19.64 -0.16524993544167438 -0.505960212517758 -0.49365806404947643 0.07236969153398068
19.66 0.2064399789341932 0.055763347139611175 -0.23818514539469673 -0.09846337810452177
19.68 -0.08182459229189765 -0.3432401445248421 -0.26345197476360005 -0.012270157482296519
19.7 0.32641472077556094 0.255032813824118 -0.024942776008070024 -0.20508456279783507
19.72 0.07676485739438031 0.14429389338575527 -0.06717332527622305 -0.2270658984748712
19.74 0.446389462616929 0.5536239308168033 0.09517788441265454 -0.2589371628266181
19.76 0.30225717700388366 0.7301749968148022 0.05796495092228797 -0.4093422683940324
19.78 0.5581029678450211 0.8315619562762997 0.07146442664969921 -0.27399001015997737
19.8 0.37329066523374677 1.1878201217892053 0.010538035396377331 -0.5630328676533141
19.82 0.5539723495383834 0.842353060338334 0.002056175446752479 -0.15369059925928147
19.84 0.40364413646538116 1.2623580622575568 -0.04363861799323894 -0.3781975184465957
19.86 0.5091617142335163 0.6955292995038201 -0.052120477942863806 0.10022894778955015
19.88 0.3588335011605144 1.2304038401680433 -0.052120477942863806 -0.16997276483775556
19.9 0.4278016802370586 0.3638932360580316 -0.06735207575619429 0.2762583836858101
19.92 0.24092406847246528 0.9028983950288927 -0.060602337892488624 -0.026138646654075615
19.94 0.2733428488574186 0.00712504405083636 -0.09781527138285524 0.35241637275246274
19.96 0.19817874232091742 0.61813827604129 -0.07583393570581912 0.10213982035544053
19.98 0.19404812401427957 -0.3100538553217196 -0.09106553351914957 0.35068425066654335
20.0 0.12094932663109739 0.2685405962837812 -0.1130468691961857 0.14263824753767446
