0.0 -0.009711707 0.009711707 0.0 -0.0
0.02 -0.009711707 0.009711707 0.0 -0.0
0.04 -0.009711707 0.009711707 0.0 -0.0
0.06 0.009711707 0.058270242 -0.09929293193606789 -0.09929293193606789
0.08 -0.029135121 -0.0 0.10513369263818954 0.046726085616973126
0.1 0.009711707 0.09711707 -0.005840760702121641 -0.029203803510608202
0.12 -0.08740536300000001 -0.0 0.10513369263818954 0.07592988912758133
0.14 0.0 0.106828777 0.011681521404243281 -0.0
0.16 -0.067981949 0.058270242 0.11681521404243281 0.12265597474455446
0.18 0.0 0.106828777 0.005840760702121641 -0.011681521404243281
0.2 -0.019423414 0.019423414 0.11681521404243281 0.0700891284254597
0.22 0.0 0.106828777 0.011681521404243281 -0.0
0.24 -0.019423414 0.029135121 0.09929293193606789 0.06424836772333804
0.26 0.009711707 0.116540484 -0.011681521404243281 -0.0
0.28 -0.038846828 0.029135121 0.09929293193606789 0.05256684631909477
0.3 0.0 0.106828777 -0.058407607021216404 -0.011681521404243281
0.32 -0.038846828 0.009711707 0.07592988912758133 0.029203803510608202
0.34 0.0 0.077693656 -0.017522282106364924 -0.04088532491485148
0.36 -0.067981949 0.009711707 0.05256684631909477 0.023363042808486563
0.38 0.0 0.08740536300000001 -0.03504456421272985 -0.046726085616973126
0.4 -0.019423414 0.029135121 0.03504456421272985 0.005840760702121641
0.42 0.0 0.09711707 -0.04088532491485148 -0.04088532491485148
0.44 -0.019423414 0.058270242 0.023363042808486563 0.005840760702121641
0.46 0.019423414 0.135963898 -0.023363042808486563 -0.04088532491485148
0.48 0.0 0.077693656 0.011681521404243281 0.005840760702121641
0.5 0.019423414 0.17481072600000003 -0.04088532491485148 -0.046726085616973126
0.52 0.0 0.116540484 0.005840760702121641 0.005840760702121641
0.54 0.038846828 0.19423414 -0.023363042808486563 -0.06424836772333804
0.56 0.0 0.135963898 0.005840760702121641 -0.0
0.58 0.038846828 0.184522433 -0.04088532491485148 -0.058407607021216404
0.6 0.009711707 0.126252191 0.0 -0.0
0.62 0.08740536300000001 0.155387312 -0.05256684631909477 -0.07592988912758133
0.64 0.048558535 0.106828777 0.0 -0.023363042808486563
0.66 0.067981949 0.165099019 -0.06424836772333804 -0.09345217123394625
0.68 0.029135121 0.09711707 0.0 -0.017522282106364924
0.7 0.067981949 0.17481072600000003 -0.0700891284254597 -0.07592988912758133
0.72 0.058270242 0.126252191 -0.011681521404243281 -0.023363042808486563
0.74 0.067981949 0.203945847 -0.07592988912758133 -0.09929293193606789
0.76 0.038846828 0.145675605 -0.011681521404243281 -0.04088532491485148
0.78 0.08740536300000001 0.213657554 -0.07592988912758133 -0.09929293193606789
0.8 0.058270242 0.17481072600000003 -0.023363042808486563 -0.05256684631909477
0.82 0.126252191 0.213657554 -0.0700891284254597 -0.09345217123394625
0.84 0.077693656 0.19423414 -0.029203803510608202 -0.06424836772333804
0.86 0.116540484 0.233080968 -0.07592988912758133 -0.11097445334031117
0.88 0.08740536300000001 0.203945847 -0.04088532491485148 -0.06424836772333804
0.9 0.09711707 0.233080968 -0.08761141053182461 -0.08761141053182461
0.92 0.08740536300000001 0.22336926099999999 -0.04088532491485148 -0.0700891284254597
0.94 0.126252191 0.233080968 -0.0700891284254597 -0.09929293193606789
0.96 0.08740536300000001 0.22336926099999999 -0.05256684631909477 -0.09345217123394625
0.98 0.126252191 0.252504382 -0.07592988912758133 -0.12265597474455446
1.0 0.08740536300000001 0.213657554 -0.07592988912758133 -0.11097445334031117
1.02 0.09711707 0.252504382 -0.08177064982970296 -0.11097445334031117
1.04 0.09711707 0.252504382 -0.09345217123394625 -0.11681521404243281
1.06 0.116540484 0.262216089 -0.09929293193606789 -0.12265597474455446
1.08 0.106828777 0.262216089 -0.10513369263818954 -0.12849673544667609
1.1 0.126252191 0.262216089 -0.09929293193606789 -0.13433749614879772
1.12 0.135963898 0.252504382 -0.09929293193606789 -0.13433749614879772
1.14 0.135963898 0.271927796 -0.09929293193606789 -0.12849673544667609
1.16 0.135963898 0.271927796 -0.09929293193606789 -0.13433749614879772
1.18 0.135963898 0.262216089 -0.09929293193606789 -0.13433749614879772
1.2 0.135963898 0.271927796 -0.10513369263818954 -0.12849673544667609
1.22 0.135963898 0.22336926099999999 -0.09929293193606789 -0.12849673544667609
1.24 0.135963898 0.22336926099999999 -0.09929293193606789 -0.12849673544667609
1.26 0.135963898 0.22336926099999999 -0.10513369263818954 -0.12849673544667609
1.28 0.135963898 0.233080968 -0.09929293193606789 -0.13433749614879772
1.3 0.17481072600000003 0.22336926099999999 -0.1401782568509194 -0.13433749614879772
1.32 0.165099019 0.233080968 -0.12265597474455446 -0.13433749614879772
1.34 0.17481072600000003 0.22336926099999999 -0.12849673544667609 -0.13433749614879772
1.36 0.126252191 0.22336926099999999 -0.05256684631909477 -0.13433749614879772
1.38 0.17481072600000003 0.22336926099999999 -0.10513369263818954 -0.13433749614879772
1.4 0.135963898 0.233080968 -0.023363042808486563 -0.12849673544667609
1.42 0.203945847 0.22336926099999999 -0.09345217123394625 -0.12849673544667609
1.44 0.145675605 0.213657554 0.0 -0.12849673544667609
1.46 0.213657554 0.184522433 -0.09345217123394625 -0.12849673544667609
1.48 0.106828777 0.184522433 -0.005840760702121641 -0.12849673544667609
1.5 0.184522433 0.184522433 -0.08761141053182461 -0.12849673544667609
1.52 0.08740536300000001 0.184522433 -0.017522282106364924 -0.12849673544667609
1.54 0.184522433 0.145675605 -0.0700891284254597 -0.12849673544667609
1.56 0.077693656 0.145675605 -0.03504456421272985 -0.12849673544667609
1.58 0.184522433 0.116540484 -0.08177064982970296 -0.12849673544667609
1.6 0.09711707 0.106828777 -0.05256684631909477 -0.12849673544667609
1.62 0.165099019 0.077693656 -0.0700891284254597 -0.12849673544667609
1.64 0.116540484 0.077693656 -0.08761141053182461 -0.12849673544667609
1.66 0.184522433 0.048558535 -0.04088532491485148 -0.12849673544667609
1.68 0.116540484 0.048558535 -0.04088532491485148 -0.12849673544667609
1.7 0.155387312 0.019423414 -0.023363042808486563 -0.12849673544667609
1.72 0.17481072600000003 0.029135121 -0.07592988912758133 -0.12849673544667609
1.74 0.19423414 -0.0 -0.017522282106364924 -0.12849673544667609
1.76 0.262216089 -0.0 -0.12265597474455446 -0.12849673544667609
1.78 0.252504382 -0.0 -0.029203803510608202 -0.10513369263818954
1.8 0.310774624 0.009711707 -0.13433749614879772 -0.10513369263818954
1.82 0.106828777 -0.0 -0.03504456421272985 -0.11097445334031117
1.84 0.116540484 0.009711707 -0.13433749614879772 -0.10513369263818954
1.86 0.08740536300000001 -0.0 -0.058407607021216404 -0.08761141053182461
1.88 0.077693656 0.038846828 -0.1401782568509194 -0.08761141053182461
1.9 0.058270242 -0.0 -0.08177064982970296 -0.0700891284254597
1.92 0.145675605 0.038846828 -0.12849673544667609 -0.0700891284254597
1.94 0.08740536300000001 -0.009711707 -0.08177064982970296 -0.017522282106364924
1.96 0.165099019 0.009711707 -0.08761141053182461 -0.005840760702121641
1.98 0.09711707 -0.038846828 -0.06424836772333804 -0.023363042808486563
2.0 0.184522433 -0.0 -0.058407607021216404 -0.023363042808486563
2.02 0.116540484 -0.08740536300000001 -0.11681521404243281 -0.023363042808486563
2.04 0.17481072600000003 -0.009711707 -0.04088532491485148 -0.04088532491485148
2.06 0.077693656 -0.106828777 -0.08761141053182461 -0.029203803510608202
2.08 0.165099019 -0.0 -0.029203803510608202 -0.08177064982970296
2.1 0.067981949 -0.038846828 -0.07592988912758133 -0.03504456421272985
2.12 0.145675605 0.029135121 -0.046726085616973126 -0.07592988912758133
2.14 0.106828777 -0.0 -0.04088532491485148 -0.046726085616973126
2.16 0.165099019 0.038846828 -0.06424836772333804 -0.046726085616973126
2.18 0.106828777 0.067981949 -0.03504456421272985 -0.146019017553041
2.2 0.165099019 0.029135121 -0.07592988912758133 -0.07592988912758133
2.22 0.145675605 0.135963898 -0.03504456421272985 -0.13433749614879772
2.24 0.165099019 0.17481072600000003 -0.058407607021216404 -0.023363042808486563
2.26 0.09711707 0.330198038 -0.03504456421272985 -0.11097445334031117
2.28 0.08740536300000001 0.203945847 -0.08761141053182461 -0.0
2.3 0.067981949 0.281639503 -0.058407607021216404 -0.058407607021216404
2.32 0.077693656 0.135963898 -0.08761141053182461 -0.0
2.34 0.08740536300000001 0.22336926099999999 -0.05256684631909477 -0.09929293193606789
2.36 0.067981949 0.058270242 -0.0700891284254597 -0.023363042808486563
2.38 0.058270242 0.165099019 -0.06424836772333804 -0.12265597474455446
2.4 0.048558535 0.038846828 -0.07592988912758133 -0.06424836772333804
2.42 0.048558535 0.145675605 -0.08761141053182461 -0.12849673544667609
2.44 0.038846828 0.029135121 -0.11097445334031117 -0.12849673544667609
2.46 0.038846828 0.135963898 -0.11097445334031117 -0.146019017553041
2.48 0.038846828 0.077693656 -0.11097445334031117 -0.15185977825516267
2.5 0.038846828 0.19423414 -0.10513369263818954 -0.023363042808486563
2.52 0.067981949 0.126252191 -0.10513369263818954 -0.023363042808486563
2.54 0.067981949 0.203945847 -0.08177064982970296 -0.0
2.56 0.067981949 0.184522433 -0.0700891284254597 -0.08761141053182461
2.58 0.058270242 0.233080968 -0.0700891284254597 -0.005840760702121641
2.6 0.077693656 0.262216089 -0.06424836772333804 -0.13433749614879772
2.62 0.058270242 0.242792675 -0.07592988912758133 -0.023363042808486563
2.64 0.09711707 0.30106291700000004 -0.06424836772333804 -0.13433749614879772
2.66 0.029135121 0.271927796 -0.046726085616973126 -0.029203803510608202
2.68 0.067981949 0.359333159 -0.046726085616973126 -0.12265597474455446
2.7 0.0 0.252504382 -0.046726085616973126 -0.06424836772333804
2.72 0.038846828 0.262216089 -0.029203803510608202 -0.12849673544667609
2.74 -0.009711707 0.067981949 -0.04088532491485148 -0.06424836772333804
2.76 0.029135121 0.08740536300000001 -0.04088532491485148 -0.10513369263818954
2.78 0.0 -0.0 -0.05256684631909477 -0.058407607021216404
2.8 0.077693656 0.058270242 -0.058407607021216404 -0.04088532491485148
2.82 0.0 0.009711707 -0.046726085616973126 -0.11097445334031117
2.84 0.058270242 0.077693656 -0.08177064982970296 -0.11097445334031117
2.86 -0.009711707 0.029135121 -0.05256684631909477 -0.1577005389572843
2.88 0.077693656 0.106828777 -0.11681521404243281 -0.08761141053182461
2.9 0.0 0.058270242 -0.058407607021216404 -0.10513369263818954
2.92 0.058270242 0.126252191 -0.09929293193606789 -0.046726085616973126
2.94 0.009711707 0.077693656 -0.08177064982970296 -0.06424836772333804
2.96 0.077693656 0.145675605 -0.08177064982970296 -0.06424836772333804
2.98 0.09711707 0.09711707 -0.146019017553041 -0.07592988912758133
3.0 0.058270242 0.116540484 -0.03504456421272985 -0.09345217123394625
3.02 0.22336926099999999 0.038846828 -0.10513369263818954 -0.11097445334031117
3.04 0.17481072600000003 0.077693656 0.017522282106364924 -0.12265597474455446
3.06 0.22336926099999999 0.08740536300000001 -0.07592988912758133 -0.08761141053182461
3.08 0.038846828 0.116540484 0.005840760702121641 -0.10513369263818954
3.1 0.155387312 0.106828777 -0.08177064982970296 -0.0700891284254597
3.12 -0.009711707 0.09711707 0.005840760702121641 -0.09345217123394625
3.14 0.09711707 0.077693656 -0.09345217123394625 -0.09929293193606789
3.16 -0.067981949 0.058270242 0.0 -0.11097445334031117
3.18 0.019423414 0.029135121 -0.09345217123394625 -0.11097445334031117
3.2 -0.048558535 -0.0 -0.03504456421272985 -0.11681521404243281
3.22 0.019423414 -0.0 -0.09345217123394625 -0.10513369263818954
3.24 -0.077693656 -0.0 -0.0700891284254597 -0.10513369263818954
3.26 0.0 -0.0 -0.09345217123394625 -0.09345217123394625
3.28 -0.048558535 -0.0 -0.09345217123394625 -0.09345217123394625
3.3 0.029135121 0.009711707 -0.03504456421272985 -0.10513369263818954
3.32 0.0 0.038846828 -0.07592988912758133 -0.10513369263818954
3.34 0.019423414 0.058270242 -0.03504456421272985 -0.10513369263818954
3.36 0.038846828 0.09711707 -0.11097445334031117 -0.09345217123394625
3.38 0.09711707 0.058270242 -0.029203803510608202 -0.09929293193606789
3.4 0.165099019 0.077693656 -0.16354129965940592 -0.09345217123394625
3.42 0.165099019 0.029135121 -0.05256684631909477 -0.07592988912758133
3.44 0.242792675 0.048558535 -0.16938206036152761 -0.0700891284254597
3.46 0.155387312 0.009711707 -0.0700891284254597 -0.05256684631909477
3.48 0.271927796 0.038846828 -0.1577005389572843 -0.046726085616973126
3.5 0.08740536300000001 -0.0 -0.09929293193606789 -0.029203803510608202
3.52 0.106828777 -0.0 -0.16354129965940592 -0.017522282106364924
3.54 0.038846828 -0.019423414 -0.09345217123394625 -0.017522282106364924
3.56 0.08740536300000001 -0.0 -0.12849673544667609 -0.0
3.58 0.019423414 -0.038846828 -0.09345217123394625 -0.029203803510608202
3.6 0.116540484 0.019423414 -0.0700891284254597 -0.03504456421272985
3.62 0.048558535 -0.067981949 -0.12265597474455446 -0.023363042808486563
3.64 0.135963898 -0.0 -0.046726085616973126 -0.06424836772333804
3.66 0.067981949 -0.09711707 -0.11681521404243281 -0.03504456421272985
3.68 0.17481072600000003 -0.0 -0.023363042808486563 -0.09929293193606789
3.7 0.106828777 -0.038846828 -0.06424836772333804 -0.04088532491485148
3.72 0.165099019 0.019423414 -0.029203803510608202 -0.08177064982970296
3.74 0.09711707 -0.0 -0.04088532491485148 -0.046726085616973126
3.76 0.155387312 0.029135121 -0.04088532491485148 -0.023363042808486563
3.78 0.116540484 0.08740536300000001 -0.029203803510608202 -0.12265597474455446
3.8 0.165099019 0.058270242 -0.06424836772333804 -0.08177064982970296
3.82 0.116540484 0.213657554 -0.04088532491485148 -0.12849673544667609
3.84 0.17481072600000003 0.213657554 -0.0700891284254597 -0.0
3.86 0.135963898 0.320486331 -0.011681521404243281 -0.10513369263818954
3.88 0.116540484 0.19423414 -0.07592988912758133 -0.0
3.9 0.077693656 0.30106291700000004 -0.05256684631909477 -0.09345217123394625
3.92 0.08740536300000001 0.116540484 -0.08177064982970296 0.005840760702121641
3.94 0.067981949 0.213657554 -0.046726085616973126 -0.10513369263818954
3.96 0.067981949 0.038846828 -0.0700891284254597 -0.005840760702121641
3.98 0.077693656 0.145675605 -0.0700891284254597 -0.12849673544667609
4.0 0.048558535 -0.0 -0.07592988912758133 -0.06424836772333804
4.02 0.038846828 0.165099019 -0.09929293193606789 -0.12849673544667609
4.04 0.029135121 0.009711707 -0.10513369263818954 -0.10513369263818954
4.06 0.038846828 0.126252191 -0.09929293193606789 -0.12849673544667609
4.08 0.048558535 0.067981949 -0.09345217123394625 -0.16938206036152761
4.1 0.058270242 0.184522433 -0.0700891284254597 -0.029203803510608202
4.12 0.067981949 0.116540484 -0.0700891284254597 -0.029203803510608202
4.14 0.067981949 0.203945847 -0.0700891284254597 -0.0
4.16 0.067981949 0.17481072600000003 -0.0700891284254597 -0.09929293193606789
4.18 0.058270242 0.262216089 -0.0700891284254597 -0.0
4.2 0.067981949 0.281639503 -0.0700891284254597 -0.1401782568509194
4.22 0.058270242 0.233080968 -0.05256684631909477 -0.023363042808486563
4.24 0.09711707 0.310774624 -0.046726085616973126 -0.146019017553041
4.26 0.019423414 0.271927796 -0.058407607021216404 -0.046726085616973126
4.28 0.067981949 0.378756573 -0.05256684631909477 -0.1401782568509194
4.3 0.0 0.29135121 -0.046726085616973126 -0.046726085616973126
4.32 0.029135121 0.29135121 -0.029203803510608202 -0.12849673544667609
4.34 -0.009711707 0.067981949 -0.05256684631909477 -0.06424836772333804
4.36 0.009711707 0.106828777 -0.04088532491485148 -0.09929293193606789
4.38 -0.009711707 0.029135121 -0.046726085616973126 -0.06424836772333804
4.4 0.077693656 0.08740536300000001 -0.07592988912758133 -0.04088532491485148
4.42 0.0 0.029135121 -0.04088532491485148 -0.12265597474455446
4.44 0.077693656 0.08740536300000001 -0.09929293193606789 -0.09929293193606789
4.46 -0.019423414 0.038846828 -0.058407607021216404 -0.16354129965940592
4.48 0.08740536300000001 0.116540484 -0.11097445334031117 -0.0700891284254597
4.5 0.0 0.058270242 -0.058407607021216404 -0.09345217123394625
4.52 0.067981949 0.116540484 -0.11681521404243281 -0.04088532491485148
4.54 0.009711707 0.106828777 -0.07592988912758133 -0.058407607021216404
4.56 0.048558535 0.155387312 -0.05256684631909477 -0.046726085616973126
4.58 0.08740536300000001 0.126252191 -0.12265597474455446 -0.0700891284254597
4.6 0.067981949 0.155387312 -0.05256684631909477 -0.07592988912758133
4.62 0.17481072600000003 0.08740536300000001 -0.11097445334031117 -0.0700891284254597
4.64 0.145675605 0.077693656 0.0 -0.12849673544667609
4.66 0.252504382 0.067981949 -0.08177064982970296 -0.08761141053182461
4.68 0.048558535 0.106828777 0.046726085616973126 -0.10513369263818954
4.7 0.145675605 0.106828777 -0.08761141053182461 -0.06424836772333804
4.72 -0.009711707 0.116540484 0.011681521404243281 -0.09929293193606789
4.74 0.048558535 0.08740536300000001 -0.10513369263818954 -0.09345217123394625
4.76 -0.077693656 0.067981949 0.0 -0.11681521404243281
4.78 0.009711707 0.029135121 -0.09929293193606789 -0.11097445334031117
4.8 -0.106828777 0.009711707 -0.023363042808486563 -0.11097445334031117
4.82 0.019423414 -0.0 -0.11097445334031117 -0.09345217123394625
4.84 -0.058270242 -0.0 -0.06424836772333804 -0.09929293193606789
4.86 0.009711707 -0.0 -0.11097445334031117 -0.09929293193606789
4.88 -0.048558535 -0.0 -0.10513369263818954 -0.09345217123394625
4.9 0.009711707 -0.0 -0.03504456421272985 -0.09929293193606789
4.92 0.0 0.038846828 -0.058407607021216404 -0.09929293193606789
4.94 0.019423414 0.058270242 -0.03504456421272985 -0.09929293193606789
4.96 0.0 0.09711707 -0.11097445334031117 -0.08761141053182461
4.98 0.058270242 0.067981949 -0.04088532491485148 -0.08761141053182461
5.0 0.09711707 0.08740536300000001 -0.146019017553041 -0.08177064982970296
5.02 0.135963898 0.038846828 -0.06424836772333804 -0.058407607021216404
5.04 0.203945847 0.058270242 -0.16938206036152761 -0.058407607021216404
5.06 0.184522433 0.019423414 -0.058407607021216404 -0.03504456421272985
5.08 0.242792675 0.038846828 -0.16938206036152761 -0.03504456421272985
5.1 0.145675605 -0.0 -0.09345217123394625 -0.029203803510608202
5.12 0.165099019 0.009711707 -0.16938206036152761 -0.017522282106364924
5.14 0.029135121 -0.019423414 -0.11097445334031117 -0.017522282106364924
5.16 0.038846828 -0.0 -0.12849673544667609 -0.0
5.18 0.019423414 -0.048558535 -0.09345217123394625 -0.029203803510608202
5.2 0.116540484 0.009711707 -0.08177064982970296 -0.029203803510608202
5.22 0.029135121 -0.058270242 -0.12265597474455446 -0.023363042808486563
5.24 0.135963898 -0.0 -0.05256684631909477 -0.03504456421272985
5.26 0.038846828 -0.067981949 -0.12265597474455446 -0.023363042808486563
5.28 0.165099019 0.038846828 -0.03504456421272985 -0.08761141053182461
5.3 0.077693656 -0.009711707 -0.08177064982970296 -0.046726085616973126
5.32 0.165099019 0.029135121 -0.03504456421272985 -0.06424836772333804
5.34 0.116540484 -0.0 -0.03504456421272985 -0.046726085616973126
5.36 0.165099019 0.048558535 -0.06424836772333804 -0.046726085616973126
5.38 0.106828777 0.106828777 -0.03504456421272985 -0.146019017553041
5.4 0.145675605 0.058270242 -0.07592988912758133 -0.07592988912758133
5.42 0.135963898 0.22336926099999999 -0.03504456421272985 -0.11097445334031117
5.44 0.145675605 0.203945847 -0.0700891284254597 -0.011681521404243281
5.46 0.106828777 0.320486331 -0.03504456421272985 -0.10513369263818954
5.48 0.09711707 0.19423414 -0.08177064982970296 -0.0
5.5 0.077693656 0.281639503 -0.058407607021216404 -0.10513369263818954
5.52 0.08740536300000001 0.106828777 -0.08761141053182461 -0.0
5.54 0.08740536300000001 0.22336926099999999 -0.05256684631909477 -0.10513369263818954
5.56 0.067981949 0.058270242 -0.07592988912758133 -0.011681521404243281
5.58 0.058270242 0.184522433 -0.06424836772333804 -0.11097445334031117
5.6 0.038846828 0.058270242 -0.08177064982970296 -0.0700891284254597
5.62 0.029135121 0.155387312 -0.09345217123394625 -0.12849673544667609
5.64 0.038846828 0.038846828 -0.09345217123394625 -0.12265597474455446
5.66 0.038846828 0.145675605 -0.09345217123394625 -0.146019017553041
5.68 0.048558535 0.077693656 -0.09345217123394625 -0.16354129965940592
5.7 0.058270242 0.203945847 -0.0700891284254597 -0.017522282106364924
5.72 0.067981949 0.135963898 -0.07592988912758133 -0.03504456421272985
5.74 0.067981949 0.213657554 -0.0700891284254597 -0.0
5.76 0.067981949 0.203945847 -0.08177064982970296 -0.09929293193606789
5.78 0.058270242 0.271927796 -0.08177064982970296 -0.0
5.8 0.067981949 0.271927796 -0.06424836772333804 -0.13433749614879772
5.82 0.067981949 0.242792675 -0.058407607021216404 -0.029203803510608202
5.84 0.08740536300000001 0.339909745 -0.046726085616973126 -0.12265597474455446
5.86 0.019423414 0.339909745 -0.046726085616973126 -0.023363042808486563
5.88 0.058270242 0.44673852199999997 -0.029203803510608202 -0.15185977825516267
5.9 0.0 0.22336926099999999 -0.046726085616973126 -0.04088532491485148
5.92 0.029135121 0.233080968 -0.029203803510608202 -0.12265597474455446
5.94 -0.009711707 0.08740536300000001 -0.05256684631909477 -0.06424836772333804
5.96 0.029135121 0.106828777 -0.03504456421272985 -0.09345217123394625
5.98 -0.009711707 0.038846828 -0.05256684631909477 -0.058407607021216404
6.0 0.077693656 0.08740536300000001 -0.07592988912758133 -0.04088532491485148
6.02 0.0 0.019423414 -0.046726085616973126 -0.13433749614879772
6.04 0.08740536300000001 0.08740536300000001 -0.09929293193606789 -0.09345217123394625
6.06 -0.029135121 0.038846828 -0.05256684631909477 -0.146019017553041
6.08 0.08740536300000001 0.106828777 -0.11681521404243281 -0.06424836772333804
6.1 0.0 0.058270242 -0.06424836772333804 -0.08177064982970296
6.12 0.058270242 0.135963898 -0.12265597474455446 -0.03504456421272985
6.14 0.009711707 0.09711707 -0.08177064982970296 -0.06424836772333804
6.16 0.048558535 0.155387312 -0.05256684631909477 -0.046726085616973126
6.18 0.08740536300000001 0.116540484 -0.1401782568509194 -0.0700891284254597
6.2 0.058270242 0.135963898 -0.046726085616973126 -0.07592988912758133
6.22 0.19423414 0.077693656 -0.11681521404243281 -0.08177064982970296
6.24 0.155387312 0.08740536300000001 0.0 -0.12849673544667609
6.26 0.262216089 0.077693656 -0.06424836772333804 -0.07592988912758133
6.28 0.058270242 0.116540484 0.046726085616973126 -0.09929293193606789
6.3 0.17481072600000003 0.106828777 -0.07592988912758133 -0.05256684631909477
6.32 -0.009711707 0.106828777 0.017522282106364924 -0.09345217123394625
6.34 0.048558535 0.09711707 -0.08761141053182461 -0.08761141053182461
6.36 -0.077693656 0.077693656 -0.005840760702121641 -0.10513369263818954
6.38 0.009711707 0.038846828 -0.10513369263818954 -0.09929293193606789
6.4 -0.106828777 0.019423414 -0.046726085616973126 -0.08177064982970296
6.42 0.029135121 -0.0 -0.08177064982970296 -0.09929293193606789
6.44 -0.077693656 -0.0 -0.046726085616973126 -0.09345217123394625
6.46 0.0 -0.0 -0.09345217123394625 -0.09345217123394625
6.48 -0.058270242 -0.0 -0.11681521404243281 -0.09345217123394625
6.5 0.009711707 0.009711707 -0.03504456421272985 -0.09929293193606789
6.52 0.0 0.038846828 -0.07592988912758133 -0.09929293193606789
6.54 0.019423414 0.058270242 -0.023363042808486563 -0.09929293193606789
6.56 0.009711707 0.09711707 -0.12265597474455446 -0.08177064982970296
6.58 0.067981949 0.077693656 -0.03504456421272985 -0.08761141053182461
6.6 0.155387312 0.09711707 -0.1577005389572843 -0.07592988912758133
6.62 0.145675605 0.058270242 -0.06424836772333804 -0.058407607021216404
6.64 0.22336926099999999 0.067981949 -0.16938206036152761 -0.06424836772333804
6.66 0.165099019 0.029135121 -0.06424836772333804 -0.03504456421272985
6.68 0.242792675 0.048558535 -0.16938206036152761 -0.04088532491485148
6.7 0.126252191 -0.0 -0.09929293193606789 -0.023363042808486563
6.72 0.135963898 -0.0 -0.16354129965940592 -0.005840760702121641
6.74 0.048558535 -0.038846828 -0.08761141053182461 -0.023363042808486563
6.76 0.048558535 -0.0 -0.12849673544667609 -0.0
6.78 0.009711707 -0.048558535 -0.10513369263818954 -0.029203803510608202
6.8 0.106828777 0.009711707 -0.0700891284254597 -0.03504456421272985
6.82 0.048558535 -0.058270242 -0.13433749614879772 -0.029203803510608202
6.84 0.145675605 -0.0 -0.05256684631909477 -0.0700891284254597
6.86 0.058270242 -0.08740536300000001 -0.12265597474455446 -0.04088532491485148
6.88 0.184522433 -0.0 -0.023363042808486563 -0.09929293193606789
6.9 0.09711707 -0.029135121 -0.08177064982970296 -0.04088532491485148
6.92 0.165099019 0.019423414 -0.029203803510608202 -0.08761141053182461
6.94 0.106828777 -0.0 -0.046726085616973126 -0.05256684631909477
6.96 0.155387312 0.029135121 -0.03504456421272985 -0.03504456421272985
6.98 0.116540484 0.09711707 -0.03504456421272985 -0.12265597474455446
7.0 0.165099019 0.058270242 -0.058407607021216404 -0.08177064982970296
7.02 0.126252191 0.19423414 -0.03504456421272985 -0.12265597474455446
7.04 0.165099019 0.203945847 -0.0700891284254597 -0.0
7.06 0.126252191 0.30106291700000004 -0.023363042808486563 -0.09345217123394625
7.08 0.106828777 0.17481072600000003 -0.08761141053182461 -0.0
7.1 0.08740536300000001 0.281639503 -0.046726085616973126 -0.09929293193606789
7.12 0.077693656 0.106828777 -0.08761141053182461 -0.0
7.14 0.067981949 0.213657554 -0.06424836772333804 -0.10513369263818954
7.16 0.067981949 0.029135121 -0.08177064982970296 -0.005840760702121641
7.18 0.077693656 0.165099019 -0.06424836772333804 -0.12849673544667609
7.2 0.038846828 0.009711707 -0.08177064982970296 -0.05256684631909477
7.22 0.038846828 0.17481072600000003 -0.08761141053182461 -0.13433749614879772
7.24 0.029135121 0.019423414 -0.11681521404243281 -0.10513369263818954
7.26 0.038846828 0.155387312 -0.11097445334031117 -0.13433749614879772
7.28 0.048558535 0.067981949 -0.09345217123394625 -0.1577005389572843
7.3 0.048558535 0.184522433 -0.07592988912758133 -0.029203803510608202
7.32 0.058270242 0.106828777 -0.07592988912758133 -0.029203803510608202
7.34 0.067981949 0.19423414 -0.07592988912758133 -0.0
7.36 0.067981949 0.165099019 -0.0700891284254597 -0.09929293193606789
7.38 0.048558535 0.252504382 -0.0700891284254597 -0.0
7.4 0.058270242 0.262216089 -0.0700891284254597 -0.1401782568509194
7.42 0.058270242 0.242792675 -0.05256684631909477 -0.029203803510608202
7.44 0.09711707 0.30106291700000004 -0.046726085616973126 -0.13433749614879772
7.46 0.009711707 0.281639503 -0.05256684631909477 -0.03504456421272985
7.48 0.067981949 0.38846828 -0.046726085616973126 -0.1401782568509194
7.5 0.0 0.29135121 -0.046726085616973126 -0.05256684631909477
7.52 0.038846828 0.29135121 -0.029203803510608202 -0.13433749614879772
7.54 -0.019423414 0.067981949 -0.05256684631909477 -0.06424836772333804
7.56 0.009711707 0.106828777 -0.04088532491485148 -0.09345217123394625
7.58 -0.009711707 0.029135121 -0.029203803510608202 -0.06424836772333804
7.6 0.077693656 0.08740536300000001 -0.07592988912758133 -0.03504456421272985
7.62 0.0 0.019423414 -0.04088532491485148 -0.12849673544667609
7.64 0.077693656 0.077693656 -0.10513369263818954 -0.09929293193606789
7.66 -0.019423414 0.029135121 -0.046726085616973126 -0.1577005389572843
7.68 0.08740536300000001 0.106828777 -0.11097445334031117 -0.0700891284254597
7.7 0.0 0.058270242 -0.05256684631909477 -0.09929293193606789
7.72 0.077693656 0.126252191 -0.11681521404243281 -0.046726085616973126
7.74 0.019423414 0.09711707 -0.07592988912758133 -0.06424836772333804
7.76 0.058270242 0.155387312 -0.046726085616973126 -0.05256684631909477
7.78 0.08740536300000001 0.116540484 -0.13433749614879772 -0.07592988912758133
7.8 0.058270242 0.145675605 -0.05256684631909477 -0.08177064982970296
7.82 0.184522433 0.08740536300000001 -0.11681521404243281 -0.07592988912758133
7.84 0.145675605 0.077693656 0.0 -0.12849673544667609
7.86 0.271927796 0.067981949 -0.0700891284254597 -0.08177064982970296
7.88 0.058270242 0.106828777 0.06424836772333804 -0.11681521404243281
7.9 0.155387312 0.106828777 -0.0700891284254597 -0.06424836772333804
7.92 -0.019423414 0.116540484 0.017522282106364924 -0.10513369263818954
7.94 0.038846828 0.09711707 -0.09345217123394625 -0.09929293193606789
7.96 -0.08740536300000001 0.077693656 -0.005840760702121641 -0.11681521404243281
7.98 0.009711707 0.048558535 -0.09929293193606789 -0.11097445334031117
8.0 -0.106828777 0.019423414 -0.05256684631909477 -0.08177064982970296
8.02 0.038846828 -0.0 -0.0700891284254597 -0.10513369263818954
8.04 -0.058270242 -0.009711707 -0.04088532491485148 -0.09929293193606789
8.06 0.0 -0.0 -0.09345217123394625 -0.09929293193606789
8.08 -0.067981949 -0.0 -0.11681521404243281 -0.11097445334031117
8.1 0.0 -0.0 -0.046726085616973126 -0.09929293193606789
8.12 0.0 0.038846828 -0.08177064982970296 -0.09929293193606789
8.14 0.019423414 0.067981949 -0.029203803510608202 -0.09929293193606789
8.16 0.0 0.09711707 -0.12265597474455446 -0.08177064982970296
8.18 0.058270242 0.077693656 -0.04088532491485148 -0.08761141053182461
8.2 0.135963898 0.08740536300000001 -0.1577005389572843 -0.08177064982970296
8.22 0.135963898 0.058270242 -0.0700891284254597 -0.06424836772333804
8.24 0.233080968 0.067981949 -0.16938206036152761 -0.06424836772333804
8.26 0.165099019 0.029135121 -0.05256684631909477 -0.04088532491485148
8.28 0.242792675 0.038846828 -0.17522282106364923 -0.046726085616973126
8.3 0.126252191 -0.0 -0.09929293193606789 -0.029203803510608202
8.32 0.135963898 -0.0 -0.16938206036152761 -0.017522282106364924
8.34 0.048558535 -0.048558535 -0.08761141053182461 -0.023363042808486563
8.36 0.048558535 -0.0 -0.13433749614879772 -0.0
8.38 0.009711707 -0.048558535 -0.09929293193606789 -0.023363042808486563
8.4 0.106828777 0.009711707 -0.0700891284254597 -0.03504456421272985
8.42 0.038846828 -0.067981949 -0.13433749614879772 -0.029203803510608202
8.44 0.135963898 -0.0 -0.06424836772333804 -0.05256684631909477
8.46 0.058270242 -0.077693656 -0.12265597474455446 -0.03504456421272985
8.48 0.17481072600000003 -0.0 -0.023363042808486563 -0.09929293193606789
8.5 0.116540484 -0.019423414 -0.0700891284254597 -0.046726085616973126
8.52 0.17481072600000003 0.019423414 -0.023363042808486563 -0.08177064982970296
8.54 0.106828777 -0.0 -0.03504456421272985 -0.04088532491485148
8.56 0.155387312 0.038846828 -0.04088532491485148 -0.029203803510608202
8.58 0.145675605 0.106828777 -0.023363042808486563 -0.12849673544667609
8.6 0.165099019 0.067981949 -0.058407607021216404 -0.08761141053182461
8.62 0.126252191 0.19423414 -0.046726085616973126 -0.1401782568509194
8.64 0.165099019 0.19423414 -0.07592988912758133 -0.011681521404243281
8.66 0.126252191 0.30106291700000004 -0.023363042808486563 -0.10513369263818954
8.68 0.106828777 0.165099019 -0.08177064982970296 -0.0
8.7 0.077693656 0.29135121 -0.05256684631909477 -0.11097445334031117
8.72 0.067981949 0.09711707 -0.08761141053182461 -0.0
8.74 0.058270242 0.233080968 -0.06424836772333804 -0.11097445334031117
8.76 0.058270242 0.038846828 -0.07592988912758133 -0.005840760702121641
8.78 0.077693656 0.155387312 -0.06424836772333804 -0.12265597474455446
8.8 0.058270242 0.009711707 -0.07592988912758133 -0.06424836772333804
8.82 0.048558535 0.155387312 -0.08177064982970296 -0.13433749614879772
8.84 0.029135121 0.029135121 -0.09929293193606789 -0.09345217123394625
8.86 0.038846828 0.145675605 -0.09345217123394625 -0.1401782568509194
8.88 0.048558535 0.067981949 -0.09345217123394625 -0.15185977825516267
8.9 0.058270242 0.17481072600000003 -0.09345217123394625 -0.023363042808486563
8.92 0.067981949 0.116540484 -0.08761141053182461 -0.017522282106364924
8.94 0.067981949 0.184522433 -0.0700891284254597 -0.0
8.96 0.058270242 0.184522433 -0.06424836772333804 -0.08177064982970296
8.98 0.077693656 0.203945847 -0.06424836772333804 -0.005840760702121641
9.0 0.067981949 0.242792675 -0.06424836772333804 -0.12849673544667609
9.02 0.048558535 0.252504382 -0.06424836772333804 -0.023363042808486563
9.04 0.09711707 0.281639503 -0.058407607021216404 -0.13433749614879772
9.06 0.038846828 0.22336926099999999 -0.05256684631909477 -0.03504456421272985
9.08 0.067981949 0.339909745 -0.04088532491485148 -0.13433749614879772
9.1 0.0 0.271927796 -0.046726085616973126 -0.058407607021216404
9.12 0.038846828 0.262216089 -0.029203803510608202 -0.12265597474455446
9.14 0.0 0.08740536300000001 -0.04088532491485148 -0.0700891284254597
9.16 0.029135121 0.077693656 -0.03504456421272985 -0.09929293193606789
9.18 0.0 0.009711707 -0.058407607021216404 -0.05256684631909477
9.2 0.077693656 0.077693656 -0.06424836772333804 -0.04088532491485148
9.22 0.0 0.019423414 -0.046726085616973126 -0.11097445334031117
9.24 0.077693656 0.09711707 -0.08761141053182461 -0.10513369263818954
9.26 0.0 0.038846828 -0.05256684631909477 -0.16354129965940592
9.28 0.08740536300000001 0.106828777 -0.11681521404243281 -0.08177064982970296
9.3 0.0 0.058270242 -0.058407607021216404 -0.11097445334031117
9.32 0.067981949 0.116540484 -0.10513369263818954 -0.05256684631909477
9.34 0.019423414 0.077693656 -0.08177064982970296 -0.0700891284254597
9.36 0.058270242 0.155387312 -0.08761141053182461 -0.06424836772333804
9.38 0.08740536300000001 0.09711707 -0.146019017553041 -0.07592988912758133
9.4 0.048558535 0.135963898 -0.046726085616973126 -0.09345217123394625
9.42 0.213657554 0.048558535 -0.11097445334031117 -0.09345217123394625
9.44 0.184522433 0.08740536300000001 0.011681521404243281 -0.12265597474455446
9.46 0.233080968 0.08740536300000001 -0.06424836772333804 -0.08761141053182461
9.48 0.048558535 0.116540484 0.011681521404243281 -0.11097445334031117
9.5 0.155387312 0.116540484 -0.0700891284254597 -0.07592988912758133
9.52 0.0 0.106828777 0.005840760702121641 -0.09345217123394625
9.54 0.08740536300000001 0.08740536300000001 -0.08761141053182461 -0.09929293193606789
9.56 -0.067981949 0.058270242 0.0 -0.11681521404243281
9.58 0.029135121 0.038846828 -0.10513369263818954 -0.11097445334031117
9.6 -0.048558535 0.009711707 -0.04088532491485148 -0.10513369263818954
9.62 0.029135121 -0.0 -0.09929293193606789 -0.11097445334031117
9.64 -0.067981949 -0.0 -0.07592988912758133 -0.11097445334031117
9.66 0.0 -0.0 -0.09345217123394625 -0.09929293193606789
9.68 -0.038846828 -0.0 -0.09929293193606789 -0.09929293193606789
9.7 0.038846828 -0.0 -0.029203803510608202 -0.10513369263818954
9.72 0.0 0.048558535 -0.08177064982970296 -0.10513369263818954
9.74 0.019423414 0.077693656 -0.03504456421272985 -0.10513369263818954
9.76 0.019423414 0.09711707 -0.11681521404243281 -0.09345217123394625
9.78 0.09711707 0.058270242 -0.04088532491485148 -0.09345217123394625
9.8 0.165099019 0.077693656 -0.16938206036152761 -0.09345217123394625
9.82 0.17481072600000003 0.038846828 -0.05256684631909477 -0.07592988912758133
9.84 0.262216089 0.058270242 -0.17522282106364923 -0.0700891284254597
9.86 0.155387312 0.009711707 -0.0700891284254597 -0.046726085616973126
9.88 0.271927796 0.038846828 -0.16354129965940592 -0.046726085616973126
9.9 0.08740536300000001 -0.0 -0.10513369263818954 -0.023363042808486563
9.92 0.106828777 -0.0 -0.16938206036152761 -0.017522282106364924
9.94 0.058270242 -0.029135121 -0.09345217123394625 -0.017522282106364924
9.96 0.08740536300000001 -0.0 -0.12849673544667609 -0.0
9.98 0.029135121 -0.038846828 -0.10513369263818954 -0.023363042808486563
10.0 0.106828777 0.019423414 -0.0700891284254597 -0.04088532491485148
10.02 0.048558535 -0.058270242 -0.12265597474455446 -0.029203803510608202
10.04 0.145675605 -0.0 -0.05256684631909477 -0.06424836772333804
10.06 0.077693656 -0.077693656 -0.11681521404243281 -0.03504456421272985
10.08 0.17481072600000003 -0.0 -0.023363042808486563 -0.09929293193606789
10.1 0.126252191 -0.038846828 -0.06424836772333804 -0.03504456421272985
10.12 0.165099019 0.019423414 -0.029203803510608202 -0.08761141053182461
10.14 0.09711707 -0.0 -0.05256684631909477 -0.04088532491485148
10.16 0.155387312 0.029135121 -0.04088532491485148 -0.023363042808486563
10.18 0.126252191 0.106828777 -0.029203803510608202 -0.12849673544667609
10.2 0.155387312 0.058270242 -0.058407607021216404 -0.08761141053182461
10.22 0.126252191 0.17481072600000003 -0.04088532491485148 -0.1401782568509194
10.24 0.165099019 0.17481072600000003 -0.06424836772333804 -0.005840760702121641
10.26 0.145675605 0.29135121 -0.017522282106364924 -0.09929293193606789
10.28 0.106828777 0.17481072600000003 -0.08177064982970296 -0.0
10.3 0.08740536300000001 0.29135121 -0.058407607021216404 -0.08761141053182461
10.32 0.08740536300000001 0.106828777 -0.08761141053182461 -0.0
10.34 0.058270242 0.233080968 -0.058407607021216404 -0.08761141053182461
10.36 0.067981949 0.048558535 -0.08177064982970296 -0.0
10.38 0.077693656 0.135963898 -0.06424836772333804 -0.11097445334031117
10.4 0.058270242 0.009711707 -0.08177064982970296 -0.058407607021216404
10.42 0.038846828 0.135963898 -0.08761141053182461 -0.13433749614879772
10.44 0.038846828 0.009711707 -0.09929293193606789 -0.09929293193606789
10.46 0.048558535 0.135963898 -0.09345217123394625 -0.1401782568509194
10.48 0.038846828 0.067981949 -0.09929293193606789 -0.1577005389572843
10.5 0.048558535 0.165099019 -0.09345217123394625 -0.017522282106364924
10.52 0.058270242 0.116540484 -0.09345217123394625 -0.023363042808486563
10.54 0.058270242 0.184522433 -0.0700891284254597 -0.0
10.56 0.067981949 0.184522433 -0.0700891284254597 -0.08177064982970296
10.58 0.067981949 0.213657554 -0.0700891284254597 -0.005840760702121641
10.6 0.077693656 0.242792675 -0.06424836772333804 -0.12849673544667609
10.62 0.058270242 0.252504382 -0.06424836772333804 -0.023363042808486563
10.64 0.09711707 0.281639503 -0.058407607021216404 -0.1401782568509194
10.66 0.029135121 0.22336926099999999 -0.05256684631909477 -0.03504456421272985
10.68 0.067981949 0.339909745 -0.04088532491485148 -0.13433749614879772
10.7 0.0 0.252504382 -0.05256684631909477 -0.058407607021216404
10.72 0.038846828 0.262216089 -0.029203803510608202 -0.12849673544667609
10.74 -0.009711707 0.08740536300000001 -0.04088532491485148 -0.06424836772333804
10.76 0.019423414 0.077693656 -0.046726085616973126 -0.09929293193606789
10.78 0.0 0.009711707 -0.058407607021216404 -0.058407607021216404
10.8 0.067981949 0.067981949 -0.06424836772333804 -0.046726085616973126
10.82 0.0 0.009711707 -0.046726085616973126 -0.12265597474455446
10.84 0.067981949 0.08740536300000001 -0.08761141053182461 -0.10513369263818954
10.86 -0.019423414 0.019423414 -0.058407607021216404 -0.16354129965940592
10.88 0.09711707 0.106828777 -0.11097445334031117 -0.08761141053182461
10.9 0.0 0.058270242 -0.058407607021216404 -0.10513369263818954
10.92 0.067981949 0.116540484 -0.10513369263818954 -0.046726085616973126
10.94 0.009711707 0.09711707 -0.0700891284254597 -0.0700891284254597
10.96 0.067981949 0.155387312 -0.0700891284254597 -0.06424836772333804
10.98 0.08740536300000001 0.116540484 -0.1401782568509194 -0.07592988912758133
11.0 0.067981949 0.135963898 -0.05256684631909477 -0.09345217123394625
11.02 0.22336926099999999 0.048558535 -0.11097445334031117 -0.09929293193606789
11.04 0.155387312 0.077693656 0.011681521404243281 -0.13433749614879772
11.06 0.233080968 0.08740536300000001 -0.08177064982970296 -0.08761141053182461
11.08 0.009711707 0.106828777 0.011681521404243281 -0.11097445334031117
11.1 0.135963898 0.106828777 -0.0700891284254597 -0.07592988912758133
11.12 -0.009711707 0.09711707 0.0 -0.09345217123394625
11.14 0.058270242 0.077693656 -0.08177064982970296 -0.10513369263818954
11.16 -0.067981949 0.048558535 -0.011681521404243281 -0.11681521404243281
11.18 0.009711707 0.038846828 -0.11097445334031117 -0.11097445334031117
11.2 -0.067981949 0.029135121 -0.0700891284254597 -0.10513369263818954
11.22 0.019423414 -0.0 -0.11681521404243281 -0.11097445334031117
11.24 -0.067981949 -0.0 -0.06424836772333804 -0.11681521404243281
11.26 0.009711707 -0.0 -0.10513369263818954 -0.11097445334031117
11.28 -0.019423414 -0.0 -0.08761141053182461 -0.10513369263818954
11.3 0.019423414 0.009711707 -0.04088532491485148 -0.11097445334031117
11.32 0.0 0.048558535 -0.0700891284254597 -0.11097445334031117
11.34 0.009711707 0.077693656 -0.03504456421272985 -0.11097445334031117
11.36 0.029135121 0.09711707 -0.11097445334031117 -0.09345217123394625
11.38 0.077693656 0.058270242 -0.03504456421272985 -0.10513369263818954
11.4 0.165099019 0.067981949 -0.15185977825516267 -0.09929293193606789
11.42 0.145675605 0.038846828 -0.058407607021216404 -0.08177064982970296
11.44 0.213657554 0.058270242 -0.16938206036152761 -0.07592988912758133
11.46 0.145675605 0.029135121 -0.06424836772333804 -0.06424836772333804
11.48 0.262216089 0.038846828 -0.17522282106364923 -0.058407607021216404
11.5 0.09711707 -0.0 -0.09345217123394625 -0.046726085616973126
11.52 0.106828777 -0.0 -0.16938206036152761 -0.046726085616973126
11.54 0.029135121 -0.019423414 -0.10513369263818954 -0.005840760702121641
11.56 0.038846828 -0.0 -0.12849673544667609 -0.0
11.58 0.038846828 -0.029135121 -0.09929293193606789 -0.029203803510608202
11.6 0.116540484 0.019423414 -0.08761141053182461 -0.029203803510608202
11.62 0.038846828 -0.038846828 -0.12849673544667609 -0.023363042808486563
11.64 0.135963898 0.019423414 -0.058407607021216404 -0.04088532491485148
11.66 0.048558535 -0.058270242 -0.10513369263818954 -0.017522282106364924
11.68 0.17481072600000003 0.029135121 -0.03504456421272985 -0.08177064982970296
11.7 0.077693656 -0.019423414 -0.06424836772333804 -0.046726085616973126
11.72 0.155387312 0.029135121 -0.04088532491485148 -0.0700891284254597
11.74 0.116540484 -0.0 -0.04088532491485148 -0.046726085616973126
11.76 0.165099019 0.038846828 -0.06424836772333804 -0.046726085616973126
11.78 0.106828777 0.09711707 -0.029203803510608202 -0.146019017553041
11.8 0.155387312 0.058270242 -0.07592988912758133 -0.07592988912758133
11.82 0.145675605 0.22336926099999999 -0.046726085616973126 -0.11681521404243281
11.84 0.155387312 0.203945847 -0.0700891284254597 -0.005840760702121641
11.86 0.116540484 0.330198038 -0.03504456421272985 -0.09929293193606789
11.88 0.106828777 0.203945847 -0.08177064982970296 -0.0
11.9 0.077693656 0.30106291700000004 -0.05256684631909477 -0.11681521404243281
11.92 0.08740536300000001 0.116540484 -0.08761141053182461 -0.0
11.94 0.09711707 0.242792675 -0.058407607021216404 -0.09929293193606789
11.96 0.067981949 0.067981949 -0.08177064982970296 -0.011681521404243281
11.98 0.067981949 0.184522433 -0.0700891284254597 -0.11097445334031117
12.0 0.048558535 0.048558535 -0.07592988912758133 -0.0700891284254597
12.02 0.029135121 0.165099019 -0.09929293193606789 -0.13433749614879772
12.04 0.038846828 0.029135121 -0.09929293193606789 -0.12265597474455446
12.06 0.038846828 0.155387312 -0.09929293193606789 -0.15185977825516267
12.08 0.038846828 0.077693656 -0.09929293193606789 -0.16354129965940592
12.1 0.048558535 0.19423414 -0.0700891284254597 -0.011681521404243281
12.12 0.058270242 0.135963898 -0.0700891284254597 -0.03504456421272985
12.14 0.067981949 0.213657554 -0.0700891284254597 -0.0
12.16 0.067981949 0.19423414 -0.0700891284254597 -0.09929293193606789
12.18 0.058270242 0.271927796 -0.07592988912758133 -0.005840760702121641
12.2 0.067981949 0.281639503 -0.06424836772333804 -0.146019017553041
12.22 0.067981949 0.252504382 -0.058407607021216404 -0.029203803510608202
12.24 0.08740536300000001 0.339909745 -0.04088532491485148 -0.12849673544667609
12.26 0.029135121 0.330198038 -0.04088532491485148 -0.029203803510608202
12.28 0.058270242 0.466161936 -0.03504456421272985 -0.146019017553041
12.3 0.0 0.22336926099999999 -0.046726085616973126 -0.04088532491485148
12.32 0.019423414 0.233080968 -0.029203803510608202 -0.12265597474455446
12.34 -0.009711707 0.077693656 -0.046726085616973126 -0.05256684631909477
12.36 0.029135121 0.106828777 -0.03504456421272985 -0.09345217123394625
12.38 0.0 0.038846828 -0.046726085616973126 -0.058407607021216404
12.4 0.077693656 0.08740536300000001 -0.07592988912758133 -0.046726085616973126
12.42 0.0 0.029135121 -0.04088532491485148 -0.13433749614879772
12.44 0.08740536300000001 0.08740536300000001 -0.10513369263818954 -0.09929293193606789
12.46 -0.019423414 0.038846828 -0.05256684631909477 -0.146019017553041
12.48 0.09711707 0.116540484 -0.11681521404243281 -0.06424836772333804
12.5 0.0 0.067981949 -0.058407607021216404 -0.09345217123394625
12.52 0.067981949 0.126252191 -0.12849673544667609 -0.04088532491485148
12.54 0.009711707 0.09711707 -0.08177064982970296 -0.058407607021216404
12.56 0.048558535 0.155387312 -0.05256684631909477 -0.046726085616973126
12.58 0.077693656 0.126252191 -0.12849673544667609 -0.0700891284254597
12.6 0.067981949 0.145675605 -0.046726085616973126 -0.08177064982970296
12.62 0.155387312 0.09711707 -0.08761141053182461 -0.07592988912758133
12.64 0.145675605 0.077693656 0.0 -0.12849673544667609
12.66 0.242792675 0.067981949 -0.08177064982970296 -0.08177064982970296
12.68 0.038846828 0.116540484 0.04088532491485148 -0.10513369263818954
12.7 0.145675605 0.106828777 -0.08177064982970296 -0.05256684631909477
12.72 -0.019423414 0.116540484 0.011681521404243281 -0.09345217123394625
12.74 0.048558535 0.09711707 -0.10513369263818954 -0.08177064982970296
12.76 -0.09711707 0.067981949 -0.005840760702121641 -0.11097445334031117
12.78 0.0 0.029135121 -0.09345217123394625 -0.10513369263818954
12.8 -0.116540484 0.009711707 -0.029203803510608202 -0.11097445334031117
12.82 0.0 -0.0 -0.11097445334031117 -0.09929293193606789
12.84 -0.106828777 -0.0 -0.06424836772333804 -0.09929293193606789
12.86 0.0 -0.0 -0.11681521404243281 -0.09929293193606789
12.88 -0.067981949 -0.0 -0.10513369263818954 -0.09929293193606789
12.9 0.009711707 -0.0 -0.03504456421272985 -0.09929293193606789
12.92 0.0 0.038846828 -0.06424836772333804 -0.09929293193606789
12.94 0.009711707 0.058270242 -0.023363042808486563 -0.09929293193606789
12.96 0.0 0.08740536300000001 -0.11097445334031117 -0.09345217123394625
12.98 0.077693656 0.077693656 -0.04088532491485148 -0.09345217123394625
13.0 0.116540484 0.08740536300000001 -0.1401782568509194 -0.08761141053182461
13.02 0.145675605 0.048558535 -0.05256684631909477 -0.06424836772333804
13.04 0.203945847 0.058270242 -0.16938206036152761 -0.0700891284254597
13.06 0.155387312 0.019423414 -0.06424836772333804 -0.046726085616973126
13.08 0.22336926099999999 0.038846828 -0.16938206036152761 -0.04088532491485148
13.1 0.126252191 -0.0 -0.08177064982970296 -0.023363042808486563
13.12 0.165099019 0.009711707 -0.16938206036152761 -0.023363042808486563
13.14 0.029135121 -0.029135121 -0.11097445334031117 -0.005840760702121641
13.16 0.067981949 -0.0 -0.13433749614879772 -0.0
13.18 0.019423414 -0.048558535 -0.09345217123394625 -0.03504456421272985
13.2 0.09711707 0.009711707 -0.08177064982970296 -0.023363042808486563
13.22 0.029135121 -0.058270242 -0.12265597474455446 -0.023363042808486563
13.24 0.126252191 -0.0 -0.06424836772333804 -0.04088532491485148
13.26 0.048558535 -0.067981949 -0.11681521404243281 -0.029203803510608202
13.28 0.165099019 0.038846828 -0.03504456421272985 -0.08761141053182461
13.3 0.077693656 -0.009711707 -0.08761141053182461 -0.046726085616973126
13.32 0.155387312 0.038846828 -0.03504456421272985 -0.06424836772333804
13.34 0.126252191 -0.0 -0.029203803510608202 -0.046726085616973126
13.36 0.165099019 0.048558535 -0.05256684631909477 -0.04088532491485148
13.38 0.116540484 0.09711707 -0.03504456421272985 -0.13433749614879772
13.4 0.155387312 0.058270242 -0.07592988912758133 -0.0700891284254597
13.42 0.145675605 0.22336926099999999 -0.04088532491485148 -0.10513369263818954
13.44 0.145675605 0.213657554 -0.07592988912758133 -0.005840760702121641
13.46 0.106828777 0.320486331 -0.04088532491485148 -0.09345217123394625
13.48 0.09711707 0.184522433 -0.08177064982970296 -0.0
13.5 0.077693656 0.29135121 -0.05256684631909477 -0.11097445334031117
13.52 0.077693656 0.106828777 -0.08761141053182461 -0.0
13.54 0.077693656 0.22336926099999999 -0.058407607021216404 -0.09929293193606789
13.56 0.058270242 0.048558535 -0.08761141053182461 -0.011681521404243281
13.58 0.058270242 0.17481072600000003 -0.07592988912758133 -0.11097445334031117
13.6 0.038846828 0.048558535 -0.08177064982970296 -0.06424836772333804
13.62 0.038846828 0.165099019 -0.08761141053182461 -0.13433749614879772
13.64 0.038846828 0.038846828 -0.09929293193606789 -0.12265597474455446
13.66 0.038846828 0.165099019 -0.09929293193606789 -0.146019017553041
13.68 0.048558535 0.077693656 -0.09929293193606789 -0.16354129965940592
13.7 0.048558535 0.203945847 -0.07592988912758133 -0.017522282106364924
13.72 0.067981949 0.135963898 -0.07592988912758133 -0.03504456421272985
13.74 0.067981949 0.203945847 -0.0700891284254597 -0.0
13.76 0.067981949 0.184522433 -0.0700891284254597 -0.09929293193606789
13.78 0.058270242 0.262216089 -0.08177064982970296 -0.0
13.8 0.077693656 0.262216089 -0.06424836772333804 -0.1401782568509194
13.82 0.067981949 0.262216089 -0.058407607021216404 -0.023363042808486563
13.84 0.09711707 0.330198038 -0.04088532491485148 -0.11681521404243281
13.86 0.019423414 0.330198038 -0.04088532491485148 -0.017522282106364924
13.88 0.058270242 0.44673852199999997 -0.029203803510608202 -0.15185977825516267
13.9 0.0 0.22336926099999999 -0.046726085616973126 -0.046726085616973126
13.92 0.029135121 0.22336926099999999 -0.03504456421272985 -0.12265597474455446
13.94 -0.009711707 0.077693656 -0.05256684631909477 -0.058407607021216404
13.96 0.029135121 0.08740536300000001 -0.04088532491485148 -0.09345217123394625
13.98 0.0 0.019423414 -0.046726085616973126 -0.05256684631909477
14.0 0.077693656 0.077693656 -0.0700891284254597 -0.046726085616973126
14.02 0.0 0.019423414 -0.03504456421272985 -0.1401782568509194
14.04 0.077693656 0.08740536300000001 -0.09929293193606789 -0.09929293193606789
14.06 -0.009711707 0.029135121 -0.046726085616973126 -0.146019017553041
14.08 0.09711707 0.106828777 -0.10513369263818954 -0.06424836772333804
14.1 0.0 0.058270242 -0.058407607021216404 -0.09345217123394625
14.12 0.077693656 0.126252191 -0.12265597474455446 -0.04088532491485148
14.14 0.009711707 0.09711707 -0.08177064982970296 -0.06424836772333804
14.16 0.048558535 0.155387312 -0.05256684631909477 -0.05256684631909477
14.18 0.09711707 0.116540484 -0.12849673544667609 -0.07592988912758133
14.2 0.067981949 0.135963898 -0.04088532491485148 -0.08177064982970296
14.22 0.165099019 0.077693656 -0.11681521404243281 -0.07592988912758133
14.24 0.145675605 0.067981949 0.0 -0.13433749614879772
14.26 0.252504382 0.058270242 -0.06424836772333804 -0.08761141053182461
14.28 0.058270242 0.106828777 0.05256684631909477 -0.11097445334031117
14.3 0.155387312 0.106828777 -0.07592988912758133 -0.058407607021216404
14.32 -0.019423414 0.116540484 0.0 -0.09929293193606789
14.34 0.067981949 0.09711707 -0.12265597474455446 -0.09345217123394625
14.36 -0.077693656 0.067981949 0.0 -0.10513369263818954
14.38 0.0 0.029135121 -0.07592988912758133 -0.11097445334031117
14.4 -0.116540484 0.009711707 -0.029203803510608202 -0.11097445334031117
14.42 0.0 -0.0 -0.10513369263818954 -0.09929293193606789
14.44 -0.08740536300000001 -0.0 -0.0700891284254597 -0.09929293193606789
14.46 0.0 -0.0 -0.11681521404243281 -0.09929293193606789
14.48 -0.048558535 -0.0 -0.11681521404243281 -0.09345217123394625
14.5 0.019423414 -0.0 -0.03504456421272985 -0.09345217123394625
14.52 0.0 0.038846828 -0.058407607021216404 -0.10513369263818954
14.54 0.019423414 0.058270242 -0.029203803510608202 -0.09929293193606789
14.56 0.0 0.08740536300000001 -0.11681521404243281 -0.08761141053182461
14.58 0.067981949 0.067981949 -0.029203803510608202 -0.09345217123394625
14.6 0.116540484 0.08740536300000001 -0.146019017553041 -0.08177064982970296
14.62 0.155387312 0.038846828 -0.05256684631909477 -0.06424836772333804
14.64 0.213657554 0.058270242 -0.16938206036152761 -0.06424836772333804
14.66 0.165099019 0.009711707 -0.046726085616973126 -0.04088532491485148
14.68 0.242792675 0.038846828 -0.16938206036152761 -0.03504456421272985
14.7 0.135963898 -0.0 -0.08761141053182461 -0.029203803510608202
14.72 0.17481072600000003 0.009711707 -0.16938206036152761 -0.023363042808486563
14.74 0.038846828 -0.029135121 -0.10513369263818954 -0.017522282106364924
14.76 0.067981949 -0.0 -0.13433749614879772 -0.0
14.78 0.019423414 -0.048558535 -0.09345217123394625 -0.029203803510608202
14.8 0.116540484 -0.0 -0.08177064982970296 -0.023363042808486563
14.82 0.029135121 -0.058270242 -0.12849673544667609 -0.023363042808486563
14.84 0.135963898 -0.0 -0.058407607021216404 -0.04088532491485148
14.86 0.058270242 -0.067981949 -0.11097445334031117 -0.023363042808486563
14.88 0.165099019 0.038846828 -0.03504456421272985 -0.08177064982970296
14.9 0.077693656 -0.009711707 -0.0700891284254597 -0.04088532491485148
14.92 0.165099019 0.038846828 -0.03504456421272985 -0.06424836772333804
14.94 0.126252191 -0.0 -0.029203803510608202 -0.04088532491485148
14.96 0.165099019 0.038846828 -0.058407607021216404 -0.046726085616973126
14.98 0.116540484 0.09711707 -0.023363042808486563 -0.146019017553041
15.0 0.155387312 0.048558535 -0.07592988912758133 -0.0700891284254597
15.02 0.135963898 0.22336926099999999 -0.04088532491485148 -0.11681521404243281
15.04 0.145675605 0.22336926099999999 -0.06424836772333804 -0.005840760702121641
15.06 0.116540484 0.310774624 -0.04088532491485148 -0.10513369263818954
15.08 0.09711707 0.17481072600000003 -0.08177064982970296 -0.0
15.1 0.077693656 0.29135121 -0.05256684631909477 -0.12849673544667609
15.12 0.08740536300000001 0.106828777 -0.09345217123394625 -0.0
15.14 0.08740536300000001 0.233080968 -0.058407607021216404 -0.11097445334031117
15.16 0.058270242 0.067981949 -0.08177064982970296 -0.011681521404243281
15.18 0.058270242 0.17481072600000003 -0.0700891284254597 -0.11681521404243281
15.2 0.048558535 0.048558535 -0.08177064982970296 -0.07592988912758133
15.22 0.038846828 0.165099019 -0.09345217123394625 -0.1401782568509194
15.24 0.038846828 0.038846828 -0.10513369263818954 -0.12849673544667609
15.26 0.048558535 0.17481072600000003 -0.09345217123394625 -0.15185977825516267
15.28 0.048558535 0.08740536300000001 -0.09929293193606789 -0.16354129965940592
15.3 0.058270242 0.203945847 -0.07592988912758133 -0.017522282106364924
15.32 0.058270242 0.135963898 -0.07592988912758133 -0.029203803510608202
15.34 0.058270242 0.203945847 -0.0700891284254597 -0.0
15.36 0.067981949 0.184522433 -0.0700891284254597 -0.09929293193606789
15.38 0.058270242 0.271927796 -0.08177064982970296 -0.005840760702121641
15.4 0.077693656 0.271927796 -0.06424836772333804 -0.1401782568509194
15.42 0.048558535 0.252504382 -0.058407607021216404 -0.023363042808486563
15.44 0.08740536300000001 0.330198038 -0.04088532491485148 -0.12265597474455446
15.46 0.029135121 0.330198038 -0.046726085616973126 -0.03504456421272985
15.48 0.058270242 0.45645022900000004 -0.03504456421272985 -0.15185977825516267
15.5 0.0 0.22336926099999999 -0.04088532491485148 -0.05256684631909477
15.52 0.019423414 0.233080968 -0.029203803510608202 -0.12265597474455446
15.54 -0.009711707 0.067981949 -0.05256684631909477 -0.05256684631909477
15.56 0.038846828 0.08740536300000001 -0.03504456421272985 -0.09345217123394625
15.58 -0.009711707 0.029135121 -0.046726085616973126 -0.058407607021216404
15.6 0.077693656 0.08740536300000001 -0.07592988912758133 -0.046726085616973126
15.62 0.0 0.019423414 -0.04088532491485148 -0.13433749614879772
15.64 0.08740536300000001 0.09711707 -0.09929293193606789 -0.09929293193606789
15.66 -0.019423414 0.038846828 -0.05256684631909477 -0.146019017553041
15.68 0.08740536300000001 0.116540484 -0.11681521404243281 -0.0700891284254597
15.7 0.0 0.058270242 -0.058407607021216404 -0.10513369263818954
15.72 0.067981949 0.126252191 -0.12265597474455446 -0.04088532491485148
15.74 0.0 0.106828777 -0.08177064982970296 -0.06424836772333804
15.76 0.038846828 0.155387312 -0.05256684631909477 -0.05256684631909477
15.78 0.08740536300000001 0.126252191 -0.12849673544667609 -0.07592988912758133
15.8 0.067981949 0.145675605 -0.058407607021216404 -0.08177064982970296
15.82 0.145675605 0.09711707 -0.11097445334031117 -0.08177064982970296
15.84 0.135963898 0.077693656 0.0 -0.12849673544667609
15.86 0.262216089 0.067981949 -0.07592988912758133 -0.09345217123394625
15.88 0.067981949 0.106828777 0.05256684631909477 -0.11097445334031117
15.9 0.145675605 0.09711707 -0.0700891284254597 -0.06424836772333804
15.92 -0.019423414 0.116540484 0.017522282106364924 -0.09929293193606789
15.94 0.048558535 0.106828777 -0.09929293193606789 -0.09345217123394625
15.96 -0.077693656 0.067981949 0.0 -0.11681521404243281
15.98 0.009711707 0.038846828 -0.08761141053182461 -0.11097445334031117
16.0 -0.116540484 0.009711707 -0.029203803510608202 -0.11681521404243281
16.02 0.009711707 -0.0 -0.11097445334031117 -0.08761141053182461
16.04 -0.077693656 -0.0 -0.06424836772333804 -0.09929293193606789
16.06 0.0 -0.0 -0.12265597474455446 -0.09929293193606789
16.08 -0.067981949 -0.0 -0.11097445334031117 -0.09929293193606789
16.1 0.0 -0.0 -0.04088532491485148 -0.09929293193606789
16.12 -0.009711707 0.038846828 -0.058407607021216404 -0.09929293193606789
16.14 0.019423414 0.058270242 -0.03504456421272985 -0.09929293193606789
16.16 0.0 0.09711707 -0.11681521404243281 -0.09345217123394625
16.18 0.058270242 0.067981949 -0.04088532491485148 -0.09929293193606789
16.2 0.106828777 0.08740536300000001 -0.146019017553041 -0.08177064982970296
16.22 0.145675605 0.048558535 -0.05256684631909477 -0.06424836772333804
16.24 0.213657554 0.058270242 -0.16938206036152761 -0.06424836772333804
16.26 0.165099019 0.019423414 -0.046726085616973126 -0.046726085616973126
16.28 0.242792675 0.038846828 -0.16354129965940592 -0.04088532491485148
16.3 0.145675605 -0.0 -0.09929293193606789 -0.029203803510608202
16.32 0.184522433 0.009711707 -0.16354129965940592 -0.029203803510608202
16.34 0.038846828 -0.029135121 -0.11097445334031117 -0.011681521404243281
16.36 0.067981949 -0.0 -0.1401782568509194 -0.0
16.38 0.009711707 -0.038846828 -0.09345217123394625 -0.03504456421272985
16.4 0.106828777 -0.0 -0.08761141053182461 -0.029203803510608202
16.42 0.029135121 -0.058270242 -0.12265597474455446 -0.023363042808486563
16.44 0.126252191 -0.0 -0.06424836772333804 -0.03504456421272985
16.46 0.058270242 -0.058270242 -0.11097445334031117 -0.023363042808486563
16.48 0.165099019 0.029135121 -0.04088532491485148 -0.07592988912758133
16.5 0.08740536300000001 -0.0 -0.0700891284254597 -0.05256684631909477
16.52 0.155387312 0.038846828 -0.03504456421272985 -0.0700891284254597
16.54 0.126252191 -0.0 -0.04088532491485148 -0.058407607021216404
16.56 0.165099019 0.048558535 -0.06424836772333804 -0.06424836772333804
16.58 0.116540484 0.09711707 -0.03504456421272985 -0.146019017553041
16.6 0.155387312 0.058270242 -0.07592988912758133 -0.0700891284254597
16.62 0.145675605 0.213657554 -0.04088532491485148 -0.12265597474455446
16.64 0.155387312 0.19423414 -0.06424836772333804 -0.011681521404243281
16.66 0.116540484 0.310774624 -0.03504456421272985 -0.11097445334031117
16.68 0.09711707 0.17481072600000003 -0.08177064982970296 -0.0
16.7 0.067981949 0.29135121 -0.058407607021216404 -0.10513369263818954
16.72 0.067981949 0.116540484 -0.08761141053182461 -0.0
16.74 0.077693656 0.233080968 -0.0700891284254597 -0.09345217123394625
16.76 0.067981949 0.038846828 -0.08177064982970296 -0.017522282106364924
16.78 0.058270242 0.17481072600000003 -0.0700891284254597 -0.11681521404243281
16.8 0.048558535 0.038846828 -0.08761141053182461 -0.06424836772333804
16.82 0.038846828 0.17481072600000003 -0.08761141053182461 -0.13433749614879772
16.84 0.038846828 0.038846828 -0.09929293193606789 -0.12265597474455446
16.86 0.048558535 0.155387312 -0.09345217123394625 -0.1401782568509194
16.88 0.048558535 0.077693656 -0.09345217123394625 -0.15185977825516267
16.9 0.048558535 0.19423414 -0.09929293193606789 -0.029203803510608202
16.92 0.058270242 0.135963898 -0.09929293193606789 -0.023363042808486563
16.94 0.067981949 0.213657554 -0.0700891284254597 -0.0
16.96 0.067981949 0.19423414 -0.0700891284254597 -0.09345217123394625
16.98 0.058270242 0.233080968 -0.0700891284254597 -0.0
17.0 0.067981949 0.262216089 -0.06424836772333804 -0.13433749614879772
17.02 0.048558535 0.242792675 -0.08177064982970296 -0.029203803510608202
17.04 0.08740536300000001 0.281639503 -0.058407607021216404 -0.13433749614879772
17.06 0.009711707 0.252504382 -0.058407607021216404 -0.023363042808486563
17.08 0.067981949 0.34962145200000005 -0.046726085616973126 -0.13433749614879772
17.1 0.0 0.262216089 -0.046726085616973126 -0.06424836772333804
17.12 0.038846828 0.262216089 -0.03504456421272985 -0.12849673544667609
17.14 0.0 0.067981949 -0.03504456421272985 -0.058407607021216404
17.16 0.038846828 0.106828777 -0.03504456421272985 -0.09929293193606789
17.18 0.0 0.009711707 -0.046726085616973126 -0.058407607021216404
17.2 0.08740536300000001 0.077693656 -0.058407607021216404 -0.04088532491485148
17.22 0.0 0.019423414 -0.046726085616973126 -0.12265597474455446
17.24 0.067981949 0.08740536300000001 -0.08177064982970296 -0.11097445334031117
17.26 -0.009711707 0.038846828 -0.058407607021216404 -0.16354129965940592
17.28 0.077693656 0.116540484 -0.12265597474455446 -0.08761141053182461
17.3 0.0 0.067981949 -0.058407607021216404 -0.09929293193606789
17.32 0.067981949 0.126252191 -0.10513369263818954 -0.046726085616973126
17.34 0.009711707 0.08740536300000001 -0.0700891284254597 -0.0700891284254597
17.36 0.058270242 0.145675605 -0.0700891284254597 -0.058407607021216404
17.38 0.08740536300000001 0.116540484 -0.1401782568509194 -0.07592988912758133
17.4 0.058270242 0.135963898 -0.058407607021216404 -0.08761141053182461
17.42 0.213657554 0.048558535 -0.11097445334031117 -0.09929293193606789
17.44 0.155387312 0.067981949 0.005840760702121641 -0.13433749614879772
17.46 0.271927796 0.067981949 -0.058407607021216404 -0.08761141053182461
17.48 0.029135121 0.116540484 0.017522282106364924 -0.11097445334031117
17.5 0.155387312 0.106828777 -0.0700891284254597 -0.0700891284254597
17.52 -0.019423414 0.106828777 0.0 -0.09345217123394625
17.54 0.067981949 0.08740536300000001 -0.08761141053182461 -0.09929293193606789
17.56 -0.058270242 0.067981949 -0.005840760702121641 -0.11681521404243281
17.58 0.0 0.048558535 -0.10513369263818954 -0.11681521404243281
17.6 -0.048558535 0.019423414 -0.08761141053182461 -0.08177064982970296
17.62 0.058270242 -0.0 -0.11681521404243281 -0.10513369263818954
17.64 -0.038846828 -0.0 -0.05256684631909477 -0.10513369263818954
17.66 0.019423414 -0.0 -0.09345217123394625 -0.10513369263818954
17.68 -0.029135121 -0.0 -0.09929293193606789 -0.09345217123394625
17.7 0.019423414 0.009711707 -0.03504456421272985 -0.09345217123394625
17.72 0.0 0.058270242 -0.0700891284254597 -0.09345217123394625
17.74 0.0 0.077693656 -0.023363042808486563 -0.09345217123394625
17.76 0.019423414 0.106828777 -0.11097445334031117 -0.08761141053182461
17.78 0.08740536300000001 0.067981949 -0.023363042808486563 -0.09345217123394625
17.8 0.165099019 0.067981949 -0.1401782568509194 -0.09345217123394625
17.82 0.155387312 0.038846828 -0.046726085616973126 -0.0700891284254597
17.84 0.233080968 0.058270242 -0.16354129965940592 -0.06424836772333804
17.86 0.155387312 0.029135121 -0.058407607021216404 -0.046726085616973126
17.88 0.252504382 0.048558535 -0.16938206036152761 -0.046726085616973126
17.9 0.106828777 -0.0 -0.09345217123394625 -0.029203803510608202
17.92 0.116540484 -0.0 -0.16938206036152761 -0.029203803510608202
17.94 0.048558535 -0.019423414 -0.09929293193606789 -0.011681521404243281
17.96 0.038846828 -0.0 -0.12265597474455446 -0.0
17.98 0.029135121 -0.038846828 -0.08761141053182461 -0.029203803510608202
18.0 0.106828777 0.009711707 -0.08177064982970296 -0.023363042808486563
18.02 0.038846828 -0.038846828 -0.12849673544667609 -0.023363042808486563
18.04 0.135963898 0.009711707 -0.06424836772333804 -0.03504456421272985
18.06 0.048558535 -0.058270242 -0.11097445334031117 -0.023363042808486563
18.08 0.165099019 0.029135121 -0.03504456421272985 -0.08177064982970296
18.1 0.09711707 -0.029135121 -0.06424836772333804 -0.046726085616973126
18.12 0.155387312 0.029135121 -0.03504456421272985 -0.06424836772333804
18.14 0.116540484 -0.0 -0.03504456421272985 -0.04088532491485148
18.16 0.165099019 0.048558535 -0.06424836772333804 -0.046726085616973126
18.18 0.106828777 0.106828777 -0.03504456421272985 -0.146019017553041
18.2 0.155387312 0.058270242 -0.0700891284254597 -0.0700891284254597
18.22 0.135963898 0.233080968 -0.046726085616973126 -0.11097445334031117
18.24 0.155387312 0.213657554 -0.0700891284254597 -0.011681521404243281
18.26 0.106828777 0.330198038 -0.029203803510608202 -0.09929293193606789
18.28 0.09711707 0.184522433 -0.08177064982970296 -0.0
18.3 0.077693656 0.29135121 -0.058407607021216404 -0.10513369263818954
18.32 0.08740536300000001 0.116540484 -0.08761141053182461 -0.0
18.34 0.08740536300000001 0.242792675 -0.05256684631909477 -0.10513369263818954
18.36 0.067981949 0.058270242 -0.07592988912758133 -0.011681521404243281
18.38 0.058270242 0.184522433 -0.06424836772333804 -0.11681521404243281
18.4 0.048558535 0.048558535 -0.07592988912758133 -0.0700891284254597
18.42 0.029135121 0.145675605 -0.09345217123394625 -0.13433749614879772
18.44 0.038846828 0.048558535 -0.09929293193606789 -0.12265597474455446
18.46 0.048558535 0.155387312 -0.09345217123394625 -0.15185977825516267
18.48 0.048558535 0.077693656 -0.09929293193606789 -0.16354129965940592
18.5 0.058270242 0.19423414 -0.0700891284254597 -0.017522282106364924
18.52 0.067981949 0.135963898 -0.0700891284254597 -0.03504456421272985
18.54 0.067981949 0.19423414 -0.0700891284254597 -0.0
18.56 0.077693656 0.203945847 -0.06424836772333804 -0.09929293193606789
18.58 0.067981949 0.271927796 -0.06424836772333804 -0.011681521404243281
18.6 0.077693656 0.271927796 -0.06424836772333804 -0.1401782568509194
18.62 0.058270242 0.242792675 -0.05256684631909477 -0.029203803510608202
18.64 0.09711707 0.330198038 -0.046726085616973126 -0.12849673544667609
18.66 0.019423414 0.330198038 -0.04088532491485148 -0.023363042808486563
18.68 0.058270242 0.45645022900000004 -0.03504456421272985 -0.146019017553041
18.7 0.0 0.22336926099999999 -0.046726085616973126 -0.05256684631909477
18.72 0.019423414 0.233080968 -0.029203803510608202 -0.12265597474455446
18.74 0.0 0.067981949 -0.05256684631909477 -0.046726085616973126
18.76 0.019423414 0.08740536300000001 -0.04088532491485148 -0.09345217123394625
18.78 0.0 0.019423414 -0.046726085616973126 -0.058407607021216404
18.8 0.077693656 0.077693656 -0.08177064982970296 -0.04088532491485148
18.82 0.0 0.019423414 -0.046726085616973126 -0.13433749614879772
18.84 0.067981949 0.08740536300000001 -0.10513369263818954 -0.09929293193606789
18.86 -0.019423414 0.029135121 -0.058407607021216404 -0.15185977825516267
18.88 0.08740536300000001 0.106828777 -0.11681521404243281 -0.06424836772333804
18.9 0.0 0.048558535 -0.06424836772333804 -0.09345217123394625
18.92 0.067981949 0.126252191 -0.12265597474455446 -0.04088532491485148
18.94 0.009711707 0.08740536300000001 -0.08177064982970296 -0.058407607021216404
18.96 0.038846828 0.165099019 -0.05256684631909477 -0.046726085616973126
18.98 0.08740536300000001 0.116540484 -0.12849673544667609 -0.0700891284254597
19.0 0.067981949 0.135963898 -0.046726085616973126 -0.08177064982970296
19.02 0.155387312 0.077693656 -0.11097445334031117 -0.06424836772333804
19.04 0.135963898 0.077693656 0.0 -0.12265597474455446
19.06 0.252504382 0.058270242 -0.06424836772333804 -0.09929293193606789
19.08 0.058270242 0.09711707 0.05256684631909477 -0.11681521404243281
19.1 0.145675605 0.09711707 -0.08177064982970296 -0.058407607021216404
19.12 -0.029135121 0.116540484 0.011681521404243281 -0.09345217123394625
19.14 0.048558535 0.09711707 -0.10513369263818954 -0.09345217123394625
19.16 -0.08740536300000001 0.058270242 0.0 -0.11097445334031117
19.18 0.0 0.038846828 -0.09345217123394625 -0.11097445334031117
19.2 -0.116540484 0.009711707 -0.03504456421272985 -0.11097445334031117
19.22 0.009711707 -0.0 -0.11681521404243281 -0.09345217123394625
19.24 -0.08740536300000001 -0.0 -0.06424836772333804 -0.09929293193606789
19.26 0.0 -0.0 -0.12265597474455446 -0.09929293193606789
19.28 -0.067981949 -0.0 -0.11097445334031117 -0.09929293193606789
19.3 0.0 -0.0 -0.04088532491485148 -0.09929293193606789
19.32 0.0 0.029135121 -0.06424836772333804 -0.09929293193606789
19.34 0.009711707 0.048558535 -0.029203803510608202 -0.09929293193606789
19.36 0.0 0.08740536300000001 -0.11681521404243281 -0.09345217123394625
19.38 0.067981949 0.067981949 -0.04088532491485148 -0.09345217123394625
19.4 0.116540484 0.08740536300000001 -0.146019017553041 -0.07592988912758133
19.42 0.135963898 0.038846828 -0.05256684631909477 -0.058407607021216404
19.44 0.213657554 0.058270242 -0.17522282106364923 -0.06424836772333804
19.46 0.17481072600000003 0.019423414 -0.058407607021216404 -0.04088532491485148
19.48 0.242792675 0.038846828 -0.16354129965940592 -0.03504456421272985
19.5 0.155387312 -0.0 -0.08761141053182461 -0.029203803510608202
19.52 0.184522433 -0.0 -0.17522282106364923 -0.023363042808486563
19.54 0.038846828 -0.029135121 -0.11681521404243281 -0.011681521404243281
19.56 0.077693656 -0.0 -0.13433749614879772 -0.0
19.58 0.029135121 -0.029135121 -0.09929293193606789 -0.029203803510608202
19.6 0.106828777 -0.0 -0.08177064982970296 -0.029203803510608202
19.62 0.019423414 -0.077693656 -0.12265597474455446 -0.023363042808486563
19.64 0.135963898 -0.0 -0.06424836772333804 -0.04088532491485148
19.66 0.067981949 -0.067981949 -0.11097445334031117 -0.023363042808486563
19.68 0.155387312 0.038846828 -0.03504456421272985 -0.08761141053182461
19.7 0.08740536300000001 -0.009711707 -0.07592988912758133 -0.05256684631909477
19.72 0.155387312 0.038846828 -0.03504456421272985 -0.06424836772333804
19.74 0.116540484 -0.0 -0.04088532491485148 -0.04088532491485148
19.76 0.165099019 0.038846828 -0.046726085616973126 -0.04088532491485148
19.78 0.116540484 0.09711707 -0.029203803510608202 -0.1401782568509194
19.8 0.145675605 0.058270242 -0.07592988912758133 -0.06424836772333804
19.82 0.135963898 0.233080968 -0.046726085616973126 -0.09929293193606789
19.84 0.135963898 0.213657554 -0.06424836772333804 -0.005840760702121641
19.86 0.106828777 0.320486331 -0.04088532491485148 -0.09929293193606789
19.88 0.09711707 0.184522433 -0.08177064982970296 -0.0
19.9 0.077693656 0.281639503 -0.05256684631909477 -0.10513369263818954
19.92 0.077693656 0.106828777 -0.08761141053182461 -0.0
19.94 0.077693656 0.233080968 -0.05256684631909477 -0.09345217123394625
19.96 0.058270242 0.067981949 -0.08177064982970296 -0.005840760702121641
19.98 0.058270242 0.184522433 -0.06424836772333804 -0.11097445334031117
20.0 0.048558535 0.048558535 -0.08177064982970296 -0.06424836772333804
