0.0 0.0 0.0 0.0 0.0
0.02 0.0 0.0 0.0 0.0
0.04 0.2349322033898305 0.24028813559322038 -0.29861897273624327 -0.2953978378382498
0.06 0.12184362332967597 0.20279661016949158 0.0 -0.02297615272172923
0.08 0.6080054462602145 0.6895724368889982 -0.36357560869986716 -0.3832716888248423
0.1 0.04194854217047356 0.27409563828314065 0.3043626372617341 0.21702272427889696
0.12 0.3388107266154638 0.495360768091705 0.08009330834837441 0.015301339651491108
0.14 0.0 0.04239244406211867 0.7859934234810872 0.7448572112812013
0.16 0.1845465983977716 0.30299111066131595 0.4013035894069475 0.44998988361386355
0.18 -0.06159666341745257 0.0 0.9693311436648351 0.9507428757509033
0.2 0.06961600697071285 0.1505689938105283 0.5606162823566836 0.5183722579457546
0.22 -0.1384217256318146 -0.09557426800469587 1.0147963029737574 0.9507428757509033
0.24 0.0 0.07435793538513452 0.5373297965967005 0.4954550429227859
0.26 -0.21401878026824023 -0.17117132264112161 0.9689618729278204 0.9503736050138887
0.28 0.0 0.03686640996140583 0.5140433108367175 0.4950857721857715
0.3 -0.28961583490466586 -0.17117132264112161 0.9231274428818834 0.8816219599449833
0.32 0.0 0.03686640996140583 0.44529166576781215 0.42633412711686586
0.34 -0.28900183111569794 -0.13306579342842467 0.8092799092410699 0.7903223705901237
0.36 0.0 0.03748041375037375 0.42200518000782933 0.40304764135688315
0.38 -0.32649335653942685 -0.17055731885215347 0.8089106385040556 0.8125010441390634
0.4 0.0 0.0 0.4244877734317937 0.40267837061986883
0.42 -0.21279077269030416 -0.16994331506318555 0.7856241527440726 0.7441186698071725
0.44 0.0 0.03870842132831015 0.3786533433858567 0.37902261412287125
0.46 -0.21217676890133613 -0.09373225663779167 0.7397897226981356 0.7433801283331436
0.48 0.0 0.07681395054100698 0.3782840726488422 0.38150520754683565
0.5 -0.211562765112368 -0.055626727425094835 0.6939552926521986 0.6975456982872066
0.52 0.0 0.0774279543299749 0.3546283161518448 0.33567077750089863
0.54 -0.09786018126324542 -0.017521198212397893 0.6477515918692471 0.6513419975042549
0.56 0.0 0.11553348354267184 0.3313418303918621 0.33493223602686967
0.58 -0.09724617747427727 0.0 0.6019171618233103 0.6280555117442719
0.6 0.0 0.0786559619079113 0.330603288917833 0.28872853524391834
0.62 -0.05914064826158022 -0.016293190634461496 0.5786306760633273 0.5367559223894127
0.64 0.0 0.11676149112060813 0.2618516438489274 0.2654420494839353
0.66 -0.05852664447261208 0.0 0.486961815971453 0.46800427732050703
0.68 0.0 0.07988396948584747 0.23819588735192992 0.21923834870098374
0.7 -0.020421115259915246 0.0 0.41821017090254764 0.44434852082350956
0.72 0.00015899022396809182 0.08049797327481562 0.19199218656897848 0.1955825922039865
0.74 -0.057298636894676014 0.0 0.3720064701195962 0.3985140907775726
0.76 0.0007729940129361235 0.08172598085275179 0.168336430071981 0.1493788914210349
0.78 0.0 0.0 0.3258027693366447 0.3523103899946211
0.8 0.03949252701460115 0.08233998464171988 0.0995847850030756 0.12572313492403742
0.82 0.0 0.0 0.2799683392907078 0.2606415299027472
0.84 0.04010653080356935 0.12044551385441676 0.12139418781500066 0.07951943414108603
0.86 0.0 0.04607646679592714 0.25668185353072476 0.2144378291197957
0.88 0.04133453838150547 0.1591650468560818 0.12065564634097165 0.05586367764408873
0.9 0.0 0.04669047058489534 0.1875609377248048 0.16823412833684423
0.92 0.08005407138317044 0.15977905064504994 0.051165459798037216 0.07767308045601362
0.94 0.0050710205357129 0.08541000358656026 0.11844002191888481 0.12203042755389268
0.96 0.08066807517213864 0.1235155327992572 0.05005764758699377 0.0311001089360477
0.98 0.005685024324680987 0.08602400737552851 0.07186705039891891 0.0
1.0 0.043790553537377874 0.1241295365882254 0.003484676067027931 0.0
1.02 0.006913031902617134 0.1247435403771934 0.0 0.0
1.04 0.007527035691585221 0.12535754416616152 0.0 0.0
1.06 0.045632564904282136 0.12597154795512963 0.0 0.0
1.08 0.04624656869325028 0.16407707716782655 0.0 -0.02408396493277265
1.1 0.0843520979059472 0.16407707716782655 -0.05059158559074904 -0.09246633926466363
1.12 0.0843520979059472 0.2021826063805235 -0.05096085632776354 -0.09283561000167814
1.14 0.15994915254237288 0.16469108095679466 -0.05096085632776354 -0.09283561000167814
1.16 0.12245762711864411 0.20279661016949158 -0.05096085632776354 -0.09283561000167814
1.18 0.12245762711864411 0.20279661016949158 -0.05096085632776354 -0.09283561000167814
1.2 0.12245762711864411 0.20279661016949158 -0.07350880061371753 -0.09283561000167814
1.22 0.15994915254237288 0.20279661016949158 -0.05096085632776354 -0.09283561000167814
1.24 0.12245762711864411 0.16530508474576272 -0.05096085632776354 -0.09283561000167814
1.26 0.12245762711864411 0.16530508474576272 -0.05096085632776354 -0.09283561000167814
1.28 0.15994915254237288 0.16530508474576272 -0.09605674489967156 -0.09283561000167814
1.3 0.15994915254237288 0.16530508474576272 -0.07350880061371753 -0.09283561000167814
1.32 0.347406779661017 0.16530508474576272 -0.20879646632944165 -0.09283561000167814
1.34 0.2718097250245913 0.16530508474576272 -0.09531820342564265 -0.09283561000167814
1.36 0.533636399201725 0.20279661016949158 -0.1840328976214008 -0.11538355428763214
1.38 0.23124818065602193 0.16530508474576272 0.0 -0.11538355428763214
1.4 0.5293383726789485 0.16530508474576272 -0.06760046882148596 -0.09283561000167814
1.42 0.18945862870951657 0.16530508474576272 0.14283431988991135 -0.09283561000167814
1.44 0.5303962783595615 0.12781355932203392 0.0 -0.09283561000167814
1.46 0.07268602591555323 0.12781355932203392 0.3032548250506907 -0.09283561000167814
1.48 0.45111520098932717 0.12781355932203392 0.10106186795113342 -0.09283561000167814
1.5 0.0 0.16530508474576272 0.3949236851425647 -0.09283561000167814
1.52 0.29807908034957115 0.09032203389830507 0.191622915831964 -0.09283561000167814
1.54 -0.029017168305468688 0.12781355932203392 0.3945544144055502 -0.09283561000167814
1.56 0.1837624927114802 0.09032203389830507 0.2581589364787826 -0.09283561000167814
1.58 -0.10522822673086235 0.09032203389830507 0.3021470128396473 -0.09283561000167814
1.6 0.070673912651326 0.052830508474576265 0.16501299343885079 -0.09283561000167814
1.62 -0.14210574836562312 0.052830508474576265 0.14098796620483886 -0.09283561000167814
1.64 0.0 0.015338983050847466 0.11659366823381245 -0.09283561000167814
1.66 -0.17836926621141586 0.015338983050847466 0.002376863855984429 -0.09283561000167814
1.68 -0.02717515693856426 0.0 0.11649136649867559 -0.09283561000167814
1.7 -0.13780772184284645 0.0 0.0 -0.09283561000167814
1.72 -0.023491134204755737 -0.009983050847457625 0.09061998557959128 -0.09283561000167814
1.74 -0.05914064826158022 0.0 -0.12018407386882035 -0.09283561000167814
1.76 0.0 -0.04747457627118644 0.0 -0.09283561000167814
1.78 0.0 0.0 -0.3504640363095488 -0.09283561000167814
1.8 0.0 -0.04624656869325028 -0.1493788914210349 -0.07028766571572412
1.82 0.04501856111531405 0.0 -0.5800054572762481 -0.07028766571572412
1.84 0.0 -0.12061561575173976 -0.28762072303287484 -0.07028766571572412
1.86 0.0 0.0 -0.6724128588421512 -0.07028766571572412
1.88 -0.12658555174409775 -0.08189608275007479 -0.42438547169665686 -0.04773972142977011
1.9 0.0 0.0 -0.7633431774599961 -0.04773972142977011
1.92 -0.04791847816283157 -0.1175455968068993 -0.5596731374123811 -0.002643832857862058
1.94 0.12385573659390336 0.0 -0.7393181502259842 -0.002643832857862058
1.96 0.0 -0.26566968713491035 -0.5796361865392337 0.0
1.98 0.2387863280209621 -0.04010653080356935 -0.5774205621171469 0.0
2.0 0.014451179267557401 -0.4512853028866501 -0.5329609132841309 0.0
2.02 0.31561139023532403 0.0 -0.3496231931003829 -0.0008997809079265284
2.04 0.015679186845493465 -0.527326259414721 -0.41394358932511477 0.0
2.06 0.27873386860056326 0.0 -0.11786614771159667 -0.13877234178275205
2.08 0.0 -0.40932564904282137 -0.0927333082665413 -0.04968837684997929
2.1 0.27996187617849966 0.10645623430879864 0.027140432564025263 -0.25372768763460896
2.12 0.0 0.027345258835887065 0.005700300489114685 -0.276275631920563
2.14 0.3192954129691327 0.48321349991299095 0.14135723694185326 -0.32459265539046445
2.16 0.1318377858504886 0.5938460648172732 0.07297486260996228 -0.4580339674211162
2.18 0.4323839930292873 0.6282675712961616 0.09478426542188736 -0.2525175736884287
2.2 0.2818038875454038 1.04234626042676 0.026032620352981956 -0.498329336411836
2.22 0.4686475108750798 0.7000105013014557 0.002746134592998911 -0.02076052829964231
2.24 0.3555589308149253 1.1824883014981855 0.0 -0.22322045440107713
2.26 0.46680549950817557 0.6901864406779663 0.0 0.262857154324834
2.28 0.31561139023532403 1.2155116985018148 0.0 0.036741471726401576
2.3 0.3512609042921486 0.4547992237231356 0.0 0.5840674353834074
2.32 0.20006679501929714 0.9801244815469841 -0.005126426281826552 0.24299640693311803
2.34 0.19883878744136102 0.07480183727677953 -0.00549569701884102 0.6982842397612354
2.36 0.12324173280493522 0.6715962251116001 -0.00549569701884102 0.3818744782838502
2.38 0.16011925443969593 -0.10249841158066791 -0.028412912041809513 0.652080538978284
2.4 0.08452219980327025 0.3655239838320889 -0.028412912041809513 0.3567416388387948
2.42 0.0839081960143021 -0.3317455906458177 -0.028412912041809513 0.46800427732050703
2.44 0.008311141377876419 0.10001328692114647 -0.05096085632776354 0.33013171644568157
2.46 0.045188663012637104 -0.44544817449493984 -0.05096085632776354 0.2373550441427642
2.48 0.0 0.0 -0.05096085632776354 0.23477014898366277
2.5 0.045188663012637104 -0.4817116923407327 -0.05096085632776354 0.028884484513960834
2.52 0.0 -0.1055684305255084 -0.028412912041809513 0.18772560499154556
2.54 0.045188663012637104 -0.4411501479721635 -0.028412912041809513 0.0
2.56 0.0 -0.1756394510612213 -0.028412912041809513 0.16037714112440338
2.58 0.08329419222533402 -0.3659969952273831 -0.028412912041809513 -0.18682239625077585
2.6 0.0 -0.2129608745876272 -0.028412912041809513 0.0
2.62 0.08329419222533402 -0.2098908556427867 -0.028412912041809513 -0.5542363780923008
2.64 0.0 -0.09373225663779167 -0.005864967755855488 -0.24041151177401693
2.66 0.0839081960143021 -0.053170712269222264 -0.005864967755855488 -0.7386819104870923
2.68 0.0 -0.050100693324381884 0.0 -0.4233799612207502
2.7 0.04703067437954139 0.010426952739102657 -0.005864967755855488 -0.8758159298878887
2.72 -0.08479599979759228 0.0 0.0 -0.604871327719426
2.74 0.0 0.014110975472911236 0.0 -0.8979946034368282
2.76 -0.19604256849084245 -0.12245762711864411 0.0 -0.7157646954641237
2.78 0.013223171689621172 -0.009369047058489524 -0.006603509229884452 -0.7815621746369135
2.8 -0.3054471258171885 -0.2711957212356232 0.0 -0.6908988250209458
2.82 0.1299957744835843 -0.044404557326345934 -0.049586075114842476 -0.4842746190772151
2.84 -0.30589102770883353 -0.3050032239255434 0.0 -0.5031298559930242
2.86 0.172399330219058 0.0 -0.1645414209666995 -0.2063138729054772
2.88 -0.33908452660978566 -0.15073909570785143 -0.05254024101095833 -0.24882486631828393
2.9 0.1004862983164409 0.09601816989634099 -0.2794967668185564 0.0
2.92 0.0 0.0 -0.3249619261274789 0.0
2.94 0.40164650928420736 0.24844028674712876 -0.3503617345744119 0.1445783718398467
2.96 0.6253676542486442 0.02410513799372388 -0.4838030466050636 0.0765652682449702
2.98 0.848474795424113 0.36214287059625133 -0.2328214935634536 0.09837467105689529
3.0 1.2256759629199503 0.21217676890133613 -0.4557160412638925 0.0
3.02 0.920831729218375 0.399020392231012 0.0 0.0
3.04 1.36458999641344 0.24782628295816062 -0.1097421914972781 0.0
3.06 0.6454969716839434 0.3215813262276819 0.39603149735360804 -0.0011667499098041573
3.08 1.132102696506127 0.1328956915311018 0.10190271116029931 -0.02408396493277265
3.1 0.22555204465798612 0.24414226022435198 0.6263114597943364 -0.0015360206468186255
3.12 0.7830128957021736 0.16854520558792624 0.3303363199159553 -0.04700117995574116
3.14 -0.06729279941548877 0.24291425264641575 0.717611049149196 -0.024453235669787132
3.16 0.399501588419332 0.1673171980099901 0.40083201693479625 -0.06991839497870964
3.18 -0.41147056990769676 0.1660891904320539 0.6710380776292302 -0.07028766571572412
3.2 0.13214888014148535 0.014895081159202433 0.39824712177569505 -0.07028766571572412
3.22 -0.527015165123724 0.0 0.5095097602574072 -0.07028766571572412
3.24 0.0 -0.08251008653904285 0.3490892550966277 -0.07028766571572412
3.26 -0.6026122197601498 -0.045632564904282136 0.2788605270796643 -0.07028766571572412
3.28 -0.11460838546270707 -0.007527035691585221 0.276275631920563 -0.07028766571572412
3.3 -0.7144727922423679 0.013667073581266231 0.09293791173681498 -0.07028766571572412
3.32 -0.33771552663817545 0.014281077370234263 0.22886181719143123 -0.07028766571572412
3.34 -0.6780391724992525 0.1648611828541177 0.0 -0.07028766571572412
3.36 -0.37029502175015944 0.08987813200666006 0.06511787539752151 -0.07028766571572412
3.38 -0.5600385621273529 0.12675565364142075 -0.3275468212865803 -0.07028766571572412
3.4 -0.33140538685117144 0.0 -0.05955638501423327 -0.02519177714381607
3.42 -0.2902298386936341 0.05177260279396312 -0.5811132694872916 -0.02519177714381607
3.44 -0.24905429053609668 0.0 -0.31275356247793024 -0.02519177714381607
3.46 -0.057912640683644157 0.014281077370234263 -0.8564891204999281 -0.04773972142977011
3.48 -0.09233414716253247 -0.08066807517213864 -0.4960912826616783 0.0
3.5 0.0 0.0 -0.9707059248777559 -0.002643832857862058
3.52 -0.08742211685078766 -0.1919146438653888 -0.676844107686325 0.0
3.54 0.0 -0.0038430129577766148 -0.9695981126667128 0.0
3.56 -0.16469108095679466 -0.37814426340609664 -0.832464093265916 0.0
3.58 0.0 -0.038878523225633066 -0.8073312538208608 -0.0037516450689054903
3.6 -0.08602400737552851 -0.44944329151974577 -0.7162986334678789 0.0
3.62 0.08575020738120642 0.0 -0.4642092682152254 -0.069651425976832
3.64 -0.04484845921799108 -0.5248702442588484 -0.5277911229659282 0.0
3.66 0.1638032771735045 0.0 -0.16333130702051918 -0.16205882754273498
3.68 -0.004286914849421841 -0.40686963388694924 -0.13745992610143487 -0.027878974038054283
3.7 0.24185634696580272 0.17853936810873922 0.09626134836994521 -0.32284860344052896
3.72 0.0 0.029801273991759636 0.07482121629503469 -0.3232178741775435
3.74 0.35740094218182966 0.48566951506886363 0.23339536777074177 -0.39049243629839103
3.76 0.17055731885215347 0.6712851308206034 0.1875609377248048 -0.5271548832270361
3.78 0.4704895222419842 0.8187952173596462 0.1864531255137613 -0.3216384894943486
3.8 0.24492636591064315 1.1572768518538186 0.09478426542188736 -0.5437944957207586
3.82 0.4692615146640479 0.8143270889395464 0.04858056463893598 -0.04367774332261076
3.84 0.3936644600276221 1.2961908853473083 0.0 -0.22322045440107713
3.86 0.4674195032971437 0.6901864406779663 0.0 0.28614364008481696
3.88 0.35371691944802086 1.2898807455603045 0.0 0.03748001320043076
3.9 0.3518749080811167 0.45892714834858933 0.0 0.6073539211433905
3.92 0.20068079880826517 1.0163879993927767 -0.005126426281826552 0.2892001077160697
3.94 0.19945279123032905 0.07295982590987554 -0.028043641304795044 0.7448572112812013
3.96 0.08575020738120642 0.6691402099557282 -0.028043641304795044 0.4023090998828542
3.98 0.16011925443969593 -0.14244595216026917 -0.05096085632776354 0.6982842397612354
4.0 0.04703067437954139 0.3303183716669093 -0.028412912041809513 0.4484104989306687
4.02 0.15950525065072785 -0.3723071350143871 -0.05096085632776354 0.5367559223894127
4.04 0.00892514516684445 0.021960217128848603 -0.07350880061371753 0.3763354172286331
4.06 0.04580266680160522 -0.5616067734999348 -0.05096085632776354 0.3061066892116696
4.08 0.008311141377876419 0.0 -0.05096085632776354 0.2576873640066313
4.1 0.08329419222533402 -0.5222732367093026 -0.05096085632776354 0.0743496438228834
4.12 0.008311141377876419 -0.10802444568138053 -0.05096085632776354 0.2328214935634536
4.14 0.08329419222533402 -0.5185892139754935 -0.028412912041809513 0.0
4.16 0.0 -0.2536925208535194 -0.028412912041809513 0.15963859965037436
4.18 0.08329419222533402 -0.44343606123071305 -0.028412912041809513 -0.21010888201075884
4.2 0.0 -0.1773113605308025 -0.028412912041809513 0.0
4.22 0.0839081960143021 -0.24922439243341982 -0.028412912041809513 -0.5778921345892982
4.24 0.0 -0.17055731885215347 -0.005864967755855488 -0.2415193239850602
4.26 0.046416670590573306 -0.09250424905985549 -0.005864967755855488 -0.8078028262930121
4.28 -0.010426952739102657 -0.0888202263260468 -0.005864967755855488 -0.4477742591917769
4.3 0.04764467816850948 0.0 -0.005864967755855488 -0.9678540607167772
4.32 -0.08418199600862408 -0.008311141377876419 0.0 -0.6739922435253458
4.34 0.0 0.0 -0.00623423849286997 -0.9667462485057337
4.36 -0.2323060863366352 -0.08496610169491525 0.0 -0.7615991255100607
4.38 0.014451179267557401 -0.009983050847457625 -0.029520724252852945 -0.7815621746369135
4.4 -0.34171064366298115 -0.2330901920229263 0.0 -0.7134467693069
4.42 0.09373225663779167 -0.006913031902617134 -0.09542050516077946 -0.46135740405424647
4.44 -0.3790320671893869 -0.2675116985018145 0.0 -0.5474872030909033
4.46 0.1742413415859621 0.0 -0.18782790672668243 -0.18302738714549424
4.48 -0.374120036877642 -0.263827675768006 -0.0311001089360477 -0.20262116553533244
4.5 0.097586381268923 0.05852664447261208 -0.3031525233155538 0.008552164650093674
4.52 0.0 -0.03458049670285629 -0.32606973833852243 0.0
4.54 0.47969957907650546 0.24966829432506493 -0.4162615154823385 0.19115134335981282
4.56 0.6284376731934846 0.06282467099538885 -0.5078280738390757 0.14568618405089023
4.58 0.8515448143689532 0.4008624035979163 -0.324859624392342 0.1674955868628152
4.6 1.3031150289232802 0.21279077269030416 -0.501919742046844 0.07582672677094124
4.62 1.0357623206454338 0.3996343960199802 -0.0018029896486962405 0.029253755250975372
4.64 1.3670460115693124 0.21094876132339985 -0.2042629157501311 0.0
4.66 0.6848305084745765 0.059754652050548474 0.3280183937587316 -0.0007974791727896613
4.68 1.1714362332967596 0.17100122074379864 0.07935476687434534 -0.04663190921872665
4.7 0.25891564545626117 0.24475626401332012 0.6492286748173051 -0.02408396493277265
4.72 0.7842409032801096 0.16915920937689433 0.33107486138998427 -0.02408396493277265
4.74 -0.029187270202791937 0.28101978185911264 0.7408975349091791 -0.04700117995574116
4.76 0.43699311384306067 0.12982567258626126 0.4244877734317937 -0.047370450692755625
4.78 -0.37397904448396807 0.12859766500832503 0.7172417784121816 -0.047370450692755625
4.8 0.09404335092878874 0.09049213579562809 0.4448200932956609 -0.07028766571572412
4.82 -0.6032262235491177 0.014281077370234263 0.5560827317773731 -0.07028766571572412
4.84 0.0 -0.044404557326345934 0.3956622266165936 -0.07028766571572412
4.86 -0.6407177489728464 -0.007527035691585221 0.3479814428855842 -0.07028766571572412
4.88 -0.03962533461524925 -0.12061561575173976 0.2777527148686209 -0.07028766571572412
4.9 -0.6769812668186395 0.0 0.11696293897082694 -0.07028766571572412
4.92 -0.26334647957968554 0.0 0.20742168511652065 -0.07028766571572412
4.94 -0.673911247873799 0.12736965743038886 0.0 -0.07028766571572412
4.96 -0.3715230293280957 0.12798366121935695 0.11206011765450186 -0.07028766571572412
4.98 -0.5993720989179863 0.20296671206681455 -0.23513941972067726 -0.04773972142977011
5.0 -0.37073892364180433 0.052386606582931206 0.0 -0.02519177714381607
5.02 -0.44265195554442166 0.12675565364142075 -0.5119923536813715 -0.04773972142977011
5.04 -0.28900183111569794 0.0 -0.24326337593499575 -0.02519177714381607
5.06 -0.1728432321107029 0.05177260279396312 -0.7644509896710396 -0.02519177714381607
5.08 -0.13166768395316547 -0.005685024324680987 -0.4495183111417123 -0.002643832857862058
5.1 0.0 0.0 -0.9019542798088507 -0.02519177714381607
5.12 -0.08865012442872386 -0.192528647654357 -0.6306404069033735 0.0
5.14 0.0 -0.004457016746744813 -0.9463116269067298 0.0
5.16 -0.16530508474576272 -0.3793722709840329 -0.741533774648071 0.0
5.18 0.0 -0.04010653080356935 -0.7844140387978922 0.0
5.2 -0.1622350658009223 -0.41317977367395314 -0.6941199599189394 0.0
5.22 0.009539148955812593 0.0 -0.48749575397520856 -0.02381699593089502
5.24 -0.12105951764338485 -0.45111520098932717 -0.5059817201540033 0.0
5.26 0.08820622253707877 0.0 -0.18661779278050217 -0.11622439749679803
5.28 -0.043006447851086704 -0.33372859440639563 -0.16148495333544677 -0.04968837684997929
5.3 0.24124234317683435 0.14394775973252733 0.004223217541056812 -0.29919284694353143
5.32 0.0 0.027345258835887065 0.005331029752100258 -0.29919284694353143
5.34 0.35678693839286146 0.48321349991299095 0.1639051812278073 -0.34714059967641847
5.36 0.20743484048691435 0.6313375902410021 0.11844002191888481 -0.4580339674211162
5.38 0.46987551845301606 0.7413561513563163 0.11770148044485587 -0.2525175736884287
5.4 0.2818038875454038 1.1554348404869146 0.04894983537595041 -0.4979600656748216
5.42 0.4686475108750798 0.8130990813616104 0.025294078878952908 0.0
5.44 0.31745340160222835 1.2199798269219144 0.0 -0.15520735080620068
5.46 0.4286999702954785 0.6514669076763013 0.0 0.331239528656725
5.48 0.2400143355988984 1.2142836909238786 0.0 0.05965868674937008
5.5 0.31376937886841977 0.3779741615087738 0.0 0.5611502203604388
5.52 0.20006679501929714 0.9032994193326225 0.0 0.2655443512190721
5.54 0.19883878744136102 0.0 -0.028043641304795044 0.6757362954752815
5.56 0.12324173280493522 0.5947711628972381 -0.028412912041809513 0.3818744782838502
5.58 0.16011925443969593 -0.1037264191586042 -0.028412912041809513 0.652080538978284
5.6 0.04703067437954139 0.36429597625415305 -0.07350880061371753 0.4022067981477176
5.62 0.0839081960143021 -0.33297359822375333 -0.05096085632776354 0.490552221606461
5.64 0.008311141377876419 0.09878527934321063 -0.05096085632776354 0.3526796607316356
5.66 0.08329419222533402 -0.5222732367093026 -0.05096085632776354 0.25990298842871823
5.68 0.008311141377876419 0.0 -0.05096085632776354 0.23403160750963387
5.7 0.04580266680160522 -0.5204312253423975 -0.05096085632776354 0.07361110234885437
5.72 0.008311141377876419 -0.14367395973820546 -0.028412912041809513 0.25463089637537867
5.74 0.08329419222533402 -0.47925567718486034 -0.028412912041809513 0.0
5.76 0.008311141377876419 -0.21435898406288628 -0.028412912041809513 0.1138041696044374
5.78 0.08329419222533402 -0.366610999016351 -0.028412912041809513 -0.3014084713656184
5.8 0.0 -0.21357487837659533 -0.028412912041809513 -0.03378730583028583
5.82 0.04580266680160522 -0.172399330219058 -0.028412912041809513 -0.6237265646352352
5.84 0.0 -0.1318377858504886 -0.005864967755855488 -0.2869844832939827
5.86 0.046416670590573306 0.0 -0.005864967755855488 -0.8078028262930121
5.88 0.0 -0.050100693324381884 0.0 -0.4474049884547621
5.9 0.010153152744780625 0.010426952739102657 -0.005864967755855488 -0.9449368456938085
5.92 -0.08418199600862408 0.0 0.0 -0.6736229727883314
5.94 0.01138116032271691 0.01472497926187935 -0.00623423849286997 -0.9438290334827653
5.96 -0.2323060863366352 -0.12245762711864411 0.0 -0.7157646954641237
5.98 0.051942704691286146 -0.009369047058489524 -0.0037516450689054903 -0.7586449596139448
6.0 -0.2661135890265554 -0.2330901920229263 0.0 -0.735994713592854
6.02 0.09373225663779167 0.0 -0.07287256087482544 -0.48390534834020055
6.04 -0.3790320671893869 -0.2668976947128465 0.0 -0.5474872030909033
6.06 0.13613581237326527 0.0 -0.18782790672668243 -0.20557533143144824
6.08 -0.374120036877642 -0.22572214655530903 -0.053648053222001696 -0.20262116553533244
6.1 0.097586381268923 0.09663217368530891 -0.32570046760150784 0.008552164650093674
6.12 0.0 0.0 -0.32606973833852243 0.010029247598151603
6.14 0.40410252444007994 0.2871598197487936 -0.3933443004593699 0.19115134335981282
6.16 0.6659291986172136 0.06282467099538885 -0.5303760181250297 0.14568618405089023
6.18 0.8890363397926819 0.4008624035979163 -0.3244903536553276 0.19004353114876926
6.2 1.378098079770738 0.21279077269030416 -0.501919742046844 0.07582672677094124
6.22 0.997656791432737 0.3996343960199802 -0.0014337189116818139 0.029253755250975372
6.24 1.4414150586278018 0.21094876132339985 -0.20389364501311652 0.0
6.26 0.721708030109337 0.32219533001665007 0.373483553067654 -0.0007974791727896613
6.28 1.1702082257188238 0.17100122074379864 0.1248199261832677 -0.04663190921872665
6.3 0.2630435700817146 0.28286179322601707 0.6721458898402735 -0.02408396493277265
6.32 0.8205044211259023 0.20665073480062318 0.3085269171040303 -0.02408396493277265
6.34 -0.03041527778072778 0.28101978185911264 0.7412668056461935 -0.0015360206468186255
6.36 0.39827358084139547 0.12982567258626126 0.4699529327407162 -0.04700117995574116
6.38 -0.3752070520619046 0.20419471964475083 0.7401589934351502 -0.047370450692755625
6.4 0.09281534335085245 0.05300061037189932 0.4448200932956609 -0.07028766571572412
6.42 -0.6038402273380861 0.0 0.5331655167544045 -0.07028766571572412
6.44 0.0 -0.006913031902617134 0.39529295587957913 -0.07028766571572412
6.46 -0.6419457565507827 -0.007527035691585221 0.3479814428855842 -0.07028766571572412
6.48 -0.07834486761691423 -0.08251008653904285 0.3224793327035144 -0.07028766571572412
6.5 -0.715700799820304 0.0 0.13914161251976648 -0.07028766571572412
6.52 -0.30206601258135096 0.014281077370234263 0.27469624723736824 -0.07028766571572412
6.54 -0.7126307808754637 0.16547518664308575 0.0 -0.07028766571572412
6.56 -0.3721370331170641 0.12798366121935695 0.06548714613453593 -0.07028766571572412
6.58 -0.5993720989179863 0.20296671206681455 -0.2817123912406433 -0.04773972142977011
6.6 -0.4088444528545016 0.052386606582931206 -0.014091225705310795 -0.02519177714381607
6.62 -0.44265195554442166 0.12736965743038886 -0.6036612137732456 -0.02519177714381607
6.64 -0.28900183111569794 0.0 -0.2898363474549616 -0.02519177714381607
6.66 -0.13473770289800596 0.05177260279396312 -0.8335719054769597 -0.04773972142977011
6.68 -0.16915920937689433 -0.08066807517213864 -0.4960912826616783 0.0
6.7 0.0 0.0 -0.9481579805918019 -0.002643832857862058
6.72 -0.08803612063975574 -0.2300201730780857 -0.6997613227092934 0.0
6.74 0.0 -0.07944006759420241 -0.9699673834037272 0.0
6.76 -0.16530508474576272 -0.41563578882982544 -0.809916148979962 0.0
6.78 0.0 -0.038878523225633066 -0.8302484688438292 -0.0037516450689054903
6.8 -0.1616210620119541 -0.4922907491468645 -0.7166679042048933 0.0
6.82 0.04764467816850948 0.0 -0.46457853895223994 -0.024186266667909517
6.84 -0.045462463006959164 -0.5248702442588484 -0.5507083379888968 0.0
6.86 0.1638032771735045 0.029017168305468688 -0.16333130702051918 -0.16205882754273498
6.88 -0.07988396948584747 -0.40686963388694924 -0.13745992610143487 -0.05079618906102279
6.9 0.24185634696580272 0.17853936810873922 0.09626134836994521 -0.32284860344052896
6.92 0.0 0.0 0.09773843131800325 -0.3232178741775435
6.94 0.35740094218182966 0.48566951506886363 0.2559433120566958 -0.4134096513213596
6.96 0.13306579342842467 0.7093906600333002 0.1875609377248048 -0.5271548832270361
6.98 0.4704895222419842 0.7813036919359173 0.1864531255137613 -0.3441864337803026
7.0 0.24492636591064315 1.1953823810665156 0.09478426542188736 -0.5212465514348046
7.02 0.4692615146640479 0.8524326181522435 0.04858056463893598 -0.06659495834557932
7.04 0.3555589308149253 1.2961908853473083 0.002376863855984429 -0.22322045440107713
7.06 0.4674195032971437 0.6901864406779663 0.0 0.28614364008481696
7.08 0.31622539402429206 1.2523892201365756 0.0 0.03784928393744508
7.1 0.3518749080811167 0.45892714834858933 0.0 0.6073539211433905
7.12 0.16318927338453637 0.9782824701800799 -0.005126426281826552 0.3121173227390381
7.14 0.19945279123032905 0.03546830048614685 -0.028043641304795044 0.7448572112812013
7.16 0.16134726201763216 0.6316486845319991 -0.028043641304795044 0.42485704416880826
7.18 0.19822478365239288 -0.2180430067966947 -0.05096085632776354 0.6982842397612354
7.2 0.08513620359223828 0.3303183716669093 -0.05096085632776354 0.42586255464471473
7.22 0.15950525065072785 -0.409798660438116 -0.05096085632776354 0.5367559223894127
7.24 0.00892514516684445 0.0 -0.07350880061371753 0.3763354172286331
7.26 0.04580266680160522 -0.5616067734999348 -0.05096085632776354 0.3061066892116696
7.28 0.008311141377876419 0.0 -0.07350880061371753 0.2576873640066313
7.3 0.08329419222533402 -0.5597647621330311 -0.05096085632776354 0.0743496438228834
7.32 0.008311141377876419 -0.10802444568138053 -0.028412912041809513 0.2328214935634536
7.34 0.08329419222533402 -0.5566947431881903 -0.028412912041809513 0.0
7.36 0.0 -0.2536925208535194 -0.028412912041809513 0.15963859965037436
7.38 0.04580266680160522 -0.44343606123071305 -0.028412912041809513 -0.2330260970337274
7.4 0.0 -0.25290841516722823 -0.028412912041809513 0.0
7.42 0.0839081960143021 -0.24922439243341982 -0.028412912041809513 -0.6004400788752522
7.44 0.0 -0.17055731885215347 -0.005864967755855488 -0.2415193239850602
7.46 0.08452219980327025 -0.09250424905985549 -0.005864967755855488 -0.8078028262930121
7.48 -0.010426952739102657 -0.0888202263260468 0.0 -0.4928701477636848
7.5 0.04764467816850948 0.0 -0.005864967755855488 -0.9678540607167772
7.52 -0.08418199600862408 -0.008311141377876419 0.0 -0.6969094585483142
7.54 0.011995164111684997 0.0 -0.00623423849286997 -0.989663463528702
7.56 -0.2323060863366352 -0.16056315633134102 0.0 -0.7841470697960147
7.58 0.014451179267557401 0.0 -0.029520724252852945 -0.7815621746369135
7.6 -0.3036051144502843 -0.2330901920229263 0.0 -0.7134467693069
7.62 0.09373225663779167 0.0 -0.07287256087482544 -0.46135740405424647
7.64 -0.341540541765658 -0.3050032239255434 0.0 -0.5704044181138719
7.66 0.13613581237326527 0.0 -0.18782790672668243 -0.18302738714549424
7.68 -0.374120036877642 -0.22572214655530903 -0.03073083819903319 -0.20262116553533244
7.7 0.097586381268923 0.05852664447261208 -0.3031525233155538 0.008552164650093674
7.72 0.0 0.0 -0.32606973833852243 0.0
7.74 0.4415940498638086 0.2871598197487936 -0.4162615154823385 0.19115134335981282
7.76 0.6659291986172136 0.06282467099538885 -0.5529239624109836 0.14568618405089023
7.78 0.8890363397926819 0.4008624035979163 -0.3244903536553276 0.19004353114876926
7.8 1.378098079770738 0.21279077269030416 -0.501919742046844 0.07582672677094124
7.82 0.997656791432737 0.3996343960199802 -0.024350933934650265 0.006705810965021375
7.84 1.4414150586278018 0.21094876132339985 -0.20389364501311652 0.0
7.86 0.721708030109337 0.32219533001665007 0.373483553067654 -0.0007974791727896613
7.88 1.1702082257188238 0.17100122074379864 0.14773714120623643 -0.04663190921872665
7.9 0.22555204465798612 0.2822477894370489 0.6721458898402735 -0.04663190921872665
7.92 0.8205044211259023 0.16915920937689433 0.3314441321269987 -0.02408396493277265
7.94 -0.06790680320445669 0.28101978185911264 0.7412668056461935 -0.02408396493277265
7.96 0.3607820554176668 0.12982567258626126 0.4699529327407162 -0.024453235669787132
7.98 -0.41269857748563327 0.20419471964475083 0.7401589934351502 -0.047370450692755625
8.0 0.09281534335085245 0.05300061037189932 0.42227214900970694 -0.047370450692755625
8.02 -0.6038402273380861 0.0 0.5331655167544045 -0.07028766571572412
8.04 0.0 -0.006913031902617134 0.39529295587957913 -0.07028766571572412
8.06 -0.6419457565507827 -0.04501856111531405 0.3479814428855842 -0.07028766571572412
8.08 -0.07834486761691423 -0.08251008653904285 0.3224793327035144 -0.07028766571572412
8.1 -0.715700799820304 0.0 0.13914161251976648 -0.04773972142977011
8.12 -0.33955753800507965 0.014281077370234263 0.27469624723736824 -0.07028766571572412
8.14 -0.7501223062991929 0.16547518664308575 0.0 -0.07028766571572412
8.16 -0.3721370331170641 0.12798366121935695 0.06548714613453593 -0.04773972142977011
8.18 -0.5993720989179863 0.20296671206681455 -0.2817123912406433 -0.04773972142977011
8.2 -0.4463359782782305 0.052386606582931206 -0.036639169991264764 -0.02519177714381607
8.22 -0.40516043012069297 0.08926412821769192 -0.6036612137732456 -0.02519177714381607
8.24 -0.250896301903001 0.0 -0.2898363474549616 -0.02519177714381607
8.26 -0.17222922832173487 0.05177260279396312 -0.8561198497629137 -0.02519177714381607
8.28 -0.16915920937689433 -0.08066807517213864 -0.47317406763870967 -0.002643832857862058
8.3 0.0 0.0 -0.9707059248777559 -0.002643832857862058
8.32 -0.08803612063975574 -0.2300201730780857 -0.6993920519722789 0.0
8.34 0.0 -0.04194854217047356 -0.9925153276896812 -0.003013103594876526
8.36 -0.16530508474576272 -0.45374131804252243 -0.809916148979962 0.0
8.38 0.0 -0.038878523225633066 -0.8527964131297834 -0.0037516450689054903
8.4 -0.1241295365882254 -0.4922907491468645 -0.7392158484908473 0.0
8.42 0.08575020738120642 0.0 -0.487126483238194 -0.04673421095386353
8.44 -0.08295398843068796 -0.5248702442588484 -0.5732562822748508 0.0
8.46 0.1263117517497757 0.0 -0.16333130702051918 -0.16205882754273498
8.48 -0.04239244406211867 -0.40686963388694924 -0.13745992610143487 -0.05079618906102279
8.5 0.24185634696580272 0.17853936810873922 0.09626134836994521 -0.32284860344052896
8.52 0.0 0.0 0.09773843131800325 -0.3232178741775435
8.54 0.35740094218182966 0.48566951506886363 0.2559433120566958 -0.39049243629839103
8.56 0.17055731885215347 0.6718991346095715 0.1875609377248048 -0.5271548832270361
8.58 0.4704895222419842 0.7813036919359173 0.2090010697997154 -0.3216384894943486
8.6 0.24492636591064315 1.157890855642787 0.07223632113593334 -0.5212465514348046
8.62 0.4692615146640479 0.8149410927285146 0.025663349615967418 -0.044047014059625356
8.64 0.3936644600276221 1.2593133637125475 0.0 -0.2235897251380916
8.66 0.4674195032971437 0.6908004444669342 0.0 0.2857743693478025
8.68 0.31622539402429206 1.2530032239255433 0.0 0.014562798177462144
8.7 0.3518749080811167 0.45418521993416766 0.0 0.5844367061204219
8.72 0.16318927338453637 0.942018952334287 -0.005126426281826552 0.2666521634301157
8.74 0.2369443166540579 0.0741878334878116 -0.028043641304795044 0.7219399962582329
8.76 0.12385573659390336 0.6328766921099351 -0.028043641304795044 0.42485704416880826
8.78 0.19822478365239288 -0.1787094700060618 -0.05096085632776354 0.6982842397612354
8.8 0.08513620359223828 0.36429597625415305 -0.05096085632776354 0.42586255464471473
8.82 0.12201372522699905 -0.3710791274364504 -0.05096085632776354 0.5371251931264271
8.84 0.046416670590573306 0.09817127555424227 -0.07350880061371753 0.3767046879656475
8.86 0.08329419222533402 -0.4847817112855734 -0.07350880061371753 0.3064759599486841
8.88 0.008311141377876419 0.0 -0.05096085632776354 0.2584259054806603
8.9 0.08329419222533402 -0.5585367545550946 -0.05096085632776354 0.07471891455989785
8.92 0.007697137588908304 -0.03181338725598687 -0.028412912041809513 0.210642820014514
8.94 0.08329419222533402 -0.5179752101865254 -0.028412912041809513 0.0
8.96 0.008311141377876419 -0.21558699164082235 -0.028412912041809513 0.16074641186141783
8.98 0.08329419222533402 -0.44343606123071305 -0.028412912041809513 -0.1864531255137613
9.0 0.008311141377876419 -0.25290841516722823 -0.028412912041809513 0.0
9.02 0.04580266680160522 -0.2867159178571487 -0.028412912041809513 -0.5313191630693321
9.04 0.0 -0.17117132264112161 -0.005864967755855488 -0.2174942967510483
9.06 0.046416670590573306 -0.09250424905985549 -0.005864967755855488 -0.7386819104870923
9.08 0.0 -0.12692575553874375 -0.005864967755855488 -0.44629717624371884
9.1 0.08513620359223828 0.0 0.0 -0.8987331449108573
9.12 -0.04730447437386337 -0.046416670590573306 0.0 -0.582323383433472
9.14 0.01138116032271691 0.0 -0.00623423849286997 -0.8979946034368282
9.16 -0.15793703927814556 -0.08558010548388334 0.0 -0.7383126397500777
9.18 0.013223171689621172 -0.009983050847457625 -0.006603509229884452 -0.7815621746369135
9.2 -0.3054471258171885 -0.2330901920229263 0.0 -0.6912680957579604
9.22 0.09250424905985549 -0.006913031902617134 -0.049586075114842476 -0.461726674791261
9.24 -0.30589102770883353 -0.2300201730780857 0.0 -0.5031298559930242
9.26 0.172399330219058 0.0 -0.1645414209666995 -0.2292310879284457
9.28 -0.30159300118605675 -0.2263361503442773 -0.02999229672500428 -0.27174208134125244
9.3 0.13859182752913773 0.09601816989634099 -0.2794967668185564 0.0
9.32 0.021375322843529332 -0.03519450049182443 -0.3249619261274789 0.0
9.34 0.4391380347079363 0.21094876132339985 -0.3503617345744119 0.12203042755389268
9.36 0.6628591796723731 0.02410513799372388 -0.4608858315820951 0.0765652682449702
9.38 0.772877740787687 0.36214287059625133 -0.2328214935634536 0.07545745603392678
9.4 1.1875704337072535 0.24966829432506493 -0.4557160412638925 0.0
9.42 0.8827262000056781 0.36091486301831516 0.0 0.0
9.44 1.3270984709897111 0.17222922832173487 -0.1326594065202466 0.0
9.46 0.6073914424712463 0.28347579701498504 0.37311428233063965 -0.0011667499098041573
9.48 1.094611171082398 0.1322816877421336 0.10190271116029931 -0.02408396493277265
9.5 0.22555204465798612 0.24414226022435198 0.6488594040802904 -0.02408396493277265
9.52 0.7455213702784449 0.16854520558792624 0.3303363199159553 -0.02408396493277265
9.54 -0.06729279941548877 0.24291425264641575 0.717611049149196 -0.04700117995574116
9.56 0.3620100629956033 0.1292116687972932 0.40083201693479625 -0.047370450692755625
9.58 -0.41147056990769676 0.1660891904320539 0.6484901333432762 -0.09283561000167814
9.6 0.09465735471775666 0.014895081159202433 0.39824712177569505 -0.07028766571572412
9.62 -0.5645066905474527 0.0 0.5095097602574072 -0.07028766571572412
9.64 0.0 -0.04501856111531405 0.3716371993825817 -0.07028766571572412
9.66 -0.6026122197601498 -0.007527035691585221 0.3017777421026328 -0.07028766571572412
9.68 -0.15209991088643576 -0.04501856111531405 0.2533584168975945 -0.07028766571572412
9.7 -0.7519643176660968 0.013667073581266231 0.07038996745086096 -0.07028766571572412
9.72 -0.30022400121444653 0.05177260279396312 0.22886181719143123 -0.07028766571572412
9.74 -0.6780391724992525 0.12736965743038886 0.0 -0.07028766571572412
9.76 -0.3321894925374624 0.08987813200666006 0.04256993111156748 -0.04773972142977011
9.78 -0.5600385621273529 0.12675565364142075 -0.3046296062636118 -0.07028766571572412
9.8 -0.33140538685117144 0.0 -0.05955638501423327 -0.04773972142977011
9.82 -0.3277213641173629 0.08926412821769192 -0.6265784287962142 -0.02519177714381607
9.84 -0.211562765112368 0.0 -0.3353015067638843 -0.02519177714381607
9.86 -0.09540416610737296 0.014281077370234263 -0.8335719054769597 -0.02519177714381607
9.88 -0.09233414716253247 -0.08066807517213864 -0.5186392269476323 0.0
9.9 0.0 0.0 -0.9707059248777559 -0.002643832857862058
9.92 -0.08742211685078766 -0.2300201730780857 -0.6993920519722789 0.0
9.94 0.0 -0.04194854217047356 -0.9695981126667128 0.0
9.96 -0.16469108095679466 -0.41563578882982544 -0.832464093265916 0.0
9.98 0.0 -0.038878523225633066 -0.8073312538208608 -0.0037516450689054903
10.0 -0.1235155327992572 -0.44944329151974577 -0.7162986334678789 0.0
10.02 0.08575020738120642 0.0 -0.4642092682152254 -0.069651425976832
10.04 -0.08295398843068796 -0.5248702442588484 -0.5277911229659282 0.0
10.06 0.1638032771735045 0.0 -0.16333130702051918 -0.16205882754273498
10.08 -0.04177844027315064 -0.40686963388694924 -0.13745992610143487 -0.027878974038054283
10.1 0.24185634696580272 0.17853936810873922 0.09626134836994521 -0.32284860344052896
10.12 0.0 0.0 0.12028637560395727 -0.3232178741775435
10.14 0.35740094218182966 0.48566951506886363 0.23339536777074177 -0.39049243629839103
10.16 0.20804884427588238 0.6337936053968747 0.1875609377248048 -0.5271548832270361
10.18 0.4704895222419842 0.7438121665121886 0.1864531255137613 -0.3216384894943486
10.2 0.28241789133437195 1.120399330219058 0.07223632113593334 -0.5212465514348046
10.22 0.4692615146640479 0.8149410927285146 0.025663349615967418 -0.06659495834557932
10.24 0.35617293460389343 1.2968048891362762 0.0 -0.2235897251380916
10.26 0.4674195032971437 0.6908004444669342 0.0 0.2857743693478025
10.28 0.31622539402429206 1.2155116985018148 0.0 0.014562798177462144
10.3 0.38998043729381365 0.45418521993416766 0.0 0.5844367061204219
10.32 0.16318927338453637 0.9795104777580161 -0.005126426281826552 0.2666521634301157
10.34 0.19945279123032905 0.0741878334878116 -0.028043641304795044 0.7219399962582329
10.36 0.12385573659390336 0.6703682175336643 -0.028043641304795044 0.42485704416880826
10.38 0.19822478365239288 -0.14121794458233333 -0.05096085632776354 0.6982842397612354
10.4 0.08513620359223828 0.40178750167788174 -0.05096085632776354 0.42586255464471473
10.42 0.12201372522699905 -0.33297359822375333 -0.05096085632776354 0.5596731374123811
10.44 0.046416670590573306 0.09817127555424227 -0.07350880061371753 0.3767046879656475
10.46 0.08329419222533402 -0.4847817112855734 -0.07350880061371753 0.3064759599486841
10.48 0.008311141377876419 0.0 -0.05096085632776354 0.2584259054806603
10.5 0.08329419222533402 -0.4835537037076369 -0.07350880061371753 0.05217097027394382
10.52 0.007697137588908304 -0.069304912679716 -0.05096085632776354 0.18809487572856004
10.54 0.08329419222533402 -0.5179752101865254 -0.028412912041809513 0.0
10.56 0.008311141377876419 -0.21558699164082235 -0.028412912041809513 0.16074641186141783
10.58 0.08329419222533402 -0.44343606123071305 -0.028412912041809513 -0.1864531255137613
10.6 0.008311141377876419 -0.2148028859545314 -0.028412912041809513 0.0
10.62 0.04580266680160522 -0.24922439243341982 -0.028412912041809513 -0.5313191630693321
10.64 0.0 -0.17117132264112161 -0.005864967755855488 -0.2174942967510483
10.66 0.046416670590573306 -0.09250424905985549 -0.005864967755855488 -0.7612298547730463
10.68 0.0 -0.12692575553874375 0.0 -0.44629717624371884
10.7 0.08513620359223828 0.0 -0.005864967755855488 -0.9212810891968113
10.72 -0.08479599979759228 -0.046416670590573306 0.0 -0.6277885427423944
10.74 0.01138116032271691 0.0 -0.00623423849286997 -0.8983638741738427
10.76 -0.15793703927814556 -0.12307163090761217 0.0 -0.7383126397500777
10.78 0.013223171689621172 -0.009983050847457625 -0.006603509229884452 -0.7815621746369135
10.8 -0.2679556003934595 -0.2330901920229263 0.0 -0.6683508807349918
10.82 0.09250424905985549 -0.044404557326345934 -0.049586075114842476 -0.4842746190772151
10.84 -0.2683995022851046 -0.2675116985018145 0.0 -0.5031298559930242
10.86 0.172399330219058 0.0 -0.1645414209666995 -0.2063138729054772
10.88 -0.2634874719733599 -0.2263361503442773 -0.02999229672500428 -0.27174208134125244
10.9 0.17608335295286642 0.05852664447261208 -0.2794967668185564 0.0
10.92 0.021375322843529332 -0.03519450049182443 -0.3020447111045104 0.0
10.94 0.40164650928420736 0.21094876132339985 -0.3503617345744119 0.1445783718398467
10.96 0.6253676542486442 0.06221066720642082 -0.4838030466050636 0.0765652682449702
10.98 0.7353862153639583 0.32465134517252253 -0.2557387085864221 0.07545745603392678
11.0 1.1881844374962216 0.21217676890133613 -0.4560853120009069 0.0
11.02 0.8458486783709174 0.399020392231012 0.0 0.0
11.04 1.327712474778679 0.21033475753443182 -0.155576621543215 0.0
11.06 0.6461109754729113 0.28347579701498504 0.3276491230217171 -0.0011667499098041573
11.08 1.0577336494476373 0.1322816877421336 0.12445065544625339 -0.02408396493277265
11.1 0.18331859081983565 0.2816337856480808 0.625942189057322 -0.024453235669787132
11.12 0.7842409032801096 0.16854520558792624 0.33318818407693424 -0.04700117995574116
11.14 -0.06606479183755248 0.20480872343371886 0.6946938341262274 -0.024453235669787132
11.16 0.40072959599726826 0.09172014337356438 0.4004627461977818 -0.047370450692755625
11.18 -0.33464550769333495 0.09049213579562809 0.6481208626062616 -0.07028766571572412
11.2 0.09588536229569317 0.052386606582931206 0.39824712177569505 -0.09283561000167814
11.22 -0.5632786829695162 0.05177260279396312 0.5098790309944217 -0.09283561000167814
11.24 0.0 0.0 0.3494585258336421 -0.09283561000167814
11.26 -0.6388757376059424 0.0 0.2792297978166788 -0.09283561000167814
11.28 -0.11338037788477034 -0.007527035691585221 0.2540969583716234 -0.07028766571572412
11.3 -0.6751392554517348 0.0 0.11622439749679803 -0.07028766571572412
11.32 -0.2233989390000845 0.0 0.20668314364249168 -0.09283561000167814
11.34 -0.6018281140738586 0.051158599004995045 0.0 -0.07028766571572412
11.36 -0.2940839633247658 0.013667073581266231 0.08877363189451887 -0.09283561000167814
11.38 -0.4838275037019592 0.051158599004995045 -0.2584259054806603 -0.07028766571572412
11.4 -0.2558083322147459 0.0 -0.03553135778022137 -0.04773972142977011
11.42 -0.2902298386936341 0.051158599004995045 -0.5574575129902941 -0.07028766571572412
11.44 -0.21217676890133613 0.0 -0.26618059095796437 -0.04773972142977011
11.46 -0.13412369910903782 0.05177260279396312 -0.7869989339569936 -0.04773972142977011
11.48 -0.16854520558792624 -0.04317654974840984 -0.4720662554276663 -0.02519177714381607
11.5 0.0 0.0 -0.901585009071836 -0.02519177714381607
11.52 -0.12552764606348457 -0.192528647654357 -0.6531883511893275 0.0
11.54 0.0 -0.004457016746744813 -0.9233944118837611 -0.002643832857862058
11.56 -0.16530508474576272 -0.341266741771336 -0.7411645039110566 0.0
11.58 0.0 -0.04010653080356935 -0.7614968237749238 0.0
11.6 -0.1241295365882254 -0.41317977367395314 -0.693750689181925 0.0
11.62 0.04764467816850948 0.0 -0.46457853895223994 -0.0008997809079265284
11.64 -0.08295398843068796 -0.45111520098932717 -0.5059817201540033 0.0
11.66 0.1263117517497757 0.0 -0.14115263347157964 -0.09330718247382946
11.68 -0.04239244406211867 -0.33372859440639563 -0.1385677383124783 -0.04968837684997929
11.7 0.24185634696580272 0.14394775973252733 0.004223217541056812 -0.2766449026575774
11.72 0.0 0.027345258835887065 0.028248244775068765 -0.29919284694353143
11.74 0.3192954129691327 0.48321349991299095 0.14135723694185326 -0.30167544036749594
11.76 0.20743484048691435 0.668829115664731 0.09589207763293078 -0.4351167523981478
11.78 0.46987551845301606 0.7413561513563163 0.11770148044485587 -0.2296003586654602
11.8 0.2818038875454038 1.1173293112742175 0.026032620352981956 -0.4754121213888675
11.82 0.4686475108750798 0.7749935521489133 0.0 0.0
11.84 0.31745340160222835 1.2193658231329465 0.0 -0.17812456582916908
11.86 0.46680549950817557 0.6514669076763013 0.0 0.308691584370771
11.88 0.31561139023532403 1.2517752163476075 0.0 0.05965868674937008
11.9 0.31376937886841977 0.3779741615087738 0.0 0.5840674353834074
11.92 0.20006679501929714 0.9407909447563512 0.0 0.2655443512190721
11.94 0.19883878744136102 0.03546830048614685 -0.00549569701884102 0.6757362954752815
11.96 0.12324173280493522 0.6697542137446959 -0.05096085632776354 0.40442242256980426
11.98 0.12201372522699905 -0.1037264191586042 -0.028412912041809513 0.674628483264238
12.0 0.04703067437954139 0.36429597625415305 -0.05096085632776354 0.4022067981477176
12.02 0.1213997214380309 -0.33297359822375333 -0.05096085632776354 0.490552221606461
12.04 0.008311141377876419 0.09878527934321063 -0.05096085632776354 0.3526796607316356
12.06 0.08329419222533402 -0.4847817112855734 -0.05096085632776354 0.25990298842871823
12.08 0.008311141377876419 0.0 -0.05096085632776354 0.23403160750963387
12.1 0.045188663012637104 -0.48293969991866875 -0.05096085632776354 0.07361110234885437
12.12 0.008311141377876419 -0.10618243431447655 -0.028412912041809513 0.2550001671123932
12.14 0.08329419222533402 -0.47925567718486034 -0.028412912041809513 0.0
12.16 0.008311141377876419 -0.21435898406288628 -0.028412912041809513 0.1138041696044374
12.18 0.08329419222533402 -0.366610999016351 -0.028412912041809513 -0.2788605270796643
12.2 0.0 -0.21357487837659533 -0.028412912041809513 -0.05633525011623991
12.22 0.04580266680160522 -0.172399330219058 -0.028412912041809513 -0.6008093496122666
12.24 0.0 -0.1318377858504886 -0.005864967755855488 -0.2644365390080288
12.26 0.046416670590573306 0.0 -0.005864967755855488 -0.8303507705789663
12.28 0.0 -0.012609167900652973 0.0 -0.4699529327407162
12.3 0.04764467816850948 0.04791847816283157 -0.005864967755855488 -0.9449368456938085
12.32 -0.08418199600862408 0.0 0.0 -0.6510750285023774
12.34 0.01138116032271691 0.01472497926187935 -0.00623423849286997 -0.9667462485057337
12.36 -0.2323060863366352 -0.12245762711864411 0.0 -0.7386819104870923
12.38 0.014451179267557401 -0.009369047058489524 -0.029520724252852945 -0.7586449596139448
12.4 -0.2661135890265554 -0.19498466281022936 0.0 -0.735994713592854
12.42 0.13122378206152047 0.0 -0.09542050516077946 -0.48390534834020055
12.44 -0.3790320671893869 -0.30438922013657543 0.0 -0.5474872030909033
12.46 0.13613581237326527 0.0 -0.18782790672668243 -0.20557533143144824
12.48 -0.41222556609033884 -0.1501250919188834 -0.0311001089360477 -0.2251691098212864
12.5 0.1350779066926519 0.09663217368530891 -0.3031525233155538 0.008552164650093674
12.52 0.0 0.0 -0.32606973833852243 0.010029247598151603
12.54 0.47969957907650546 0.24966829432506493 -0.4162615154823385 0.19115134335981282
12.56 0.6659291986172136 0.06282467099538885 -0.5303760181250297 0.14568618405089023
12.58 0.8890363397926819 0.4008624035979163 -0.324859624392342 0.1674955868628152
12.6 1.3787120835597062 0.21279077269030416 -0.501919742046844 0.07582672677094124
12.62 0.9982707952217051 0.3996343960199802 -0.0018029896486962405 0.006705810965021375
12.64 1.3670460115693124 0.21094876132339985 -0.155576621543215 0.0
12.66 0.6848305084745765 0.32219533001665007 0.3505663380446856 -0.0007974791727896613
12.68 1.170822229507792 0.17100122074379864 0.12445065544625339 -0.02408396493277265
12.7 0.25891564545626117 0.24475626401332012 0.671776619103259 -0.02408396493277265
12.72 0.7836268994911417 0.16915920937689433 0.35362280567593835 -0.02408396493277265
12.74 -0.029187270202791937 0.28101978185911264 0.7408975349091791 -0.04700117995574116
12.76 0.43699311384306067 0.12982567258626126 0.4470357177177478 -0.024453235669787132
12.78 -0.37397904448396807 0.20419471964475083 0.7172417784121816 -0.047370450692755625
12.8 0.09404335092878874 0.09049213579562809 0.4448200932956609 -0.09283561000167814
12.82 -0.6032262235491177 0.014281077370234263 0.5786306760633273 -0.07028766571572412
12.84 0.0 -0.006913031902617134 0.3727450115936251 -0.07028766571572412
12.86 -0.6407177489728464 -0.04501856111531405 0.32543349859963017 -0.07028766571572412
12.88 -0.07711686003897794 -0.08312409032801096 0.30030065915457493 -0.07028766571572412
12.9 -0.6388757376059424 0.0 0.11696293897082694 -0.07028766571572412
12.92 -0.22524095036698893 0.0 0.20742168511652065 -0.07028766571572412
12.94 -0.673911247873799 0.12736965743038886 0.0 -0.07028766571572412
12.96 -0.3715230293280957 0.08987813200666006 0.08914290263153335 -0.07028766571572412
12.98 -0.5612665697052892 0.20296671206681455 -0.23513941972067726 -0.04773972142977011
13.0 -0.37073892364180433 0.052386606582931206 0.0 -0.02519177714381607
13.02 -0.40516043012069297 0.08926412821769192 -0.5345402979673255 -0.02519177714381607
13.04 -0.28900183111569794 0.0 -0.24326337593499575 -0.02519177714381607
13.06 -0.1728432321107029 0.05177260279396312 -0.7644509896710396 -0.02519177714381607
13.08 -0.13166768395316547 -0.005685024324680987 -0.42697036685575834 -0.002643832857862058
13.1 0.0 0.0 -0.9019542798088507 -0.02519177714381607
13.12 -0.08865012442872386 -0.1550371222306281 -0.6306404069033735 0.0
13.14 0.0 -0.004457016746744813 -0.9463116269067298 0.0
13.16 -0.12781355932203392 -0.3793722709840329 -0.741533774648071 0.0
13.18 0.0 -0.04010653080356935 -0.7844140387978922 -0.0033823743318910082
13.2 -0.1247435403771934 -0.41317977367395314 -0.6941199599189394 0.0
13.22 0.04764467816850948 0.0 -0.48749575397520856 -0.02381699593089502
13.24 -0.12105951764338485 -0.5267122556257524 -0.5059817201540033 0.0
13.26 0.12569774796080757 0.0 -0.18661779278050217 -0.11622439749679803
13.28 -0.08049797327481562 -0.33372859440639563 -0.1611156825984323 -0.04968837684997929
13.3 0.20375081775310566 0.18143928515625624 0.0 -0.2766449026575774
13.32 0.0 0.027345258835887065 0.005331029752100258 -0.29919284694353143
13.34 0.35678693839286146 0.44572197448926193 0.14135723694185326 -0.32422338465344996
13.36 0.20743484048691435 0.6313375902410021 0.11844002191888481 -0.4580339674211162
13.38 0.46987551845301606 0.7413561513563163 0.11770148044485587 -0.2525175736884287
13.4 0.244312362121675 1.1554348404869146 0.04894983537595041 -0.4979600656748216
13.42 0.4686475108750798 1.7878787423785596 0.002746134592998911 0.0
13.44 0.31745340160222835 1.2574713523456433 0.0 -0.17812456582916908
13.46 0.46680549950817557 0.68895843310003 0.0 0.3083223136337565
13.48 0.31561139023532403 1.1761781617111817 0.0 0.05965868674937008
13.5 0.31376937886841977 0.3779741615087738 0.0 0.5840674353834074
13.52 0.20006679501929714 0.9032994193326225 -0.005126426281826552 0.2655443512190721
13.54 0.19883878744136102 0.0 -0.00549569701884102 0.6757362954752815
13.56 0.12324173280493522 0.6322626883209672 -0.028412912041809513 0.40442242256980426
13.58 0.12201372522699905 -0.14183194837130103 -0.028412912041809513 0.652080538978284
13.6 0.04703067437954139 0.326190447041456 -0.07350880061371753 0.4022067981477176
13.62 0.0839081960143021 -0.3710791274364504 -0.05096085632776354 0.490552221606461
13.64 0.008311141377876419 0.09878527934321063 -0.05096085632776354 0.33013171644568157
13.66 0.04580266680160522 -0.5222732367093026 -0.05096085632776354 0.25990298842871823
13.68 0.0 0.0 -0.05096085632776354 0.23403160750963387
13.7 0.045188663012637104 -0.5204312253423975 -0.05096085632776354 0.07361110234885437
13.72 0.008311141377876419 -0.14367395973820546 -0.028412912041809513 0.25463089637537867
13.74 0.08329419222533402 -0.47925567718486034 -0.028412912041809513 0.0
13.76 0.008311141377876419 -0.17625345485018967 -0.028412912041809513 0.13635211389039142
13.78 0.08329419222533402 -0.366610999016351 -0.028412912041809513 -0.3014084713656184
13.8 0.0 -0.1754693491638985 -0.028412912041809513 -0.01123936154433186
13.82 0.04580266680160522 -0.172399330219058 -0.028412912041809513 -0.6008093496122666
13.84 0.0 -0.056240731214062756 -0.005864967755855488 -0.2644365390080288
13.86 0.046416670590573306 0.0 -0.005864967755855488 -0.8078028262930121
13.88 -0.010426952739102657 -0.012609167900652973 0.0 -0.4474049884547621
13.9 0.04764467816850948 0.010426952739102657 -0.005864967755855488 -0.9449368456938085
13.92 -0.08418199600862408 0.0 0.0 -0.6736229727883314
13.94 0.01138116032271691 0.01472497926187935 -0.00623423849286997 -0.9667462485057337
13.96 -0.2323060863366352 -0.12245762711864411 0.0 -0.7612298547730463
13.98 0.014451179267557401 -0.009369047058489524 -0.029520724252852945 -0.7586449596139448
14.0 -0.2661135890265554 -0.19498466281022936 0.0 -0.7130774985698853
14.02 0.09373225663779167 0.0 -0.04995534585185696 -0.48390534834020055
14.04 -0.3790320671893869 -0.2668976947128465 0.0 -0.5474872030909033
14.06 0.13613581237326527 0.0 -0.21037585101263645 -0.20557533143144824
14.08 -0.41222556609033884 -0.22572214655530903 -0.053648053222001696 -0.2251691098212864
14.1 0.1350779066926519 0.09663217368530891 -0.32570046760150784 0.008552164650093674
14.12 0.0 0.0 -0.32606973833852243 0.0
14.14 0.5171911045002342 0.2871598197487936 -0.44203059466628597 0.19115134335981282
14.16 0.6659291986172136 0.10031619641911776 -0.5078280738390757 0.14568618405089023
14.18 0.8890363397926819 0.4008624035979163 -0.324859624392342 0.1674955868628152
14.2 1.3787120835597062 0.2502822981140331 -0.501919742046844 0.07582672677094124
14.22 1.0357623206454338 0.43712592144370893 -0.0018029896486962405 0.006705810965021375
14.24 1.404537536993041 0.21094876132339985 -0.155576621543215 0.0
14.26 0.6848305084745765 0.32219533001665007 0.3505663380446856 -0.0007974791727896613
14.28 1.2089277587204887 0.17100122074379864 0.10190271116029931 -0.04663190921872665
14.3 0.25891564545626117 0.24475626401332012 0.671776619103259 -0.02408396493277265
14.32 0.8217324287038388 0.16915920937689433 0.30815764636701565 -0.02408396493277265
14.34 -0.029187270202791937 0.28101978185911264 0.7408975349091791 -0.04700117995574116
14.36 0.43699311384306067 0.12982567258626126 0.4470357177177478 -0.024453235669787132
14.38 -0.41147056990769676 0.20419471964475083 0.7172417784121816 -0.047370450692755625
14.4 0.09404335092878874 0.09049213579562809 0.467368037581615 -0.07028766571572412
14.42 -0.6032262235491177 0.014281077370234263 0.5786306760633273 -0.07028766571572412
14.44 0.0 -0.006913031902617134 0.3956622266165936 -0.07028766571572412
14.46 -0.6407177489728464 -0.007527035691585221 0.3479814428855842 -0.07028766571572412
14.48 -0.115222389251675 -0.08312409032801096 0.2548354998456524 -0.07028766571572412
14.5 -0.6769812668186395 0.0 0.11696293897082694 -0.07028766571572412
14.52 -0.26334647957968554 0.0 0.20742168511652065 -0.07028766571572412
14.54 -0.673911247873799 0.12736965743038886 0.0 -0.07028766571572412
14.56 -0.40901455475182463 0.08987813200666006 0.11206011765450186 -0.07028766571572412
14.58 -0.5993720989179863 0.1648611828541177 -0.23513941972067726 -0.04773972142977011
14.6 -0.37073892364180433 0.052386606582931206 0.0 -0.02519177714381607
14.62 -0.36705490090799614 0.12675565364142075 -0.5345402979673255 -0.04773972142977011
14.64 -0.28900183111569794 0.0 -0.22071543164904178 -0.02519177714381607
14.66 -0.1728432321107029 0.05177260279396312 -0.7869989339569936 -0.02519177714381607
14.68 -0.13166768395316547 -0.005685024324680987 -0.4720662554276663 -0.002643832857862058
14.7 0.0 0.0 -0.901585009071836 -0.002643832857862058
14.72 -0.08865012442872386 -0.192528647654357 -0.6306404069033735 0.0
14.74 0.0 -0.0425625459594417 -0.9463116269067298 0.0
14.76 -0.16530508474576272 -0.3793722709840329 -0.741533774648071 0.0
14.78 0.0 -0.04010653080356935 -0.8069619830838464 -0.0033823743318910082
14.8 -0.1622350658009223 -0.41317977367395314 -0.6941199599189394 0.0
14.82 0.04764467816850948 0.0 -0.48749575397520856 -0.02381699593089502
14.84 -0.12105951764338485 -0.48860672641305564 -0.5288989351769717 0.0
14.86 0.12569774796080757 0.0 -0.16406984849454814 -0.11622439749679803
14.88 -0.08049797327481562 -0.33372859440639563 -0.16148495333544677 -0.04968837684997929
14.9 0.20375081775310566 0.14394775973252733 0.0 -0.2766449026575774
14.92 0.0 0.027345258835887065 0.005331029752100258 -0.29919284694353143
14.94 0.35678693839286146 0.44572197448926193 0.1639051812278073 -0.32459265539046445
14.96 0.20743484048691435 0.668829115664731 0.11844002191888481 -0.4580339674211162
14.98 0.46987551845301606 0.7413561513563163 0.11770148044485587 -0.2525175736884287
15.0 0.2818038875454038 1.1554348404869146 0.04894983537595041 -0.4979600656748216
15.02 0.4686475108750798 0.7749935521489133 0.0 0.0
15.04 0.31745340160222835 1.2193658231329465 0.0 -0.17775529509215465
15.06 0.46680549950817557 0.6514669076763013 0.0 0.308691584370771
15.08 0.31561139023532403 1.1761781617111817 0.0 0.05965868674937008
15.1 0.3512609042921486 0.3779741615087738 0.0 0.5840674353834074
15.12 0.20006679501929714 0.9032994193326225 0.0 0.2655443512190721
15.14 0.23633031286508982 0.03546830048614685 -0.00549569701884102 0.6757362954752815
15.16 0.12324173280493522 0.6322626883209672 -0.028412912041809513 0.3818744782838502
15.18 0.16011925443969593 -0.1037264191586042 -0.028412912041809513 0.674628483264238
15.2 0.04703067437954139 0.326190447041456 -0.07350880061371753 0.4022067981477176
15.22 0.1213997214380309 -0.3710791274364504 -0.05096085632776354 0.490552221606461
15.24 0.008311141377876419 0.09878527934321063 -0.05096085632776354 0.3526796607316356
15.26 0.08329419222533402 -0.5222732367093026 -0.07350880061371753 0.25990298842871823
15.28 0.0 0.0 -0.05096085632776354 0.23403160750963387
15.3 0.045188663012637104 -0.48293969991866875 -0.05096085632776354 0.07361110234885437
15.32 0.008311141377876419 -0.10618243431447655 -0.028412912041809513 0.2775481113983472
15.34 0.08329419222533402 -0.47925567718486034 -0.028412912041809513 0.0
15.36 0.008311141377876419 -0.17625345485018967 -0.028412912041809513 0.13635211389039142
15.38 0.04580266680160522 -0.40410252444007994 -0.028412912041809513 -0.3014084713656184
15.4 0.0 -0.1754693491638985 -0.028412912041809513 -0.01123936154433186
15.42 0.08329419222533402 -0.172399330219058 -0.028412912041809513 -0.6008093496122666
15.44 0.0 -0.09373225663779167 -0.005864967755855488 -0.2869844832939827
15.46 0.046416670590573306 0.0 -0.005864967755855488 -0.8078028262930121
15.48 0.0 -0.012609167900652973 -0.005864967755855488 -0.4925008770266703
15.5 0.04764467816850948 0.010426952739102657 -0.005864967755855488 -0.9449368456938085
15.52 -0.08418199600862408 -0.007083133799940189 0.0 -0.6965401878112998
15.54 0.0 0.01472497926187935 -0.00623423849286997 -0.9667462485057337
15.56 -0.2323060863366352 -0.12245762711864411 0.0 -0.7612298547730463
15.58 0.014451179267557401 -0.009369047058489524 -0.029520724252852945 -0.7586449596139448
15.6 -0.3036051144502843 -0.2330901920229263 0.0 -0.735994713592854
15.62 0.09373225663779167 0.0 -0.07250329013781098 -0.48390534834020055
15.64 -0.3790320671893869 -0.2668976947128465 0.0 -0.5474872030909033
15.66 0.13613581237326527 0.0 -0.18782790672668243 -0.20557533143144824
15.68 -0.41222556609033884 -0.1876166173426121 -0.053648053222001696 -0.20225189479831795
15.7 0.09697237747995507 0.09663217368530891 -0.3031525233155538 0.008552164650093674
15.72 0.0 0.0 -0.32606973833852243 0.0
15.74 0.4415940498638086 0.2871598197487936 -0.4162615154823385 0.19115134335981282
15.76 0.6665432024061815 0.06282467099538885 -0.5078280738390757 0.14568618405089023
15.78 1.4192736279282754 0.4008624035979163 -0.324859624392342 0.19004353114876926
15.8 1.3412205581359773 0.21279077269030416 -0.501919742046844 0.07582672677094124
15.82 0.9982707952217051 0.43712592144370893 -0.0018029896486962405 0.006705810965021375
15.84 1.4051515407820092 0.21094876132339985 -0.155576621543215 0.0
15.86 0.6848305084745765 0.32219533001665007 0.3505663380446856 -0.0007974791727896613
15.88 1.1714362332967596 0.17100122074379864 0.16991581475517575 -0.02408396493277265
15.9 0.2970211746689581 0.2822477894370489 0.671776619103259 -0.02408396493277265
15.92 0.7842409032801096 0.20665073480062318 0.33107486138998427 -0.02408396493277265
15.94 -0.029187270202791937 0.28101978185911264 0.7408975349091791 -0.04700117995574116
15.96 0.399501588419332 0.12982567258626126 0.4244877734317937 -0.024453235669787132
15.98 -0.37397904448396807 0.1660891904320539 0.7172417784121816 -0.047370450692755625
16.0 0.05655182550506005 0.05300061037189932 0.42227214900970694 -0.047370450692755625
16.02 -0.6407177489728464 0.014281077370234263 0.5560827317773731 -0.07028766571572412
16.04 0.0 -0.006913031902617134 0.3956622266165936 -0.07028766571572412
16.06 -0.6407177489728464 -0.007527035691585221 0.3479814428855842 -0.07028766571572412
16.08 -0.07711686003897794 -0.08312409032801096 0.2548354998456524 -0.07028766571572412
16.1 -0.6769812668186395 0.0 0.11696293897082694 -0.07028766571572412
16.12 -0.22524095036698893 0.0 0.20742168511652065 -0.07028766571572412
16.14 -0.673911247873799 0.08926412821769192 0.0 -0.07028766571572412
16.16 -0.33341750011539867 0.08987813200666006 0.08914290263153335 -0.07028766571572412
16.18 -0.5612665697052892 0.20296671206681455 -0.2125914754347233 -0.07028766571572412
16.2 -0.37073892364180433 0.052386606582931206 0.0 -0.02519177714381607
16.22 -0.44265195554442166 0.08926412821769192 -0.5119923536813715 -0.02519177714381607
16.24 -0.28900183111569794 0.0 -0.24326337593499575 -0.02519177714381607
16.26 -0.1728432321107029 0.05177260279396312 -0.787368204694008 -0.02519177714381607
16.28 -0.13166768395316547 -0.005685024324680987 -0.4495183111417123 -0.002643832857862058
16.3 0.0 0.0 -0.9019542798088507 -0.002643832857862058
16.32 -0.050544595216026944 -0.192528647654357 -0.6306404069033735 0.0
16.34 0.0 -0.0425625459594417 -0.9463116269067298 0.0
16.36 -0.16530508474576272 -0.3793722709840329 -0.764081718934025 0.0
16.38 0.0 -0.04010653080356935 -0.7844140387978922 -0.0033823743318910082
16.4 -0.1622350658009223 -0.41317977367395314 -0.7166679042048933 0.0
16.42 0.04764467816850948 0.0 -0.48749575397520856 -0.02381699593089502
16.44 -0.08356799221965605 -0.5267122556257524 -0.5288989351769717 0.0
16.46 0.12569774796080757 0.0 -0.16406984849454814 -0.11622439749679803
16.48 -0.043006447851086704 -0.33372859440639563 -0.16148495333544677 -0.04968837684997929
16.5 0.24124234317683435 0.14394775973252733 0.0 -0.2766449026575774
16.52 0.0 0.027345258835887065 0.005331029752100258 -0.29919284694353143
16.54 0.35678693839286146 0.44572197448926193 0.1639051812278073 -0.34714059967641847
16.56 0.16994331506318555 0.5938460648172732 0.09589207763293078 -0.4351167523981478
16.58 0.46987551845301606 0.7038646259325874 0.11770148044485587 -0.2525175736884287
16.6 0.2818038875454038 1.1179433150631857 0.07149777966190443 -0.498329336411836
16.62 0.4686475108750798 0.7756075559378814 0.002746134592998911 0.0
16.64 0.31745340160222835 1.1824883014981855 0.0 -0.2235897251380916
16.66 0.4286999702954785 0.6520809114652693 0.0 0.262857154324834
16.68 0.2775058610226272 1.139300640076421 0.0 0.014193527440447606
16.7 0.3512609042921486 0.41607969072147083 0.0 0.5611502203604388
16.72 0.16257526959556828 0.8664218976978617 0.0 0.24299640693311803
16.74 0.19883878744136102 0.036696308064082694 -0.00549569701884102 0.6757362954752815
16.76 0.12324173280493522 0.6334906958989033 -0.028412912041809513 0.3818744782838502
16.78 0.12201372522699905 -0.06500688615693945 -0.028412912041809513 0.674628483264238
16.8 0.04703067437954139 0.2899269291956627 -0.05096085632776354 0.3796588538617635
16.82 0.0839081960143021 -0.3317455906458177 -0.028412912041809513 0.5134694366294295
16.84 0.008311141377876419 0.06252176149741778 -0.07350880061371753 0.3530489314686501
16.86 0.08329419222533402 -0.44544817449493984 -0.07350880061371753 0.2602722591657327
16.88 0.0 0.0 -0.05096085632776354 0.23477014898366277
16.9 0.045188663012637104 -0.4442201669170038 -0.05096085632776354 0.051432428799914845
16.92 0.0 -0.0674629013128118 -0.028412912041809513 0.18772560499154556
16.94 0.045188663012637104 -0.4411501479721635 -0.028412912041809513 0.0
16.96 0.0 -0.17625345485018967 -0.028412912041809513 0.16037714112440338
16.98 0.045188663012637104 -0.3659969952273831 -0.028412912041809513 -0.20937034053672982
17.0 0.0 -0.1754693491638985 -0.028412912041809513 0.0
17.02 0.08329419222533402 -0.2098908556427867 -0.028412912041809513 -0.5542363780923008
17.04 0.0 -0.1318377858504886 -0.005864967755855488 -0.24041151177401693
17.06 0.0839081960143021 -0.053784716058190296 -0.005864967755855488 -0.7386819104870923
17.08 0.0 -0.08820622253707877 0.0 -0.42374923195776487
17.1 0.04703067437954139 0.0 0.0 -0.8758159298878887
17.12 -0.08479599979759228 0.0 0.0 -0.604871327719426
17.14 0.010767156533748767 0.014110975472911236 -0.00623423849286997 -0.8979946034368282
17.16 -0.19604256849084245 -0.12245762711864411 0.0 -0.6928474804411553
17.18 0.013223171689621172 -0.009369047058489524 -0.006603509229884452 -0.7586449596139448
17.2 -0.2679556003934595 -0.270581717446655 0.0 -0.6908988250209458
17.22 0.09250424905985549 -0.006299028113649019 -0.049586075114842476 -0.4842746190772151
17.24 -0.30589102770883353 -0.2294061692891176 0.0 -0.5031298559930242
17.26 0.172399330219058 0.0 -0.1645414209666995 -0.2063138729054772
17.28 -0.33908452660978566 -0.18823062113158034 -0.07545745603392678 -0.24882486631828393
17.3 0.1004862983164409 0.09601816989634099 -0.2794967668185564 0.0
17.32 0.0 0.0 -0.3249619261274789 0.0
17.34 0.40164650928420736 0.2865458159598256 -0.3274445195514434 0.1445783718398467
17.36 0.663473183461341 0.09970219263014951 -0.46125510231910966 0.0765652682449702
17.38 0.8109832700003841 0.4002483998089483 -0.2328214935634536 0.07545745603392678
17.4 1.2262899667089184 0.24966829432506493 -0.4331680969779384 0.0
17.42 0.9214457330073429 0.399020392231012 0.0 0.0
17.44 1.327712474778679 0.20972075374546367 -0.1326594065202466 0.0
17.46 0.6836025008966402 0.28347579701498504 0.37311428233063965 -0.0011667499098041573
17.48 1.0577336494476373 0.1697732131658624 0.12445065544625339 -0.02408396493277265
17.5 0.22142412003253248 0.2816337856480808 0.6484901333432762 -0.04700117995574116
17.52 0.7842409032801096 0.16854520558792624 0.3074191048929867 -0.04700117995574116
17.54 -0.028573266413823573 0.2804057780701446 0.7172417784121816 -0.024453235669787132
17.56 0.36323807057353913 0.09172014337356438 0.37791480191182786 -0.047370450692755625
17.58 -0.372751036906032 0.09049213579562809 0.6481208626062616 -0.07028766571572412
17.6 0.09588536229569317 0.014895081159202433 0.3756991774897411 -0.07028766571572412
17.62 -0.5632786829695162 0.0 0.5095097602574072 -0.07028766571572412
17.64 0.0 0.0 0.3265413108106736 -0.07028766571572412
17.66 -0.6388757376059424 0.0 0.3021470128396473 -0.07028766571572412
17.68 -0.11338037788477034 -0.04501856111531405 0.2995621176805459 -0.07028766571572412
17.7 -0.7132447846644314 0.0 0.093676453210844 -0.07028766571572412
17.72 -0.26150446821278156 0.05177260279396312 0.2296003586654602 -0.07028766571572412
17.74 -0.6399336432865554 0.1648611828541177 0.0 -0.07028766571572412
17.76 -0.2940839633247658 0.08987813200666006 0.08877363189451887 -0.04773972142977011
17.78 -0.5219330329146561 0.1648611828541177 -0.2584259054806603 -0.04773972142977011
17.8 -0.29391386142744275 0.014281077370234263 -0.012983413494267293 -0.02519177714381607
17.82 -0.36582689333005974 0.08926412821769192 -0.5574575129902941 -0.02519177714381607
17.84 -0.24966829432506493 0.0 -0.26618059095796437 -0.04773972142977011
17.86 -0.09601816989634099 0.013667073581266231 -0.7644509896710396 -0.02519177714381607
17.88 -0.0929481509515005 -0.043790553537377874 -0.4495183111417123 -0.002643832857862058
17.9 0.0 0.0 -0.901585009071836 -0.002643832857862058
17.92 -0.08803612063975574 -0.192528647654357 -0.6531883511893275 0.0
17.94 0.0 -0.004457016746744813 -0.9463116269067298 0.0
17.96 -0.16530508474576272 -0.3787582671950649 -0.764081718934025 0.0
17.98 0.0 -0.04010653080356935 -0.7844140387978922 -0.0033823743318910082
18.0 -0.1241295365882254 -0.41317977367395314 -0.6712027448959708 0.0
18.02 0.04764467816850948 0.0 -0.46457853895223994 -0.02381699593089502
18.04 -0.045462463006959164 -0.45111520098932717 -0.5059817201540033 0.0
18.06 0.1263117517497757 0.0 -0.14115263347157964 -0.11622439749679803
18.08 -0.004900918638389762 -0.33372859440639563 -0.1385677383124783 -0.04968837684997929
18.1 0.2793478723895314 0.14394775973252733 0.004223217541056812 -0.2766449026575774
18.12 0.0 0.0 0.005331029752100258 -0.29919284694353143
18.14 0.35678693839286146 0.4076164452765651 0.1639051812278073 -0.30167544036749594
18.16 0.20743484048691435 0.668829115664731 0.09589207763293078 -0.4351167523981478
18.18 0.46987551845301606 0.7413561513563163 0.11770148044485587 -0.2296003586654602
18.2 0.2818038875454038 1.1173293112742175 0.04894983537595041 -0.4979600656748216
18.22 0.4686475108750798 0.7749935521489133 0.002746134592998911 0.0
18.24 0.31745340160222835 1.2193658231329465 0.0 -0.17775529509215465
18.26 0.46680549950817557 0.6514669076763013 0.0 0.308691584370771
18.28 0.2775058610226272 1.1761781617111817 0.0 0.03711074246341611
18.3 0.3512609042921486 0.38271608992319534 0.0 0.5840674353834074
18.32 0.20006679501929714 0.9032994193326225 -0.005126426281826552 0.24299640693311803
18.34 0.23633031286508982 0.0 -0.00549569701884102 0.6757362954752815
18.36 0.12324173280493522 0.6322626883209672 -0.00549569701884102 0.40442242256980426
18.38 0.12201372522699905 -0.1037264191586042 -0.028412912041809513 0.652080538978284
18.4 0.04703067437954139 0.326190447041456 -0.05096085632776354 0.4022067981477176
18.42 0.0839081960143021 -0.3710791274364504 -0.05096085632776354 0.490552221606461
18.44 0.008311141377876419 0.09878527934321063 -0.05096085632776354 0.3526796607316356
18.46 0.08329419222533402 -0.5222732367093026 -0.05096085632776354 0.25990298842871823
18.48 0.0 0.0 -0.05096085632776354 0.23403160750963387
18.5 0.045188663012637104 -0.5204312253423975 -0.07350880061371753 0.07361110234885437
18.52 0.0 -0.10618243431447655 -0.028412912041809513 0.2320829520894247
18.54 0.08329419222533402 -0.47925567718486034 -0.028412912041809513 0.0
18.56 0.008311141377876419 -0.25185050948661497 -0.028412912041809513 0.13635211389039142
18.58 0.04580266680160522 -0.366610999016351 -0.028412912041809513 -0.3014084713656184
18.6 0.0 -0.21357487837659533 -0.028412912041809513 -0.03378730583028583
18.62 0.04580266680160522 -0.172399330219058 -0.028412912041809513 -0.6237265646352352
18.64 0.0 -0.1318377858504886 -0.005864967755855488 -0.2869844832939827
18.66 0.046416670590573306 -0.016293190634461496 -0.005864967755855488 -0.8307200413159805
18.68 0.0 -0.050100693324381884 -0.005864967755855488 -0.4699529327407162
18.7 0.04764467816850948 0.010426952739102657 -0.005864967755855488 -0.9223889014078543
18.72 -0.08418199600862408 0.0 0.0 -0.6736229727883314
18.74 0.01138116032271691 0.01472497926187935 0.0 -0.9667462485057337
18.76 -0.2323060863366352 -0.12245762711864411 0.0 -0.7612298547730463
18.78 0.014451179267557401 -0.009369047058489524 -0.029520724252852945 -0.7586449596139448
18.8 -0.2661135890265554 -0.2330901920229263 0.0 -0.7130774985698853
18.82 0.09373225663779167 0.0 -0.09542050516077946 -0.48390534834020055
18.84 -0.3790320671893869 -0.2668976947128465 0.0 -0.5474872030909033
18.86 0.13613581237326527 0.0 -0.18782790672668243 -0.20557533143144824
18.88 -0.41222556609033884 -0.1501250919188834 -0.053648053222001696 -0.17970395051236399
18.9 0.1350779066926519 0.09663217368530891 -0.3031525233155538 0.008552164650093674
18.92 0.0 0.0 -0.32606973833852243 0.0
18.94 0.47969957907650546 0.2871598197487936 -0.4162615154823385 0.19115134335981282
18.96 0.6665432024061815 0.06282467099538885 -0.5303760181250297 0.14568618405089023
18.98 0.8890363397926819 0.4008624035979163 -0.324859624392342 0.1674955868628152
19.0 1.3787120835597062 0.2502822981140331 -0.501919742046844 0.07582672677094124
19.02 1.0357623206454338 0.3996343960199802 -0.0018029896486962405 0.029253755250975372
19.04 1.3289404823566153 0.21094876132339985 -0.18134570072716255 0.0
19.06 0.6848305084745765 0.32219533001665007 0.3505663380446856 -0.0007974791727896613
19.08 1.170822229507792 0.17100122074379864 0.07935476687434534 -0.04663190921872665
19.1 0.25891564545626117 0.24475626401332012 0.671776619103259 -0.02408396493277265
19.12 0.8217324287038388 0.16915920937689433 0.3085269171040303 -0.02408396493277265
19.14 -0.029187270202791937 0.28101978185911264 0.7408975349091791 -0.04700117995574116
19.16 0.399501588419332 0.12982567258626126 0.4244877734317937 -0.024453235669787132
19.18 -0.37397904448396807 0.1660891904320539 0.7172417784121816 -0.047370450692755625
19.2 0.05655182550506005 0.09049213579562809 0.4448200932956609 -0.047370450692755625
19.22 -0.6407177489728464 0.014281077370234263 0.5560827317773731 -0.07028766571572412
19.24 0.0 -0.006913031902617134 0.3956622266165936 -0.07028766571572412
19.26 -0.6407177489728464 -0.007527035691585221 0.3479814428855842 -0.07028766571572412
19.28 -0.07711686003897794 -0.08312409032801096 0.30030065915457493 -0.07028766571572412
19.3 -0.7144727922423679 0.0 0.11696293897082694 -0.07028766571572412
19.32 -0.22524095036698893 0.0 0.20742168511652065 -0.07028766571572412
19.34 -0.673911247873799 0.12736965743038886 0.0 -0.07028766571572412
19.36 -0.3715230293280957 0.08987813200666006 0.08951217336854783 -0.07028766571572412
19.38 -0.5987580951290181 0.1648611828541177 -0.21222220469770875 -0.04773972142977011
19.4 -0.37073892364180433 0.052386606582931206 0.0 -0.04773972142977011
19.42 -0.44265195554442166 0.12675565364142075 -0.5345402979673255 -0.02519177714381607
19.44 -0.28900183111569794 0.0 -0.26618059095796437 -0.04773972142977011
19.46 -0.1728432321107029 0.05177260279396312 -0.787368204694008 -0.04773972142977011
19.48 -0.13166768395316547 -0.005685024324680987 -0.4724355261646807 -0.02519177714381607
19.5 0.0 0.0 -0.9019542798088507 -0.02519177714381607
19.52 -0.08865012442872386 -0.192528647654357 -0.6306404069033735 0.0
19.54 0.0 -0.004457016746744813 -0.9463116269067298 0.0
19.56 -0.16530508474576272 -0.341266741771336 -0.764081718934025 0.0
19.58 0.0 -0.04010653080356935 -0.8073312538208608 0.0
19.6 -0.1247435403771934 -0.41317977367395314 -0.6941199599189394 0.0
19.62 0.04764467816850948 0.0 -0.48749575397520856 -0.02381699593089502
19.64 -0.12105951764338485 -0.48860672641305564 -0.5288989351769717 0.0
19.66 0.12569774796080757 0.0 -0.18661779278050217 -0.11622439749679803
19.68 -0.043006447851086704 -0.33372859440639563 -0.16148495333544677 -0.04968837684997929
19.7 0.24124234317683435 0.14394775973252733 0.004223217541056812 -0.2766449026575774
19.72 0.0 0.027345258835887065 0.0 -0.29919284694353143
19.74 0.35678693839286146 0.44572197448926193 0.1639051812278073 -0.32459265539046445
19.76 0.20743484048691435 0.6313375902410021 0.11844002191888481 -0.4351167523981478
19.78 0.46987551845301606 0.7413561513563163 0.11770148044485587 -0.2525175736884287
19.8 0.2818038875454038 1.1173293112742175 0.026032620352981956 -0.4979600656748216
19.82 0.4686475108750798 0.7749935521489133 0.002746134592998911 0.0
19.84 0.31745340160222835 1.2193658231329465 0.0 -0.15520735080620068
19.86 0.4286999702954785 0.6514669076763013 0.0 0.2857743693478025
19.88 0.2775058610226272 1.2136696871349106 0.0 0.05965868674937008
19.9 0.3512609042921486 0.33986863229607683 0.0 0.5611502203604388
19.92 0.16257526959556828 0.9032994193326225 0.0 0.2655443512190721
19.94 0.19883878744136102 0.0 -0.028043641304795044 0.6757362954752815
19.96 0.12324173280493522 0.6322626883209672 -0.00549569701884102 0.40442242256980426
19.98 0.12201372522699905 -0.17932347379503016 -0.028412912041809513 0.652080538978284
20.0 0.04703067437954139 0.28869892161772687 -0.05096085632776354 0.4022067981477176
