0.0 0.0 0.0 0.0 0.0
0.02 0.0 0.0 0.0 0.0
0.04 0.0 0.0 0.0 0.0
0.06 0.0 0.0 0.0 0.0
0.08 0.0 0.0 0.031073519061035476 0.0
0.1 0.0 0.0 0.0 0.0
0.12 -0.03326630068099845 0.0 0.11674265514437904 0.08436592066772103
0.14 0.0 0.0 0.05501979357093037 0.04968413409878658
0.16 -0.05077335552149764 0.0 0.17601814103936864 0.1850318327075401
0.18 0.0 0.0 0.07456248059720677 0.0633860604229414
0.2 -0.023317945573211485 0.0 0.18870986490356773 0.1388108483205448
0.22 -0.009170312836139921 0.0 0.0835761722653782 0.07506758182718468
0.24 -0.02859372683613992 0.0 0.1648417208651033 0.1297971566523734
0.26 -0.004734387099068427 0.0 0.053867267524792095 0.07189465086113492
0.28 -0.05329292209906841 0.0 0.15849585893300377 0.1149427042820804
0.3 -0.01972187536199685 0.0 0.0007953199757194662 0.05069433655874234
0.32 -0.05329292209906841 0.0 0.12561402322636794 0.08206086857544453
0.34 -0.014446094099068413 0.0 0.032161851992421664 0.011971740149984866
0.36 -0.07715226183613993 0.0 0.09590511848578187 0.06987424594122338
0.38 -0.014446094099068413 0.0 0.011466638920006988 0.002958048481813469
0.4 -0.023317945573211485 0.0 0.07203697444731744 0.04917903286880873
0.42 -0.003894531573211485 0.0 0.0 0.002452947251835619
0.44 -0.01804216431028302 0.0 0.054009591110974586 0.0396602399706594
0.46 0.0 0.0 0.010456436460051205 0.0
0.48 0.0 0.0 0.03915513874068152 0.03331437803855988
0.5 0.0 0.0 0.0 0.0
0.52 0.0 0.0 0.023795585140410636 0.026968516106460394
0.54 0.0 0.0 0.0 0.0
0.56 0.0 0.0 0.01744972320831112 0.014781893472239238
0.58 0.0 0.0 0.0 0.0
0.6 0.0 0.0 0.005263100574089963 0.005263100574089963
0.62 0.0 0.0 0.0 0.0
0.64 0.0 0.0 0.0 0.0
0.66 0.0 0.0 0.0 0.0
0.68 0.0 0.0 0.0 0.0
0.7 0.0 0.0 0.0 0.0
0.72 0.0 0.0 0.0 0.0
0.74 0.0 0.0 0.0 0.0
0.76 0.0 0.0 0.0 0.0
0.78 0.0 0.011796616319001585 0.0 0.0
0.8 0.0 0.0 0.0 0.0
0.82 0.0 0.01707239758193002 0.0 0.0
0.84 0.0 0.002924764844858485 0.0 0.0
0.86 0.0 0.04704737410778695 0.0 0.0
0.88 0.0 0.023188034370715427 0.0 0.0
0.9 0.0 0.05232315537071541 0.0 0.0
0.92 0.0 0.047887229633643835 0.0 0.0
0.94 0.0 0.06287471789657234 0.0 0.0
0.96 0.0 0.05843879215950076 0.0 0.0
0.98 0.0 0.0875739131595008 0.0 0.0
1.0 0.0 0.05400286642242924 0.0 0.0
1.02 0.0 0.09812547568535773 0.0 0.0
1.04 0.0 0.1034012569482862 0.0 0.0
1.06 0.0 0.11838874521121462 0.0 0.0
1.08 0.0 0.12366452647414305 0.0 0.0
1.1 0.0 0.12366452647414305 0.0 -0.0031645651827479637
1.12 0.002688116737071533 0.11922860073707156 0.0 -0.006337496148797722
1.14 0.007963897999999997 0.13865201473707156 0.0 -0.0004967354466760832
1.16 0.007963897999999997 0.143927796 0.0 -0.006337496148797722
1.18 0.007963897999999997 0.13421608899999998 0.0 -0.006337496148797722
1.2 0.007963897999999997 0.143927796 0.0 -0.0004967354466760832
1.22 0.007963897999999997 0.09536926099999998 0.0 -0.0004967354466760832
1.24 0.007963897999999997 0.09536926099999998 0.0 -0.0004967354466760832
1.26 0.007963897999999997 0.09536926099999998 0.0 -0.0004967354466760832
1.28 0.007963897999999997 0.105080968 0.0 -0.006337496148797722
1.3 0.046810726000000025 0.09536926099999998 -0.012178256850919389 -0.006337496148797722
1.32 0.03709901900000001 0.105080968 0.0 -0.006337496148797722
1.34 0.04153494473707156 0.09536926099999998 0.0 -0.006337496148797722
1.36 0.0 0.09536926099999998 0.0 -0.006337496148797722
1.38 0.015156038422429269 0.09536926099999998 0.0 -0.006337496148797722
1.4 0.0 0.105080968 0.0 -0.0004967354466760832
1.42 0.007360690581930063 0.09536926099999998 0.0 -0.0004967354466760832
1.44 0.0 0.085657554 0.0 -0.0004967354466760832
1.46 0.0 0.05652243300000001 0.0 -0.0004967354466760832
1.48 0.0 0.05652243300000001 0.0 -0.0004967354466760832
1.5 0.0 0.05652243300000001 0.0 -0.0004967354466760832
1.52 0.0 0.05652243300000001 0.0 -0.0004967354466760832
1.54 0.0 0.01767560500000001 0.0 -0.0004967354466760832
1.56 0.0 0.01767560500000001 0.0 -0.0004967354466760832
1.58 0.0 0.0 0.0 -0.0004967354466760832
1.6 0.0 0.0 0.0 -0.0004967354466760832
1.62 0.0 0.0 0.0 -0.0004967354466760832
1.64 0.0 0.0 0.0 -0.0004967354466760832
1.66 0.0 0.0 0.0 -0.0004967354466760832
1.68 0.0 0.0 0.0 -0.0004967354466760832
1.7 0.0 0.0 0.0 -0.0004967354466760832
1.72 0.0 0.0 0.0 -0.0004967354466760832
1.74 0.0 0.0 0.0 -0.0004967354466760832
1.76 0.05507937005607311 0.0 -0.05494166309949991 -0.0004967354466760832
1.78 0.06647078810778698 0.0 0.0 0.0
1.8 0.14584415515950078 0.0 -0.10469835609634029 0.0
1.82 0.0 0.0 -0.024443009956571005 0.0
1.84 0.0 0.0 -0.13008180382473838 0.0
1.86 0.0 0.0 -0.06684363856135611 0.0
1.88 0.0 0.0 -0.14861428839105906 0.0
1.9 0.0 0.0 -0.09655254330194218 0.0
1.92 0.059881855103427695 0.0 -0.13693276698681578 0.0
1.94 0.01743895689221306 0.0 -0.08386081943774315 0.0
1.96 0.10568417541806996 0.0 -0.073836925309616 0.0
1.98 0.0482537889439269 0.0 -0.031436296704830835 0.0
2.0 0.14093493320685535 0.0 -0.003385019240360887 0.0
2.02 0.08350454673271226 0.0 -0.03640917853317921 0.0
2.04 0.14177478873271232 0.0 0.0 0.0
2.06 0.04993349999564073 0.0 0.0 0.0
2.08 0.14261464425856918 0.030273437887853777 0.0 0.0
2.1 0.05077335552149764 0.01780551620249607 0.0 0.0
2.12 0.13374279278442613 0.09633902772835296 0.0 -0.0018697155504272533
2.14 0.105447527310283 0.07247968799128143 0.0 0.0
2.16 0.16371776931028303 0.09549917220249607 0.0 0.0
2.18 0.1107233085732115 0.09825538688785379 0.0 -0.03388367238328979
2.2 0.16371776931028303 0.027753871310283007 0.0 0.0
2.22 0.13901857404735457 0.09237639820685534 0.0 0.0
2.24 0.1531662067844261 0.08901697610342768 0.0 0.0
2.26 0.07463269525856919 0.20219803800000002 0.0 0.0
2.28 0.05436942573271228 0.033739596896572355 0.0 0.0
2.3 0.019118667943926887 0.0639512215302162 0.0 0.0
2.32 0.018278812418069945 0.0 0.0 0.027473617336438244
2.34 0.01743895689221306 0.0 0.0 0.0
2.36 0.0 -0.019485227254209897 0.0 0.007283505494001474
2.38 0.0 0.0 0.0 0.0
2.4 0.0 -0.09166645388349448 0.0 0.0
2.42 0.0 -0.005940801935208323 0.0 0.0
2.44 0.0 -0.12775706719813684 0.0 0.0
2.46 0.0 -0.02620407146106521 0.0 0.0
2.48 0.0 -0.07919853219813683 0.0 0.0
2.5 0.0 0.0 0.0 0.0
2.52 0.0 -0.01481265340935134 0.0 0.0
2.54 0.0 0.0 0.0 0.0
2.56 0.0 0.0 0.0 0.0
2.58 0.0 0.0 0.0 0.0
2.6 0.0 0.0 0.0 -0.09200663223214128
2.62 0.0 0.0 0.0 -0.012761488552327699
2.64 0.000771757577570753 0.05171994795264548 0.0 -0.13960059672288772
2.66 0.0 0.04896373326728773 0.0 -0.05350448988099671
2.68 0.0 0.16274800258193006 0.0 -0.1501295920809927
2.7 0.0 0.08229813189657237 0.0 -0.10441370892397533
2.72 0.0 0.10783718268535769 0.0 -0.16548914568126366
2.74 0.0 0.0 0.0 -0.10124077795792563
2.76 0.0 0.0 0.0 -0.1262614480425283
2.78 0.0 0.0 0.0 -0.06367070759530635
2.8 0.03410615620685534 0.0 0.0 -0.014419115828443824
2.82 0.0 0.0 0.0 -0.05277893459340591
2.84 0.05688899231028302 0.0 0.0 -0.021049624932908295
2.86 0.015285949624925299 0.0 0.0 -0.03604640088938382
2.88 0.11324287515078224 0.05796549594392689 -0.030063316601079693 0.0
2.9 0.05137656293956763 0.025234304732712265 0.0 0.0
2.92 0.11492258620249607 0.10376781625856918 -0.028405689324963568 0.0
2.94 0.07163983246542455 0.06576084378442609 -0.007710476252548892 0.0
2.96 0.1290702189395676 0.13901857404735457 0.0 0.0
2.98 0.13266628915078227 0.09573582031028302 -0.030710741417240034 0.0
3.0 0.06744055483613992 0.11515923431028302 0.0 0.0
3.02 0.19033332373271228 0.03218979704735456 0.0 0.0
3.04 0.08901697610342768 0.06048506252149766 0.0 0.0
3.06 0.07954191721121462 0.05964520699564074 0.0 0.0
3.08 0.0 0.0782287654697838 0.011103861276211602 0.0
3.1 0.0 0.05796549594392689 0.0 0.0
3.12 -0.05053670741371069 0.04297800768099841 0.03648730900460967 0.0
3.14 0.0 0.018278812418069945 0.0 0.0
3.16 -0.1826678870947091 0.0 0.027473617336438244 0.0
3.18 -0.12691721167227987 0.0 0.0 0.0
3.2 -0.20545072319813684 0.0 0.0 0.0
3.22 -0.1532961179869221 0.0 0.0 0.0
3.24 -0.25041318798692214 0.0 0.0 0.0
3.26 -0.17799531324985063 0.0 0.0 0.0
3.28 -0.22127806698692215 0.0 0.0 0.0
3.3 -0.14358441098692215 0.0 0.0 0.0
3.32 -0.15689218819813683 0.0 0.0 0.0
3.34 -0.11636564914642297 0.0 0.0 0.0
3.36 -0.07583911009470912 0.011323320103427681 -0.027395486865007812 0.0
3.38 0.0 0.0 0.0 0.0
3.4 0.0 0.0 -0.13707509057299827 0.0
3.42 0.0 0.0 -0.0514840849610852 0.0
3.44 0.0 0.0 -0.18733688479981658 0.0
3.46 0.0 0.0 -0.110254469626097 0.0
3.48 0.08061842084485848 0.0 -0.20103881112397137 0.0
3.5 0.0 0.0 -0.15214999700090426 0.0
3.52 0.0 0.0 -0.21005250279214271 0.0
3.54 0.0 0.0 -0.13679044340063334 0.0
3.56 0.0 0.0 -0.15597035278311433 0.0
3.58 0.0 0.0 -0.09871527180803621 0.0
3.6 0.025470952840499217 0.0 -0.04044998837300226 0.0
3.62 0.0 0.0 -0.05811459406554967 0.0
3.64 0.07654905441806997 0.003894531573211485 0.0 0.0
3.66 0.019118667943926887 0.0 0.0 0.0
3.68 0.14177478873271232 0.05137656293956763 0.0 -0.02205982739286405
3.7 0.08434440225856918 0.0389086412542099 0.0 0.0
3.72 0.15844198804735454 0.1077304457800668 0.0 -0.023575131082797685
3.74 0.10101160157321148 0.09358281304299529 0.0 0.0
3.76 0.1645576248361399 0.10689059025420988 0.0 0.0
3.78 0.12571079683613995 0.1440577072024961 0.0 -0.023212353439002298
3.8 0.16899355057321153 0.07799211736199685 0.0 0.0
3.82 0.11515923431028302 0.1858973979956407 0.0 0.0
3.84 0.16815369504735456 0.1384153666292846 0.0 0.0
3.86 0.11875530452149763 0.192486331 0.0 0.0
3.88 0.08878032799564073 0.01875210863364385 0.0 0.005263100574089963
3.9 0.03410615620685534 0.0728230730043593 0.0 0.0
3.92 0.03326630068099845 0.0 0.0 0.042833170936709214
3.94 0.003291324155141495 0.0 0.0 0.0
3.96 0.0 -0.06001176630592375 0.0 0.03432458049851567
3.98 0.0 0.0 0.0 0.0
4.0 0.0 -0.15689218819813683 0.0 0.0
4.02 0.0 -0.012896294249850615 0.0 0.0
4.04 0.0 -0.17355938751277905 0.0 0.0
4.06 0.0 -0.06757046603863592 0.0 0.0
4.08 0.0 -0.11528914551277908 0.0 0.0
4.1 0.0 0.0 0.0 0.0
4.12 0.0 -0.04562748546106521 0.0 0.0
4.14 0.0 0.0 0.0 0.0
4.16 0.0 0.0 0.0 -0.006195172562615259
4.18 0.0 0.0 0.0 0.0
4.2 0.0 0.0 0.0 -0.1073661858324122
4.22 0.0 0.0 0.0 -0.022280281450476974
4.24 0.006047538840499217 0.04560431116386007 0.0 -0.16080091102528027
4.26 0.0 0.03313638947850234 0.0 -0.08371849585156071
4.28 0.0 0.1716198540560731 0.0 -0.1835165290176065
4.3 0.0 0.11059339737071544 0.0 -0.10275608164785921
4.32 0.0 0.13169652242242924 0.0 -0.17818086954546264
4.34 0.0 0.0 0.0 -0.11075957085607485
4.36 0.0 0.0 0.0 -0.12676654927250613
4.38 0.0 0.0 0.0 -0.06951146829742799
4.4 0.044657718732712265 0.0 0.0 -0.014419115828443824
4.42 0.0 0.0 0.0 -0.061287525031599455
4.44 0.09213975009906841 0.001611613103427667 0.0 -0.0030222415965655003
4.46 0.021401586413710677 0.0 0.0 -0.03554129965940592
4.48 0.1440577072024961 0.06240142168099844 -0.03374134879710733 0.0
4.5 0.07247968799128143 0.025234304732712265 0.0 0.0
4.52 0.15101319951713837 0.09933189052149766 -0.05544676432947779 0.0
4.54 0.09801873878006678 0.105447527310283 -0.014561439414626315 0.0
4.56 0.1263140042542099 0.1592818435732115 0.0 0.0
4.58 0.14933348846542455 0.13542250383613996 -0.023212353439002298 0.0
4.6 0.09825538688785379 0.1592818435732115 0.0 0.0
4.62 0.16287791378442612 0.08602411331028303 0.0 0.0
4.64 0.08098498015514152 0.06576084378442609 0.0 0.0
4.66 0.12450438200000002 0.04549757425856918 0.0 0.0
4.68 0.0 0.07379283973271228 0.051989186191063075 0.0
4.7 0.0 0.06324127720685535 0.0 0.0
4.72 -0.03998514488785376 0.06767720294392687 0.04867393163883085 0.0
4.74 -0.034472715517138375 0.03326630068099845 0.0 0.0
4.76 -0.19237959409470912 0.003291324155141495 0.036992410234587575 0.0
4.78 -0.13662891867227983 0.0 0.0 0.0
4.8 -0.2689967464610652 0.0 0.0 0.0
4.82 -0.1638476805127791 0.0 0.0 0.0
4.84 -0.2362655552498506 0.0 0.0 0.0
4.86 -0.17355938751277905 0.0 0.0 0.0
4.88 -0.22127806698692215 0.0 0.0 0.0
4.9 -0.16300782498692212 0.0 0.0 0.0
4.92 -0.1621679694610652 0.0 0.0 0.0
4.94 -0.12691721167227987 0.0 0.0 0.0
4.96 -0.12523750062056604 0.016599101366356117 -0.01153083203475902 0.0
4.98 -0.04586413356885222 0.0 0.0 0.0
5.0 0.0 0.001611613103427667 -0.1005152226703348 0.0
5.02 0.0 0.0 -0.05047388250112941 0.0
5.04 0.0 0.0 -0.1714722299695678 0.0
5.06 0.0 0.0 -0.0827082933916049 0.0
5.08 0.035655956056073135 0.0 -0.20002860866401562 0.0
5.1 0.0 0.0 -0.13679044340063334 0.0
5.12 0.005444331422429255 0.0 -0.2063744705961152 0.0
5.14 0.0 0.0 -0.14796686357489874 0.0
5.16 0.0 0.0 -0.1496244908510148 0.0
5.18 0.0 0.0 -0.09554234084198643 0.0
5.2 0.014919390314642289 0.0 -0.0553044407432953 0.0
5.22 0.0 0.0 -0.06446045599764921 0.0
5.24 0.06599749189221304 0.0 0.0 0.0
5.26 0.0 0.0 0.0 0.0
5.28 0.12151151920685535 0.07439604715078224 0.0 -0.004032444056521256
5.3 0.04993349999564073 0.04694063720249608 0.0 0.0
5.32 0.1531662067844261 0.09633902772835296 0.0 0.0
5.34 0.11515923431028302 0.07247968799128143 0.0 0.0
5.36 0.16899355057321153 0.10521087920249605 0.0 0.0
5.38 0.1107233085732115 0.14237799615078223 0.0 -0.03388367238328979
5.4 0.144294355310283 0.062164773573211485 0.0 0.0
5.42 0.12930686704735456 0.1850575424697838 0.0 0.0
5.44 0.12846701152149764 0.11815209710342767 0.0 0.0
5.46 0.07906862099564071 0.18193476847414308 0.0 0.0
5.48 0.05880535146978383 0.013476327370715413 0.0 0.0020901696080401766
5.5 0.028830374943926873 0.04812387774143084 0.0 0.0
5.52 0.02799051941806996 0.0 0.0 0.027473617336438244
5.54 0.01743895689221306 0.0 0.0 0.0
5.56 0.0 -0.03531257104299529 0.0 0.018965026898244752
5.58 0.0 0.0 0.0 0.0
5.6 0.0 -0.08279460240935135 0.0 0.0
5.62 0.0 -0.006780657461065209 0.0 0.0
5.64 0.0 -0.1285969227239937 0.0 0.0
5.66 0.0 -0.032319708249850615 0.0 0.0
5.68 0.0 -0.0897500947239937 0.0 0.0
5.7 0.0 0.0 0.0 0.0
5.72 0.0 -0.010376727672279845 0.0 0.0
5.74 0.0 0.0 0.0 0.0
5.76 0.0 0.0 0.0 -0.012541034494714776
5.78 0.0 0.0 0.0 0.0
5.8 0.0 0.0 0.0 -0.10787128706239008
5.82 0.0 0.0 0.0 -0.03446690408469816
5.84 0.0 0.08529099468971696 0.0 -0.14061079918284347
5.86 0.0 0.11694568226728771 0.0 -0.06035545304307413
5.88 0.0 0.25015336558193 0.0 -0.19202511945579998
5.9 0.0 0.05316301089657233 0.0 -0.09374238997968781
5.92 0.0 0.08397784294828617 0.0 -0.1691671778772913
5.94 0.0 0.0 0.0 -0.10758663989002515
5.96 0.0 0.0 0.0 -0.114579926638285
5.98 0.0 0.0 0.0 -0.060497776629256594
6.0 0.04993349999564073 0.0 0.0 -0.014419115828443824
6.02 0.0 0.0 0.0 -0.0729690464358427
6.04 0.10185145709906843 0.006887394366356159 0.0 0.0
6.06 0.006414098150782255 0.0 0.0 -0.018019017553041
6.08 0.1440577072024961 0.05796549594392689 -0.03958210949922897 0.0
6.1 0.07247968799128143 0.0305100859956407 0.0 0.0
6.12 0.13602571125420992 0.12403108578442612 -0.061287525031599455 0.0
6.14 0.09274295751713835 0.09573582031028302 -0.017229269150698168 0.0
6.16 0.1263140042542099 0.1592818435732115 0.0 0.0
6.18 0.14933348846542455 0.12571079683613995 -0.037561704579317484 0.0
6.2 0.08854367988785378 0.13985842957321148 0.0 0.0
6.22 0.17702554652149766 0.07631240631028302 0.0 0.0
6.24 0.08542090589221304 0.0754725507844261 0.0 0.0
6.26 0.12894030773707155 0.055209281258569165 0.0 0.0
6.28 0.0 0.08350454673271226 0.05516211715711283 0.0
6.3 0.0 0.06851705846978381 0.0 0.0
6.32 -0.05053670741371069 0.05796549594392689 0.05451469234095249 0.0
6.34 -0.0450242780429953 0.04297800768099841 0.0 0.0
6.36 -0.20293115662056604 0.013003031155141509 0.03432458049851567 0.0
6.38 -0.14718048119813681 0.0 0.0 0.0
6.4 -0.2795483089869221 0.0 0.0 0.0
6.42 -0.15941175477570757 0.0 0.0 0.0
6.44 -0.26624053177570756 0.0 0.0 0.0
6.46 -0.19382265703863594 0.0 0.0 0.0
6.48 -0.2415413365127791 0.0 0.0 0.0
6.5 -0.17355938751277905 0.0 0.0 0.0
6.52 -0.17271953198692214 0.0 0.0 0.0
6.54 -0.13746877419813686 0.0 0.0 0.0
6.56 -0.12080157488349447 0.016599101366356117 -0.03590407730320136 0.0
6.58 -0.0361524265688522 0.0 0.0 0.0
6.6 0.0 0.011323320103427681 -0.12806139890482687 0.0
6.62 0.0 0.0 -0.06316560636532847 0.0
6.64 0.0 0.0 -0.18416395383376682 0.0
6.66 0.0 0.0 -0.10124077795792563 0.0
6.68 0.035655956056073135 0.0 -0.2127203325282147 0.0
6.7 0.0 0.0 -0.15214999700090426 0.0
6.72 0.0 0.0 -0.21322543375819247 0.0
6.74 0.0 0.0 -0.13412261366456146 0.0
6.76 0.0 0.0 -0.15597035278311433 0.0
6.78 0.0 0.0 -0.11356972417832922 0.0
6.8 0.010483464577570767 0.0 -0.043622919339052046 0.0
6.82 0.0 0.0 -0.0729690464358427 0.0
6.84 0.08098498015514152 0.003894531573211485 0.0 0.0
6.86 0.0094069609439269 0.0 0.0 0.0
6.88 0.14621071446978384 0.05137656293956763 0.0 -0.02523275835891381
6.9 0.07463269525856919 0.04862034825420991 0.0 0.0
6.92 0.1531662067844261 0.1077304457800668 0.0 -0.02941589178491935
6.94 0.1107233085732115 0.09358281304299529 0.0 0.0
6.96 0.1645576248361399 0.11216637151713837 0.0 0.0
6.98 0.12571079683613995 0.15376941420249607 0.0 -0.023212353439002298
7.0 0.16899355057321153 0.08326789862492531 0.0 0.0
7.02 0.12487094131028303 0.17174976525856916 0.0 0.0
7.04 0.1531662067844261 0.1287036596292846 0.0 0.0
7.06 0.10904359752149767 0.17306291700000004 0.0 0.0
7.08 0.07906862099564071 0.0 0.0 0.008436031540139693
7.1 0.04381786320685535 0.05339965900435928 0.0 0.0
7.12 0.023554593680998437 0.0 0.0 0.040165341200637306
7.14 0.003291324155141495 0.0 0.0 0.0
7.16 0.0 -0.06972347330592377 0.0 0.03432458049851567
7.18 0.002451468629284581 0.0 0.0 0.0
7.2 0.0 -0.14718048119813681 0.0 0.0
7.22 0.0 -0.003184587249850601 0.0 0.0
7.24 0.0 -0.1638476805127791 0.0 0.0
7.26 0.0 -0.03843534503863594 0.0 0.0
7.28 0.0 -0.11528914551277908 0.0 0.0
7.3 0.0 0.0 0.0 0.0
7.32 0.0 -0.05533919246106522 0.0 0.0
7.34 0.0 0.0 0.0 0.0
7.36 0.0 0.0 0.0 -0.006195172562615259
7.38 0.0 0.0 0.0 0.0
7.4 0.0 0.0 0.0 -0.1073661858324122
7.42 0.0 0.0 0.0 -0.028121042152598613
7.44 0.006047538840499217 0.035892604163860115 0.0 -0.149119389621037
7.46 0.0 0.04284809647850235 0.0 -0.07203697444731744
7.48 0.0 0.18133156105607312 0.0 -0.1835165290176065
7.5 0.0 0.11059339737071544 0.0 -0.10859684234998088
7.52 0.0 0.13169652242242924 0.0 -0.1871945612136341
7.54 0.0 0.0 0.0 -0.11393250182212461
7.56 0.0 0.0 0.0 -0.1209257885703845
7.58 0.0 0.0 0.0 -0.06951146829742799
7.6 0.04993349999564073 0.0 0.0 -0.008578355126322185
7.62 0.0 0.0 0.0 -0.06712828573372107
7.64 0.09213975009906841 0.0 -0.005690071332637381 -0.006195172562615259
7.66 0.01612580515078224 0.0 0.0 -0.029700538957284306
7.68 0.1440577072024961 0.05796549594392689 -0.03056841783105757 0.0
7.7 0.07247968799128143 0.025234304732712265 0.0 0.0
7.72 0.1554491252542099 0.10904359752149767 -0.05544676432947779 0.0
7.74 0.10245466451713836 0.09573582031028302 -0.014561439414626315 0.0
7.76 0.13602571125420992 0.1592818435732115 0.0 0.0
7.78 0.14933348846542455 0.12571079683613995 -0.03172094387719582 0.0
7.8 0.08854367988785378 0.1495701365732115 0.0 0.0
7.82 0.16731383952149764 0.08602411331028303 0.0 0.0
7.84 0.07570919889221306 0.06576084378442609 0.0 0.0
7.86 0.13865201473707156 0.04549757425856918 0.0 0.0
7.88 0.0 0.07379283973271228 0.07585733022952751 0.0
7.9 0.0 0.06324127720685535 0.0 0.0
7.92 -0.06024841441371068 0.06767720294392687 0.05768762330700222 0.0
7.94 -0.05473598504299529 0.04297800768099841 0.0 0.0
7.96 -0.21264286362056606 0.013003031155141509 0.03432458049851567 0.0
7.98 -0.14718048119813681 0.0 0.0 0.0
8.0 -0.2795483089869221 0.0 0.0 0.0
8.02 -0.14970004777570756 0.0 0.0 0.0
8.04 -0.24681711777570758 0.0 0.0 0.0
8.06 -0.19382265703863594 0.0 0.0 0.0
8.08 -0.25125304351277905 0.0 0.0 0.0
8.1 -0.18327109451277906 0.0 0.0 0.0
8.12 -0.17271953198692214 0.0 0.0 0.0
8.14 -0.13746877419813686 0.0 0.0 0.0
8.16 -0.13051328188349448 0.016599101366356117 -0.03590407730320136 0.0
8.18 -0.04586413356885222 0.0 0.0 0.0
8.2 0.0 0.001611613103427667 -0.12806139890482687 0.0
8.22 0.0 0.0 -0.06900636706745011 0.0
8.24 0.0 0.0 -0.18416395383376682 0.0
8.26 0.0 0.0 -0.08955925655368235 0.0
8.28 0.035655956056073135 0.0 -0.21538816226428653 0.0
8.3 0.0 0.0 -0.15214999700090426 0.0
8.32 0.0 0.0 -0.2158932634942644 0.0
8.34 0.0 0.0 -0.13412261366456146 0.0
8.36 0.0 0.0 -0.16181111348523597 0.0
8.38 0.0 0.0 -0.10772896347620758 0.0
8.4 0.010483464577570767 0.0 -0.043622919339052046 0.0
8.42 0.0 0.0 -0.0729690464358427 0.0
8.44 0.07127327315514151 0.003894531573211485 0.0 0.0
8.46 0.0094069609439269 0.0 0.0 0.0
8.48 0.13649900746978383 0.05137656293956763 0.0 -0.02523275835891381
8.5 0.09405610925856916 0.0583320552542099 0.0 0.0
8.52 0.16287791378442612 0.1077304457800668 0.0 -0.023575131082797685
8.54 0.1107233085732115 0.09358281304299529 0.0 0.0
8.56 0.1645576248361399 0.12187807851713836 0.0 0.0
8.58 0.15484591783613993 0.16348112120249608 0.0 -0.029053114141123937
8.6 0.16899355057321153 0.0929796056249253 0.0 0.0
8.62 0.12487094131028303 0.17174976525856916 0.0 0.0
8.64 0.15844198804735454 0.12426773389221307 0.0 0.0
8.66 0.10904359752149767 0.17833869826292847 0.0 0.0
8.68 0.07906862099564071 0.0 0.0 0.0020901696080401766
8.7 0.03410615620685534 0.06838714726728776 0.0 0.0
8.72 0.013842886680998423 0.0 0.0 0.036992410234587575
8.74 0.0 0.0 0.0 0.0
8.76 0.0 -0.0494602037800668 0.0 0.03432458049851567
8.78 0.002451468629284581 0.0 0.0 0.0
8.8 0.0 -0.13135313740935134 0.0 0.0
8.82 0.0 -0.012056438723993701 0.0 0.0
8.84 0.0 -0.14358441098692215 0.0 0.0
8.86 0.0 -0.032319708249850615 0.0 0.0
8.88 0.0 -0.10473758298692215 0.0 0.0
8.9 0.0 0.0 0.0 0.0
8.92 0.0 -0.03507592293520834 0.0 0.0
8.94 0.0 0.0 0.0 0.0
8.96 0.0 0.0 0.0 0.0
8.98 0.0 0.0 0.0 0.0
9.0 0.0 0.0 0.0 -0.08299294056396989
9.02 0.0 0.0 0.0 -0.00958855758627794
9.04 0.000771757577570753 0.011193408900931595 0.0 -0.1364276657568379
9.06 0.0 0.0 0.0 -0.05934525058311835
9.08 0.0 0.12749724479314462 0.0 -0.16498404445128578
9.1 0.0 0.08589420210778695 0.0 -0.10174587918790351
9.12 0.0 0.09728562015950076 0.0 -0.15964838497914202
9.14 0.0 0.0 0.0 -0.10708153866004727
9.16 0.0 0.0 0.0 -0.12042068734040665
9.18 0.0 0.0 0.0 -0.05782994689318474
9.2 0.03410615620685534 0.0 0.0 -0.017592046794493582
9.22 0.0 0.0 0.0 -0.05277893459340591
9.24 0.07631240631028302 0.011323320103427681 0.0 -0.015208864230786656
9.26 0.024997656624925313 0.0 0.0 -0.04506009255755519
9.28 0.12295458215078225 0.05268971468099842 -0.030063316601079693 0.0
9.3 0.05665234420249607 0.025234304732712265 0.0 0.0
9.32 0.12991007446542452 0.09405610925856916 -0.034246450027085235 0.0
9.34 0.08135153946542453 0.06576084378442609 -0.007710476252548892 0.0
9.36 0.10964680493956763 0.14873028104735453 0.0 0.0
9.38 0.11767880088785379 0.09573582031028302 -0.030710741417240034 0.0
9.4 0.05245306657321147 0.134582648310283 0.0 0.0
9.42 0.17534583546978383 0.03662572278442611 0.0 0.0
9.44 0.0987286831034277 0.06492098825856918 0.0 0.0
9.46 0.08397784294828617 0.05436942573271228 0.0 0.0
9.48 0.0 0.07295298420685534 0.01694462197833324 0.0
9.5 0.0 0.06767720294392687 0.0 0.0
9.52 -0.04082500041371068 0.05268971468099842 0.03648730900460967 0.0
9.54 -0.0009016687800667833 0.02799051941806996 0.0 0.0
9.56 -0.1826678870947091 0.0 0.027473617336438244 0.0
9.58 -0.11720550467227986 0.0 0.0 0.0
9.6 -0.20545072319813684 0.0 0.0 0.0
9.62 -0.14358441098692215 0.0 0.0 0.0
9.64 -0.24070148098692212 0.0 0.0 0.0
9.66 -0.17799531324985063 0.0 0.0 0.0
9.68 -0.21156635998692214 0.0 0.0 0.0
9.7 -0.13387270398692214 0.0 0.0 0.0
9.72 -0.15689218819813683 0.0 0.0 0.0
9.74 -0.11636564914642297 0.0 0.0 0.0
9.76 -0.08998674283178065 0.011323320103427681 -0.03323624756712945 0.0
9.78 0.0 0.0 0.0 0.0
9.8 0.0 0.0 -0.14291585127511997 0.0
9.82 0.0 0.0 -0.054657015927134955 0.0
9.84 0.012873119952645423 0.0 -0.19317764550193822 0.0
9.86 0.0 0.0 -0.10708153866004727 0.0
9.88 0.08061842084485848 0.0 -0.206879571826093 0.0
9.9 0.0 0.0 -0.1579907577030259 0.0
9.92 0.0 0.0 -0.2158932634942644 0.0
9.94 0.0 0.0 -0.13679044340063334 0.0
9.96 0.0 0.0 -0.15597035278311433 0.0
9.98 0.0 0.0 -0.11039679321227952 0.0
10.0 0.015759245840499203 0.0 -0.04044998837300226 0.0
10.02 0.0 0.0 -0.05811459406554967 0.0
10.04 0.08098498015514152 0.003894531573211485 0.0 0.0
10.06 0.028830374943926873 0.0 0.0 0.0
10.08 0.14177478873271232 0.05137656293956763 0.0 -0.02205982739286405
10.1 0.10376781625856918 0.0389086412542099 0.0 0.0
10.12 0.1531662067844261 0.1077304457800668 0.0 -0.02941589178491935
10.14 0.10101160157321148 0.09358281304299529 0.0 0.0
10.16 0.1645576248361399 0.10689059025420988 0.0 0.0
10.18 0.13542250383613996 0.16348112120249608 0.0 -0.029053114141123937
10.2 0.1592818435732115 0.08326789862492531 0.0 0.0
10.22 0.12487094131028303 0.1523263512585692 0.0 0.0
10.24 0.15844198804735454 0.10484431989221307 0.0 0.0
10.26 0.12846701152149764 0.16862699126292846 0.0 0.0
10.28 0.07906862099564071 0.004604475896572369 0.0 0.0020901696080401766
10.3 0.049093644469783815 0.06838714726728776 0.0 0.0
10.32 0.03326630068099845 0.0 0.0 0.036992410234587575
10.34 0.0 0.0 0.0 0.0
10.36 0.0 -0.03974849678006681 0.0 0.040165341200637306
10.38 0.002451468629284581 0.0 0.0 0.0
10.4 0.0 -0.13135313740935134 0.0 0.0
10.42 0.0 -0.02620407146106521 0.0 0.0
10.44 0.0 -0.16300782498692212 0.0 0.0
10.46 0.0 -0.04203141524985063 0.0 0.0
10.48 0.0 -0.10473758298692215 0.0 0.0
10.5 0.0 -0.002344731723993687 0.0 0.0
10.52 0.0 -0.03507592293520834 0.0 0.0
10.54 0.0 0.0 0.0 0.0
10.56 0.0 0.0 0.0 0.0
10.58 0.0 0.0 0.0 0.0
10.6 0.0 0.0 0.0 -0.0798200095979201
10.62 0.0 0.0 0.0 -0.00958855758627794
10.64 0.000771757577570753 0.011193408900931595 0.0 -0.14226842645895954
10.66 0.0 0.0 0.0 -0.05934525058311835
10.68 0.0 0.12749724479314462 0.0 -0.16498404445128578
10.7 0.0 0.06647078810778698 0.0 -0.10174587918790351
10.72 0.0 0.09728562015950076 0.0 -0.16866207664731336
10.74 0.0 0.0 0.0 -0.10441370892397533
10.76 0.0 0.0 0.0 -0.12042068734040665
10.78 0.0 0.0 0.0 -0.06367070759530635
10.8 0.02439444920685535 0.0 0.0 -0.020259876530565463
10.82 0.0 0.0 0.0 -0.06446045599764921
10.84 0.066600699310283 0.001611613103427667 0.0 -0.015208864230786656
10.86 0.005574242624925313 0.0 0.0 -0.041887161591505434
10.88 0.13794207041371065 0.05268971468099842 -0.024222555898958054 0.0
10.9 0.05665234420249607 0.025234304732712265 0.0 0.0
10.92 0.12991007446542452 0.09405610925856916 -0.031073519061035476 0.0
10.94 0.07163983246542455 0.08518425778442612 0.0 0.0
10.96 0.11935851193956765 0.15400606231028302 0.0 0.0
10.98 0.11767880088785379 0.11515923431028302 -0.02804291168116818 0.0
11.0 0.07715226183613993 0.134582648310283 0.0 0.0
11.02 0.19033332373271228 0.04190150404735454 0.0 0.0
11.04 0.07486934336635614 0.06048506252149766 0.0 0.0
11.06 0.09452940547414307 0.05436942573271228 0.0 0.0
11.08 0.0 0.06324127720685535 0.01694462197833324 0.0
11.1 0.0 0.05796549594392689 0.0 0.0
11.12 -0.03998514488785376 0.04297800768099841 0.027473617336438244 0.0
11.14 -0.019485227254209897 0.013003031155141509 0.0 0.0
11.16 -0.17211632456885223 0.0 0.012619164966145235 0.0
11.18 -0.12080157488349447 0.0 0.0 0.0
11.2 -0.21432257467227983 0.0 0.0 0.0
11.22 -0.14274455546106524 0.0 0.0 0.0
11.24 -0.2354256997239937 0.0 0.0 0.0
11.26 -0.1577320437239937 0.0 0.0 0.0
11.28 -0.18159138346106518 0.0 0.0 0.0
11.3 -0.13746877419813686 0.0 0.0 0.0
11.32 -0.14106484440935135 0.0 0.0 0.0
11.34 -0.11552579362056603 0.0 0.0 0.0
11.36 -0.0749992545688522 0.000771757577570753 -0.017876693966858537 0.0
11.38 -6.181325420989703e-5 0.0 0.0 0.0
11.4 0.0 0.0 -0.11270184530455596 0.0
11.42 0.0 0.0 -0.04780605276505756 0.0
11.44 0.0 0.0 -0.17464516093561755 0.0
11.46 0.0 0.0 -0.08854905409372654 0.0
11.48 0.06035515131900154 0.0 -0.20586936936613726 0.0
11.5 0.0 0.0 -0.13361751243458353 0.0
11.52 0.0 0.0 -0.2063744705961152 0.0
11.54 0.0 0.0 -0.1389531719067273 0.0
11.56 0.0 0.0 -0.14645155988496505 0.0
11.58 0.0 0.0 -0.09821017057805831 0.0
11.6 0.020195171577570753 0.0 -0.05797227047936718 0.0
11.62 0.0 0.0 -0.06712828573372107 0.0
11.64 0.07127327315514151 0.012766383047354557 0.0 0.0
11.66 0.0 0.0 0.0 0.0
11.68 0.13649900746978383 0.06468434015078223 0.0 0.0
11.7 0.055209281258569165 0.03722893020249607 0.0 0.0
11.72 0.1434544997844261 0.09633902772835296 0.0 0.0
11.74 0.11515923431028302 0.07247968799128143 0.0 0.0
11.76 0.16899355057321153 0.09549917220249607 0.0 0.0
11.78 0.1107233085732115 0.13266628915078227 0.0 -0.030710741417240034
11.8 0.15400606231028302 0.05688899231028302 0.0 0.0
11.82 0.13901857404735457 0.1797817612068553 0.0 0.0
11.84 0.13817871852149766 0.11287631584049923 0.0 0.0
11.86 0.09405610925856916 0.1916464754741431 0.0 0.0
11.88 0.07379283973271228 0.023188034370715427 0.0 0.0020901696080401766
11.9 0.028830374943926873 0.06754729174143087 0.0 0.0
11.92 0.02799051941806996 0.0 0.0 0.027473617336438244
11.94 0.027150663892213045 0.0 0.0 0.0
11.96 0.0 -0.025600864042995275 0.0 0.018965026898244752
11.98 0.0 0.0 0.0 0.0
12.0 0.0 -0.09250630940935134 0.0 0.0
12.02 0.0 0.0 0.0 0.0
12.04 0.0 -0.13830862972399371 0.0 0.0
12.06 0.0 -0.02260800124985063 0.0 0.0
12.08 0.0 -0.0897500947239937 0.0 0.0
12.1 0.0 0.0 0.0 0.0
12.12 0.0 -0.010376727672279845 0.0 0.0
12.14 0.0 0.0 0.0 0.0
12.16 0.0 0.0 0.0 -0.012541034494714776
12.18 0.0 0.0 0.0 0.0
12.2 0.0 0.0 0.0 -0.11955280846663335
12.22 0.0 0.0 0.0 -0.03129397311864837
12.24 0.0 0.08529099468971696 0.0 -0.14645155988496505
12.26 0.0 0.10723397526728776 0.0 -0.06619621374519577
12.28 0.0 0.26957677958193005 0.0 -0.18618435875367834
12.3 0.0 0.05316301089657233 0.0 -0.09374238997968781
12.32 0.0 0.08397784294828617 0.0 -0.1691671778772913
12.34 0.0 0.0 0.0 -0.0990780494518316
12.36 0.0 0.0 0.0 -0.11775285760433477
12.38 0.0 0.0 0.0 -0.060497776629256594
12.4 0.04993349999564073 0.0 0.0 -0.020259876530565463
12.42 0.0 0.0 0.0 -0.0729690464358427
12.44 0.10185145709906843 0.006887394366356159 -0.0025171403665876224 -0.0030222415965655003
12.46 0.01612580515078224 0.0 0.0 -0.018019017553041
12.48 0.14849363293956763 0.07295298420685534 -0.03958210949922897 0.0
12.5 0.07247968799128143 0.040221792995640715 0.0 0.0
12.52 0.15101319951713837 0.1143193787844261 -0.06712828573372107 0.0
12.54 0.09801873878006678 0.09573582031028302 -0.020402200116747926 0.0
12.56 0.1263140042542099 0.1592818435732115 0.0 0.0
12.58 0.13962178146542453 0.13542250383613996 -0.029053114141123937 0.0
12.6 0.10353116815078223 0.1495701365732115 0.0 0.0
12.62 0.1434544997844261 0.09573582031028302 0.0 0.0
12.64 0.08098498015514152 0.06576084378442609 0.0 0.0
12.66 0.11479267500000001 0.04549757425856918 0.0 0.0
12.68 0.0 0.08350454673271226 0.046148425488941436 0.0
12.7 0.0 0.06324127720685535 0.0 0.0
12.72 -0.05497263315078224 0.06767720294392687 0.04867393163883085 0.0
12.74 -0.034472715517138375 0.04297800768099841 0.0 0.0
12.76 -0.2118030080947091 0.003291324155141495 0.031151649532465936 0.0
12.78 -0.14634062567227984 0.0 0.0 0.0
12.8 -0.2787084534610652 0.0 0.0 0.0
12.82 -0.18327109451277906 0.0 0.0 0.0
12.84 -0.29009987151277905 0.0 0.0 0.0
12.86 -0.18327109451277906 0.0 0.0 0.0
12.88 -0.24070148098692212 0.0 0.0 0.0
12.9 -0.1577320437239937 0.0 0.0 0.0
12.92 -0.15689218819813683 0.0 0.0 0.0
12.94 -0.13662891867227983 0.0 0.0 0.0
12.96 -0.12523750062056604 0.001611613103427667 -0.014703763000808778 0.0
12.98 -0.021164938305923753 0.0 0.0 0.0
13.0 0.0 0.001611613103427667 -0.09467446196821316 0.0
13.02 0.0 0.0 -0.038792361096886135 0.0
13.04 0.0 0.0 -0.1714722299695678 0.0
13.06 0.0 0.0 -0.08854905409372654 0.0
13.08 0.016232542056073107 0.0 -0.20002860866401562 0.0
13.1 0.0 0.0 -0.12510892199639007 0.0
13.12 0.005444331422429255 0.0 -0.2063744705961152 0.0
13.14 0.0 0.0 -0.14796686357489874 0.0
13.16 0.0 0.0 -0.1554652515531365 0.0
13.18 0.0 0.0 -0.09554234084198643 0.0
13.2 0.0 0.0 -0.0553044407432953 0.0
13.22 0.0 0.0 -0.06446045599764921 0.0
13.24 0.05628578489221306 0.0 0.0 0.0
13.26 0.0 0.0 0.0 0.0
13.28 0.12151151920685535 0.07439604715078224 0.0 -0.004032444056521256
13.3 0.04993349999564073 0.04694063720249608 0.0 0.0
13.32 0.1434544997844261 0.10605073472835297 0.0 0.0
13.34 0.12487094131028303 0.07247968799128143 0.0 0.0
13.36 0.16899355057321153 0.10521087920249605 0.0 0.0
13.38 0.12043501557321148 0.13266628915078227 0.0 -0.022202150979046514
13.4 0.15400606231028302 0.062164773573211485 0.0 0.0
13.42 0.13901857404735457 0.1850575424697838 0.0 0.0
13.44 0.12846701152149764 0.12786380410342768 0.0 0.0
13.46 0.08434440225856918 0.18193476847414308 0.0 0.0
13.48 0.06408113273271226 0.0 0.0 0.0020901696080401766
13.5 0.028830374943926873 0.05783558474143086 0.0 0.0
13.52 0.018278812418069945 0.0 0.0 0.027473617336438244
13.54 0.007727249892213045 0.0 0.0 0.0
13.56 0.0 -0.0450242780429953 0.0 0.018965026898244752
13.58 0.0 0.0 0.0 0.0
13.6 0.0 -0.09778209067227983 0.0 0.0
13.62 0.0 -0.002344731723993687 0.0 0.0
13.64 0.0 -0.1285969227239937 0.0 0.0
13.66 0.0 -0.012896294249850615 0.0 0.0
13.68 0.0 -0.0897500947239937 0.0 0.0
13.7 0.0 0.0 0.0 0.0
13.72 0.0 -0.010376727672279845 0.0 0.0
13.74 0.0 0.0 0.0 0.0
13.76 0.0 0.0 0.0 -0.012541034494714776
13.78 0.0 0.0 0.0 0.0
13.8 0.0 0.0 0.0 -0.11371204776451171
13.82 0.0 0.0 0.0 -0.025453212416526733
13.84 0.006047538840499217 0.08085506895264546 0.0 -0.13477003848072178
13.86 0.0 0.10723397526728776 0.0 -0.05451469234095249
13.88 0.0 0.25015336558193 0.0 -0.19202511945579998
13.9 0.0 0.05316301089657233 0.0 -0.09958315068180945
13.92 0.0 0.07426613594828615 0.0 -0.1691671778772913
13.94 0.0 0.0 0.0 -0.10491881015395321
13.96 0.0 0.0 0.0 -0.11775285760433477
13.98 0.0 0.0 0.0 -0.054657015927134955
14.0 0.04993349999564073 0.0 0.0 -0.017086945564515676
14.02 0.0 0.0 0.0 -0.07880980713796437
14.04 0.09213975009906841 0.006887394366356159 0.0 -0.0030222415965655003
14.06 0.025837512150782227 0.0 0.0 -0.018019017553041
14.08 0.14849363293956763 0.05796549594392689 -0.027900588094985718 0.0
14.1 0.07247968799128143 0.0305100859956407 0.0 0.0
14.12 0.1554491252542099 0.1143193787844261 -0.061287525031599455 0.0
14.14 0.09801873878006678 0.09573582031028302 -0.020402200116747926 0.0
14.16 0.1263140042542099 0.1592818435732115 0.0 0.0
14.18 0.1590451954654245 0.12571079683613995 -0.029053114141123937 0.0
14.2 0.10353116815078223 0.13985842957321148 0.0 0.0
14.22 0.1531662067844261 0.07631240631028302 0.0 0.0
14.24 0.08098498015514152 0.05604913678442611 0.0 0.0
14.26 0.12450438200000002 0.03578586725856919 0.0 0.0
14.28 0.0 0.07379283973271228 0.05782994689318474 0.0
14.3 0.0 0.06324127720685535 0.0 0.0
14.32 -0.04969685188785378 0.06767720294392687 0.03381947926853776 0.0
14.34 -0.015049301517138347 0.04297800768099841 0.0 0.0
14.36 -0.19237959409470912 0.003291324155141495 0.036992410234587575 0.0
14.38 -0.14634062567227984 0.0 0.0 0.0
14.4 -0.2787084534610652 0.0 0.0 0.0
14.42 -0.18327109451277906 0.0 0.0 0.0
14.44 -0.2706764575127791 0.0 0.0 0.0
14.46 -0.18327109451277906 0.0 0.0 0.0
14.48 -0.22655384824985064 0.0 0.0 0.0
14.5 -0.1532961179869221 0.0 0.0 0.0
14.52 -0.1621679694610652 0.0 0.0 0.0
14.54 -0.12691721167227987 0.0 0.0 0.0
14.56 -0.12523750062056604 0.001611613103427667 -0.01737159273688066 0.0
14.58 -0.0361524265688522 0.0 0.0 0.0
14.6 0.0 0.001611613103427667 -0.10368815363638456 0.0
14.62 0.0 0.0 -0.038792361096886135 0.0
14.64 0.0 0.0 -0.1714722299695678 0.0
14.66 0.0 0.0 -0.07102677198736163 0.0
14.68 0.035655956056073135 0.0 -0.20002860866401562 0.0
14.7 0.0 0.0 -0.12777675173246195 0.0
14.72 0.015156038422429269 0.0 -0.2063744705961152 0.0
14.74 0.0 0.0 -0.1421261028727771 0.0
14.76 0.0 0.0 -0.1554652515531365 0.0
14.78 0.0 0.0 -0.09554234084198643 0.0
14.8 0.014919390314642289 0.0 -0.0553044407432953 0.0
14.82 0.0 0.0 -0.07030121669977082 0.0
14.84 0.06599749189221304 0.0 0.0 0.0
14.86 0.004131179680998409 0.0 0.0 0.0
14.88 0.12151151920685535 0.07439604715078224 0.0 0.0
14.9 0.04993349999564073 0.04694063720249608 0.0 0.0
14.92 0.1531662067844261 0.10605073472835297 0.0 0.0
14.94 0.12487094131028303 0.07247968799128143 0.0 0.0
14.96 0.16899355057321153 0.09549917220249607 0.0 0.0
14.98 0.12043501557321148 0.13266628915078227 0.0 -0.03388367238328979
15.0 0.15400606231028302 0.05245306657321147 0.0 0.0
15.02 0.12930686704735456 0.1797817612068553 0.0 0.0
15.04 0.12846701152149764 0.1322997298404992 0.0 0.0
15.06 0.09405610925856916 0.17222306147414307 0.0 0.0
15.08 0.06408113273271226 0.0 0.0 0.0020901696080401766
15.1 0.028830374943926873 0.05783558474143086 0.0 0.0
15.12 0.02799051941806996 0.0 0.0 0.027473617336438244
15.14 0.01743895689221306 0.0 0.0 0.0
15.16 0.0 -0.025600864042995275 0.0 0.018965026898244752
15.18 0.0 0.0 0.0 0.0
15.2 0.0 -0.09778209067227983 0.0 0.0
15.22 0.0 -0.002344731723993687 0.0 0.0
15.24 0.0 -0.1285969227239937 0.0 0.0
15.26 0.0 -0.003184587249850601 0.0 0.0
15.28 0.0 -0.08003838772399369 0.0 0.0
15.3 0.0 0.0 0.0 0.0
15.32 0.0 -0.010376727672279845 0.0 0.0
15.34 0.0 0.0 0.0 0.0
15.36 0.0 0.0 0.0 -0.012541034494714776
15.38 0.0 0.0 0.0 0.0
15.4 0.0 0.0 0.0 -0.11371204776451171
15.42 0.0 0.0 0.0 -0.025453212416526733
15.44 0.0 0.08085506895264546 0.0 -0.14061079918284347
15.46 0.0 0.10723397526728776 0.0 -0.07203697444731744
15.48 0.0 0.2598650725819301 0.0 -0.19202511945579998
15.5 0.0 0.05316301089657233 0.0 -0.10542391138393112
15.52 0.0 0.08397784294828617 0.0 -0.17234010884334106
15.54 0.0 0.0 0.0 -0.0990780494518316
15.56 0.0 0.0 0.0 -0.11775285760433477
15.58 0.0 0.0 0.0 -0.060497776629256594
15.6 0.04993349999564073 0.0 0.0 -0.020259876530565463
15.62 0.0 0.0 0.0 -0.0729690464358427
15.64 0.10185145709906843 0.016599101366356117 0.0 -0.0030222415965655003
15.66 0.01612580515078224 0.0 0.0 -0.018019017553041
15.68 0.13878192593956762 0.07295298420685534 -0.03958210949922897 0.0
15.7 0.06720390672835297 0.0305100859956407 0.0 0.0
15.72 0.14573741825420988 0.1143193787844261 -0.061287525031599455 0.0
15.74 0.08303125051713836 0.105447527310283 -0.020402200116747926 0.0
15.76 0.12187807851713836 0.1592818435732115 0.0 0.0
15.78 0.14933348846542455 0.13542250383613996 -0.029053114141123937 0.0
15.8 0.10353116815078223 0.1495701365732115 0.0 0.0
15.82 0.13374279278442613 0.09573582031028302 0.0 0.0
15.84 0.07654905441806997 0.06576084378442609 0.0 0.0
15.86 0.13421608899999998 0.04549757425856918 0.0 0.0
15.88 0.0 0.07379283973271228 0.06100287785923447 0.0
15.9 0.0 0.05352957020685534 0.0 0.0
15.92 -0.04969685188785378 0.06767720294392687 0.05451469234095249 0.0
15.94 -0.034472715517138375 0.05268971468099842 0.0 0.0
15.96 -0.19237959409470912 0.003291324155141495 0.036992410234587575 0.0
15.98 -0.13662891867227983 0.0 0.0 0.0
16.0 -0.2787084534610652 0.0 0.0 0.0
16.02 -0.17355938751277905 0.0 0.0 0.0
16.04 -0.26096475051277906 0.0 0.0 0.0
16.06 -0.18327109451277906 0.0 0.0 0.0
16.08 -0.24070148098692212 0.0 0.0 0.0
16.1 -0.17271953198692214 0.0 0.0 0.0
16.12 -0.16660389519813684 0.0 0.0 0.0
16.14 -0.12691721167227987 0.0 0.0 0.0
16.16 -0.11996171935763758 0.011323320103427681 -0.020544523702930417 0.0
16.18 -0.04058835230592375 0.0 0.0 0.0
16.2 0.0 0.001611613103427667 -0.1005152226703348 0.0
16.22 0.0 0.0 -0.038792361096886135 0.0
16.24 0.0 0.0 -0.1714722299695678 0.0
16.26 0.0 0.0 -0.07419970295341138 0.0
16.28 0.035655956056073135 0.0 -0.19418784796189392 0.0
16.3 0.0 0.0 -0.14263120410275498 0.0
16.32 0.03014352668535772 0.0 -0.2005337098939935 0.0
16.34 0.0 0.0 -0.14796686357489874 0.0
16.36 0.0 0.0 -0.16130601225525815 0.0
16.38 0.0 0.0 -0.09554234084198643 0.0
16.4 0.005207683314642303 0.0 -0.06114520144541696 0.0
16.42 0.0 0.0 -0.06446045599764921 0.0
16.44 0.05628578489221306 0.0 0.0 0.0
16.46 0.004131179680998409 0.0 0.0 0.0
16.48 0.12151151920685535 0.06468434015078223 0.0 0.0
16.5 0.05964520699564074 0.05665234420249607 0.0 0.0
16.52 0.13817871852149766 0.10605073472835297 0.0 0.0
16.54 0.12487094131028303 0.07247968799128143 0.0 0.0
16.56 0.16899355057321153 0.10521087920249605 0.0 0.0
16.58 0.12043501557321148 0.13266628915078227 0.0 -0.03388367238328979
16.6 0.15400606231028302 0.062164773573211485 0.0 0.0
16.62 0.13901857404735457 0.17534583546978383 0.0 0.0
16.64 0.13817871852149766 0.10844039010342765 0.0 0.0
16.66 0.08878032799564073 0.17749884273707156 0.0 0.0
16.68 0.05880535146978383 0.0 0.0 0.0
16.7 0.019118667943926887 0.06311136600435929 0.0 0.0
16.72 0.008567105418069959 0.0 0.0 0.027473617336438244
16.74 0.007727249892213045 0.0 0.0 0.0
16.76 0.0 -0.04418442251713836 0.0 0.013124266196123113
16.78 0.0 0.0 0.0 0.0
16.8 0.0 -0.09694223514642297 0.0 0.0
16.82 0.0 0.0 0.0 0.0
16.84 0.0 -0.11804536019813683 0.0 0.0
16.86 0.0 -0.006780657461065209 0.0 0.0
16.88 0.0 -0.07919853219813683 0.0 0.0
16.9 0.0 0.0 0.0 0.0
16.92 0.0 0.0 0.0 0.0
16.94 0.0 0.0 0.0 0.0
16.96 0.0 0.0 0.0 0.0
16.98 0.0 0.0 0.0 0.0
17.0 0.0 0.0 0.0 -0.09200663223214128
17.02 0.0 0.0 0.0 -0.018602249254449338
17.04 0.0 0.027020752689716987 0.0 -0.13960059672288772
17.06 0.0 0.024264538004359293 0.0 -0.04766372917887507
17.08 0.0 0.1477605143190016 0.0 -0.16498404445128578
17.1 0.0 0.08673405763364384 0.0 -0.10441370892397533
17.12 0.0 0.10783718268535769 0.0 -0.16548914568126366
17.14 0.0 0.0 0.0 -0.09540001725580399
17.16 0.0 0.0 0.0 -0.11724775637435689
17.18 0.0 0.0 0.0 -0.060497776629256594
17.2 0.04381786320685535 0.0 0.0 -0.014419115828443824
17.22 0.0 0.0 0.0 -0.06446045599764921
17.24 0.066600699310283 0.006887394366356159 0.0 -0.021049624932908295
17.26 0.015285949624925299 0.0 0.0 -0.041887161591505434
17.28 0.11324287515078224 0.06767720294392687 -0.03907700826925109 0.0
17.3 0.05137656293956763 0.03494601173271228 0.0 0.0
17.32 0.12463429320249608 0.10904359752149767 -0.034246450027085235 0.0
17.34 0.07163983246542455 0.08074833204735457 0.0 0.0
17.36 0.11492258620249607 0.144294355310283 0.0 0.0
17.38 0.12295458215078225 0.12043501557321148 -0.024869980715118423 0.0
17.4 0.07271633609906841 0.134582648310283 0.0 0.0
17.42 0.1858973979956407 0.04190150404735454 0.0 0.0
17.44 0.07486934336635614 0.04549757425856918 0.0 0.0
17.46 0.13337623347414307 0.03494601173271228 0.0 0.0
17.48 0.0 0.07295298420685534 0.02278538268045488 0.0
17.5 0.0 0.05796549594392689 0.0 0.0
17.52 -0.04969685188785378 0.05268971468099842 0.027473617336438244 0.0
17.54 -0.009773520254209911 0.02799051941806996 0.0 0.0
17.56 -0.16240461756885222 0.0 0.018459925668266874 0.0
17.58 -0.13578906314642297 0.0 0.0 0.0
17.6 -0.19489916067227986 0.0 0.0 0.0
17.62 -0.10389772746106521 0.0 0.0 0.0
17.64 -0.2010147974610652 0.0 0.0 0.0
17.66 -0.14802033672399373 0.0 0.0 0.0
17.68 -0.1913030904610652 0.0 0.0 0.0
17.7 -0.14274455546106524 0.0 0.0 0.0
17.72 -0.14634062567227984 0.0 0.0 0.0
17.74 -0.13051328188349448 0.0 0.0 0.0
17.76 -0.08471096156885222 0.021035027103427667 -0.017876693966858537 0.0
17.78 0.0 0.0 0.0 0.0
17.8 0.0 0.0 -0.10102032390031268 0.0
17.82 0.0 0.0 -0.03612453136081428 0.0
17.84 0.0 0.0 -0.16880440023349585 0.0
17.86 0.0 0.0 -0.0827082933916049 0.0
17.88 0.055919225581930077 0.0 -0.20002860866401562 0.0
17.9 0.0 0.0 -0.13361751243458353 0.0
17.92 0.0 0.0 -0.2063744705961152 0.0
17.94 0.0 0.0 -0.13628534217065547 0.0
17.96 0.0 0.0 -0.14378373014889323 0.0
17.98 0.0 0.0 -0.08970158013986479 0.0
18.0 0.010483464577570767 0.0 -0.05213150977724551 0.0
18.02 0.0 0.0 -0.06712828573372107 0.0
18.04 0.07127327315514151 0.003054676047354543 0.0 0.0
18.06 0.0 0.0 0.0 0.0
18.08 0.12678730046978381 0.06468434015078223 0.0 0.0
18.1 0.07463269525856919 0.027517223202496055 0.0 0.0
18.12 0.1434544997844261 0.09106324646542452 0.0 0.0
18.14 0.11515923431028302 0.06720390672835297 0.0 0.0
18.16 0.16899355057321153 0.10521087920249605 0.0 0.0
18.18 0.1107233085732115 0.14237799615078223 0.0 -0.030710741417240034
18.2 0.15400606231028302 0.05688899231028302 0.0 0.0
18.22 0.12930686704735456 0.1894934682068553 0.0 0.0
18.24 0.13817871852149766 0.12258802284049919 0.0 0.0
18.26 0.08434440225856918 0.1916464754741431 0.0 0.0
18.28 0.05880535146978383 0.0 0.0 0.0020901696080401766
18.3 0.028830374943926873 0.052559803478502365 0.0 0.0
18.32 0.02799051941806996 0.0 0.0 0.027473617336438244
18.34 0.01743895689221306 0.0 0.0 0.0
18.36 0.0 -0.03531257104299529 0.0 0.018965026898244752
18.38 0.0 0.0 0.0 0.0
18.4 0.0 -0.09778209067227983 0.0 0.0
18.42 0.0 -0.021768145723993687 0.0 0.0
18.44 0.0 -0.11888521572399369 0.0 0.0
18.46 0.0 -0.02260800124985063 0.0 0.0
18.48 0.0 -0.0897500947239937 0.0 0.0
18.5 0.0 0.0 0.0 0.0
18.52 0.0 -0.010376727672279845 0.0 0.0
18.54 0.0 0.0 0.0 0.0
18.56 0.0 0.0 0.0 -0.012541034494714776
18.58 0.0 0.0 0.0 0.0
18.6 0.0 0.0 0.0 -0.11371204776451171
18.62 0.0 0.0 0.0 -0.03446690408469816
18.64 0.006047538840499217 0.075579287689717 0.0 -0.14645155988496505
18.66 0.0 0.10195819400435929 0.0 -0.06352838400912386
18.68 0.0 0.2598650725819301 0.0 -0.18618435875367834
18.7 0.0 0.05316301089657233 0.0 -0.10542391138393112
18.72 0.0 0.08397784294828617 0.0 -0.1691671778772913
18.74 0.0 0.0 0.0 -0.09323728874970993
18.76 0.0 0.0 0.0 -0.11775285760433477
18.78 0.0 0.0 0.0 -0.060497776629256594
18.8 0.04993349999564073 0.0 0.0 -0.011246184862394037
18.82 0.0 0.0 0.0 -0.0729690464358427
18.84 0.08242804309906843 0.006887394366356159 -0.005690071332637381 -0.0030222415965655003
18.86 0.01612580515078224 0.0 0.0 -0.023859778255162667
18.88 0.13878192593956762 0.06324127720685535 -0.03958210949922897 0.0
18.9 0.07247968799128143 0.020798378995640715 0.0 0.0
18.92 0.15101319951713837 0.1143193787844261 -0.061287525031599455 0.0
18.94 0.09801873878006678 0.08602411331028303 -0.020402200116747926 0.0
18.96 0.12187807851713836 0.16899355057321153 0.0 0.0
18.98 0.14933348846542455 0.12571079683613995 -0.029053114141123937 0.0
19.0 0.10353116815078223 0.13985842957321148 0.0 0.0
19.02 0.1434544997844261 0.07631240631028302 0.0 0.0
19.04 0.06599749189221304 0.06576084378442609 0.0 0.0
19.06 0.12450438200000002 0.03578586725856919 0.0 0.0
19.08 0.0 0.06408113273271226 0.05782994689318474 0.0
19.1 0.0 0.05352957020685534 0.0 0.0
19.12 -0.05940855888785379 0.06767720294392687 0.04867393163883085 0.0
19.14 -0.034472715517138375 0.04297800768099841 0.0 0.0
19.16 -0.20209130109470913 0.0 0.036992410234587575 0.0
19.18 -0.14634062567227984 0.0 0.0 0.0
19.2 -0.2787084534610652 0.0 0.0 0.0
19.22 -0.17355938751277905 0.0 0.0 0.0
19.24 -0.2706764575127791 0.0 0.0 0.0
19.26 -0.18327109451277906 0.0 0.0 0.0
19.28 -0.24070148098692212 0.0 0.0 0.0
19.3 -0.17271953198692214 0.0 0.0 0.0
19.32 -0.15689218819813683 0.0 0.0 0.0
19.34 -0.13662891867227983 0.0 0.0 0.0
19.36 -0.12523750062056604 0.001611613103427667 -0.01737159273688066 0.0
19.38 -0.030876645305923767 0.0 0.0 0.0
19.4 0.0 0.001611613103427667 -0.1005152226703348 0.0
19.42 0.0 0.0 -0.038792361096886135 0.0
19.44 0.0 0.0 -0.1804859216377392 0.0
19.46 0.0 0.0 -0.08588122435765466 0.0
19.48 0.035655956056073135 0.0 -0.19736077892794368 0.0
19.5 0.0 0.0 -0.1309496826985117 0.0
19.52 0.024867745422429255 0.0 -0.21221523129823683 0.0
19.54 0.0 0.0 -0.15380762427702038 0.0
19.56 0.0 0.0 -0.1554652515531365 0.0
19.58 0.0 0.0 -0.10455603251015785 0.0
19.6 0.005207683314642303 0.0 -0.0553044407432953 0.0
19.62 0.0 0.0 -0.06446045599764921 0.0
19.64 0.06599749189221304 0.0 0.0 0.0
19.66 0.013842886680998423 0.0 0.0 0.0
19.68 0.11179981220685534 0.07439604715078224 0.0 -0.004032444056521256
19.7 0.05964520699564074 0.04694063720249608 0.0 0.0
19.72 0.1434544997844261 0.10605073472835297 0.0 0.0
19.74 0.11515923431028302 0.07247968799128143 0.0 0.0
19.76 0.16899355057321153 0.09549917220249607 0.0 0.0
19.78 0.12043501557321148 0.13266628915078227 0.0 -0.02804291168116818
19.8 0.144294355310283 0.05688899231028302 0.0 0.0
19.82 0.12930686704735456 0.1894934682068553 0.0 0.0
19.84 0.11875530452149763 0.12258802284049919 0.0 0.0
19.86 0.07906862099564071 0.18193476847414308 0.0 0.0
19.88 0.05880535146978383 0.0 0.0 0.0020901696080401766
19.9 0.028830374943926873 0.04284809647850235 0.0 0.0
19.92 0.018278812418069945 0.0 0.0 0.027473617336438244
19.94 0.007727249892213045 0.0 0.0 0.0
19.96 0.0 -0.025600864042995275 0.0 0.02480578760036639
19.98 0.0 0.0 0.0 0.0
20.0 0.0 -0.09778209067227983 0.0 0.0
