0.0 0.0 -0.03654939869159109 -0.025121526488041265 0.0
0.02 0.0 -0.03654939869159109 -0.025121526488041265 0.025121526488041265
0.04 0.2923951895327287 0.297616532202956 -0.3647642304733382 -0.3616240396623331
0.06 0.1859574655675649 0.2610671335113649 -0.07259887261929292 -0.1474613556866768
0.08 0.6675205927774681 0.7394197886116586 -0.592611129591538 -0.6015296056278137
0.1 0.13854244506125898 0.3534287635522042 0.03103577746940004 -0.043826705597983885
0.12 0.44698999514203536 0.5919879883594079 -0.31098979606903093 -0.3638709434593786
0.14 0.02444957139099003 0.1694475646083625 0.2743451124325398 0.21367729422996173
0.16 0.3232657051429376 0.4349247717783287 -0.15209112903685634 -0.11491093570153434
0.18 -0.03580733755375416 0.04251280249965526 0.3708144472107854 0.3321279646852436
0.2 0.22645939750660238 0.3015690654504024 -0.03791245461662513 -0.06881226632993681
0.22 -0.09927471860810773 -0.05750397724628933 0.4048544497351022 0.3321279646852436
0.24 0.1565710722330299 0.23489121228643936 -0.04004845263415051 -0.08087093317721754
0.26 -0.16916304388168038 -0.12739230251986197 0.3807371160405408 0.342050633514999
0.28 0.08668274695945724 0.1983418135948483 -0.04218445065167579 -0.07094826434746218
0.3 -0.23905136915525294 -0.12739230251986197 0.3566197823459793 0.30587463297315687
0.32 0.050133348267866064 0.1983418135948483 -0.07836045119351796 -0.10712426488930436
0.34 -0.24226184126486258 -0.09405337593788034 0.2764811104500649 0.24771729675427856
0.36 0.04692287615825668 0.1951313414852386 -0.08049644921104313 -0.10926026290682965
0.38 -0.2788112399564537 -0.13060277462947142 0.2864037792798203 0.2796213012610701
0.4 0.08026180274023816 0.15858194279364757 -0.05751092074052722 -0.09933759407707407
0.42 -0.17558398810089945 -0.13381324673908107 0.284267781262295 0.2335226318894727
0.44 0.0770513306306286 0.18871039726601968 -0.0816282544350888 -0.09155092326484413
0.46 -0.17879446021050893 -0.06713539357511797 0.26015044756773364 0.2533679695489835
0.48 0.07384085852101906 0.22204932384800122 -0.07170558560533333 -0.06856539479432823
0.5 -0.18200493232011858 -0.03379646699313641 0.2360331138731722 0.22925063585442196
0.52 0.14051871168498217 0.2188388517383916 -0.06391891479310316 -0.09268272848888967
0.54 -0.07877768046456436 -0.0004575404111548526 0.2218384490083662 0.21505597098961593
0.56 0.1373082395753728 0.25217777832037325 -0.06605491281062854 -0.07283739082937878
0.58 -0.08198815257417383 0.03288138617082679 0.19772111531380474 0.21291997297209064
0.6 0.13409776746576327 0.21241790751917267 -0.04620957515111775 -0.08703205569418487
0.62 -0.04864922599219218 -0.0068784846303737756 0.1955851172962794 0.1547626367532124
0.64 0.09754836877417224 0.24575683410115415 -0.08238557569295993 -0.08916805371171015
0.66 -0.05185969810180172 0.026460441951607697 0.1473504499071565 0.11858663621137021
0.68 0.12767682324654406 0.2059969632999536 -0.07459890488072986 -0.10336271857651626
0.7 -0.018520771519820255 0.023249969841998064 0.11117444936531434 0.12637330702360022
0.72 0.12446635113693463 0.20278649119034411 -0.08879356974553591 -0.09557604776428615
0.74 -0.05828064232102082 0.08992782300596126 0.09697978450050833 0.10225597332903882
0.76 0.12125587902732507 0.19636554697112504 -0.08100689893330588 -0.10977071262909224
0.78 0.008397210842942293 0.050167952204760696 0.08278511963570229 0.08806130846423278
0.8 0.15138433349969707 0.19315507486151545 -0.11718289947514796 -0.10198404181686217
0.82 0.005186738733332747 0.08350687878674225 0.05866778594114095 0.039826641075109984
0.84 0.14817386139008762 0.22649400144349702 -0.07535622613860109 -0.11617870668166819
0.86 0.07186459189729583 0.15018473195070534 0.05653178792361552 0.025631976210303886
0.88 0.14175291717086852 0.256622455915869 -0.05551088847909031 -0.10839203586943806
0.9 0.032104721096095294 0.1469742598410958 0.030278456211528793 0.01143731134549783
0.92 0.17188137164324055 0.25341198380625957 -0.07184155136142169 -0.06656536253289119
0.94 0.09878257426005842 0.17710271431346783 0.004025124499442042 -0.0027573535193082194
0.96 0.16867089953363107 0.21044164089544937 -0.04207354487215552 -0.07083735856794182
0.98 0.09557210215044887 0.17389224220385835 -0.00024687153560858815 -0.10701335910978395
1.0 0.12891102873243043 0.20723116878583991 -0.04634554090720613 -0.10914935712730933
1.02 0.08915115793122981 0.20402069667623038 -0.048481538924731477 -0.08930401946779853
1.04 0.08594068582162027 0.20081022456662082 -0.0626762037895375 -0.06945868180828775
1.06 0.11927961240360181 0.19759975245701128 -0.07473487063681823 -0.09357601550284918
1.08 0.11606914029399232 0.23093867903899284 -0.07687086865434356 -0.11769334919741062
1.1 0.14940806687597388 0.23093867903899284 -0.12296953802594109 -0.1637920185690081
1.12 0.14940806687597388 0.26427760562097435 -0.1130468691961857 -0.15386934973925276
1.14 0.2192963921495465 0.22772820692938336 -0.1130468691961857 -0.15386934973925276
1.16 0.18274699345795545 0.2610671335113649 -0.1130468691961857 -0.15386934973925276
1.18 0.18274699345795545 0.2610671335113649 -0.1130468691961857 -0.15386934973925276
1.2 0.18274699345795545 0.2610671335113649 -0.13502820487322179 -0.15386934973925276
1.22 0.2192963921495465 0.2610671335113649 -0.1130468691961857 -0.15386934973925276
1.24 0.18274699345795545 0.2245177348197738 -0.1130468691961857 -0.15386934973925276
1.26 0.18274699345795545 0.2245177348197738 -0.1130468691961857 -0.15386934973925276
1.28 0.2192963921495465 0.2245177348197738 -0.15700954055025793 -0.15386934973925276
1.3 0.2192963921495465 0.2245177348197738 -0.13502820487322179 -0.15386934973925276
1.32 0.4020433856075019 0.2245177348197738 -0.26691621893543843 -0.15386934973925276
1.34 0.33215506033392933 0.2245177348197738 -0.17685487820976872 -0.15386934973925276
1.36 0.5912113232846764 0.2610671335113649 -0.3044708962369347 -0.17585068541628887
1.38 0.3116580221903859 0.2245177348197738 -0.11228954793831449 -0.17585068541628887
1.4 0.6136846280519431 0.2245177348197738 -0.29379090614930803 -0.15386934973925276
1.42 0.29758192826606145 0.2245177348197738 -0.023606883972298796 -0.15386934973925276
1.44 0.6413792754894372 0.18796833612818273 -0.2292255758778539 -0.15386934973925276
1.46 0.2104070369585548 0.18796833612818273 0.060803783958666174 -0.15386934973925276
1.48 0.5907537828735215 0.18796833612818273 -0.1568735747941696 -0.15386934973925276
1.5 0.1565710722330299 0.2245177348197738 0.10903845134778906 -0.15386934973925276
1.52 0.46060854865520484 0.15141893743659163 -0.07887090091578056 -0.15386934973925276
1.54 0.02642583801471306 0.18796833612818273 0.11896112017754447 -0.15386934973925276
1.56 0.3605917689092601 0.15141893743659163 0.016841112604593932 -0.15386934973925276
1.58 -0.04025201514924988 0.15141893743659163 0.0905717904479324 -0.15386934973925276
1.6 0.2541540449440966 0.11486953874500054 0.008297120534492672 -0.15386934973925276
1.62 -0.08001188595045045 0.11486953874500054 0.02600646017647816 -0.15386934973925276
1.64 0.14129537675971368 0.07832014005340947 0.053638468648219 -0.15386934973925276
1.66 -0.12298222886126073 0.07832014005340947 -0.01657753441793998 -0.15386934973925276
1.68 0.016794421685884586 0.0 0.1460826789270227 -0.15386934973925276
1.7 -0.10248519071771728 0.04177074136181838 -0.0021359980175253246 -0.15386934973925276
1.72 -0.0024684109717726063 -0.07309879738318217 0.21340536271778512 -0.15386934973925276
1.74 -0.04864922599219218 -0.03654939869159109 -0.04685599062946878 -0.15386934973925276
1.76 0.01160768295255184 -0.10964819607477325 0.21051204344238858 -0.15386934973925276
1.78 0.07186459189729583 -0.03975987080120061 -0.1376746526130098 -0.15386934973925276
1.8 0.0224733047672667 -0.11606914029399232 0.10977071262909224 -0.13188801406221665
1.82 0.12249008451321138 -0.009631416328828576 -0.24833865225606153 -0.13188801406221665
1.84 -0.03333892658198155 -0.19237840978678394 0.05726404920491865 -0.13188801406221665
1.86 0.03654939869159109 -0.04939128713002921 -0.2767279819856736 -0.13188801406221665
1.88 -0.19438928034740177 -0.162249955314412 -0.03493328953827638 -0.10990667838518055
1.9 0.015275695473316154 0.014076093924324405 -0.3448079870343073 -0.10990667838518055
1.92 -0.1405533156218768 -0.20843077033483162 -0.1668213036004931 -0.06594400703110832
1.94 0.14221045758202336 -0.032104721096095294 -0.3625173266762928 -0.06594400703110832
1.96 -0.046957480095151154 -0.3642597814300245 -0.25826132108581684 0.0
1.98 0.23901676521835843 -0.14817386139008762 -0.31779733406434924 -0.02198133567703611
2.0 0.016509900959202416 -0.5566381912168086 -0.34643353532956994 0.06694819982458815
2.02 0.3024841462727121 -0.1308872953561537 -0.2499642005513242 -0.023113140901081596
2.04 0.010088956739983408 -0.6574316360374848 -0.40521222705023113 0.07259887261929292
2.06 0.26272427547151134 -0.12002167354143888 -0.19883621388680484 -0.0855424731550105
2.08 -0.03288138617082679 -0.5766776889491972 -0.24631356001805638 0.03215087604240013
2.1 0.2563033312522925 0.03383107093003096 -0.054132211719436246 -0.13591313856165868
2.12 -0.0393023303900458 -0.05091001334259772 -0.1058815538857385 -0.1578944742386948
2.14 0.28322131361505487 0.38969364151711305 0.01608379134672274 -0.20499733640377218
2.16 0.10047432015709942 0.508973253920715 -0.030014878024874802 -0.3864986946147658
2.18 0.3896590375802187 0.5615750131603537 0.011811795311672086 -0.2581253553297286
2.2 0.24667191492346374 0.9881025740957401 -0.02436420523017004 -0.5594560607556581
2.22 0.43262938049102884 0.6848417627482964 -0.026500203247695364 -0.20699736866520912
2.24 0.32619165652586507 1.185667722615857 -0.0626762037895375 -0.5071962688670931
2.26 0.44226079681985725 0.736209316502049 -0.052753534959782133 -0.019709371903422437
2.28 0.3024841462727121 1.2788060177314278 -0.06481220180706285 -0.3121216012930765
2.3 0.34866496129313174 0.5714909502158645 -0.07687086865434356 0.13918929512875214
2.32 0.20888831074598643 1.1140876514452431 -0.08892953550162427 -0.20359359966755006
2.34 0.21530925496520556 0.26579633183354273 -0.07900686667186888 0.20940529819491124
2.36 0.14542092969163284 0.866639071447048 -0.07900686667186888 -0.07848806362408357
2.38 0.18518080049283345 0.011926807616128483 -0.09106553351914957 0.1952106333301051
2.4 0.11529247521926082 0.6063486030104146 -0.09106553351914957 -0.031010717492831918
2.42 0.11850294732887034 -0.18489627976615133 -0.09106553351914957 0.11858663621137021
2.44 0.048614622055297714 0.3665551727173246 -0.1130468691961857 0.056157303957441264
2.46 0.08837449285649832 -0.2881235316217051 -0.1130468691961857 0.03769064305758461
2.48 0.015275695473316154 0.22035757795096012 -0.1130468691961857 0.10714932486587234
2.5 0.08837449285649832 -0.3310938745325156 -0.1130468691961857 -0.01130134558940948
2.52 0.015275695473316154 0.027979168164176386 -0.09106553351914957 0.20524420793938078
2.54 0.08837449285649832 -0.31059683638897206 -0.09106553351914957 0.032908197300271336
2.56 0.015275695473316154 -0.07080340609588236 -0.09106553351914957 0.31225756704916485
2.58 0.12171341943847987 -0.2716136306625032 -0.09106553351914957 -0.05012379387103958
2.6 0.012065223363706606 -0.14146839644418654 -0.09106553351914957 0.22708957786032843
2.62 0.12171341943847987 -0.15752075699223408 -0.09106553351914957 -0.22321712576802022
2.64 -0.024484175327884453 -0.06713539357511797 -0.06908419784211348 0.13413491785926224
2.66 0.11850294732887034 -0.04663835543157442 -0.06908419784211348 -0.2899184540569998
2.68 -0.06424404612908506 -0.06269071597962207 -0.04710286216507737 0.0277429142512611
2.7 0.07874307652766972 0.10400391693028571 -0.06908419784211348 -0.3721931239704394
2.72 -0.18031318642307737 -0.015275695473316154 -0.04710286216507737 -0.11833976467576172
2.74 -0.0007766650747314933 0.08474108427262851 -0.037180193335321986 -0.40409712847723106
2.76 -0.29638232671706966 -0.18274699345795545 -0.02411733369456143 -0.2778597872097191
2.78 0.022930845178421505 -0.0763092694927917 -0.0492388601826027 -0.39341713838960435
2.8 -0.42208288333989064 -0.33536553244353884 0.029768006489266172 -0.407858674790019
2.82 0.11010573648592817 -0.12570055662282087 -0.06029333423640358 -0.309253341994248
2.84 -0.45298800288699403 -0.39117776379278707 0.04747734613125164 -0.430461365968838
2.86 0.12097135830064307 -0.0385256653153143 -0.11066399964305178 -0.24393069046492255
2.88 -0.5120107063458519 -0.26745347379368944 0.019088016401639523 -0.35735204362728246
2.9 0.0318202003694133 0.08840909679339283 -0.16103466504969996 -0.14105336163410082
2.92 -0.08625981048519686 -0.1373082395753728 -0.19507466757401676 -0.13678136559905016
2.94 0.3177944456829227 0.22176480312131913 -0.23011886289181344 0.0192239821577279
2.96 0.5435117820516884 -0.0007420611378368548 -0.411620221102807 -0.03679735604362503
2.98 0.7724395905300635 0.3249920549768733 -0.24920687929345298 0.0050293172929218736
3.0 1.159207280664249 0.17879446021050893 -0.5384789178721019 -0.0651866857732371
3.02 0.8924958680083968 0.36475192577807397 -0.16403889010461678 -0.06732268379076242
3.04 1.363193373403585 0.22497527523092867 -0.41713492814142344 -0.10349868433260456
3.06 0.7040699914690592 0.30449501683332975 0.07927044485852287 -0.10563468235012989
3.08 1.216538238226066 0.12816896759459356 -0.26916312273248405 -0.11769334919741062
3.1 0.3746678628335846 0.24423810788858574 0.17008910684206383 -0.0957120135203745
3.12 0.948592620084327 0.17434978261501313 -0.12873111660016615 -0.12975201604469133
3.14 0.02720250308944472 0.25065905210780476 0.22824644306094222 -0.1077706803676552
3.16 0.6280452427029494 0.18077072683423218 -0.04972424992829727 -0.14181068289197202
3.18 -0.26642689192917024 0.18719167105345122 0.22397444702589148 -0.13188801406221665
3.2 0.39788322873868814 0.04741502050630596 0.019734431879990556 -0.13188801406221665
3.22 -0.3600227274558959 -0.01926283265765715 0.16933178558419265 -0.13188801406221665
3.24 0.2613170503011526 -0.15903948320480243 0.08492111765322763 -0.13188801406221665
3.26 -0.4299110527294686 -0.11927961240360181 0.08843579243040703 -0.13188801406221665
3.28 0.042020658151606105 -0.08594068582162027 0.1578944742386948 -0.13188801406221665
3.3 -0.5427697209138512 0.053835964725525 0.061425139460449064 -0.13188801406221665
3.32 -0.18690715032676913 0.050625492615915466 0.26591202614195864 -0.13188801406221665
3.34 -0.5339149696597544 0.19361261527267032 0.03755467730149625 -0.13188801406221665
3.36 -0.24914032589523658 0.12051381788948812 0.27080537767879215 -0.13188801406221665
3.38 -0.45316102257146657 0.16027368869068873 -0.12561598576572902 -0.13188801406221665
3.4 -0.2531274630795774 0.014076093924324405 0.20761872416699206 -0.08792534270814444
3.42 -0.23584089704564348 0.08717489130750657 -0.21857064576679536 -0.08792534270814444
3.44 -0.2185543310117096 -0.0224733047672667 0.1047413953361703 -0.08792534270814444
3.46 -0.05507017021141136 0.050625492615915466 -0.35335197910440846 -0.10990667838518055
3.48 -0.10767192945105 -0.16867089953363107 0.008272060557924505 -0.04396267135407222
3.5 0.05902270345885777 -0.025683776876876206 -0.4235679821705675 -0.06594400703110832
3.52 -0.1333557063279262 -0.28474003982762325 -0.1576559560286088 -0.02198133567703611
3.54 0.03654939869159109 -0.1052035184792774 -0.4533359886598338 -0.04396267135407222
3.56 -0.22772820692938336 -0.4739079775047977 -0.371061318746394 0.01306285964076055
3.58 -0.018063231108665402 -0.1545948056093066 -0.4185386648776456 -0.03617600054184215
3.6 -0.17389224220385835 -0.5662696075456372 -0.44290287010781565 0.06481220180706285
3.62 0.10887153100004178 -0.0706303864114096 -0.31025753478772783 -0.059289141442923736
3.64 -0.15660567616992438 -0.6702735244759228 -0.48535089894614536 0.11442554595583981
3.66 0.16591796783517626 -0.05976476459669469 -0.23287621641112166 -0.08767847117253585
3.68 -0.136108638026381 -0.5895195773876352 -0.3001989002018841 0.07397754937894699
3.7 0.22296440467031084 0.08886663720454777 -0.027878880007349498 -0.16216647027374545
3.72 -0.04251280249965526 -0.06375190178103592 -0.07962822217365176 -0.15224380144399008
3.74 0.31656024019703655 0.3768517530786752 0.054395789906090244 -0.2281104773048538
3.76 0.13060277462947142 0.569230162865459 0.030278456211528793 -0.41275202632685254
3.78 0.4229979641622002 0.7282696460702616 0.06004646270079496 -0.28437868704181524
3.8 0.2069120441222633 1.0849088817320751 0.011811795311672086 -0.593496063279975
3.82 0.42941890838141916 0.7848585424942411 -0.0023828695531339164 -0.2190560355124898
3.84 0.35953058310784664 1.2888949744714113 -0.03855887009497607 -0.5071962688670931
3.86 0.4390503247102479 0.736209316502049 -0.052753534959782133 -0.017573373885897164
3.88 0.3358230728546935 1.3551152872242196 -0.06481220180706285 -0.3319669389525871
3.9 0.34545448918352223 0.583133237105311 -0.054889532977307434 0.14132529314627754
3.92 0.2056778386363769 1.157057994356053 -0.08892953550162427 -0.18939893480274383
3.94 0.21209878285559594 0.27542774816237153 -0.100988202348905 0.21367729422996173
3.96 0.10887153100004178 0.8794809598854858 -0.100988202348905 -0.08941492524731885
3.98 0.18518080049283345 -0.01178070263702452 -0.1130468691961857 0.20940529819491124
4.0 0.07874307652766972 0.5910729075370982 -0.09106553351914957 0.017223949896290874
4.02 0.18839127260244298 -0.20539331790969492 -0.1130468691961857 0.1547626367532124
4.04 0.045404149945688164 0.3095087358821904 -0.13502820487322179 0.07035196882224731
4.06 0.0851640207468888 -0.3785088950388214 -0.1130468691961857 0.07386664359942673
4.08 0.048614622055297714 0.16331114111582598 -0.1130468691961857 0.11920799171315305
4.1 0.12171341943847987 -0.35159091267605935 -0.1130468691961857 0.02273865693490734
4.12 0.048614622055297714 0.04082105660261457 -0.1130468691961857 0.24920687929345298
4.14 0.12171341943847987 -0.37085374533371623 -0.09106553351914957 0.032908197300271336
4.16 0.012065223363706606 -0.12784984293101664 -0.09106553351914957 0.3321029047086756
4.18 0.12171341943847987 -0.33187053960724716 -0.09106553351914957 -0.05225979188856491
4.2 0.012065223363706606 -0.09528758142376652 -0.09106553351914957 0.25685758434959466
4.22 0.11850294732887034 -0.18443873935499647 -0.09106553351914957 -0.21543045495579022
4.24 0.008854751254097104 -0.13060277462947142 -0.06908419784211348 0.1639029243485284
4.26 0.08195354863727926 -0.07355633779433707 -0.06908419784211348 -0.3161717857690866
4.28 -0.10400391693028571 -0.09281917045199409 -0.06908419784211348 0.05537492272300185
4.3 0.07553260441806021 0.0738754624579137 -0.06908419784211348 -0.4105051225298069
4.32 -0.1835236585326869 -0.048614622055297714 -0.037180193335321986 -0.14459309638784826
4.34 -0.003987137184340997 0.05140215769064696 -0.05916152901235809 -0.440273129019073
4.36 -0.33935266962787985 -0.14619759476636435 -0.0021359980175253246 -0.30197712090428047
4.38 0.016509900959202416 -0.07309879738318217 -0.06129752702988341 -0.39341713838960435
4.4 -0.4650532262507007 -0.3020266058615573 0.03969067531902157 -0.4298400104670551
4.42 0.06713539357511797 -0.08915115793122981 -0.084410667930965 -0.29719467514696724
4.44 -0.5357182165990048 -0.35462836510119594 0.06732268379076242 -0.4942693749824211
4.46 0.11133994197181425 -0.0353151932057048 -0.11279999766057712 -0.2417946924473972
4.48 -0.5614019934758809 -0.3738911977588531 0.07083735856794182 -0.3431573787624765
4.5 0.013756969260747551 0.05185969810180172 -0.1532479942374699 -0.09281869424497796
4.52 -0.1023121710332446 -0.1770681103765732 -0.16530666108475064 -0.16654937208831636
4.54 0.3748408825180572 0.2153438589021 -0.253232003792895 0.023495978192778558
4.56 0.5274594215036407 0.02938639333453507 -0.3939108814608216 -0.010544024331538235
4.58 0.7563872299820157 0.3551205094492453 -0.28751887785282043 0.03128264900500862
4.6 1.2194641896089933 0.17558398810089945 -0.5526735827369078 -0.016952018384114247
4.62 0.9893021756447319 0.36154145366846435 -0.1782335549694228 -0.021224014419164876
4.64 1.3503514849651466 0.18521540442972806 -0.47843245517130684 -0.07938135063804314
4.66 0.7309879738318218 0.04543875388258272 0.023249106657169914 -0.11555735117988528
4.68 1.2434562205888284 0.16150789417657505 -0.2911444584095201 -0.13967468487444673
4.7 0.3995749746357293 0.24102763577897623 0.18214777368934454 -0.11769334919741062
4.72 0.9421716758651081 0.1711393105054036 -0.14857645425967683 -0.11769334919741062
4.74 0.0605414296714262 0.2839979786897863 0.23038244107846756 -0.12975201604469133
4.76 0.6645946413945406 0.14422132814264108 -0.05751092074052722 -0.11982934721493592
4.78 -0.2298774932375791 0.15064227236186012 0.2381691118906975 -0.11982934721493592
4.8 0.364544302156707 0.11730334577987855 0.024006427915041213 -0.13188801406221665
4.82 -0.4267005806198589 0.050625492615915466 0.17360378161924328 -0.13188801406221665
4.84 0.22797812371917073 -0.12570055662282087 0.08919311368827823 -0.13188801406221665
4.86 -0.46324997931144973 -0.08594068582162027 0.11468912414249376 -0.13188801406221665
4.88 0.11511945553478813 -0.19237840978678394 0.11820379891967324 -0.13188801406221665
4.9 -0.5062203222222602 -0.04939128713002921 0.04371579981846362 -0.13188801406221665
4.92 -0.11059788083397705 -0.01926283265765715 0.21416268397565633 -0.13188801406221665
4.94 -0.5222726827703079 0.15706321658107922 0.019845337659510784 -0.13188801406221665
4.96 -0.2427193816760173 0.15385274447146968 0.2651547048840874 -0.13188801406221665
4.98 -0.48007900493422934 0.22695154185465183 -0.09722665603611697 -0.10990667838518055
5.0 -0.2800454454423396 0.08396441919789703 0.23600805389660406 -0.08792534270814444
5.02 -0.3691966033735695 0.16027368869068873 -0.19231731405470853 -0.10990667838518055
5.04 -0.24226184126486258 -0.0224733047672667 0.12107205821850169 -0.08792534270814444
5.06 -0.1518764778477465 0.08717489130750657 -0.31503998054504107 -0.08792534270814444
5.08 -0.13458991181381247 -0.09557210215044887 0.012544056592975264 -0.06594400703110832
5.1 -0.0044446775954958065 -0.0224733047672667 -0.38739198162872546 -0.08792534270814444
5.12 -0.12693476210870716 -0.28152956771801385 -0.1434612911638029 -0.04396267135407222
5.14 0.04297034291081014 -0.10199304636966795 -0.4511999906423085 -0.04396267135407222
5.16 -0.2245177348197738 -0.4674870332855787 -0.3029813136977603 0.01306285964076055
5.18 -0.04819168558103744 -0.14817386139008762 -0.40647999803036494 -0.02411733369456143
5.2 -0.24057009536782145 -0.523299264634827 -0.4109988656010242 0.032908197300271336
5.22 0.04219367783607866 -0.09754836877417224 -0.31239353280525317 -0.03517180774836231
5.24 -0.22328352933388743 -0.5907537828735215 -0.44352422560959853 0.094580208296329
5.26 0.09602964256160361 -0.08668274695945724 -0.23501221442864698 -0.0635611374779744
5.28 -0.166237092498753 -0.5067893636756243 -0.2824895605598986 0.03215087604240013
5.3 0.2261748767799202 0.07038046962162198 -0.06619087856671692 -0.1699531410859755
5.32 -0.0393023303900458 -0.05091001334259772 -0.0959588850559831 -0.1699531410859755
5.34 0.319770712306646 0.38969364151711305 0.03806512702375886 -0.22697867208080827
5.36 0.17036264543067217 0.5455226526123061 0.004025124499442042 -0.3864986946147658
5.38 0.42620843627180965 0.6680127371255175 0.023870462158952808 -0.2581253553297286
5.4 0.24667191492346374 1.094540298060904 -0.012305538382889338 -0.5693787295854136
5.42 0.43262938049102884 0.7912794867134603 -0.00451886757065927 -0.19493870181792836
5.44 0.2928527299438835 1.222217121307448 -0.0626762037895375 -0.4511749306657402
5.46 0.40892187023787563 0.706080862029677 -0.052753534959782133 0.026389297468175078
5.48 0.2325958209991395 1.2852269619506467 -0.06481220180706285 -0.30006293444579574
5.5 0.3121155626015406 0.5080235691615109 -0.07687086865434356 0.1271306282814714
5.52 0.20888831074598643 1.0506202703908896 -0.06694819982458815 -0.18161226399051386
5.54 0.21530925496520556 0.20232895077918933 -0.100988202348905 0.18742396251787513
5.56 0.14542092969163284 0.803171690392694 -0.09106553351914957 -0.07848806362408357
5.58 0.18518080049283345 0.018347751835347575 -0.09106553351914957 0.1952106333301051
5.6 0.07874307652766972 0.6127695472296337 -0.13502820487322179 0.0030292850314849753
5.62 0.11850294732887034 -0.17847533554693187 -0.1130468691961857 0.14056797188840628
5.64 0.048614622055297714 0.37297611693654364 -0.1130468691961857 0.07813863963447738
5.66 0.12171341943847987 -0.35159091267605935 -0.1130468691961857 0.05967197873462067
5.68 0.048614622055297714 0.15367972478699718 -0.1130468691961857 0.12699466252538313
5.7 0.0851640207468888 -0.36122232900488727 -0.1130468691961857 0.04258399459441812
5.72 0.048614622055297714 -0.0053597584178054275 -0.09106553351914957 0.29103355262999986
5.74 0.12171341943847987 -0.3439357629709536 -0.09106553351914957 0.052753534959782133
5.76 0.048614622055297714 -0.10093186056825411 -0.09106553351914957 0.30798557101411417
5.78 0.12171341943847987 -0.2684031585528935 -0.09106553351914957 -0.11041712810744315
5.8 0.012065223363706606 -0.13825792433457698 -0.09106553351914957 0.23274025065503323
5.82 0.0851640207468888 -0.12097135830064307 -0.09106553351914957 -0.23954778865035167
5.84 -0.027694647437494 -0.10047432015709942 -0.06908419784211348 0.12986292182421158
5.86 0.08195354863727926 0.026460441951607697 -0.06908419784211348 -0.3161717857690866
5.88 -0.06745451823869461 -0.06269071597962207 -0.04710286216507737 0.04545225389324671
5.9 0.038983205726469114 0.10400391693028571 -0.06908419784211348 -0.3984464556825261
5.92 -0.1835236585326869 -0.01848616758292568 0.0 -0.1545157652176037
5.94 0.032562261507250105 0.08153061216301899 -0.05916152901235809 -0.4282144621717925
5.96 -0.33935266962787985 -0.18274699345795545 -0.0021359980175253246 -0.2778597872097191
5.98 0.05305929965079352 -0.0763092694927917 -0.03617600054184215 -0.3813584715423237
6.0 -0.3951649009771281 -0.3020266058615573 0.06167201099605768 -0.45182134614409125
6.02 0.06713539357511797 -0.05581223134924825 -0.062429332253928896 -0.3191760108240033
6.04 -0.5357182165990048 -0.3578388372108055 0.08930401946779853 -0.4942693749824211
6.06 0.07800101538983278 -0.0385256653153143 -0.11279999766057712 -0.2637760281244333
6.08 -0.5614019934758809 -0.3405522711768716 0.048856022890905765 -0.3431573787624765
6.1 0.013756969260747551 0.08519862468378318 -0.17522932991450602 -0.09281869424497796
6.12 -0.17220049630681727 -0.14372918379459165 -0.16530666108475064 -0.1325093695639995
6.14 0.30495255724448467 0.251893257593691 -0.24117333694561432 0.023495978192778558
6.16 0.5640088201952317 0.02938639333453507 -0.4158922171378577 -0.010544024331538235
6.18 0.7929366286736067 0.3551205094492453 -0.2974415466825759 0.05326398468204475
6.2 1.2925629869921753 0.17558398810089945 -0.5526735827369078 -0.016952018384114247
6.22 0.9559632490627504 0.36154145366846435 -0.18815622379917823 -0.021224014419164876
6.24 1.4266607544579386 0.18521540442972806 -0.48835512400106224 -0.10136268631507925
6.26 0.7707478446330221 0.30128454472372024 0.057289109181486754 -0.11555735117988528
6.28 1.2498771648080476 0.16150789417657505 -0.2571044558852033 -0.13967468487444673
6.3 0.4112172615251757 0.27436656236095786 0.1942064405366253 -0.11769334919741062
6.32 0.9851420187759181 0.2076887091969947 -0.1705577899367129 -0.11769334919741062
6.34 0.06696237389064512 0.2839979786897863 0.22045977224871197 -0.0957120135203745
6.36 0.6344661869221688 0.14422132814264108 -0.023470918216210543 -0.12975201604469133
6.38 -0.22345654901836035 0.22053059763543284 0.25022777873797836 -0.11982934721493592
6.4 0.37096524637592576 0.08075394708828752 0.024006427915041213 -0.13188801406221665
6.42 -0.42349010851024954 0.014076093924324405 0.16154511477196257 -0.13188801406221665
6.44 0.2343990679383902 -0.08915115793122981 0.09911578251803367 -0.13188801406221665
6.46 -0.45682903509223094 -0.08594068582162027 0.11468912414249376 -0.13188801406221665
6.48 0.08499100106241639 -0.15903948320480243 0.17208913910350085 -0.13188801406221665
6.5 -0.5363487766946319 -0.016052360548047647 0.0756198043252551 -0.13188801406221665
6.52 -0.14072633530634915 0.050625492615915466 0.29002935983652006 -0.13188801406221665
6.54 -0.55240113724268 0.19040214316306078 0.03969067531902157 -0.13188801406221665
6.56 -0.23950890956640772 0.15385274447146968 0.2608827088490367 -0.13188801406221665
6.58 -0.48007900493422934 0.22695154185465183 -0.10149865207116765 -0.10990667838518055
6.6 -0.31338437202432146 0.08396441919789703 0.24165872669130886 -0.08792534270814444
6.62 -0.3691966033735695 0.15706321658107922 -0.24055198144383144 -0.08792534270814444
6.64 -0.24226184126486258 -0.0224733047672667 0.11680006218345103 -0.08792534270814444
6.66 -0.11853755126576485 0.08717489130750657 -0.34129331225712795 -0.10990667838518055
6.68 -0.1711393105054036 -0.16867089953363107 0.008272060557924505 -0.04396267135407222
6.7 0.02889424898648575 -0.025683776876876206 -0.4015866464935313 -0.06594400703110832
6.72 -0.1301452342183167 -0.31807896640960487 -0.1697146228758895 -0.02198133567703611
6.74 0.03975987080120061 -0.17509184375285008 -0.4434133198300782 -0.04396267135407222
6.76 -0.2245177348197738 -0.5104573761963888 -0.3490799830693579 0.01306285964076055
6.78 -0.014852758999055875 -0.1545948056093066 -0.43059733172492637 -0.03617600054184215
6.8 -0.24378056747743093 -0.6080403489074555 -0.4329802012780603 0.08679353748409892
6.82 0.07553260441806021 -0.10717978510300062 -0.3003348659579725 -0.02524913891860692
6.84 -0.1533952040603149 -0.6702735244759228 -0.4974095657934261 0.11442554595583981
6.86 0.16591796783517626 -0.02642583801471306 -0.23287621641112166 -0.08767847117253585
6.88 -0.2059969632999536 -0.5895195773876352 -0.3001989002018841 0.06191888253166627
6.9 0.22296440467031084 0.08886663720454777 -0.027878880007349498 -0.16216647027374545
6.92 -0.11240112777322785 -0.10030130047262693 -0.06756955532637103 -0.15224380144399008
6.94 0.31656024019703655 0.3768517530786752 0.07637712558312636 -0.24016914415213447
6.96 0.09405337593788034 0.6025690894474405 0.030278456211528793 -0.41275202632685254
6.98 0.4229979641622002 0.6917202473786704 0.06004646270079496 -0.30636002271885143
7.0 0.2069120441222633 1.1182478083140568 0.011811795311672086 -0.5715147276029388
7.02 0.42941890838141916 0.8181974690762228 -0.0023828695531339164 -0.23111470235977055
7.04 0.32619165652586507 1.2888949744714113 -0.01657753441793998 -0.5071962688670931
7.06 0.4390503247102479 0.736209316502049 -0.052753534959782133 -0.017573373885897164
7.08 0.2992736741631024 1.3185658885326283 -0.06481220180706285 -0.34188960778234256
7.1 0.34545448918352223 0.583133237105311 -0.054889532977307434 0.14132529314627754
7.12 0.16912843994478582 1.1237190677740714 -0.08892953550162427 -0.17734026795546332
7.14 0.21209878285559594 0.23887834947078054 -0.100988202348905 0.21367729422996173
7.16 0.17875985627361443 0.8429315611938949 -0.100988202348905 -0.06743358957028278
7.18 0.21851972707481504 -0.08166902791059684 -0.1130468691961857 0.20940529819491124
7.2 0.11208200310965129 0.5910729075370982 -0.1130468691961857 -0.004757385780745195
7.22 0.18839127260244298 -0.24194271660128613 -0.1130468691961857 0.1547626367532124
7.24 0.045404149945688164 0.2729593371905992 -0.13502820487322179 0.07035196882224731
7.26 0.0851640207468888 -0.3785088950388214 -0.1130468691961857 0.07386664359942673
7.28 0.048614622055297714 0.19986053980741716 -0.13502820487322179 0.11920799171315305
7.3 0.12171341943847987 -0.3881403113676502 -0.1130468691961857 0.02273865693490734
7.32 0.048614622055297714 0.04082105660261457 -0.09106553351914957 0.24920687929345298
7.34 0.12171341943847987 -0.4041926719156978 -0.09106553351914957 0.032908197300271336
7.36 0.012065223363706606 -0.12784984293101664 -0.09106553351914957 0.3321029047086756
7.38 0.0851640207468888 -0.33187053960724716 -0.09106553351914957 -0.06431845873584564
7.4 0.012065223363706606 -0.16517590669733914 -0.09106553351914957 0.25685758434959466
7.42 0.11850294732887034 -0.18443873935499647 -0.09106553351914957 -0.23741179063282625
7.44 -0.027694647437494 -0.13060277462947142 -0.06908419784211348 0.1639029243485284
7.46 0.11529247521926082 -0.07355633779433707 -0.06908419784211348 -0.3161717857690866
7.48 -0.10400391693028571 -0.09281917045199409 -0.04710286216507737 0.011412251368929613
7.5 0.07553260441806021 0.0738754624579137 -0.06908419784211348 -0.4105051225298069
7.52 -0.1835236585326869 -0.048614622055297714 -0.025121526488041265 -0.15665176323512897
7.54 0.029351789397640517 0.05140215769064696 -0.05916152901235809 -0.45233179586635375
7.56 -0.33935266962787985 -0.21608592003993699 -0.0021359980175253246 -0.3239584565813166
7.58 0.016509900959202416 -0.03975987080120061 -0.06129752702988341 -0.39341713838960435
7.6 -0.4317142996687193 -0.3020266058615573 0.027632008471740847 -0.4298400104670551
7.62 0.06713539357511797 -0.05581223134924825 -0.062429332253928896 -0.29719467514696724
7.64 -0.49916881790741374 -0.39117776379278707 0.06732268379076242 -0.5063280418297017
7.66 0.07800101538983278 -0.0385256653153143 -0.11279999766057712 -0.2417946924473972
7.68 -0.5614019934758809 -0.3405522711768716 0.060914689738186485 -0.3431573787624765
7.7 0.013756969260747551 0.05185969810180172 -0.1532479942374699 -0.09281869424497796
7.72 -0.17220049630681727 -0.14051871168498217 -0.16530666108475064 -0.14456803641128024
7.74 0.3415019559360757 0.251893257593691 -0.253232003792895 0.023495978192778558
7.76 0.5640088201952317 0.02938639333453507 -0.4378735528148939 -0.010544024331538235
7.78 0.7929366286736067 0.3551205094492453 -0.2974415466825759 0.05326398468204475
7.8 1.2925629869921753 0.17558398810089945 -0.5526735827369078 -0.016952018384114247
7.82 0.9559632490627504 0.36154145366846435 -0.2002148906464589 -0.04320535009620097
7.84 1.4266607544579386 0.18521540442972806 -0.48835512400106224 -0.07938135063804314
7.86 0.7707478446330221 0.30128454472372024 0.057289109181486754 -0.11555735117988528
7.88 1.2498771648080476 0.16150789417657505 -0.2450457890379226 -0.13967468487444673
7.9 0.3746678628335846 0.2775770344705673 0.1942064405366253 -0.13967468487444673
7.92 0.9851420187759181 0.1711393105054036 -0.15849912308943237 -0.11769334919741062
7.94 0.030412975199054094 0.2839979786897863 0.22045977224871197 -0.11769334919741062
7.96 0.5979167882305777 0.14422132814264108 -0.023470918216210543 -0.1077706803676552
7.98 -0.2600059477099515 0.22053059763543284 0.25022777873797836 -0.11982934721493592
8.0 0.37096524637592576 0.08075394708828752 0.0020250922380051434 -0.11982934721493592
8.02 -0.42349010851024954 0.014076093924324405 0.16154511477196257 -0.13188801406221665
8.04 0.2343990679383902 -0.08915115793122981 0.09911578251803367 -0.13188801406221665
8.06 -0.45682903509223094 -0.12249008451321138 0.11468912414249376 -0.13188801406221665
8.08 0.08499100106241639 -0.15903948320480243 0.17208913910350085 -0.13188801406221665
8.1 -0.5363487766946319 -0.016052360548047647 0.0756198043252551 -0.10990667838518055
8.12 -0.17727573399794033 0.050625492615915466 0.29002935983652006 -0.13188801406221665
8.14 -0.5889505359342712 0.19040214316306078 0.027632008471740847 -0.13188801406221665
8.16 -0.23950890956640772 0.15385274447146968 0.2608827088490367 -0.10990667838518055
8.18 -0.48007900493422934 0.22695154185465183 -0.10149865207116765 -0.10990667838518055
8.2 -0.3499337707159126 0.08396441919789703 0.21967739101427278 -0.08792534270814444
8.22 -0.33264720468197856 0.12372428999909764 -0.24055198144383144 -0.08792534270814444
8.24 -0.20892291468288096 -0.0224733047672667 0.11680006218345103 -0.08792534270814444
8.26 -0.15508694995735595 0.08717489130750657 -0.3632746479341641 -0.08792534270814444
8.28 -0.1711393105054036 -0.16867089953363107 0.020330727405205435 -0.06594400703110832
8.3 0.02889424898648575 -0.025683776876876206 -0.4235679821705675 -0.06594400703110832
8.32 -0.1301452342183167 -0.31807896640960487 -0.17963729170564488 -0.04396267135407222
8.34 0.0032104721096095257 -0.13854244506125898 -0.46539465550711423 -0.056021338201352924
8.36 -0.2245177348197738 -0.5437963027783703 -0.3490799830693579 0.01306285964076055
8.38 -0.014852758999055875 -0.1545948056093066 -0.4525786674019625 -0.03617600054184215
8.4 -0.20723116878583991 -0.6080403489074555 -0.45496153695509634 0.08679353748409892
8.42 0.10887153100004178 -0.10717978510300062 -0.3223162016350085 -0.04723047459564302
8.44 -0.18994460275190592 -0.6702735244759228 -0.5193909014704623 0.11442554595583981
8.46 0.1293685691435852 -0.05976476459669469 -0.23287621641112166 -0.08767847117253585
8.48 -0.1694475646083625 -0.5895195773876352 -0.3001989002018841 0.06191888253166627
8.5 0.22296440467031084 0.08886663720454777 -0.027878880007349498 -0.16216647027374545
8.52 -0.11240112777322785 -0.10030130047262693 -0.06756955532637103 -0.15224380144399008
8.54 0.31656024019703655 0.3768517530786752 0.07637712558312636 -0.2281104773048538
8.56 0.13060277462947142 0.5660196907558496 0.030278456211528793 -0.41275202632685254
8.58 0.4229979641622002 0.6917202473786704 0.08202779837783108 -0.28437868704181524
8.6 0.2069120441222633 1.0816984096224658 -0.01016954036536401 -0.5715147276029388
8.62 0.42941890838141916 0.7816480703846317 -0.01444153640041464 -0.20913336668273447
8.64 0.35953058310784664 1.2491351036702105 -0.03855887009497607 -0.49727360003733795
8.66 0.4390503247102479 0.7329988443924395 -0.04069486811250141 -0.007650705056141716
8.68 0.2992736741631024 1.3153554164230188 -0.06481220180706285 -0.3440256057998679
8.7 0.34545448918352223 0.5747014223254739 -0.07687086865434356 0.1292666262989968
8.72 0.16912843994478582 1.0807487248632615 -0.08892953550162427 -0.21138027047977992
8.74 0.24864818154718704 0.2690068039431523 -0.100988202348905 0.20161862738268105
8.76 0.14221045758202336 0.8365106169746759 -0.100988202348905 -0.06743358957028278
8.78 0.21851972707481504 -0.054751045547834463 -0.1130468691961857 0.20940529819491124
8.8 0.11208200310965129 0.6127695472296337 -0.1130468691961857 -0.004757385780745195
8.82 0.1518418739108519 -0.2118142621289137 -0.1130468691961857 0.144839967923457
8.84 0.08195354863727926 0.37618658904615326 -0.13502820487322179 0.06042929999249192
8.86 0.12171341943847987 -0.31504151398446817 -0.13502820487322179 0.06394397476967133
8.88 0.048614622055297714 0.2299889942797889 -0.1130468691961857 0.09936265405364227
8.9 0.12171341943847987 -0.3945612555868691 -0.1130468691961857 0.012815988105151943
8.92 0.051825094164907236 0.10749890976657751 -0.09106553351914957 0.21730287478666155
8.94 0.12171341943847987 -0.3740642174433255 -0.09106553351914957 0.03504419531779666
8.96 0.048614622055297714 -0.09451091634903519 -0.09106553351914957 0.3023348982194094
8.98 0.12171341943847987 -0.33187053960724716 -0.09106553351914957 -0.06004646270079496
9.0 0.048614622055297714 -0.16517590669733914 -0.09106553351914957 0.2391482447076092
9.02 0.0851640207468888 -0.22098813804658768 -0.09106553351914957 -0.2111584589207395
9.04 -0.06103357401947555 -0.12739230251986197 -0.06908419784211348 0.14619358470654295
9.06 0.08195354863727926 -0.07355633779433707 -0.06908419784211348 -0.2899184540569998
9.08 -0.030905119547103503 -0.12615809703397565 -0.06908419784211348 0.015684247403980372
9.1 0.11208200310965129 0.003987137184340997 -0.04710286216507737 -0.38425179081772026
9.12 -0.14376378773148626 -0.08195354863727926 -0.04710286216507737 -0.09635842899872556
9.14 0.032562261507250105 0.05140215769064696 -0.05916152901235809 -0.40409712847723106
9.16 -0.26304340013508815 -0.1429871226567548 -0.012058666847280715 -0.29984112288675513
9.18 0.022930845178421505 -0.07309879738318217 -0.0492388601826027 -0.39341713838960435
9.2 -0.42208288333989064 -0.3020266058615573 0.05174934216630228 -0.39793600596026363
9.22 0.07355633779433707 -0.08915115793122981 -0.06029333423640358 -0.28727200631721184
9.24 -0.45298800288699403 -0.31807896640960487 0.04747734613125164 -0.430461365968838
9.26 0.12097135830064307 -0.0353151932057048 -0.11066399964305178 -0.25598935731220324
9.28 -0.47546130765426076 -0.33734179906726214 0.041069352078675646 -0.36941071047456325
9.3 0.06515912695139477 0.08840909679339283 -0.16103466504969996 -0.15311202848138153
9.32 -0.05292088390321539 -0.1738576382669638 -0.19507466757401676 -0.13678136559905016
9.34 0.3543438443745139 0.18521540442972806 -0.23011886289181344 -0.0027573535193082194
9.36 0.5800611807432795 -0.0007420611378368548 -0.3995615542555263 -0.03679735604362503
9.38 0.7025512652564907 0.3249920549768733 -0.24920687929345298 -0.0070293495543588495
9.4 1.1258683540822676 0.2153438589021 -0.5384789178721019 -0.0651866857732371
9.42 0.8591569414264152 0.3314129991960924 -0.17609755695189747 -0.06732268379076242
9.44 1.3266439747119938 0.15508694995735595 -0.4291935949887042 -0.10349868433260456
9.46 0.6707310648870777 0.27115609025134824 0.06721177801124216 -0.10563468235012989
9.48 1.179988839534475 0.13137943970420293 -0.26916312273248405 -0.11769334919741062
9.5 0.3746678628335846 0.24423810788858574 0.19207044251909997 -0.11769334919741062
9.52 0.9120432213927363 0.17434978261501313 -0.12873111660016615 -0.11769334919741062
9.54 0.02720250308944472 0.25065905210780476 0.22824644306094222 -0.12975201604469133
9.56 0.5914958440113586 0.14743180025225067 -0.04972424992829727 -0.11982934721493592
9.58 -0.26642689192917024 0.18719167105345122 0.20199311134885536 -0.15386934973925276
9.6 0.36133383004709696 0.04741502050630596 0.019734431879990556 -0.13188801406221665
9.62 -0.39657212614748677 -0.01926283265765715 0.16933178558419265 -0.13188801406221665
9.64 0.2613170503011526 -0.12249008451321138 0.10690245333026374 -0.13188801406221665
9.66 -0.4299110527294686 -0.08594068582162027 0.10049445927768776 -0.13188801406221665
9.68 0.00547125946001492 -0.12249008451321138 0.14583580739141408 -0.13188801406221665
9.7 -0.5793191196054422 0.053835964725525 0.03944380378341296 -0.13188801406221665
9.72 -0.15035775163517798 0.08717489130750657 0.26591202614195864 -0.13188801406221665
9.74 -0.5339149696597544 0.15706321658107922 0.027632008471740847 -0.13188801406221665
9.76 -0.21580139931325473 0.12051381788948812 0.2488240420017561 -0.10990667838518055
9.78 -0.45316102257146657 0.16027368869068873 -0.11355731891844831 -0.13188801406221665
9.8 -0.2531274630795774 0.014076093924324405 0.20761872416699206 -0.10990667838518055
9.82 -0.2723902957372346 0.12372428999909764 -0.2526106482911122 -0.08792534270814444
9.84 -0.18200493232011858 -0.0224733047672667 0.08276005965913413 -0.08792534270814444
9.86 -0.09161956890300245 0.050625492615915466 -0.34129331225712795 -0.08792534270814444
9.88 -0.10767192945105 -0.16867089953363107 -0.013709275119111667 -0.04396267135407222
9.9 0.05902270345885777 -0.025683776876876206 -0.4235679821705675 -0.06594400703110832
9.92 -0.1333557063279262 -0.31807896640960487 -0.17963729170564488 -0.02198133567703611
9.94 0.03654939869159109 -0.13854244506125898 -0.4533359886598338 -0.04396267135407222
9.96 -0.22772820692938336 -0.5104573761963888 -0.371061318746394 0.03504419531779666
9.98 -0.018063231108665402 -0.1545948056093066 -0.4185386648776456 -0.03617600054184215
10.0 -0.21044164089544937 -0.5662696075456372 -0.44290287010781565 0.06481220180706285
10.02 0.10887153100004178 -0.0706303864114096 -0.31025753478772783 -0.059289141442923736
10.04 -0.18994460275190592 -0.6702735244759228 -0.48535089894614536 0.0924442102788037
10.06 0.16591796783517626 -0.05976476459669469 -0.23287621641112166 -0.08767847117253585
10.08 -0.1726580367179721 -0.5895195773876352 -0.3001989002018841 0.07397754937894699
10.1 0.22296440467031084 0.08886663720454777 -0.027878880007349498 -0.16216647027374545
10.12 -0.11240112777322785 -0.10030130047262693 -0.04558821964933491 -0.15224380144399008
10.14 0.31656024019703655 0.3768517530786752 0.054395789906090244 -0.2281104773048538
10.16 0.16715217332106255 0.532680764173868 0.030278456211528793 -0.41275202632685254
10.18 0.4229979641622002 0.6551708486870793 0.06004646270079496 -0.28437868704181524
10.2 0.24346144281385437 1.0451490109308745 -0.01016954036536401 -0.5715147276029388
10.22 0.42941890838141916 0.7816480703846317 -0.01444153640041464 -0.23111470235977055
10.24 0.3229811844162556 1.2856845023618015 -0.03855887009497607 -0.49727360003733795
10.26 0.4390503247102479 0.7329988443924395 -0.04069486811250141 -0.007650705056141716
10.28 0.2992736741631024 1.2788060177314278 -0.06481220180706285 -0.3440256057998679
10.3 0.37879341576550385 0.5747014223254739 -0.07687086865434356 0.1292666262989968
10.32 0.16912843994478582 1.1172981235548527 -0.08892953550162427 -0.21138027047977992
10.34 0.21209878285559594 0.2690068039431523 -0.100988202348905 0.20161862738268105
10.36 0.14221045758202336 0.873060015666267 -0.100988202348905 -0.06743358957028278
10.38 0.21851972707481504 -0.018201646856243613 -0.1130468691961857 0.20940529819491124
10.4 0.11208200310965129 0.6493189459212249 -0.1130468691961857 -0.004757385780745195
10.42 0.1518418739108519 -0.17847533554693187 -0.1130468691961857 0.1668213036004931
10.44 0.08195354863727926 0.37618658904615326 -0.13502820487322179 0.06042929999249192
10.46 0.12171341943847987 -0.31504151398446817 -0.13502820487322179 0.06394397476967133
10.48 0.048614622055297714 0.19343959558819773 -0.1130468691961857 0.09936265405364227
10.5 0.12171341943847987 -0.3214624582036869 -0.13502820487322179 -0.009165347571884178
10.52 0.051825094164907236 0.07094951107498633 -0.1130468691961857 0.19532153910962538
10.54 0.12171341943847987 -0.3740642174433255 -0.09106553351914957 0.05702553099483277
10.56 0.048614622055297714 -0.09451091634903519 -0.09106553351914957 0.3023348982194094
10.58 0.12171341943847987 -0.33187053960724716 -0.09106553351914957 -0.06004646270079496
10.6 0.048614622055297714 -0.13183698011535772 -0.09106553351914957 0.25120691155488994
10.62 0.0851640207468888 -0.18443873935499647 -0.09106553351914957 -0.2111584589207395
10.64 -0.06103357401947555 -0.12739230251986197 -0.06908419784211348 0.14619358470654295
10.66 0.08195354863727926 -0.07355633779433707 -0.06908419784211348 -0.3118997897340359
10.68 -0.030905119547103503 -0.12615809703397565 -0.04710286216507737 0.015684247403980372
10.7 0.11208200310965129 0.003987137184340997 -0.06908419784211348 -0.4062331264947564
10.72 -0.18031318642307737 -0.08195354863727926 -0.025121526488041265 -0.13039843152304223
10.74 0.032562261507250105 0.05140215769064696 -0.05916152901235809 -0.39417445964747555
10.76 -0.26304340013508815 -0.17953652134834586 -0.012058666847280715 -0.29984112288675513
10.78 0.022930845178421505 -0.07309879738318217 -0.0492388601826027 -0.39341713838960435
10.8 -0.3855334846482995 -0.3020266058615573 0.029768006489266172 -0.3858773391129829
10.82 0.07355633779433707 -0.12570055662282087 -0.06029333423640358 -0.309253341994248
10.84 -0.416438604195403 -0.35462836510119594 0.06945868180828775 -0.430461365968838
10.86 0.12097135830064307 -0.0353151932057048 -0.11066399964305178 -0.24393069046492255
10.88 -0.4421223810722793 -0.33734179906726214 0.041069352078675646 -0.36941071047456325
10.9 0.10170852564298578 0.05185969810180172 -0.16103466504969996 -0.1311306928043454
10.92 -0.05292088390321539 -0.1738576382669638 -0.18301600072673607 -0.1488400324463309
10.94 0.3177944456829227 0.18521540442972806 -0.23011886289181344 0.0192239821577279
10.96 0.5435117820516884 0.03259686544414461 -0.411620221102807 -0.03679735604362503
10.98 0.6660018665648997 0.28844265628528215 -0.2612655461407337 -0.0070293495543588495
11.0 1.122657881972658 0.17879446021050893 -0.5285562490423464 -0.0651866857732371
11.02 0.8193970706252145 0.36475192577807397 -0.17609755695189747 -0.06732268379076242
11.04 1.3234335026023845 0.1884258765393376 -0.4412522618359848 -0.10349868433260456
11.06 0.7008595193594497 0.27115609025134824 0.03317177548692537 -0.10563468235012989
11.08 1.140228968733274 0.13137943970420293 -0.24718178705544788 -0.11769334919741062
11.1 0.3296866493621567 0.28078750658017687 0.1800117756718192 -0.1077706803676552
11.12 0.9421716758651081 0.17434978261501313 -0.11566825695940558 -0.12975201604469133
11.14 0.020781558870225626 0.21732012552582325 0.2161877762136614 -0.1077706803676552
11.16 0.6216242984837306 0.11088240156065957 -0.03980158109854182 -0.11982934721493592
11.18 -0.20295951087481653 0.11730334577987855 0.21191578017861074 -0.13188801406221665
11.2 0.35491288582787817 0.08396441919789703 0.019734431879990556 -0.15386934973925276
11.22 -0.4029930703667057 0.08717489130750657 0.15940911675443722 -0.15386934973925276
11.24 0.18500778080836078 0.017286566033933908 0.07499844882347223 -0.15386934973925276
11.26 -0.47288139564027876 0.020497038143543457 0.07851312360065163 -0.15386934973925276
11.28 0.03559971393238735 -0.08594068582162027 0.12599046973190328 -0.13188801406221665
11.3 -0.515851738551089 0.020497038143543457 0.0635611374779744 -0.13188801406221665
11.32 -0.08689037058082405 0.017286566033933908 0.2340080216351671 -0.15386934973925276
11.34 -0.46723711649579114 0.09038536341711609 0.017709339641985455 -0.13188801406221665
11.36 -0.18246247273127342 0.053835964725525 0.2630187068665621 -0.15386934973925276
11.38 -0.3864831694075037 0.09038536341711609 -0.09936265405364227 -0.13188801406221665
11.4 -0.1832391378060049 -0.01926283265765715 0.18990938452500655 -0.10990667838518055
11.42 -0.23584089704564348 0.09038536341711609 -0.22635731657902536 -0.13188801406221665
11.44 -0.17879446021050893 -0.05581223134924825 0.10901339137122096 -0.10990667838518055
11.46 -0.12174802337537431 0.08717489130750657 -0.33702131622207715 -0.10990667838518055
11.48 -0.17434978261501313 -0.13212150084203997 -0.009437279084060805 -0.08792534270814444
11.5 0.025683776876876206 0.010865621814714859 -0.39731465045848063 -0.08792534270814444
11.52 -0.16669463290990777 -0.28152956771801385 -0.1654426268408391 -0.04396267135407222
11.54 0.0032104721096095257 -0.10199304636966795 -0.4391413237950277 -0.06594400703110832
11.56 -0.2245177348197738 -0.4341481067035971 -0.3129039825275158 0.025121526488041265
11.58 0.021696639692535203 -0.14817386139008762 -0.3944213311830842 -0.012058666847280715
11.6 -0.20723116878583991 -0.523299264634827 -0.42092153443077956 0.04496686414755205
11.62 0.07553260441806021 -0.06099897008258113 -0.3003348659579725 -0.023113140901081596
11.64 -0.18994460275190592 -0.5907537828735215 -0.44352422560959853 0.10663887514360973
11.66 0.1293685691435852 -0.050133348267866064 -0.20097221190433012 -0.05150247063069368
11.68 -0.1694475646083625 -0.5067893636756243 -0.27043089371261786 0.03215087604240013
11.7 0.22296440467031084 0.07038046962162198 -0.06619087856671692 -0.1479718054089394
11.72 -0.0393023303900458 -0.05091001334259772 -0.08390021820870239 -0.1699531410859755
11.74 0.28322131361505487 0.38969364151711305 0.01608379134672274 -0.19293866955649144
11.76 0.17036264543067217 0.5820720513038973 -0.017956211177594078 -0.3744400277674851
11.78 0.42620843627180965 0.6680127371255175 0.023870462158952808 -0.24606668848244784
11.8 0.24667191492346374 1.0612013714789221 -0.02436420523017004 -0.5473973939083774
11.82 0.43262938049102884 0.7579405601314787 -0.03855887009497607 -0.19493870181792836
11.84 0.2928527299438835 1.2254275934170575 -0.0626762037895375 -0.463233597513021
11.86 0.44226079681985725 0.706080862029677 -0.052753534959782133 0.004407961791138957
11.88 0.3024841462727121 1.321776360642238 -0.06481220180706285 -0.30006293444579574
11.9 0.3121155626015406 0.5080235691615109 -0.07687086865434356 0.13918929512875214
11.92 0.20888831074598643 1.0871696690824808 -0.06694819982458815 -0.18161226399051386
11.94 0.21530925496520556 0.23887834947078054 -0.07900686667186888 0.18742396251787513
11.96 0.14542092969163284 0.8762704877758765 -0.1130468691961857 -0.0565067279470475
11.98 0.1518418739108519 0.018347751835347575 -0.09106553351914957 0.21719196900714122
12.0 0.07874307652766972 0.6127695472296337 -0.1130468691961857 0.0030292850314849753
12.02 0.15505234602046145 -0.17847533554693187 -0.1130468691961857 0.14056797188840628
12.04 0.048614622055297714 0.37297611693654364 -0.1130468691961857 0.07813863963447738
12.06 0.12171341943847987 -0.31504151398446817 -0.1130468691961857 0.05967197873462067
12.08 0.048614622055297714 0.190229123478588 -0.1130468691961857 0.12699466252538313
12.1 0.08837449285649832 -0.32467293031329625 -0.1130468691961857 0.04258399459441812
12.12 0.048614622055297714 0.03118964027378576 -0.09106553351914957 0.2811108838002445
12.14 0.12171341943847987 -0.3439357629709536 -0.09106553351914957 0.030772199282746004
12.16 0.048614622055297714 -0.10093186056825411 -0.09106553351914957 0.30798557101411417
12.18 0.12171341943847987 -0.2684031585528935 -0.09106553351914957 -0.08843579243040703
12.2 0.012065223363706606 -0.13825792433457698 -0.09106553351914957 0.21075891497799717
12.22 0.0851640207468888 -0.12097135830064307 -0.09106553351914957 -0.2274891218030709
12.24 0.008854751254097104 -0.10047432015709942 -0.06908419784211348 0.15184425750124764
12.26 0.08195354863727926 0.026460441951607697 -0.06908419784211348 -0.3381531214461228
12.28 -0.06745451823869461 -0.02614131728803097 -0.04710286216507737 0.023470918216210543
12.3 0.07553260441806021 0.1405533156218768 -0.06908419784211348 -0.3984464556825261
12.32 -0.1835236585326869 -0.01848616758292568 0.0 -0.13253442954056752
12.34 0.032562261507250105 0.08153061216301899 -0.05916152901235809 -0.440273129019073
12.36 -0.33935266962787985 -0.18274699345795545 -0.0021359980175253246 -0.2899184540569998
12.38 0.016509900959202416 -0.0763092694927917 -0.06129752702988341 -0.3813584715423237
12.4 -0.3951649009771281 -0.26868767927957576 0.03969067531902157 -0.45182134614409125
12.42 0.10368479226670907 -0.05581223134924825 -0.084410667930965 -0.3191760108240033
12.44 -0.5357182165990048 -0.39438823590239663 0.07938135063804314 -0.4942693749824211
12.46 0.07800101538983278 -0.005186738733332747 -0.11279999766057712 -0.2637760281244333
12.48 -0.5947409200578624 -0.27066394590329906 0.07083735856794182 -0.3651387144395125
12.5 0.05030636795233857 0.08519862468378318 -0.1532479942374699 -0.09281869424497796
12.52 -0.1023121710332446 -0.14372918379459165 -0.16530666108475064 -0.1325093695639995
12.54 0.3748408825180572 0.2153438589021 -0.253232003792895 0.023495978192778558
12.56 0.5640088201952317 0.02938639333453507 -0.4158922171378577 -0.010544024331538235
12.58 0.7929366286736067 0.3551205094492453 -0.28751887785282043 0.03128264900500862
12.6 1.2893525148825657 0.17558398810089945 -0.5526735827369078 -0.016952018384114247
12.62 0.9527527769531408 0.36154145366846435 -0.1782335549694228 -0.04320535009620097
12.64 1.3503514849651466 0.18521540442972806 -0.4412522618359848 -0.10136268631507925
12.66 0.7309879738318218 0.30128454472372024 0.045230442334206034 -0.11555735117988528
12.68 1.2466666926984378 0.16150789417657505 -0.24718178705544788 -0.11769334919741062
12.7 0.3995749746357293 0.24102763577897623 0.20412910936638065 -0.11769334919741062
12.72 0.9453821479747176 0.1711393105054036 -0.12659511858264066 -0.11769334919741062
12.74 0.0605414296714262 0.2839979786897863 0.23038244107846756 -0.12975201604469133
12.76 0.6645946413945406 0.14422132814264108 -0.035529585063491055 -0.1077706803676552
12.78 -0.2298774932375791 0.22053059763543284 0.2381691118906975 -0.11982934721493592
12.8 0.364544302156707 0.11730334577987855 0.024006427915041213 -0.15386934973925276
12.82 -0.4267005806198589 0.050625492615915466 0.1955851172962794 -0.13188801406221665
12.84 0.19463919713718963 -0.08915115793122981 0.07713444684099754 -0.13188801406221665
12.86 -0.46324997931144973 -0.12249008451321138 0.09270778846545763 -0.13188801406221665
12.88 0.07857005684319729 -0.15582901109519295 0.14018513459670934 -0.13188801406221665
12.9 -0.47288139564027876 -0.04939128713002921 0.04371579981846362 -0.13188801406221665
12.92 -0.07725895425199593 -0.01926283265765715 0.21416268397565633 -0.13188801406221665
12.94 -0.5222726827703079 0.15706321658107922 0.019845337659510784 -0.13188801406221665
12.96 -0.2427193816760173 0.12051381788948812 0.2530960380368067 -0.13188801406221665
12.98 -0.4467400783522476 0.22695154185465183 -0.09722665603611697 -0.10990667838518055
13.0 -0.2800454454423396 0.08396441919789703 0.23600805389660406 -0.08792534270814444
13.02 -0.33264720468197856 0.12372428999909764 -0.21429864973174467 -0.08792534270814444
13.04 -0.24226184126486258 -0.0224733047672667 0.12107205821850169 -0.08792534270814444
13.06 -0.1518764778477465 0.08717489130750657 -0.31503998054504107 -0.08792534270814444
13.08 -0.13458991181381247 -0.09557210215044887 0.034525392270011335 -0.06594400703110832
13.1 -0.0044446775954958065 0.014076093924324405 -0.38739198162872546 -0.08792534270814444
13.12 -0.12693476210870716 -0.24498016902642275 -0.1434612911638029 -0.04396267135407222
13.14 0.009631416328828576 -0.10199304636966795 -0.4511999906423085 -0.04396267135407222
13.16 -0.18796833612818273 -0.4674870332855787 -0.3029813136977603 0.01306285964076055
13.18 -0.04819168558103744 -0.14817386139008762 -0.40647999803036494 -0.04609866937159754
13.2 -0.20402069667623038 -0.523299264634827 -0.4109988656010242 0.032908197300271336
13.22 0.07553260441806021 -0.09754836877417224 -0.31239353280525317 -0.03517180774836231
13.24 -0.22328352933388743 -0.660642108147094 -0.44352422560959853 0.094580208296329
13.26 0.13257904125319475 -0.08668274695945724 -0.23501221442864698 -0.0635611374779744
13.28 -0.20278649119034411 -0.5067893636756243 -0.29241222938965394 0.03215087604240013
13.3 0.1896254780883292 0.10692986831321316 -0.08817221424375303 -0.1479718054089394
13.32 -0.0393023303900458 -0.05091001334259772 -0.0959588850559831 -0.1699531410859755
13.34 0.319770712306646 0.35314424282552187 0.01608379134672274 -0.21492000523352756
13.36 0.17036264543067217 0.5455226526123061 0.004025124499442042 -0.3864986946147658
13.38 0.42620843627180965 0.6680127371255175 0.023870462158952808 -0.2581253553297286
13.4 0.21012251623187272 1.094540298060904 -0.012305538382889338 -0.5693787295854136
13.42 0.43262938049102884 1.7415638526948285 -0.026500203247695364 -0.19493870181792836
13.44 0.2928527299438835 1.258766519999039 -0.0626762037895375 -0.463233597513021
13.46 0.44226079681985725 0.742630260721268 -0.06481220180706285 0.014330630620894404
13.48 0.3024841462727121 1.2518880353686652 -0.06481220180706285 -0.30006293444579574
13.5 0.3121155626015406 0.5080235691615109 -0.07687086865434356 0.13918929512875214
13.52 0.20888831074598643 1.0506202703908896 -0.08892953550162427 -0.18161226399051386
13.54 0.21530925496520556 0.20232895077918933 -0.07900686667186888 0.18742396251787513
13.56 0.14542092969163284 0.8397210890842853 -0.09106553351914957 -0.0565067279470475
13.58 0.1518418739108519 -0.014991174746633898 -0.09106553351914957 0.1952106333301051
13.6 0.07874307652766972 0.5794306206476518 -0.13502820487322179 0.0030292850314849753
13.62 0.11850294732887034 -0.2118142621289137 -0.1130468691961857 0.14056797188840628
13.64 0.048614622055297714 0.37297611693654364 -0.1130468691961857 0.056157303957441264
13.66 0.0851640207468888 -0.35159091267605935 -0.1130468691961857 0.05967197873462067
13.68 0.015275695473316154 0.15367972478699718 -0.1130468691961857 0.12699466252538313
13.7 0.08837449285649832 -0.36122232900488727 -0.1130468691961857 0.04258399459441812
13.72 0.048614622055297714 -0.0053597584178054275 -0.09106553351914957 0.29103355262999986
13.74 0.12171341943847987 -0.3439357629709536 -0.09106553351914957 0.052753534959782133
13.76 0.048614622055297714 -0.06759293398627282 -0.09106553351914957 0.32996690669115025
13.78 0.12171341943847987 -0.2684031585528935 -0.09106553351914957 -0.11041712810744315
13.8 0.012065223363706606 -0.1049189977525955 -0.09106553351914957 0.25472158633206937
13.82 0.0851640207468888 -0.12097135830064307 -0.09106553351914957 -0.2274891218030709
13.84 0.008854751254097104 -0.030585994883526865 -0.06908419784211348 0.15184425750124764
13.86 0.08195354863727926 0.026460441951607697 -0.06908419784211348 -0.3161717857690866
13.88 -0.10400391693028571 -0.02614131728803097 -0.04710286216507737 0.04545225389324671
13.9 0.07553260441806021 0.10400391693028571 -0.06908419784211348 -0.3984464556825261
13.92 -0.1835236585326869 -0.01848616758292568 -0.025121526488041265 -0.1545157652176037
13.94 0.032562261507250105 0.08153061216301899 -0.05916152901235809 -0.440273129019073
13.96 -0.33935266962787985 -0.18274699345795545 -0.0021359980175253246 -0.3118997897340359
13.98 0.016509900959202416 -0.0763092694927917 -0.06129752702988341 -0.3813584715423237
14.0 -0.3951649009771281 -0.26868767927957576 0.03969067531902157 -0.43976267929681045
14.02 0.06713539357511797 -0.05902270345885777 -0.05037066540664818 -0.3191760108240033
14.04 -0.5357182165990048 -0.3578388372108055 0.06732268379076242 -0.4942693749824211
14.06 0.07800101538983278 -0.005186738733332747 -0.13478133333761322 -0.2637760281244333
14.08 -0.5947409200578624 -0.3405522711768716 0.048856022890905765 -0.3651387144395125
14.1 0.05030636795233857 0.08519862468378318 -0.17522932991450602 -0.09281869424497796
14.12 -0.17220049630681727 -0.10717978510300062 -0.16530666108475064 -0.15449070524103564
14.14 0.41139028120964816 0.251893257593691 -0.27835353028093635 0.023495978192778558
14.16 0.5640088201952317 0.06593579202612626 -0.3939108814608216 -0.010544024331538235
14.18 0.7929366286736067 0.3551205094492453 -0.28751887785282043 0.03128264900500862
14.2 1.2893525148825657 0.21213338679249058 -0.5526735827369078 -0.016952018384114247
14.22 0.9893021756447319 0.3980908523600554 -0.1782335549694228 -0.04320535009620097
14.24 1.386900883656738 0.18521540442972806 -0.4412522618359848 -0.10136268631507925
14.26 0.7309879738318218 0.30128454472372024 0.045230442334206034 -0.11555735117988528
14.28 1.2800056192804194 0.16150789417657505 -0.26916312273248405 -0.13967468487444673
14.3 0.3995749746357293 0.24102763577897623 0.20412910936638065 -0.11769334919741062
14.32 0.9787210745566992 0.1711393105054036 -0.16063512110695763 -0.11769334919741062
14.34 0.0605414296714262 0.2839979786897863 0.23038244107846756 -0.12975201604469133
14.36 0.6645946413945406 0.14422132814264108 -0.035529585063491055 -0.1077706803676552
14.38 -0.26642689192917024 0.22053059763543284 0.2381691118906975 -0.11982934721493592
14.4 0.364544302156707 0.11730334577987855 0.045987763592077374 -0.13188801406221665
14.42 -0.4267005806198589 0.050625492615915466 0.1955851172962794 -0.13188801406221665
14.44 0.19463919713718963 -0.08915115793122981 0.08919311368827823 -0.13188801406221665
14.46 -0.46324997931144973 -0.08594068582162027 0.11468912414249376 -0.13188801406221665
14.48 0.04523113026121548 -0.15582901109519295 0.10614513207239251 -0.13188801406221665
14.5 -0.5062203222222602 -0.016052360548047647 0.04371579981846362 -0.13188801406221665
14.52 -0.11059788083397705 0.017286566033933908 0.21416268397565633 -0.13188801406221665
14.54 -0.5222726827703079 0.15706321658107922 0.019845337659510784 -0.13188801406221665
14.56 -0.2792687803676083 0.12051381788948812 0.2651547048840874 -0.13188801406221665
14.58 -0.48007900493422934 0.19361261527267032 -0.09722665603611697 -0.10990667838518055
14.6 -0.2800454454423396 0.08396441919789703 0.2459307227263594 -0.08792534270814444
14.62 -0.29930827809999705 0.16027368869068873 -0.21429864973174467 -0.10990667838518055
14.64 -0.24226184126486258 0.014076093924324405 0.14305339389553773 -0.08792534270814444
14.66 -0.1518764778477465 0.08717489130750657 -0.33702131622207715 -0.08792534270814444
14.68 -0.13458991181381247 -0.09557210215044887 -0.009437279084060805 -0.06594400703110832
14.7 -0.0044446775954958065 -0.0224733047672667 -0.39731465045848063 -0.06594400703110832
14.72 -0.12693476210870716 -0.28152956771801385 -0.1434612911638029 -0.04396267135407222
14.74 0.006420944219219051 -0.13533197295164953 -0.4511999906423085 -0.04396267135407222
14.76 -0.2245177348197738 -0.4674870332855787 -0.3029813136977603 0.01306285964076055
14.78 -0.04819168558103744 -0.14817386139008762 -0.428461333707401 -0.04609866937159754
14.8 -0.24057009536782145 -0.523299264634827 -0.4109988656010242 0.032908197300271336
14.82 0.07553260441806021 -0.06099897008258113 -0.31239353280525317 -0.03517180774836231
14.84 -0.22328352933388743 -0.6273031815651126 -0.4555828924568793 0.094580208296329
14.86 0.13257904125319475 -0.08668274695945724 -0.21303087875161086 -0.0635611374779744
14.88 -0.20278649119034411 -0.5067893636756243 -0.2824895605598986 0.03215087604240013
14.9 0.1896254780883292 0.07038046962162198 -0.08817221424375303 -0.1479718054089394
14.92 -0.07585172908163682 -0.05091001334259772 -0.0959588850559831 -0.1699531410859755
14.94 0.319770712306646 0.35314424282552187 0.03806512702375886 -0.20499733640377218
14.96 0.17036264543067217 0.5820720513038973 0.004025124499442042 -0.3864986946147658
14.98 0.42620843627180965 0.6680127371255175 0.023870462158952808 -0.2581253553297286
15.0 0.24667191492346374 1.094540298060904 -0.012305538382889338 -0.5693787295854136
15.02 0.43262938049102884 0.7579405601314787 -0.03855887009497607 -0.19493870181792836
15.04 0.2928527299438835 1.2254275934170575 -0.0626762037895375 -0.4731562663427764
15.06 0.44226079681985725 0.706080862029677 -0.06481220180706285 0.004407961791138957
15.08 0.3024841462727121 1.2518880353686652 -0.06481220180706285 -0.30006293444579574
15.1 0.34866496129313174 0.5080235691615109 -0.07687086865434356 0.13918929512875214
15.12 0.20888831074598643 1.0506202703908896 -0.06694819982458815 -0.18161226399051386
15.14 0.2518586536567966 0.23887834947078054 -0.07900686667186888 0.18742396251787513
15.16 0.14542092969163284 0.8397210890842853 -0.09106553351914957 -0.07848806362408357
15.18 0.18518080049283345 0.018347751835347575 -0.09106553351914957 0.21719196900714122
15.2 0.07874307652766972 0.5794306206476518 -0.13502820487322179 0.0030292850314849753
15.22 0.15505234602046145 -0.2118142621289137 -0.1130468691961857 0.14056797188840628
15.24 0.048614622055297714 0.37297611693654364 -0.1130468691961857 0.07813863963447738
15.26 0.12171341943847987 -0.35159091267605935 -0.13502820487322179 0.05967197873462067
15.28 0.015275695473316154 0.190229123478588 -0.1130468691961857 0.12699466252538313
15.3 0.08837449285649832 -0.32467293031329625 -0.1130468691961857 0.04258399459441812
15.32 0.048614622055297714 0.03118964027378576 -0.09106553351914957 0.3030922194772806
15.34 0.12171341943847987 -0.3439357629709536 -0.09106553351914957 0.030772199282746004
15.36 0.048614622055297714 -0.06759293398627282 -0.09106553351914957 0.32996690669115025
15.38 0.0851640207468888 -0.30495255724448467 -0.09106553351914957 -0.11041712810744315
15.4 0.012065223363706606 -0.1049189977525955 -0.09106553351914957 0.25472158633206937
15.42 0.12171341943847987 -0.12097135830064307 -0.09106553351914957 -0.2274891218030709
15.44 -0.027694647437494 -0.06713539357511797 -0.06908419784211348 0.12986292182421158
15.46 0.08195354863727926 0.026460441951607697 -0.06908419784211348 -0.3161717857690866
15.48 -0.06745451823869461 -0.02614131728803097 -0.06908419784211348 0.0014895825391744743
15.5 0.07553260441806021 0.10400391693028571 -0.06908419784211348 -0.3984464556825261
15.52 -0.1835236585326869 -0.055035566274516765 -0.025121526488041265 -0.1665744320648844
15.54 -0.003987137184340997 0.08153061216301899 -0.05916152901235809 -0.440273129019073
15.56 -0.33935266962787985 -0.18274699345795545 -0.0021359980175253246 -0.3118997897340359
15.58 0.016509900959202416 -0.0763092694927917 -0.06129752702988341 -0.3813584715423237
15.6 -0.4317142996687193 -0.3020266058615573 0.03969067531902157 -0.45182134614409125
15.62 0.06713539357511797 -0.0224733047672667 -0.0723520010836843 -0.3191760108240033
15.64 -0.5357182165990048 -0.3578388372108055 0.06732268379076242 -0.4942693749824211
15.66 0.07800101538983278 -0.005186738733332747 -0.11279999766057712 -0.2637760281244333
15.68 -0.5947409200578624 -0.3072133445948901 0.048856022890905765 -0.3530800475922318
15.7 0.0169674413703571 0.08519862468378318 -0.1532479942374699 -0.09281869424497796
15.72 -0.13565109761522606 -0.10717978510300062 -0.16530666108475064 -0.15449070524103564
15.74 0.3415019559360757 0.251893257593691 -0.253232003792895 0.023495978192778558
15.76 0.5607983480856221 0.02938639333453507 -0.3939108814608216 -0.010544024331538235
15.78 1.3098495530261092 0.3551205094492453 -0.28751887785282043 0.05326398468204475
15.8 1.2528031161909747 0.17558398810089945 -0.5526735827369078 -0.016952018384114247
15.82 0.9527527769531408 0.3980908523600554 -0.1782335549694228 -0.04320535009620097
15.84 1.3836904115471282 0.18521540442972806 -0.4412522618359848 -0.10136268631507925
15.86 0.7309879738318218 0.30128454472372024 0.045230442334206034 -0.11555735117988528
15.88 1.2434562205888284 0.16150789417657505 -0.2131417845311311 -0.11769334919741062
15.9 0.43291390121771084 0.2775770344705673 0.20412910936638065 -0.11769334919741062
15.92 0.9421716758651081 0.2076887091969947 -0.14857645425967683 -0.11769334919741062
15.94 0.0605414296714262 0.2839979786897863 0.23038244107846756 -0.12975201604469133
15.96 0.6280452427029494 0.14422132814264108 -0.05751092074052722 -0.1077706803676552
15.98 -0.2298774932375791 0.18719167105345122 0.2381691118906975 -0.11982934721493592
16.0 0.32799490346511584 0.08075394708828752 0.0020250922380051434 -0.11982934721493592
16.02 -0.46324997931144973 0.050625492615915466 0.17360378161924328 -0.13188801406221665
16.04 0.19463919713718963 -0.08915115793122981 0.08919311368827823 -0.13188801406221665
16.06 -0.46324997931144973 -0.08594068582162027 0.11468912414249376 -0.13188801406221665
16.08 0.07857005684319729 -0.15582901109519295 0.10614513207239251 -0.13188801406221665
16.1 -0.5062203222222602 -0.04939128713002921 0.04371579981846362 -0.13188801406221665
16.12 -0.07725895425199593 -0.01926283265765715 0.21416268397565633 -0.13188801406221665
16.14 -0.5222726827703079 0.12372428999909764 0.019845337659510784 -0.13188801406221665
16.16 -0.2093804550940358 0.12051381788948812 0.2530960380368067 -0.13188801406221665
16.18 -0.4467400783522476 0.22695154185465183 -0.07524532035908084 -0.13188801406221665
16.2 -0.2800454454423396 0.08396441919789703 0.23600805389660406 -0.08792534270814444
16.22 -0.3691966033735695 0.12372428999909764 -0.19231731405470853 -0.08792534270814444
16.24 -0.24226184126486258 0.014076093924324405 0.12107205821850169 -0.08792534270814444
16.26 -0.1518764778477465 0.08717489130750657 -0.32709864739232175 -0.08792534270814444
16.28 -0.13458991181381247 -0.09557210215044887 0.012544056592975264 -0.06594400703110832
16.3 -0.0044446775954958065 -0.0224733047672667 -0.38739198162872546 -0.06594400703110832
16.32 -0.09359583552672561 -0.28152956771801385 -0.1434612911638029 -0.04396267135407222
16.34 0.006420944219219051 -0.13533197295164953 -0.4511999906423085 -0.04396267135407222
16.36 -0.2245177348197738 -0.4674870332855787 -0.3249626493747964 0.01306285964076055
16.38 -0.04819168558103744 -0.14817386139008762 -0.40647999803036494 -0.04609866937159754
16.4 -0.24057009536782145 -0.523299264634827 -0.4329802012780603 0.032908197300271336
16.42 0.07553260441806021 -0.09754836877417224 -0.31239353280525317 -0.03517180774836231
16.44 -0.1867341306422964 -0.660642108147094 -0.4555828924568793 0.094580208296329
16.46 0.13257904125319475 -0.050133348267866064 -0.21303087875161086 -0.0635611374779744
16.48 -0.166237092498753 -0.5067893636756243 -0.2824895605598986 0.03215087604240013
16.5 0.2261748767799202 0.07038046962162198 -0.08817221424375303 -0.1479718054089394
16.52 -0.07264125697202735 -0.05091001334259772 -0.0959588850559831 -0.1699531410859755
16.54 0.319770712306646 0.35314424282552187 0.03806512702375886 -0.22697867208080827
16.56 0.13381324673908107 0.508973253920715 -0.017956211177594078 -0.3744400277674851
16.58 0.42620843627180965 0.6314633384339264 0.023870462158952808 -0.2581253553297286
16.6 0.24667191492346374 1.0579908993693128 0.009675797294146781 -0.5594560607556581
16.62 0.43262938049102884 0.7547300880218692 -0.026500203247695364 -0.18501603298817307
16.64 0.2928527299438835 1.185667722615857 -0.0626762037895375 -0.49727360003733795
16.66 0.40892187023787563 0.7028703899200675 -0.052753534959782133 -0.019709371903422437
16.68 0.2691452196907306 1.2121281645674646 -0.06481220180706285 -0.3341029369701125
16.7 0.34866496129313174 0.5413624957434926 -0.07687086865434356 0.1271306282814714
16.72 0.1723389120543953 1.010860399589689 -0.06694819982458815 -0.20359359966755006
16.74 0.21530925496520556 0.2324574052515613 -0.07900686667186888 0.18742396251787513
16.76 0.14542092969163284 0.8333001448650665 -0.09106553351914957 -0.07848806362408357
16.78 0.1518418739108519 0.04847620630771933 -0.09106553351914957 0.21719196900714122
16.8 0.07874307652766972 0.5364602777368416 -0.1130468691961857 -0.018952050645551197
16.82 0.11850294732887034 -0.18489627976615133 -0.09106553351914957 0.152626638735687
16.84 0.048614622055297714 0.33000577402573333 -0.13502820487322179 0.06821597080472198
16.86 0.12171341943847987 -0.2881235316217051 -0.13502820487322179 0.04974930990486538
16.88 0.015275695473316154 0.22035757795096012 -0.1130468691961857 0.10714932486587234
16.9 0.08837449285649832 -0.29454447584092436 -0.1130468691961857 0.010679990087626613
16.92 0.015275695473316154 0.06131809474615752 -0.09106553351914957 0.20524420793938078
16.94 0.08837449285649832 -0.31059683638897206 -0.09106553351914957 0.04496686414755205
16.96 0.015275695473316154 -0.06759293398627282 -0.09106553351914957 0.31225756704916485
16.98 0.08837449285649832 -0.2716136306625032 -0.09106553351914957 -0.07210512954807567
17.0 0.012065223363706606 -0.1049189977525955 -0.09106553351914957 0.22708957786032843
17.02 0.12171341943847987 -0.15752075699223408 -0.09106553351914957 -0.22321712576802022
17.04 -0.024484175327884453 -0.10047432015709942 -0.06908419784211348 0.13413491785926224
17.06 0.11850294732887034 -0.04342788332196488 -0.06908419784211348 -0.2899184540569998
17.08 -0.030905119547103503 -0.09602964256160361 -0.04710286216507737 0.037665583081016536
17.1 0.07874307652766972 0.07066499034830416 -0.04710286216507737 -0.3721931239704394
17.12 -0.18031318642307737 -0.015275695473316154 -0.025121526488041265 -0.11833976467576172
17.14 0.03577273361685961 0.08474108427262851 -0.05916152901235809 -0.40409712847723106
17.16 -0.29638232671706966 -0.18274699345795545 -0.012058666847280715 -0.2658011203624384
17.18 0.022930845178421505 -0.0763092694927917 -0.0492388601826027 -0.3813584715423237
17.2 -0.3855334846482995 -0.3385760045531483 0.029768006489266172 -0.407858674790019
17.22 0.07355633779433707 -0.09236163004083932 -0.06029333423640358 -0.309253341994248
17.24 -0.45298800288699403 -0.3212894385192144 0.06945868180828775 -0.430461365968838
17.26 0.12097135830064307 -0.001976266623723286 -0.11066399964305178 -0.24393069046492255
17.28 -0.5120107063458519 -0.3040028724852806 0.0070293495543588495 -0.35735204362728246
17.3 0.0318202003694133 0.08840909679339283 -0.16103466504969996 -0.14105336163410082
17.32 -0.08625981048519686 -0.10396931299339116 -0.19507466757401676 -0.13678136559905016
17.34 0.3177944456829227 0.2551037297033007 -0.21806019604453272 0.0192239821577279
17.36 0.5768507086336699 0.06914626413573563 -0.38963888542577096 -0.03679735604362503
17.38 0.7358901918384724 0.35833098155885496 -0.24920687929345298 -0.0070293495543588495
17.4 1.1559968085546397 0.2153438589021 -0.5164975821950656 -0.0651866857732371
17.42 0.8892853958987872 0.36475192577807397 -0.15411622127486133 -0.06732268379076242
17.44 1.3234335026023845 0.19163634864894705 -0.4291935949887042 -0.10349868433260456
17.46 0.7374089180510409 0.27115609025134824 0.06721177801124216 -0.10563468235012989
17.48 1.140228968733274 0.16792883839579406 -0.24718178705544788 -0.11769334919741062
17.5 0.36302557594413826 0.28078750658017687 0.20199311134885536 -0.12975201604469133
17.52 0.9421716758651081 0.17434978261501313 -0.14078978344744686 -0.12975201604469133
17.54 0.05733095756181665 0.2872084507993959 0.2381691118906975 -0.1077706803676552
17.56 0.5850748997921393 0.11088240156065957 -0.06178291677557799 -0.11982934721493592
17.58 -0.23629843745679835 0.11730334577987855 0.21191578017861074 -0.13188801406221665
17.6 0.35491288582787817 0.04741502050630596 -0.0022469037970455122 -0.13188801406221665
17.62 -0.4029930703667057 0.017286566033933908 0.16933178558419265 -0.13188801406221665
17.64 0.21834670739034262 -0.0526017592396387 0.06293978197619149 -0.13188801406221665
17.66 -0.47288139564027876 -0.04939128713002921 0.0905717904479324 -0.13188801406221665
17.68 0.03559971393238735 -0.12249008451321138 0.16003047225622014 -0.13188801406221665
17.7 -0.5491906651330701 -0.016052360548047647 0.0415798018009383 -0.13188801406221665
17.72 -0.12022929716280586 0.08717489130750657 0.24606668848244784 -0.13188801406221665
17.74 -0.5005760430777726 0.19361261527267032 0.017709339641985455 -0.13188801406221665
17.76 -0.18246247273127342 0.12051381788948812 0.2630187068665621 -0.10990667838518055
17.78 -0.4198220959894851 0.19361261527267032 -0.09936265405364227 -0.10990667838518055
17.8 -0.21657806438798638 0.050625492615915466 0.2118907202020427 -0.08792534270814444
17.82 -0.30572922231921607 0.12372428999909764 -0.22635731657902536 -0.08792534270814444
17.84 -0.2153438589021 -0.05581223134924825 0.10901339137122096 -0.10990667838518055
17.86 -0.08840909679339283 0.053835964725525 -0.31503998054504107 -0.08792534270814444
17.88 -0.10446145734144048 -0.12891102873243043 0.012544056592975264 -0.06594400703110832
17.9 0.025683776876876206 -0.0224733047672667 -0.39731465045848063 -0.06594400703110832
17.92 -0.1301452342183167 -0.28152956771801385 -0.1654426268408391 -0.04396267135407222
17.94 0.0032104721096095257 -0.10199304636966795 -0.4511999906423085 -0.04396267135407222
17.96 -0.2245177348197738 -0.47069750539518834 -0.3249626493747964 0.01306285964076055
17.98 -0.014852758999055875 -0.14817386139008762 -0.40647999803036494 -0.04609866937159754
18.0 -0.20723116878583991 -0.523299264634827 -0.3989401987537434 0.032908197300271336
18.02 0.07553260441806021 -0.09754836877417224 -0.3003348659579725 -0.03517180774836231
18.04 -0.1533952040603149 -0.5907537828735215 -0.44352422560959853 0.094580208296329
18.06 0.1293685691435852 -0.05334382037747577 -0.20097221190433012 -0.0635611374779744
18.08 -0.13289816591677137 -0.5067893636756243 -0.27043089371261786 0.03215087604240013
18.1 0.2595138033619019 0.07038046962162198 -0.06619087856671692 -0.1479718054089394
18.12 -0.0393023303900458 -0.0842489399245792 -0.0959588850559831 -0.1699531410859755
18.14 0.319770712306646 0.31980531624354036 0.03806512702375886 -0.19293866955649144
18.16 0.17036264543067217 0.5820720513038973 -0.017956211177594078 -0.3744400277674851
18.18 0.42620843627180965 0.6680127371255175 0.023870462158952808 -0.24606668848244784
18.2 0.24667191492346374 1.0612013714789221 -0.012305538382889338 -0.5693787295854136
18.22 0.43262938049102884 0.7579405601314787 -0.026500203247695364 -0.17295736614089233
18.24 0.2928527299438835 1.2254275934170575 -0.0626762037895375 -0.4731562663427764
18.26 0.44226079681985725 0.706080862029677 -0.06481220180706285 0.004407961791138957
18.28 0.2691452196907306 1.2518880353686652 -0.06481220180706285 -0.3220442701228318
18.3 0.34866496129313174 0.5164553839413476 -0.07687086865434356 0.13918929512875214
18.32 0.20888831074598643 1.0506202703908896 -0.08892953550162427 -0.20359359966755006
18.34 0.2518586536567966 0.20232895077918933 -0.07900686667186888 0.18742396251787513
18.36 0.14542092969163284 0.8397210890842853 -0.07900686667186888 -0.0565067279470475
18.38 0.1518418739108519 0.018347751835347575 -0.09106553351914957 0.1952106333301051
18.4 0.07874307652766972 0.5794306206476518 -0.1130468691961857 0.0030292850314849753
18.42 0.11850294732887034 -0.2118142621289137 -0.1130468691961857 0.14056797188840628
18.44 0.048614622055297714 0.37297611693654364 -0.1130468691961857 0.07813863963447738
18.46 0.12171341943847987 -0.35159091267605935 -0.1130468691961857 0.05967197873462067
18.48 0.015275695473316154 0.190229123478588 -0.1130468691961857 0.12699466252538313
18.5 0.08837449285649832 -0.36122232900488727 -0.13502820487322179 0.04258399459441812
18.52 0.015275695473316154 0.03118964027378576 -0.09106553351914957 0.26905221695296383
18.54 0.12171341943847987 -0.3439357629709536 -0.09106553351914957 0.052753534959782133
18.56 0.048614622055297714 -0.1374812592598453 -0.09106553351914957 0.32996690669115025
18.58 0.0851640207468888 -0.2684031585528935 -0.09106553351914957 -0.11041712810744315
18.6 0.012065223363706606 -0.13825792433457698 -0.09106553351914957 0.23274025065503323
18.62 0.0851640207468888 -0.12097135830064307 -0.09106553351914957 -0.23954778865035167
18.64 -0.027694647437494 -0.10047432015709942 -0.06908419784211348 0.12986292182421158
18.66 0.08195354863727926 -0.0068784846303737756 -0.06908419784211348 -0.32823045261636713
18.68 -0.06745451823869461 -0.06269071597962207 -0.06908419784211348 0.023470918216210543
18.7 0.07553260441806021 0.10400391693028571 -0.06908419784211348 -0.3764651200054901
18.72 -0.1835236585326869 -0.01848616758292568 -0.012058666847280715 -0.1545157652176037
18.74 0.032562261507250105 0.08153061216301899 -0.037180193335321986 -0.440273129019073
18.76 -0.33935266962787985 -0.18274699345795545 -0.0021359980175253246 -0.3118997897340359
18.78 0.016509900959202416 -0.0763092694927917 -0.06129752702988341 -0.3813584715423237
18.8 -0.3951649009771281 -0.3020266058615573 0.03969067531902157 -0.43976267929681045
18.82 0.06713539357511797 -0.0224733047672667 -0.084410667930965 -0.3191760108240033
18.84 -0.5357182165990048 -0.3578388372108055 0.06732268379076242 -0.4942693749824211
18.86 0.07800101538983278 -0.005186738733332747 -0.11279999766057712 -0.2637760281244333
18.88 -0.5947409200578624 -0.27066394590329906 0.048856022890905765 -0.3310987119151958
18.9 0.05030636795233857 0.08519862468378318 -0.1532479942374699 -0.09281869424497796
18.92 -0.1023121710332446 -0.14372918379459165 -0.16530666108475064 -0.15449070524103564
18.94 0.3748408825180572 0.251893257593691 -0.253232003792895 0.023495978192778558
18.96 0.5607983480856221 0.02938639333453507 -0.4158922171378577 -0.010544024331538235
18.98 0.7929366286736067 0.3551205094492453 -0.28751887785282043 0.03128264900500862
19.0 1.2893525148825657 0.21213338679249058 -0.5526735827369078 -0.016952018384114247
19.02 0.9893021756447319 0.36154145366846435 -0.1782335549694228 -0.021224014419164876
19.04 1.3170125583831653 0.18521540442972806 -0.4663737883240261 -0.10136268631507925
19.06 0.7309879738318218 0.30128454472372024 0.045230442334206034 -0.11555735117988528
19.08 1.2466666926984378 0.16150789417657505 -0.2911444584095201 -0.13967468487444673
19.1 0.3995749746357293 0.24102763577897623 0.20412910936638065 -0.11769334919741062
19.12 0.9787210745566992 0.1711393105054036 -0.1705577899367129 -0.11769334919741062
19.14 0.0605414296714262 0.2839979786897863 0.23038244107846756 -0.12975201604469133
19.16 0.6280452427029494 0.14422132814264108 -0.05751092074052722 -0.1077706803676552
19.18 -0.2298774932375791 0.18719167105345122 0.2381691118906975 -0.11982934721493592
19.2 0.32799490346511584 0.11730334577987855 0.024006427915041213 -0.11982934721493592
19.22 -0.46324997931144973 0.050625492615915466 0.17360378161924328 -0.13188801406221665
19.24 0.19463919713718963 -0.08915115793122981 0.08919311368827823 -0.13188801406221665
19.26 -0.46324997931144973 -0.08594068582162027 0.11468912414249376 -0.13188801406221665
19.28 0.07857005684319729 -0.15582901109519295 0.14018513459670934 -0.13188801406221665
19.3 -0.5427697209138512 -0.04939128713002921 0.04371579981846362 -0.13188801406221665
19.32 -0.07725895425199593 -0.01926283265765715 0.21416268397565633 -0.13188801406221665
19.34 -0.5222726827703079 0.15706321658107922 0.019845337659510784 -0.13188801406221665
19.36 -0.2427193816760173 0.12051381788948812 0.24317336920705132 -0.13188801406221665
19.38 -0.48328947704383884 0.19361261527267032 -0.08516798918883624 -0.10990667838518055
19.4 -0.2800454454423396 0.08396441919789703 0.23600805389660406 -0.10990667838518055
19.42 -0.3691966033735695 0.16027368869068873 -0.21429864973174467 -0.08792534270814444
19.44 -0.24226184126486258 0.014076093924324405 0.10901339137122096 -0.10990667838518055
19.46 -0.1518764778477465 0.08717489130750657 -0.32709864739232175 -0.10990667838518055
19.48 -0.13458991181381247 -0.09557210215044887 0.00048538974569453945 -0.08792534270814444
19.5 -0.0044446775954958065 -0.0224733047672667 -0.38739198162872546 -0.08792534270814444
19.52 -0.12693476210870716 -0.28152956771801385 -0.1434612911638029 -0.04396267135407222
19.54 0.04297034291081014 -0.10199304636966795 -0.4511999906423085 -0.04396267135407222
19.56 -0.2245177348197738 -0.4341481067035971 -0.3249626493747964 0.01306285964076055
19.58 -0.04819168558103744 -0.14817386139008762 -0.4185386648776456 -0.02411733369456143
19.6 -0.20402069667623038 -0.523299264634827 -0.4109988656010242 0.032908197300271336
19.62 0.07553260441806021 -0.09754836877417224 -0.31239353280525317 -0.03517180774836231
19.64 -0.22328352933388743 -0.6273031815651126 -0.4555828924568793 0.094580208296329
19.66 0.13257904125319475 -0.08668274695945724 -0.23501221442864698 -0.0635611374779744
19.68 -0.166237092498753 -0.5067893636756243 -0.2824895605598986 0.03215087604240013
19.7 0.2261748767799202 0.07038046962162198 -0.06619087856671692 -0.1479718054089394
19.72 -0.0393023303900458 -0.05091001334259772 -0.11794022073301923 -0.1699531410859755
19.74 0.319770712306646 0.35314424282552187 0.03806512702375886 -0.20499733640377218
19.76 0.17036264543067217 0.5455226526123061 0.004025124499442042 -0.3744400277674851
19.78 0.42620843627180965 0.6680127371255175 0.023870462158952808 -0.2581253553297286
19.8 0.24667191492346374 1.0612013714789221 -0.02436420523017004 -0.5693787295854136
19.82 0.43262938049102884 0.7579405601314787 -0.026500203247695364 -0.19493870181792836
19.84 0.2928527299438835 1.2254275934170575 -0.0626762037895375 -0.4511749306657402
19.86 0.40892187023787563 0.706080862029677 -0.06481220180706285 -0.007650705056141716
19.88 0.2691452196907306 1.2884374340602562 -0.06481220180706285 -0.30006293444579574
19.9 0.34866496129313174 0.47468464257952925 -0.07687086865434356 0.1271306282814714
19.92 0.1723389120543953 1.0506202703908896 -0.06694819982458815 -0.18161226399051386
19.94 0.21530925496520556 0.20232895077918933 -0.100988202348905 0.18742396251787513
19.96 0.14542092969163284 0.8397210890842853 -0.07900686667186888 -0.0565067279470475
19.98 0.1518418739108519 -0.05154057343822508 -0.09106553351914957 0.1952106333301051
20.0 0.07874307652766972 0.542881221956061 -0.1130468691961857 0.0030292850314849753
