0.0 0.0 0.0 0.0 0.0
0.02 0.0 0.0 0.0 0.0
0.04 0.0 0.0 0.0 0.0
0.06 -0.5351105191188668 -0.4567903790654574 0.5920424082035719 0.5951825990145769
0.08 -0.19790469428127128 -0.3064621659924551 0.0 0.05081212574732277
0.1 -0.4799733380474054 -0.6292108267568182 0.22301981651180197 0.2938361364398348
0.12 0.0 -0.17822618753781144 -0.16348998149914062 -0.16709952855184113
0.14 -0.09176095044498628 -0.42581074176567335 0.0 0.0
0.16 0.09909307046738244 -0.05205551823648691 -0.42744476010354515 -0.4175548314288344
0.18 0.0 -0.30899203344121373 0.0 -0.012000860567473709
0.2 0.1783877953105215 0.0 -0.5036027491701976 -0.44126828919178995
0.22 0.0 -0.2296973085980749 -0.037122387055514905 0.0
0.24 0.10322368877402027 0.0 -0.46465769359391174 -0.40232323361550393
0.26 0.0 -0.07936909552507257 -0.05062186278292613 0.0
0.28 0.14183839661893038 0.0008621445227933733 -0.47140743145761743 -0.38034189793846773
0.3 0.0 -0.07936909552507257 0.0 0.0
0.32 0.1783877953105215 0.0 -0.38174996666355365 -0.3498787023118068
0.34 0.0 -0.04281969683348161 0.0 0.0
0.36 0.2128718848487936 0.0 -0.37326810671392896 -0.310933646735521
0.38 0.0 -0.039663663316573144 0.0 0.0
0.4 0.2128718848487936 0.0 -0.3360551732235623 -0.29570204892219076
0.42 0.0 -0.003114264624982127 0.0 0.0
0.44 0.13564246915897354 0.03328092490774656 -0.32757331327393746 -0.26523885329552976
0.46 0.0 -0.005179573778300972 0.0 0.0
0.48 0.13357716000565473 0.0 -0.2971101176472766 -0.27873832902294093
0.5 0.0 -0.08240898946812097 0.0 0.0
0.52 0.056347744315834725 0.0 -0.27339665988432116 -0.24827513339628
0.54 0.0 -0.12308900646635007 0.0 0.0
0.56 0.0 0.0 -0.22770186644432988 -0.20258033995628866
0.58 0.0 -0.08653960777475911 0.0 0.0
0.6 0.0 0.0 -0.19723867081766888 -0.19409848000666374
0.62 0.0 -0.05205551823648691 0.0 0.0
0.64 0.0 0.0 -0.18875681086804402 -0.14840368656667224
0.66 0.0 -0.0541208273898057 0.0 0.0
0.68 0.0136024181642867 0.0 -0.16504335310508866 -0.12469022880371694
0.7 0.0 -0.0561861365431246 0.0 0.0
0.72 0.0 0.0 -0.11934855966509722 -0.10097677104076164
0.74 0.0 -0.0968661535413537 0.0 0.0
0.76 0.0 0.0 -0.09563510190214197 -0.055281977600770194
0.78 0.0 -0.062382064003081494 0.0 0.0
0.8 0.0 0.0 -0.07192164413918656 -0.031568519837814835
0.82 0.0 -0.17616087838449257 0.0 0.0
0.84 0.0 -0.02996328361812825 -0.026226850699195225 -0.007855062074859531
0.86 -0.0007005367500833581 -0.14167678884622043 0.0 0.0
0.88 0.0 -0.07064330061635715 0.0 0.0
0.9 -0.04138055374831234 -0.14580740715285823 0.0 0.0
0.92 0.0 -0.07270860976967614 0.0 0.0
0.94 -0.04344586290163127 -0.1478727163061772 0.0 0.0
0.96 0.0 -0.07477391892299506 0.0 0.0
0.98 -0.011027082516678055 -0.11338862676790507 0.0 0.0
1.0 0.0 -0.11545393592122402 0.0 0.0
1.02 -0.013092391669996983 -0.04235513853804185 0.0 0.0
1.04 -0.015157700823315912 -0.0830351555362708 0.0 0.0
1.06 -0.01722300997663484 -0.12164986338118078 0.0 0.0
1.08 -0.05583771782154484 -0.12371517253449976 0.0 0.0
1.1 -0.05583771782154484 -0.12371517253449976 0.0 0.0
1.12 -0.05790302697486377 -0.16232988037940976 0.0038880140622166437 0.0
1.14 -0.05790302697486377 -0.20094458822431976 0.0038880140622166437 0.0
1.16 -0.1330671335113649 -0.20094458822431976 0.0038880140622166437 0.0
1.18 -0.1330671335113649 -0.20094458822431976 0.0038880140622166437 0.0
1.2 -0.1330671335113649 -0.20094458822431976 0.0038880140622166437 0.0
1.22 -0.059968336128182725 -0.20094458822431976 0.0038880140622166437 0.0
1.24 -0.059968336128182725 -0.20094458822431976 0.0038880140622166437 0.0
1.26 -0.0965177348197738 -0.20094458822431976 0.0038880140622166437 0.0
1.28 -0.059968336128182725 -0.20094458822431976 0.0038880140622166437 0.0
1.3 -0.059968336128182725 -0.310592784299093 0.0038880140622166437 0.05099087622729401
1.32 -0.059968336128182725 -0.2740433856075019 0.0038880140622166437 0.013777942736927451
1.34 -0.059968336128182725 -0.4912744686037295 0.0038880140622166437 0.1591654325265554
1.36 -0.059968336128182725 -0.3409462555307273 0.0038880140622166437 0.0
1.38 -0.059968336128182725 -0.6292108267568182 0.0038880140622166437 0.16245092621842255
1.4 -0.0965177348197738 -0.3306197097641325 0.0038880140622166437 0.0
1.42 -0.059968336128182725 -0.656524404045404 0.0038880140622166437 0.06084735730289559
1.44 -0.059968336128182725 -0.2796131469993091 0.0 0.0
1.46 -0.023418937436591625 -0.6075831504338993 0.0038880140622166437 0.0
1.48 -0.023418937436591625 -0.2724426347496226 0.0 -0.055281977600770194
1.5 -0.023418937436591625 -0.5607072059757134 0.0 0.0
1.52 0.0 -0.11591849421666386 0.0 -0.08574517322743114
1.54 0.0 -0.3655683575978445 0.0 0.0
1.56 0.0 0.0 0.0 -0.06878145332818142
1.58 0.0 -0.17662543667993225 0.0 0.0
1.6 0.0 0.0 0.0 0.0
1.62 0.0 -0.1421413471416601 0.0 0.0
1.64 0.0 0.0 0.0 0.0
1.66 0.0 -0.036623769373524684 0.0 0.0
1.68 0.0 0.0 0.0 0.0
1.7 0.0 0.0 0.0 -0.05460042327999451
1.72 0.0 0.0 0.0 0.0
1.74 0.0 0.0 0.0038880140622166437 -0.08488486842668422
1.76 0.0 0.0 0.0 0.0
1.78 0.0 -0.032028592771447095 0.0 -0.012012373051899061
1.8 0.0 -0.14993802545949614 0.0 0.13959777325621414
1.82 0.0 -0.046485756844679704 0.0 0.0
1.84 0.0 -0.12371517253449976 0.0 0.23271948222211625
1.86 0.0 0.0 0.0 0.0
1.88 0.0 0.0 0.0 0.3003956113391438
1.9 0.0 0.09238711651313591 0.0 0.0
1.92 -0.0367853771462347 0.0 0.0 0.3291266848798855
1.94 0.0 0.08206057074654127 0.0 0.17352521305471358
1.96 -0.04298130460619151 0.0 0.0 0.3189127028443415
1.98 0.09893146269467251 0.0 0.0 0.25625418950510026
2.0 -0.016758451681195163 -0.08050528808751206 0.0 0.2155770118428953
2.02 0.23480251169444238 0.0 0.0 0.3014461791042873
2.04 -0.029150306601108733 -0.159800012930651 0.009084380319974272 0.09841779175320464
2.06 0.22556669029143706 0.0 0.0 0.24882289732061896
2.08 -0.15532097590243343 -0.12738123254569783 0.038139507221549296 0.0
2.1 0.0 0.0 0.0 0.006849454393250576
2.12 -0.4621733295083945 -0.24322535608042795 0.1210472341519073 0.0
2.14 -0.5352721268915764 0.0 0.20363090772143205 0.0
2.16 -0.8256020072709863 -0.2818400639253379 0.12747291865477967 0.0
2.18 -0.9594077471174373 -0.09909307046738244 0.34382203125330235 0.0
2.2 -0.7622035895862492 -0.3163241534636102 0.05286830119407532 0.0
2.22 -1.1143311367925173 -0.20461064823551794 0.31144796306075084 0.0
2.24 -0.5454370648854615 -0.3487429338485634 0.0 0.0
2.26 -1.009278117319821 -0.2735788273120621 0.09788154031329094 0.0
2.28 -0.2889651079761742 -0.34254700638860647 -0.1380444016502662 0.0
2.3 -0.8259049577937162 -0.11705468677910313 0.0 0.0
2.32 0.0 -0.18602286585564748 -0.2379158484798739 0.0
2.34 -0.5004648218078848 -0.03569465278264533 0.0 0.0
2.36 0.13517791086353403 -0.10672814101250852 -0.2531474462932043 0.0
2.38 -0.14880183289705684 -0.03156403447600742 -0.009620631759887865 0.0
2.4 0.4096114840845416 -0.027433416169369562 -0.2057205307672938 0.0
2.42 0.0 0.0 -0.033155339042872045 0.0
2.44 0.4137421023911795 0.0 -0.11086669971547247 0.0
2.46 0.0 0.05377240866822591 -0.10740245554363409 0.0
2.48 0.4096114840845416 0.0 -0.04474394220439287 0.0
2.5 0.0 -0.027433416169369562 -0.12386337160207916 0.0
2.52 0.5151290618526768 -0.17776162924237177 0.0 0.0
2.54 0.29170205139649263 -0.10466283185918956 -0.12195249903618877 0.0
2.56 0.621737363984402 -0.1391469213974617 0.0 0.0
2.58 0.35556502737666984 -0.027433416169369562 -0.04561575948956506 0.0
2.6 0.4162719698399384 -0.10053221355255171 0.1432073203089146 0.0
2.62 0.18251841361715937 0.0 0.0 0.0
2.64 0.09702776131406363 0.0 0.31248701834146914 0.0
2.66 0.05015181685587777 0.0 0.0 0.0
2.68 0.0 0.0 0.41910820303478247 0.0
2.7 0.03156403447600742 0.045511172054950144 0.09613790574294642 0.0
2.72 0.0 0.0 0.45632113652514883 0.0
2.74 0.02232821307300223 0.11241404197817556 0.25675699334590485 0.0
2.76 0.0 0.0 0.4528568923533106 0.0
2.78 0.04855106599799858 0.14070220405649092 0.3529854455237028 0.0
2.8 0.0 0.0 0.31905800572520354 0.0
2.82 0.0 0.27657325305626074 0.36771423949622895 0.0
2.84 -0.07953070329778258 0.0 0.1562039921955214 0.0
2.86 0.0 0.26527212249993637 0.23893296864590818 0.0
2.88 -0.1629560464475595 -0.07700083584902401 0.0 0.019298362355518323
2.9 0.0 0.0 0.0037092635822454367 0.0
2.92 -0.3194801869805185 -0.233524976381983 0.0 0.06499315579550977
2.94 -0.10224910398429093 -0.30662377376516503 0.0 0.19153950071910675
2.96 -0.43532431051524856 -0.521789547608074 0.0 0.1458447072791153
2.98 -0.21396260921238303 -0.8424728992191177 0.0 0.32498088638727135
3.0 -0.3946442935170196 -0.6818181403795209 0.0 0.07124008981841093
3.02 -0.24431608044401742 -1.0725603954306986 0.0 0.3518010873621227
3.04 -0.4249977647486538 -0.6153798287517354 0.0 0.0
3.06 -0.2767348608289705 -1.1523196785692775 0.0 0.182197335968735
3.08 -0.3843177477504248 -0.5457854836070413 0.0 -0.11292287516222493
3.1 -0.23192422552410374 -1.0827253334245834 0.0 0.0
3.12 -0.26434300590905696 -0.26005077982970914 0.0 -0.22802591980516307
3.14 -0.11401479283605478 -0.8303839948219337 0.0038880140622166437 0.0
3.16 -0.18504828106591797 0.0 0.0038880140622166437 -0.27198859115923524
3.18 -0.07333477583782583 -0.518426438119605 0.0 -0.013230178812588339
3.2 -0.10781886537609797 0.08382292937713043 0.0 -0.20933007781999424
3.22 -0.03265475883959684 -0.20950877536032492 0.0 -0.0739778195859391
3.24 -0.030589449686277914 0.27689646860168043 0.0 -0.11447624676817286
3.26 0.0 0.0 0.0 -0.09578040478300398
3.28 -0.030589449686277914 0.38654466467645365 0.0 0.0
3.3 0.0 0.0 0.0 -0.1189910587051548
3.32 -0.06713884837786901 0.3396687202182681 0.0 0.0
3.34 0.0 0.07762700191717356 0.0 -0.1475433817659253
3.36 -0.028524140532958986 0.3252115561450354 0.0 0.0
3.38 0.0 0.0955886182288942 0.0 -0.12365117352299876
3.4 -0.06713884837786901 0.20013161120730028 0.0 0.09563510190214197
3.42 0.0 0.04360747067434112 0.0 0.0
3.44 -0.06920415753118794 0.03328092490774656 0.0 0.2581650620709907
3.46 0.0 0.0 0.0 0.0
3.48 0.0 0.0 0.0 0.417230778068001
3.5 0.0 0.0 0.0 0.05029780942209283
3.52 -0.038850686299553655 0.0 0.0 0.4544437115583676
3.54 0.032028592771447095 0.0 0.0 0.23964797056579296
3.56 -0.00849721506791934 0.0 0.0 0.4205162717598684
3.58 0.16996495092453573 0.09238711651313591 0.0 0.364607496284333
3.6 -0.0574384686794239 0.0 0.0 0.2934671229954669
3.62 0.15866382036821158 0.11860996943813235 0.0 0.41481710166130625
3.64 -0.14705973928915783 0.0 0.0 0.18132551868356267
3.66 0.21524014452484208 0.06966871582662776 0.0 0.29278556867469124
3.68 -0.20013161120730028 -0.048086507702558956 0.0618529649845046 0.0018318386154641542
3.7 0.0 0.0 0.0 0.027098667984367497
3.72 -0.43181985827676017 -0.16806124954392687 0.15999228972819313 0.0
3.74 -0.5069839648132615 0.0 0.2578075611110483 0.0
3.76 -0.7952485360393521 -0.32045477177024806 0.18164957204439597 -0.012872677852646008
3.78 -1.0407677811138951 -0.06254367177579134 0.3675354890162576 0.0
3.8 -0.8414983144293884 -0.318389462616929 0.06135016114370012 0.0
3.82 -1.1915605524823372 -0.17012655869724586 0.34866089655111754 0.0
3.84 -0.6957652779584637 -0.3873576416934734 0.0 0.0
3.86 -1.1575410212395045 -0.23909473777379014 0.12661261385403272 0.0
3.88 -0.3620639053593564 -0.34461231554192534 -0.14652626159989107 0.0
3.9 -0.8603890473319881 -0.1942841024689233 0.0 0.0
3.92 0.0 -0.2632522815454675 -0.2548795683791237 0.0
3.94 -0.5694330008844289 -0.11292406847246528 0.0 0.0
3.96 0.17792323701508178 -0.10879345016582748 -0.2988422397331959 0.0
3.98 -0.21363939366696322 -0.033629343629326375 -0.033334089522843224 0.0
4.0 0.41787272069781733 -0.06811343316759855 -0.229433988530249 0.0
4.02 0.0 0.0 -0.07210039461915785 0.0
4.04 0.5357821533858665 0.0 -0.15656149315546386 0.0
4.06 0.0 0.051707099514906985 -0.12263405335696448 0.0
4.08 0.5316515350792284 0.0 -0.04474394220439287 0.0
4.1 0.05237873378190644 0.0 -0.1458447072791153 0.0
4.12 0.5985544050024539 -0.10259752270587064 0.0 0.0
4.14 0.29996328800976846 -0.10466283185918956 -0.165915170390261 0.0
4.16 0.6644826901359501 -0.1391469213974617 0.0 0.0
4.18 0.3565396121663992 0.0 -0.052365497353270785 0.0
4.2 0.4224678972998951 -0.06398281486096066 0.16692077807186995 0.0
4.22 0.26181313846029836 0.0 0.0 0.0
4.24 0.17632248615720247 0.0 0.35818181178146047 0.0
4.26 0.12738123254569783 0.0 0.0 0.0
4.28 0.007406490704329971 0.0 0.45805325861106816 0.0
4.3 0.033629343629326375 0.006896464210040143 0.1283332234555265 0.0
4.32 0.0 0.0 0.5544604612688374 0.0
4.34 0.02232821307300223 0.1103487328248566 0.29570204892219076 0.0
4.36 0.0 0.0 0.498551685793302 0.0
4.38 0.04855106599799858 0.21173569228635414 0.4054299768273999 0.0
4.4 0.0 0.0 0.3594111300265752 0.0
4.42 0.0 0.3507627748030322 0.4336582465273373 0.0
4.44 -0.07953070329778258 0.0 0.18493506573626306 0.0
4.46 0.0 0.2956255937315706 0.3116267135407222 0.0
4.48 -0.12640664775596838 -0.08526207246229964 0.0 0.02103048444143754
4.5 0.0 0.0963561270470639 0.0 0.0
4.52 -0.2849960974422463 -0.20001547163344024 -0.0025133929362398943 0.10393821137179562
4.54 -0.10637972229092876 -0.20001547163344024 0.0 0.20175348275465083
4.56 -0.4373896196685674 -0.4935013855297582 -0.016012868663651175 0.16280842717836502
4.58 -0.25464262621061196 -0.8893488436773035 0.0 0.3859072776405932
4.6 -0.5104884170517494 -0.8038581913742079 0.0 0.11693488325840234
4.62 -0.28706140659556517 -1.2311498451169767 0.0 0.3535332094480419
4.64 -0.4291283830552918 -0.7719039692846943 0.0 0.0
4.66 -0.3153495686738806 -1.2316144034124168 0.0 0.23464186727243203
4.68 -0.3843177477504248 -0.5478507927603603 0.0 -0.05372860599482221
4.7 -0.23398953467742267 -1.0847906425779024 0.0 0.0
4.72 -0.2664083150623759 -0.26005077982970914 0.0 -0.21452644407775168
4.74 -0.15262950068096476 -0.8324493039752533 0.0 0.0
4.76 -0.2236629889108281 0.0 0.0038880140622166437 -0.2889523110584849
4.78 -0.0754000849911447 -0.518426438119605 0.0 -0.030193898711838113
4.8 -0.14643357322100797 0.08382292937713043 0.0 -0.22629379771924385
4.82 0.0 -0.2826075727435073 0.0 -0.05372860599482221
4.84 -0.030589449686277914 0.20379767121849807 0.0 -0.15342130234445867
4.86 0.0 -0.020565854442413267 0.0 -0.09076278900521753
4.88 0.0 0.42515937252136393 0.0 -0.028104275665976508
4.9 0.0 0.0 0.0 -0.10722370506366274
4.92 -0.06713884837786901 0.49206224244458874 0.0 0.0
4.94 -0.030589449686277914 0.081757620223811 0.0 -0.14252576598813893
4.96 -0.06713884837786901 0.4045062809881744 0.0 0.0
4.98 -0.030589449686277914 0.13833394438044233 0.0 -0.11863355774521236
5.0 -0.06713884837786901 0.279426336050439 0.0 0.06343978418956184
5.02 0.0 0.12290219551748005 0.0 0.0
5.04 -0.06920415753118794 0.07396094190597557 0.0 0.22596974435841066
5.06 0.0 0.027084997447789805 0.0 0.0
5.08 0.0 0.0 0.0 0.34107278900134874
5.1 0.0 0.0 0.0 0.07054702301320992
5.12 -0.0367853771462347 0.0 0.0 0.4307302537954125
5.14 0.0 0.0 0.0 0.2311661106161682
5.16 -0.006431905914600411 0.0 0.0 0.4052846739465379
5.18 0.1354808613862637 0.0965177348197738 0.0 0.3054132271169302
5.2 -0.053307850372786264 0.0 0.0 0.2934671229954669
5.22 0.15963840515794114 0.15928998643636127 0.0 0.3793362902568589
5.24 -0.14292912098251986 0.0 0.0 0.20503897644651803
5.26 0.14833727460161694 0.1468981315164477 0.0 0.2945176907606104
5.28 -0.23255039159225321 -0.007406490704329971 0.0009265737311827393 0.04077689419175001
5.3 0.0 0.0 0.0 0.03731265001991152
5.32 -0.42355862166348457 -0.20254533908219902 0.1210472341519073 0.0
5.34 -0.4601080203550755 0.0 0.2256122433984682 0.0
5.36 -0.7118231928895754 -0.2797747547720191 0.12747291865477967 0.0
5.38 -0.9573424379641181 -0.060478362622472526 0.35057176911700794 0.0
5.4 -0.8019090217947488 -0.3163241534636102 0.037636703380744846 0.0
5.42 -1.0757164289476067 -0.1659959403906079 0.29621636524742045 0.0
5.44 -0.5799211544237337 -0.3487429338485634 0.0 0.0
5.46 -1.0051474990131837 -0.19841472077556094 0.11986287599032719 0.0
5.48 -0.24828509097794538 -0.34254700638860647 -0.1160630659732301 0.0
5.5 -0.7852249407954874 -0.11705468677910313 0.0 0.0
5.52 0.0 -0.22463757370055748 -0.2531474462932043 0.0
5.54 -0.5349489113461572 -0.1108587593191464 0.0 0.0
5.56 0.10069382132526156 -0.10672814101250852 -0.2683790441065349 0.0
5.58 -0.18122061328200983 0.0 -0.03160196743692403 0.0
5.6 0.4137421023911795 -0.02949872532268849 -0.1837391950902577 0.0
5.62 -0.0246964727490514 0.0 -0.05513667471990813 0.0
5.64 0.3792580128529074 0.0 -0.11761643757917806 0.0
5.66 0.0 0.01722300997663484 -0.09892059559400915 0.0
5.68 0.4502915010827703 0.0 -0.014280746577731929 0.0
5.7 0.04618280632194993 -0.02949872532268849 -0.1373628473294905 0.0
5.72 0.6309731853874073 -0.14121223055078064 0.0 0.0
5.74 0.3323820683947214 -0.06604812401427956 -0.14220171262730563 0.0
5.76 0.623802673137721 -0.1391469213974617 0.0 0.0
5.78 0.3190156286850788 -0.027433416169369562 -0.02190230172660987 0.0
5.8 0.3797225711483473 -0.06191750570764171 0.20413371156223648 0.0
5.82 0.18251841361715937 0.0 0.0 0.0
5.84 0.09702776131406363 0.0 0.33620047610442444 0.0
5.86 0.0867012155474689 0.0 0.0 0.0
5.88 0.0 0.0 0.44282166079773766 0.0
5.9 0.02949872532268849 0.006896464210040143 0.13508296131923214 0.0
5.92 0.0 0.0 0.5172475277784708 0.0
5.94 0.020262903919683273 0.1855128393613577 0.3244331224629323 0.0
5.96 0.0 0.0 0.4833200879799715 0.0
5.98 0.009936358153088604 0.17518629359476312 0.3901983790140694 0.0
6.0 0.0 0.0 0.31905800572520354 0.0
6.02 0.0 0.3507627748030322 0.4336582465273373 0.0
6.04 -0.11814541114269261 0.0 0.18493506573626306 0.0
6.06 0.0 0.33217499242316184 0.3116267135407222 0.0
6.08 -0.16502135560087827 -0.04664736461738975 0.0 0.04301182011847368
6.1 0.0 0.13497083489197387 0.0 0.0
6.12 -0.2849960974422463 -0.20001547163344024 -0.024494728613276007 0.10393821137179562
6.14 -0.14292912098251986 -0.2783356116868496 0.0 0.20175348275465083
6.16 -0.4373896196685674 -0.6052148907578506 -0.016012868663651175 0.14082709150132888
6.18 -0.25464262621061196 -0.9624476410604857 0.0 0.3859072776405932
6.2 -0.5104884170517494 -0.801792882220889 0.0 0.11693488325840234
6.22 -0.3236108052871563 -1.2290845359636577 0.0 0.3602829473117476
6.24 -0.4291283830552918 -0.6946745535948741 0.0 0.0
6.26 -0.2788001699822894 -1.2660984929506887 0.0 0.21941026945910153
6.28 -0.42293245559533477 -0.5823348822986325 0.0 -0.06896020380815271
6.3 -0.27260424252233273 -1.1558241308077655 0.0 0.0
6.32 -0.3050230229072859 -0.29453486936798134 0.0 -0.21452644407775168
6.34 -0.1912442085258747 -0.8700894270304335 0.0 0.0
6.36 -0.2236629889108281 0.0 0.0038880140622166437 -0.2889523110584849
6.38 -0.1119494836827358 -0.5122305106596486 0.0038880140622166437 -0.030193898711838113
6.4 -0.14643357322100797 0.16311765422026903 0.0 -0.22629379771924385
6.42 0.0 -0.23986224659195965 0.0 -0.07570994167185832
6.44 0.0 0.2810270869083179 0.0 -0.15342130234445867
6.46 0.0 0.0 0.0 -0.11274412468225364
6.48 -0.030589449686277914 0.4272246816746824 0.0 -0.03485401352968209
6.5 0.0 0.0 0.0 -0.12072318079107403
6.52 -0.030589449686277914 0.4961928607512269 0.0 0.0
6.54 0.0 0.08588823853044922 0.0 -0.1780065773925863
6.56 -0.06713884837786901 0.40657159014149324 0.0 0.0
6.58 0.0 0.14039925353376126 0.0 -0.13888277133632926
6.6 -0.06920415753118794 0.28149164520375813 0.0 0.08040350408881147
6.62 0.0 0.12290219551748005 0.0 0.0
6.64 -0.06920415753118794 0.07396094190597557 0.0 0.28689613561173255
6.66 0.0 0.06363439613938093 0.0 0.0
6.68 -0.03472006799291577 0.0 0.0 0.40199918025467063
6.7 0.0 0.0 0.0 0.0875107429124595
6.72 -0.0023012876079625544 0.0 0.0 0.4696753093716982
6.74 0.032028592771447095 0.0 0.0 0.2328982327020876
6.76 0.0 0.0 0.0 0.4357478695731988
6.78 0.16996495092453573 0.0944524256664549 0.0 0.364607496284333
6.8 -0.02088906998783291 0.0 0.0 0.3306800564858335
6.82 0.23382792690471255 0.1206752785914513 0.0 0.43004869947463675
6.84 -0.14705973928915783 0.0 0.0 0.18132551868356267
6.86 0.21524014452484208 0.10828342367153776 0.0 0.29278556867469124
6.88 -0.2021969203606192 -0.04602119854923997 0.0618529649845046 0.0018318386154641542
6.9 0.0 0.0 0.0 0.04233026579769794
6.92 -0.47043456612167045 -0.16806124954392687 0.15999228972819313 0.0
6.94 -0.5435333635048526 0.0 0.2578075611110483 0.0
6.96 -0.7952485360393521 -0.32045477177024806 0.18164957204439597 -0.028104275665976508
6.98 -1.0407677811138951 -0.06254367177579134 0.34555415333922146 0.0
7.0 -0.8414983144293884 -0.318389462616929 0.08333149682073629 0.0
7.02 -1.155011153790746 -0.17012655869724586 0.32667956087408134 0.0
7.04 -0.6592158792668725 -0.35080824300188224 0.0 0.0
7.06 -1.1209916225479137 -0.23909473777379014 0.14184421166736322 0.0
7.08 -0.3620639053593564 -0.34461231554192534 -0.14652626159989107 0.0
7.1 -0.8603890473319881 -0.1942841024689233 0.0 0.0
7.12 0.0 -0.2632522815454675 -0.2768609040561598 0.0
7.14 -0.5308182930395191 -0.11292406847246528 0.0 0.0
7.16 0.1413738383234906 -0.1453428488574186 -0.2988422397331959 0.0
7.18 -0.17708999497537198 -0.033629343629326375 -0.033334089522843224 0.0
7.2 0.41787272069781733 0.0 -0.229433988530249 0.0
7.22 0.0 0.0 -0.05686879680582735 0.0
7.24 0.46061804684936536 0.0 -0.15656149315546386 0.0
7.26 0.0 0.051707099514906985 -0.12263405335696448 0.0
7.28 0.4564874285427276 0.0 -0.04474394220439287 0.0
7.3 0.013764025936996521 0.0 -0.1458447072791153 0.0
7.32 0.5985544050024539 -0.10259752270587064 0.0 0.0
7.34 0.29996328800976846 -0.10466283185918956 -0.1439338347132249 0.0
7.36 0.7030973979808594 -0.1391469213974617 0.0 0.0
7.38 0.3565396121663992 -0.027433416169369562 -0.03713389953994034 0.0
7.4 0.4224678972998951 -0.06398281486096066 0.1889021137489061 0.0
7.42 0.26181313846029836 0.0 0.0 0.0
7.44 0.17632248615720247 0.0 0.33620047610442444 0.0
7.46 0.12738123254569783 0.0 0.0 0.0
7.48 0.007406490704329971 0.0 0.4360719229340321 0.0
7.5 0.033629343629326375 0.006896464210040143 0.1503145591325626 0.0
7.52 0.0 0.0 0.5324791255918012 0.0
7.54 0.02232821307300223 0.07379933413326553 0.31768338459922685 0.0
7.56 0.0 0.0 0.5137832836066324 0.0
7.58 0.01200166730640756 0.17518629359476312 0.4206615746407305 0.0
7.6 0.0 0.0 0.3746427278399057 0.0
7.62 0.0 0.3507627748030322 0.4336582465273373 0.0
7.64 -0.07953070329778258 0.0 0.16295373005922703 0.0
7.66 0.0 0.33217499242316184 0.3116267135407222 0.0
7.68 -0.2015707542924694 -0.08526207246229964 0.0 0.02103048444143754
7.7 0.0 0.17152023358356505 0.0 0.0
7.72 -0.2849960974422463 -0.20001547163344024 0.0 0.10393821137179562
7.74 -0.10637972229092876 -0.2417862129952586 0.0 0.20175348275465083
7.76 -0.4373896196685674 -0.5686654920662596 -0.016012868663651175 0.16280842717836502
7.78 -0.25464262621061196 -0.9258982423688945 0.0 0.3859072776405932
7.8 -0.5104884170517494 -0.8404075900657989 0.0 0.11693488325840234
7.82 -0.28706140659556517 -1.267699243808568 0.0 0.3974958808021142
7.84 -0.4291283830552918 -0.7332892614397842 0.0 0.0
7.86 -0.24225077129069833 -1.2295490942590974 0.0 0.21941026945910153
7.88 -0.3843177477504248 -0.5844001914519513 0.0 -0.06896020380815271
7.9 -0.23605484383074166 -1.1558241308077655 0.0 0.0
7.92 -0.3050230229072859 -0.29453486936798134 0.0 -0.2517393775681185
7.94 -0.1546948098342837 -0.8314747191855233 0.0 0.0
7.96 -0.2236629889108281 0.0 0.0038880140622166437 -0.2889523110584849
7.98 -0.0754000849911447 -0.5122305106596486 0.0 -0.030193898711838113
8.0 -0.14643357322100797 0.16311765422026903 0.0 -0.22629379771924385
8.02 0.0 -0.23986224659195965 0.0 -0.07570994167185832
8.04 0.0 0.2810270869083179 0.0 -0.13818970453112822
8.06 0.0 0.0 0.0 -0.09751252686892317
8.08 -0.030589449686277914 0.4658393895195926 0.0 -0.019622415716351593
8.1 0.0 0.0 0.0 -0.12072318079107403
8.12 -0.030589449686277914 0.457578152906317 0.0 0.0
8.14 0.0 0.08382292937713043 0.0 -0.15602524171555016
8.16 -0.06713884837786901 0.40657159014149324 0.0 0.0
8.18 0.0 0.1769486522253524 0.0 -0.10166983784596267
8.2 -0.030589449686277914 0.28149164520375813 0.0 0.10238483976584753
8.22 0.0 0.12290219551748005 0.0 0.0
8.24 -0.06920415753118794 0.07396094190597557 0.0 0.26491479993469647
8.26 0.0 0.06363439613938093 0.0 0.0
8.28 -0.03472006799291577 0.0 0.0 0.40199918025467063
8.3 0.0 0.0 0.0 0.072279145099129
8.32 -0.0023012876079625544 0.0 0.0 0.4696753093716982
8.34 0.032028592771447095 0.0 0.0 0.2548795683791237
8.36 0.0 0.0 0.0 0.4357478695731988
8.38 0.16996495092453573 0.13100182435804592 0.0 0.3798390940976635
8.4 -0.0574384686794239 0.0 0.0 0.3306800564858335
8.42 0.15866382036821158 0.15722467728304246 0.0 0.43004869947463675
8.44 -0.14705973928915783 0.0 0.0 0.20330685436059875
8.46 0.21524014452484208 0.10828342367153776 0.0 0.29278556867469124
8.48 -0.23874631905221022 -0.04602119854923997 0.024640031494138043 0.0018318386154641542
8.5 0.0 0.0 0.0 0.04233026579769794
8.52 -0.47043456612167045 -0.20461064823551794 0.17522388754152363 0.0
8.54 -0.5069839648132615 0.0 0.23582622543401222 0.0
8.56 -0.7952485360393521 -0.32045477177024806 0.18164957204439597 -0.012872677852646008
8.58 -1.0042183824223043 -0.06254367177579134 0.34555415333922146 0.0
8.6 -0.8049489157377973 -0.318389462616929 0.07658175895703062 0.0
8.62 -1.1205270642524736 -0.17012655869724586 0.31992982301037587 0.0
8.64 -0.6612811884201917 -0.3873576416934734 0.0 0.0
8.66 -1.0865075330096414 -0.20048002992888003 0.13509447380365758 0.0
8.68 -0.36619452366599403 -0.34461231554192534 -0.1532759994635967 0.0
8.7 -0.9010690643302176 -0.1942841024689233 0.0 0.0
8.72 -0.0032304041988421017 -0.22670288285387646 -0.2616293062428291 0.0
8.74 -0.5349489113461572 -0.11292406847246528 0.0 0.0
8.76 0.10069382132526156 -0.10879345016582748 -0.2988422397331959 0.0
8.78 -0.18122061328200983 -0.033629343629326375 -0.01135275384580714 0.0
8.8 0.4137421023911795 -0.06811343316759855 -0.2666469220206156 0.0
8.82 0.0 0.0 -0.06535065675545226 0.0
8.84 0.5682009337708195 0.0 -0.14981175529175822 0.0
8.86 0.0 0.0 -0.13111591330658923 0.0
8.88 0.45235681023608976 0.0 -0.05322580215401773 0.0
8.9 0.0 0.0 -0.13234523155170402 0.0
8.92 0.5192596801593149 -0.06398281486096066 0.0 0.0
8.94 0.25928327101153936 -0.06604812401427956 -0.16764729247618015 0.0
8.96 0.6258679822910397 -0.1391469213974617 0.0 0.0
8.98 0.35447430301308047 0.0 -0.05409761943919 0.0
9.0 0.42040258814657605 -0.06398281486096066 0.14995705817262023 0.0
9.02 0.22526373976870717 0.0 0.0 0.0
9.04 0.17632248615720247 0.0 0.3192367562051748 0.0
9.06 0.054282435162515685 0.0 0.0 0.0
9.08 0.0 0.0 0.3971268673577465 0.0
9.1 0.0722440514742364 0.008961773363359127 0.11136950355627706 0.0
9.12 0.0 0.0 0.47155273433847955 0.0
9.14 0.02439352222632113 0.07586464328658443 0.27198859115923524 0.0
9.16 0.0 0.0 0.468088490166641 0.0
9.18 0.0871657738429086 0.17931691190140098 0.3682170433370333 0.0
9.2 0.0 0.0 0.33428960353853393 0.0
9.22 0.0016751215398128627 0.27657325305626074 0.36771423949622895 0.0
9.24 -0.04091599545287261 0.0 0.19341692568588797 0.0
9.26 0.0 0.26527212249993637 0.25416456645923863 0.0
9.28 -0.1629560464475595 -0.07700083584902401 0.00042376989037823387 0.019298362355518323
9.3 0.0 0.0 0.018940861395575936 0.0
9.32 -0.3194801869805185 -0.2721396842268929 0.0 0.06499315579550977
9.34 -0.10224910398429093 -0.30662377376516503 0.0 0.1695581650420706
9.36 -0.4332590013619295 -0.5604042554529838 0.0 0.12386337160207916
9.38 -0.21396260921238303 -0.8790222979107088 0.0 0.32498088638727135
9.4 -0.4311936922086107 -0.6818181403795209 0.0 0.07124008981841093
9.42 -0.2829307882889274 -1.0725603954306986 0.0 0.3518010873621227
9.44 -0.463612472593564 -0.6153798287517354 0.0 0.0
9.46 -0.2767348608289705 -1.1909343864141877 0.0 0.16021600029169897
9.48 -0.34570303990551493 -0.5457854836070413 0.0 -0.07570994167185832
9.5 -0.23398953467742267 -1.0461759347329922 0.0 0.0
9.52 -0.26434300590905696 -0.26005077982970914 0.0 -0.22802591980516307
9.54 -0.11401479283605478 -0.7938345961303429 0.0038880140622166437 0.0
9.56 -0.1484988823743269 0.0 0.0038880140622166437 -0.25000725548219915
9.58 -0.07333477583782583 -0.47981173027469537 0.0 -0.013230178812588339
9.6 -0.10781886537609797 0.08382292937713043 0.0 -0.20933007781999424
9.62 -0.03265475883959684 -0.20950877536032492 0.0 -0.0739778195859391
9.64 -0.030589449686277914 0.27689646860168043 0.0 -0.12970784458150336
9.66 0.0 0.0 0.0 -0.09578040478300398
9.68 -0.030589449686277914 0.38654466467645365 0.0 0.0
9.7 0.0 0.0 0.0 -0.1189910587051548
9.72 -0.06713884837786901 0.3762181189098589 0.0 0.0
9.74 0.0 0.07762700191717356 0.0 -0.1475433817659253
9.76 -0.06713884837786901 0.3252115561450354 0.0 0.0
9.78 0.0 0.13420332607380409 0.0 -0.10841957570966831
9.8 -0.06713884837786901 0.23874631905221022 0.0 0.11761643757917806
9.82 0.0 0.04360747067434112 0.0 0.0
9.84 -0.06920415753118794 0.03328092490774656 0.0 0.28014639774802685
9.86 0.0 0.0 0.0 0.0
9.88 -0.03472006799291577 0.0 0.0 0.4239805159317066
9.9 0.0 0.0 0.0 0.072279145099129
9.92 -0.038850686299553655 0.0 0.0 0.4544437115583676
9.94 0.032028592771447095 0.0 0.0 0.23964797056579296
9.96 0.0 0.0 0.0 0.4205162717598684
9.98 0.16996495092453573 0.09238711651313591 0.0 0.364607496284333
10.0 -0.0574384686794239 0.0 0.0 0.3154484586725031
10.02 0.19727852821312164 0.11860996943813235 0.0 0.41481710166130625
10.04 -0.11051034059756659 0.0 0.0 0.20330685436059875
10.06 0.21524014452484208 0.10621811451821883 0.0 0.29278556867469124
10.08 -0.2021969203606192 -0.048086507702558956 0.0618529649845046 0.0018318386154641542
10.1 0.0 0.0 0.0 0.027098667984367497
10.12 -0.43181985827676017 -0.16806124954392687 0.15999228972819313 0.0
10.14 -0.5435333635048526 0.0 0.2578075611110483 0.0
10.16 -0.7952485360393521 -0.32045477177024806 0.18164957204439597 -0.012872677852646008
10.18 -1.0042183824223043 -0.06254367177579134 0.36078575115255196 0.0
10.2 -0.8801130222742982 -0.318389462616929 0.07658175895703062 0.0
10.22 -1.1205270642524736 -0.1315118508523358 0.34191115868741184 0.0
10.24 -0.6612811884201917 -0.35080824300188224 0.0 0.0
10.26 -1.0865075330096414 -0.23909473777379014 0.13509447380365758 0.0
10.28 -0.4027439223575854 -0.34461231554192534 -0.13129466378656057 0.0
10.3 -0.9010690643302176 -0.1942841024689233 0.0 0.0
10.32 -0.0032304041988421017 -0.2632522815454675 -0.2616293062428291 0.0
10.34 -0.5349489113461572 -0.11292406847246528 0.0 0.0
10.36 0.10069382132526156 -0.1453428488574186 -0.2988422397331959 0.0
10.38 -0.1446712145904186 -0.033629343629326375 -0.01135275384580714 0.0
10.4 0.4502915010827703 -0.06811343316759855 -0.2446655863435795 0.0
10.42 0.0 0.0 -0.06535065675545226 0.0
10.44 0.5682009337708195 0.0 -0.14981175529175822 0.0
10.46 0.0 0.0 -0.10913457762955317 0.0
10.48 0.5275209167725906 0.0 -0.031244466476981647 0.0
10.5 0.009633407630359081 0.0 -0.11036389587466791 0.0
10.52 0.5558090788509061 -0.027433416169369562 0.0 0.0
10.54 0.25928327101153936 -0.06604812401427956 -0.16764729247618015 0.0
10.56 0.6624173809826309 -0.10053221355255171 0.0 0.0
10.58 0.35447430301308047 0.0 -0.07607895511622609 0.0
10.6 0.45901729599148633 -0.06398281486096066 0.14995705817262023 0.0
10.62 0.22526373976870717 0.0 0.0 0.0
10.64 0.2128718848487936 0.0 0.3344683540185052 0.0
10.66 0.09083183385410673 0.0 0.0 0.0
10.68 0.0 0.0 0.41910820303478247 0.0
10.7 0.0722440514742364 0.045511172054950144 0.07415657006591025 0.0
10.72 0.0 0.0 0.47155273433847955 0.0
10.74 0.02439352222632113 0.11447935113149449 0.27198859115923524 0.0
10.76 0.0 0.0 0.468088490166641 0.0
10.78 0.0871657738429086 0.17931691190140098 0.3682170433370333 0.0
10.8 0.0 0.0 0.33428960353853393 0.0
10.82 0.038224520231403936 0.27657325305626074 0.38294583730955933 0.0
10.84 -0.04091599545287261 0.0 0.19341692568588797 0.0
10.86 0.0 0.26527212249993637 0.25416456645923863 0.0
10.88 -0.1629560464475595 -0.07700083584902401 0.00042376989037823387 0.019298362355518323
10.9 0.0 0.0 0.018940861395575936 0.0
10.92 -0.3194801869805185 -0.2721396842268929 0.0 0.06499315579550977
10.94 -0.10224910398429093 -0.30662377376516503 0.0 0.1847897628554011
10.96 -0.43532431051524856 -0.5604042554529838 0.0 0.12386337160207916
10.98 -0.21396260921238303 -0.8059235005275266 0.0 0.3029995507102352
11.0 -0.4311936922086107 -0.6473340508412487 0.0 0.049258754141374816
11.02 -0.2829307882889274 -1.0380763058924267 0.0 0.3230700138213809
11.04 -0.3884483660570627 -0.6174451379050543 0.0 0.0
11.06 -0.31328425952056155 -1.156450296875915 0.0 0.17544759810502936
11.08 -0.34570303990551493 -0.5478507927603603 0.0 -0.06047834385852785
11.1 -0.19537482683251262 -1.0482412438863111 0.0 0.0
11.12 -0.22779360721746583 -0.2621160889830281 0.0 -0.19081298631479648
11.14 -0.11401479283605478 -0.7979652144369808 0.0038880140622166437 0.0
11.16 -0.18504828106591797 0.0 0.0038880140622166437 -0.25000725548219915
11.18 -0.1098841745294169 -0.4807863150644247 0.0 -0.013230178812588339
11.2 -0.10781886537609797 0.07969231107049268 0.0 -0.20933007781999424
11.22 -0.03265475883959684 -0.21363939366696322 0.0 -0.05199648390890299
11.24 -0.030589449686277914 0.23415114245013274 0.0 -0.10772650890446728
11.26 0.0 0.0 0.0 -0.08903066691929845
11.28 0.0 0.34586464767822434 0.0 0.0
11.3 0.0 0.0 0.0 -0.0835102473007075
11.32 -0.028524140532958986 0.3376034110649486 0.0 0.0
11.34 0.0 0.00039758622735369675 0.0 -0.1712568395288807
11.36 -0.028524140532958986 0.28659684830012566 0.0 0.0
11.38 0.0 0.0955886182288942 0.0 -0.08817036211855145
11.4 -0.06713884837786901 0.20013161120730028 0.0 0.0939029798162227
11.42 0.0 0.0801568693659323 0.0 0.0
11.44 -0.030589449686277914 0.06983032359933775 0.0 0.24120134217174105
11.46 0.0 0.022954379141151893 0.0 0.0
11.48 0.0 0.0 0.0 0.34107278900134874
11.5 0.0 0.0 0.0 0.09252835869024612
11.52 -0.00023597845464365386 -0.007871048999769703 0.0 0.4307302537954125
11.54 0.0 0.0 0.0 0.2159345128028377
11.56 -0.006431905914600411 0.0 0.0 0.374821478319877
11.58 0.1354808613862637 0.0944524256664549 0.0 0.2901816293035997
11.6 -0.016758451681195163 0.0 0.0 0.2934671229954669
11.62 0.08447429862143996 0.1206752785914513 0.0 0.3641046924435285
11.64 -0.14292912098251986 0.0 0.0 0.18980737863318753
11.66 0.14833727460161694 0.10828342367153776 0.0 0.2945176907606104
11.68 -0.1573862850557523 -0.009471799857648844 0.0009265737311827393 0.04077689419175001
11.7 0.0 0.0 0.0026586958171019026 0.022081052206581103
11.72 -0.42355862166348457 -0.1659959403906079 0.1210472341519073 0.0
11.74 -0.4601080203550755 0.0 0.24084384121179864 0.0
11.76 -0.7118231928895754 -0.24322535608042795 0.1646858521451462 0.0
11.78 -0.9959571458090283 -0.060478362622472526 0.36580336693033844 0.0
11.8 -0.7601382804329304 -0.2797747547720191 0.05286830119407532 0.0
11.82 -1.0757164289476067 -0.12944654169901681 0.2894666273837148 0.0
11.84 -0.5799211544237337 -0.3487429338485634 0.0 0.0
11.86 -1.0051474990131837 -0.19841472077556094 0.0826499424999605 0.0
11.88 -0.24828509097794538 -0.34254700638860647 -0.1532759994635967 0.0
11.9 -0.8238396486403973 -0.19221879331560432 0.0 0.0
11.92 0.0 -0.2611869723921486 -0.27512878197024043 0.0
11.94 -0.49839951265456595 -0.1108587593191464 0.0 0.0
11.96 0.10069382132526156 -0.10672814101250852 -0.2903603797835711 0.0
11.98 -0.1446712145904186 -0.03156403447600742 -0.03160196743692403 0.0
12.0 0.4137421023911795 0.0 -0.2057205307672938 0.0
12.02 0.0 0.0 -0.05513667471990813 0.0
12.04 0.3792580128529074 0.01722300997663484 -0.11761643757917806 0.0
12.06 0.0 0.05377240866822591 -0.09892059559400915 0.0
12.08 0.4502915010827703 0.0 -0.014280746577731929 0.0
12.1 0.04618280632194993 -0.02949872532268849 -0.1373628473294905 0.0
12.12 0.6309731853874073 -0.14121223055078064 0.0 0.0
12.14 0.29583266970313027 -0.10466283185918956 -0.15743331044063613 0.0
12.16 0.623802673137721 -0.1391469213974617 0.0 0.0
12.18 0.3190156286850788 -0.027433416169369562 -0.043883637403645925 0.0
12.2 0.3797225711483473 -0.06191750570764171 0.1821523758852004 0.0
12.22 0.18251841361715937 0.0 0.0 0.0
12.24 0.09702776131406363 0.0 0.35818181178146047 0.0
12.26 0.048086507702558956 0.0 0.0 0.0
12.28 0.0 0.0 0.44282166079773766 0.0
12.3 0.02949872532268849 0.006896464210040143 0.15706429699626828 0.0
12.32 0.0 0.0 0.5392288634555069 0.0
12.34 0.020262903919683273 0.1489634406697667 0.3024517867858961 0.0
12.36 0.0 0.0 0.5053014236570076 0.0
12.38 0.009936358153088604 0.17518629359476312 0.3901983790140694 0.0
12.4 0.0 0.0 0.33428960353853393 0.0
12.42 0.0 0.31421337611144096 0.4404079843910428 0.0
12.44 -0.07953070329778258 0.0 0.20691640141329926 0.0
12.46 0.0 0.2956255937315706 0.3183764514044278 0.0
12.48 -0.16502135560087827 -0.08319676330898093 0.0 0.02103048444143754
12.5 0.0 0.09842143620038302 0.0 0.0
12.52 -0.2849960974422463 -0.20001547163344024 -0.0025133929362398943 0.10393821137179562
12.54 -0.10637972229092876 -0.2417862129952586 0.0 0.20175348275465083
12.56 -0.4739390183601584 -0.5300507842213492 -0.03799420434068723 0.14082709150132888
12.58 -0.25464262621061196 -0.8893488436773035 0.0 0.36392594196355715
12.6 -0.5104884170517494 -0.8404075900657989 0.0 0.11693488325840234
12.62 -0.28706140659556517 -1.2311498451169767 0.0 0.3535332094480419
12.64 -0.4291283830552918 -0.7719039692846943 0.0 0.0
12.66 -0.2788001699822894 -1.195065004720825 0.0 0.21266053159539589
12.68 -0.3843177477504248 -0.5864655006052703 0.0 -0.07570994167185832
12.7 -0.23398953467742267 -1.0847906425779024 0.0 0.0
12.72 -0.302957713753967 -0.2621160889830281 0.0 -0.23650777975478782
12.74 -0.11608010198937369 -0.8324493039752533 0.0 0.0
12.76 -0.2236629889108281 0.0 0.0038880140622166437 -0.2889523110584849
12.78 -0.0754000849911447 -0.4818770394280144 0.0038880140622166437 -0.05217523438887417
12.8 -0.1098841745294169 0.12037232806872131 0.0 -0.22629379771924385
12.82 0.0 -0.2826075727435073 0.0 -0.05372860599482221
12.84 -0.030589449686277914 0.24034706991008925 0.0 -0.15342130234445867
12.86 0.0 0.0 0.0 -0.09076278900521753
12.88 -0.030589449686277914 0.42515937252136393 0.0 -0.028104275665976508
12.9 0.0 0.0 0.0 -0.12920504074069883
12.92 -0.06713884837786901 0.45551284375299794 0.0 0.0
12.94 0.0 0.04520822153222015 0.0 -0.16450710166517502
12.96 -0.06713884837786901 0.36795688229658335 0.0 0.0
12.98 0.0 0.10178454568885112 0.0 -0.10340195993188192
13.0 -0.06713884837786901 0.2428769373588478 0.0 0.10065271767992834
13.02 0.0 0.08635279682588903 0.0 0.0
13.04 -0.030589449686277914 0.07396094190597557 0.0 0.22596974435841066
13.06 0.0 0.06363439613938093 0.0 0.0
13.08 -0.03265475883959684 0.0 0.0 0.34107278900134874
13.1 0.0 0.0 0.0 0.04856568733617386
13.12 -0.00023597845464365386 0.0 0.0 0.4307302537954125
13.14 0.0 0.0 0.0 0.20918477493913212
13.16 -0.006431905914600411 0.0 0.0 0.427266009623574
13.18 0.09893146269467251 0.05790302697486377 0.0 0.3054132271169302
13.2 -0.016758451681195163 0.0 0.0 0.2934671229954669
13.22 0.12308900646635007 0.15928998643636127 0.0 0.3641046924435285
13.24 -0.14292912098251986 0.0 0.0 0.20503897644651803
13.26 0.14833727460161694 0.10828342367153776 0.0 0.2945176907606104
13.28 -0.19393568374734332 0.0 0.02290790940821885 0.04077689419175001
13.3 0.0 0.0 0.0 0.03731265001991152
13.32 -0.4601080203550755 -0.1659959403906079 0.1210472341519073 0.0
13.34 -0.4966574190466665 0.0 0.2256122433984682 0.0
13.36 -0.7118231928895754 -0.2797747547720191 0.1646858521451462 0.0
13.38 -0.9573424379641181 -0.060478362622472526 0.36580336693033844 0.0
13.4 -0.7601382804329304 -0.27770944561870015 0.05286830119407532 0.0
13.42 -1.112265827639198 -0.1659959403906079 0.2894666273837148 0.0
13.44 -0.5799211544237337 -0.3487429338485634 0.0 0.0
13.46 -0.9685981003215925 -0.19841472077556094 0.11986287599032719 0.0
13.48 -0.24828509097794538 -0.34254700638860647 -0.1380444016502662 0.0
13.5 -0.7852249407954874 -0.1556693946240132 0.0 0.0
13.52 0.0 -0.22463757370055748 -0.2531474462932043 0.0
13.54 -0.5349489113461572 -0.1108587593191464 0.0 0.0
13.56 0.10069382132526156 -0.10672814101250852 -0.2903603797835711 0.0
13.58 -0.1446712145904186 -0.03156403447600742 -0.009620631759887865 0.0
13.6 0.0 0.0 -0.1837391950902577 0.0
13.62 0.0 0.0 -0.07711801039694427 0.0
13.64 0.41580741154449863 0.0 -0.11761643757917806 0.0
13.66 0.0 0.01722300997663484 -0.09892059559400915 0.0
13.68 0.4502915010827703 0.0 -0.014280746577731929 0.0
13.7 0.04618280632194993 -0.02949872532268849 -0.1373628473294905 0.0
13.72 0.6309731853874073 -0.14121223055078064 0.0 0.0
13.74 0.3323820683947214 -0.06604812401427956 -0.15743331044063613 0.0
13.76 0.623802673137721 -0.10053221355255171 0.0 0.0
13.78 0.3190156286850788 -0.027433416169369562 -0.043883637403645925 0.0
13.8 0.34317317245675616 -0.025368107016050634 0.20413371156223648 0.0
13.82 0.18251841361715937 0.0 0.0 0.0
13.84 0.09702776131406363 0.0 0.33620047610442444 0.0
13.86 0.0867012155474689 0.0 0.0 0.0
13.88 0.0 0.0 0.44282166079773766 0.0
13.9 0.02949872532268849 0.006896464210040143 0.15706429699626828 0.0
13.92 0.0 0.0 0.5172475277784708 0.0
13.94 0.020262903919683273 0.1489634406697667 0.3024517867858961 0.0
13.96 0.0 0.0 0.4833200879799715 0.0
13.98 0.009936358153088604 0.17518629359476312 0.3682170433370333 0.0
14.0 0.0 0.0 0.31905800572520354 0.0
14.02 0.0 0.31421337611144096 0.4336582465273373 0.0
14.04 -0.11814541114269261 0.0 0.18493506573626306 0.0
14.06 0.0 0.37078970026807173 0.3116267135407222 0.0
14.08 -0.16502135560087827 -0.04664736461738975 0.0 0.02103048444143754
14.1 0.0 0.13497083489197387 0.0 0.0
14.12 -0.2849960974422463 -0.20001547163344024 -0.024494728613276007 0.10393821137179562
14.14 -0.10637972229092876 -0.2417862129952586 0.0 0.20175348275465083
14.16 -0.47600432751347754 -0.5686654920662596 -0.016012868663651175 0.14082709150132888
14.18 -0.25464262621061196 -0.8893488436773035 0.0 0.36392594196355715
14.2 -0.4718737092068396 -0.8404075900657989 0.0 0.11693488325840234
14.22 -0.28706140659556517 -1.2311498451169767 0.0 0.3535332094480419
14.24 -0.4291283830552918 -0.7719039692846943 0.0 0.0
14.26 -0.3153495686738806 -1.2316144034124168 0.0 0.21266053159539589
14.28 -0.3843177477504248 -0.5478507927603603 0.0 -0.07570994167185832
14.3 -0.19744013598583154 -1.1213400412694932 0.0 0.0
14.32 -0.302957713753967 -0.26005077982970914 0.0 -0.23650777975478782
14.34 -0.11608010198937369 -0.8303839948219337 0.0 0.0
14.36 -0.2236629889108281 0.0 0.0 -0.26697097538144876
14.38 -0.0754000849911447 -0.5549758368111962 0.0 -0.030193898711838113
14.4 -0.1098841745294169 0.12037232806872131 0.0 -0.22629379771924385
14.42 0.0 -0.3191569714350982 0.0 -0.05372860599482221
14.44 -0.030589449686277914 0.24034706991008925 0.0 -0.15342130234445867
14.46 0.0 -0.09572996097891434 0.0 -0.09076278900521753
14.48 -0.030589449686277914 0.38654466467645365 0.0 -0.028104275665976508
14.5 -0.030589449686277914 0.0 0.0 -0.12920504074069883
14.52 -0.06713884837786901 0.49206224244458874 0.0 0.0
14.54 0.0 0.04520822153222015 0.0 -0.16450710166517502
14.56 -0.06713884837786901 0.36795688229658335 0.0 0.0
14.58 0.0 0.13833394438044233 0.0 -0.10340195993188192
14.6 -0.06713884837786901 0.2428769373588478 0.0 0.0786713820028922
14.62 0.0 0.08635279682588903 0.0 0.0
14.64 -0.030589449686277914 0.07396094190597557 0.0 0.22596974435841066
14.66 0.0 0.027084997447789805 0.0 0.0
14.68 -0.03265475883959684 0.0 0.0 0.34107278900134874
14.7 0.0 0.0 0.0 0.07054702301320992
14.72 -0.0367853771462347 -0.0037404306931318465 0.0 0.40874891811837644
14.74 0.0 0.0 0.0 0.20918477493913212
14.76 -0.006431905914600411 0.0 0.0 0.427266009623574
14.78 0.09893146269467251 0.0965177348197738 0.0 0.3273945627939663
14.8 -0.053307850372786264 0.0 0.0 0.2934671229954669
14.82 0.15963840515794114 0.15928998643636127 0.0 0.3641046924435285
14.84 -0.14292912098251986 0.0 0.0 0.18980737863318753
14.86 0.14833727460161694 0.1468981315164477 0.0 0.30974928857394085
14.88 -0.19393568374734332 0.0 0.0009265737311827393 0.04077689419175001
14.9 0.0 0.0 0.0 0.03731265001991152
14.92 -0.42355862166348457 -0.1659959403906079 0.1210472341519073 0.0
14.94 -0.4966574190466665 0.0 0.2256122433984682 0.0
14.96 -0.7118231928895754 -0.2797747547720191 0.14270451646811017 0.0
14.98 -0.9959571458090283 -0.060478362622472526 0.34382203125330235 0.0
15.0 -0.7601382804329304 -0.3163241534636102 0.05286830119407532 0.0
15.02 -1.0757164289476067 -0.12944654169901681 0.2894666273837148 0.0
15.04 -0.5799211544237337 -0.3487429338485634 0.0 0.0
15.06 -1.0437622068580938 -0.19841472077556094 0.09788154031329094 0.0
15.08 -0.24828509097794538 -0.34254700638860647 -0.1380444016502662 0.0
15.1 -0.8238396486403973 -0.19221879331560432 0.0 0.0
15.12 -0.805251866260527 -0.1880881750089664 0.0 0.0
15.14 -0.5349489113461572 -0.1108587593191464 0.0 0.0
15.16 0.06414442263367037 -0.10672814101250852 -0.2683790441065349 0.0
15.18 -0.18122061328200983 0.0 -0.009620631759887865 0.0
15.2 0.4137421023911795 -0.02949872532268849 -0.2057205307672938 0.0
15.22 0.0 0.0 -0.07711801039694427 0.0
15.24 0.3792580128529074 0.0 -0.11761643757917806 0.0
15.26 0.0 0.01722300997663484 -0.09892059559400915 0.0
15.28 0.4137421023911795 0.0 -0.014280746577731929 0.0
15.3 0.04618280632194993 -0.02949872532268849 -0.1373628473294905 0.0
15.32 0.5944237866958163 -0.14121223055078064 0.0 0.0
15.34 0.29583266970313027 -0.06604812401427956 -0.17941464611767222 0.0
15.36 0.623802673137721 -0.10053221355255171 0.0 0.0
15.38 0.3190156286850788 -0.027433416169369562 -0.043883637403645925 0.0
15.4 0.34317317245675616 -0.06191750570764171 0.1821523758852004 0.0
15.42 0.18251841361715937 0.0 0.0 0.0
15.44 0.09702776131406363 0.0 0.35818181178146047 0.0
15.46 0.0867012155474689 0.0 0.0 0.0
15.48 0.0 0.0 0.4208403251207016 0.0
15.5 0.02949872532268849 0.006896464210040143 0.15706429699626828 0.0
15.52 0.0 0.0 0.5172475277784708 0.0
15.54 0.020262903919683273 0.1489634406697667 0.3024517867858961 0.0
15.56 0.0 0.0 0.4833200879799715 0.0
15.58 0.046485756844679704 0.17518629359476312 0.3901983790140694 0.0
15.6 0.0 0.0 0.31905800572520354 0.0
15.62 0.0 0.31421337611144096 0.4184266487140067 0.0
15.64 -0.08159601245110154 0.0 0.18493506573626306 0.0
15.66 0.0 0.3342403015764806 0.3116267135407222 0.0
15.68 -0.16502135560087827 -0.08319676330898093 0.0 0.02103048444143754
15.7 0.0 0.13497083489197387 0.0 0.0
15.72 -0.2849960974422463 -0.20001547163344024 -0.024494728613276007 0.10393821137179562
15.74 -0.10637972229092876 -0.2417862129952586 0.0 0.20175348275465083
15.76 -0.47600432751347754 -0.5321160933746686 -0.016012868663651175 0.16280842717836502
15.78 -0.25464262621061196 -0.9279635515222134 0.0 0.36392594196355715
15.8 -0.5104884170517494 -0.8424728992191177 0.0 0.11693488325840234
15.82 -0.24844669875065528 -1.2311498451169767 0.0 0.3535332094480419
15.84 -0.4291283830552918 -0.7719039692846943 0.0 0.0
15.86 -0.2788001699822894 -1.2316144034124168 0.0 0.23464186727243203
15.88 -0.3843177477504248 -0.5478507927603603 0.0 -0.05372860599482221
15.9 -0.23398953467742267 -1.0827253334245834 0.0 0.03489897361321653
15.92 -0.302957713753967 -0.2235013811381179 0.0 -0.2212761819414576
15.94 -0.15262950068096476 -0.8303839948219337 0.0 0.0
15.96 -0.2236629889108281 0.0 0.0 -0.2737207132451547
15.98 -0.0754000849911447 -0.518426438119605 0.0 -0.030193898711838113
16.0 -0.1098841745294169 0.08382292937713043 0.0 -0.22629379771924385
16.02 0.0 -0.2826075727435073 0.0 -0.05372860599482221
16.04 0.0 0.20379767121849807 0.0 -0.13143996666742258
16.06 0.0 -0.05918056228732316 0.0 -0.09076278900521753
16.08 -0.030589449686277914 0.34999526598486247 0.0 -0.028104275665976508
16.1 0.0 0.0 0.0 -0.12920504074069883
16.12 -0.06713884837786901 0.45551284375299794 0.0 0.0
16.14 0.0 0.04520822153222015 0.0 -0.16450710166517502
16.16 -0.06713884837786901 0.4045062809881744 0.0 0.0
16.18 0.0 0.13833394438044233 0.0 -0.11863355774521236
16.2 -0.06713884837786901 0.2428769373588478 0.0 0.0786713820028922
16.22 0.0 0.12290219551748005 0.0 0.0
16.24 -0.030589449686277914 0.07396094190597557 0.0 0.22596974435841066
16.26 0.0 0.06363439613938093 0.0 0.0
16.28 -0.03265475883959684 0.0 0.0 0.34107278900134874
16.3 0.0 0.0 0.0 0.07054702301320992
16.32 -0.00023597845464365386 0.0 0.0 0.4307302537954125
16.34 0.0 0.0 0.0 0.2311661106161682
16.36 -0.006431905914600411 0.0 0.0 0.4052846739465379
16.38 0.09893146269467251 0.0965177348197738 0.0 0.3273945627939663
16.4 -0.016758451681195163 0.0 0.0 0.2934671229954669
16.42 0.12308900646635007 0.15928998643636127 0.0 0.401317625933895
16.44 -0.14292912098251986 0.0 0.0 0.18980737863318753
16.46 0.18488667329320796 0.1103487328248566 0.0 0.30974928857394085
16.48 -0.19393568374734332 -0.007406490704329971 0.0009265737311827393 0.0187955585147139
16.5 0.0 0.0 0.0 0.03731265001991152
16.52 -0.38700922297189333 -0.1659959403906079 0.1210472341519073 0.0
16.54 -0.4966574190466665 0.0 0.24084384121179864 0.0
16.56 -0.7504379007344854 -0.2818400639253379 0.1646858521451462 0.0
16.58 -0.9959571458090283 -0.060478362622472526 0.34382203125330235 0.0
16.6 -0.7987529882778405 -0.3163241534636102 0.05286830119407532 0.0
16.62 -1.0391670302560159 -0.1659959403906079 0.31144796306075084 0.0
16.64 -0.5454370648854615 -0.3487429338485634 0.0 0.0
16.66 -1.009278117319821 -0.23702942862047105 0.11311313812662149 0.0
16.68 -0.2889651079761742 -0.34254700638860647 -0.1160630659732301 0.0
16.7 -0.8259049577937162 -0.1556693946240132 0.0 0.0
16.72 0.0 -0.22463757370055748 -0.2379158484798739 0.0
16.74 -0.5390795296527947 -0.0743093606275553 0.0 0.0
16.76 0.06001380432703274 -0.10672814101250852 -0.27512878197024043 0.0
16.78 -0.18535123158864797 -0.03156403447600742 -0.009620631759887865 0.0
16.8 0.4096114840845416 -0.06604812401427956 -0.22770186644432988 0.0
16.82 0.0 0.0 -0.07036827253323863 0.0
16.84 0.4137421023911795 0.0 -0.1328480353925085 0.0
16.86 0.0 0.01722300997663484 -0.09217085773030359 0.0
16.88 0.4096114840845416 0.0 -0.04474394220439287 0.0
16.9 0.005502789323720864 0.0 -0.12386337160207916 0.0
16.92 0.5537437696975872 -0.1391469213974617 0.0 0.0
16.94 0.29170205139649263 -0.06604812401427956 -0.12195249903618877 0.0
16.96 0.5831226561394921 -0.10053221355255171 0.0 0.0
16.98 0.31695031953175956 -0.027433416169369562 -0.04561575948956506 0.0
17.0 0.34110786330343734 -0.10053221355255171 0.1432073203089146 0.0
17.02 0.18251841361715937 0.0 0.0 0.0
17.04 0.09702776131406363 -0.025368107016050634 0.31248701834146914 0.0
17.06 0.05015181685587777 0.0 0.0 0.0
17.08 0.0 0.0 0.3971268673577465 0.0
17.1 0.0 0.008961773363359127 0.11136950355627706 0.0
17.12 0.0 0.0 0.49353407001551575 0.0
17.14 0.02232821307300223 0.07586464328658443 0.25675699334590485 0.0
17.16 0.0 0.0 0.4748382280303467 0.0
17.18 0.04855106599799858 0.1427675132098099 0.374966781200739 0.0
17.2 0.0 0.0 0.34417953221324477 0.0
17.22 0.0 0.27657325305626074 0.36771423949622895 0.0
17.24 -0.07953070329778258 0.0 0.17818532787255753 0.0
17.26 0.0 0.30388683034484654 0.2609143043229443 0.0
17.28 -0.1629560464475595 -0.07700083584902401 0.0 0.019298362355518323
17.3 0.0 0.0 0.0037092635822454367 0.0
17.32 -0.3194801869805185 -0.270074375073574 0.0 0.06499315579550977
17.34 -0.14086381182920082 -0.270074375073574 0.0 0.16280842717836502
17.36 -0.43532431051524856 -0.5604042554529838 0.0 0.12386337160207916
17.38 -0.21396260921238303 -0.8059235005275266 0.0 0.32498088638727135
17.4 -0.3946442935170196 -0.6838834495328399 0.0 0.049258754141374816
17.42 -0.24431608044401742 -1.0380763058924267 0.0 0.3298197516850866
17.44 -0.3884483660570627 -0.6174451379050543 0.0 0.0
17.46 -0.31328425952056155 -1.1929996955675062 0.0 0.1974289337820655
17.48 -0.34570303990551493 -0.5478507927603603 0.0 -0.06047834385852785
17.5 -0.19537482683251262 -1.0482412438863111 0.0 0.0
17.52 -0.22779360721746583 -0.2621160889830281 0.0 -0.19081298631479648
17.54 -0.11401479283605478 -0.7979652144369808 0.0038880140622166437 0.0
17.56 -0.18504828106591797 0.0 0.0038880140622166437 -0.25000725548219915
17.58 -0.1098841745294169 -0.48394234858133334 0.0 -0.013230178812588339
17.6 -0.10781886537609797 0.07969231107049268 0.0 -0.20933007781999424
17.62 0.0 -0.25018879235855435 0.0 -0.05199648390890299
17.64 -0.030589449686277914 0.19760174375854156 0.0 -0.11447624676817286
17.66 0.0 0.0 0.0 -0.051817733428931756
17.68 -0.028524140532958986 0.30724993983331483 0.0 0.0
17.7 0.0 0.0 0.0 -0.06827864948737697
17.72 -0.028524140532958986 0.3376034110649486 0.0 0.0
17.74 0.0 0.00039758622735369675 0.0 -0.1712568395288807
17.76 -0.028524140532958986 0.3231462469917167 0.0 0.0
17.78 0.0 0.020424511692393232 0.0 -0.10340195993188192
17.8 -0.06713884837786901 0.16358221251570926 0.0 0.0939029798162227
17.82 0.0 0.0801568693659323 0.0 0.0
17.84 -0.030589449686277914 0.03328092490774656 0.0 0.22596974435841066
17.86 0.0 0.022954379141151893 0.0 0.0
17.88 -0.03265475883959684 0.0 0.0 0.34107278900134874
17.9 0.0 0.0 0.0 0.07054702301320992
17.92 -0.0367853771462347 -0.007871048999769703 0.0 0.4307302537954125
17.94 0.0 0.0 0.0 0.2159345128028377
17.96 -0.006431905914600411 0.0 0.0 0.4120344118102436
17.98 0.1354808613862637 0.0944524256664549 0.0 0.2901816293035997
18.0 -0.016758451681195163 0.0 0.0 0.2934671229954669
18.02 0.12102369731303103 0.1206752785914513 0.0 0.3641046924435285
18.04 -0.14292912098251986 0.0 0.0 0.18980737863318753
18.06 0.18488667329320796 0.10828342367153776 0.0 0.2725363550835742
18.08 -0.19393568374734332 -0.009471799857648844 0.0009265737311827393 0.04077689419175001
18.1 0.0 0.0 0.0026586958171019026 0.022081052206581103
18.12 -0.42355862166348457 -0.20254533908219902 0.1210472341519073 0.0
18.14 -0.4601080203550755 0.0 0.20363090772143205 0.0
18.16 -0.7118231928895754 -0.24322535608042795 0.14270451646811017 0.0
18.18 -0.9959571458090283 -0.060478362622472526 0.36580336693033844 0.0
18.2 -0.7601382804329304 -0.3163241534636102 0.05286830119407532 0.0
18.22 -1.112265827639198 -0.1659959403906079 0.2894666273837148 0.0
18.24 -0.5799211544237337 -0.3487429338485634 0.0 0.0
18.26 -1.0437622068580938 -0.19841472077556094 0.11986287599032719 0.0
18.28 -0.28689979882285527 -0.34254700638860647 -0.1160630659732301 0.0
18.3 -0.7852249407954874 -0.19221879331560432 0.0 0.0
18.32 0.0 -0.22463757370055748 -0.2531474462932043 0.0
18.34 -0.5349489113461572 -0.1108587593191464 0.0 0.0
18.36 0.10069382132526156 -0.10672814101250852 -0.2903603797835711 0.0
18.38 -0.1446712145904186 -0.03156403447600742 -0.03160196743692403 0.0
18.4 0.4137421023911795 -0.02949872532268849 -0.2057205307672938 0.0
18.42 0.0 0.0 -0.05513667471990813 0.0
18.44 0.3792580128529074 0.01722300997663484 -0.11761643757917806 0.0
18.46 0.0 0.05377240866822591 -0.09892059559400915 0.0
18.48 0.4137421023911795 0.0 -0.014280746577731929 0.0
18.5 0.04618280632194993 -0.06604812401427956 -0.1373628473294905 0.0
18.52 0.6309731853874073 -0.14121223055078064 0.0 0.0
18.54 0.3323820683947214 -0.06604812401427956 -0.14220171262730563 0.0
18.56 0.623802673137721 -0.1391469213974617 0.0 0.0
18.58 0.3190156286850788 -0.06398281486096066 -0.043883637403645925 0.0
18.6 0.3797225711483473 -0.10053221355255171 0.1821523758852004 0.0
18.62 0.18251841361715937 0.0 0.0 0.0
18.64 0.09702776131406363 0.0 0.33620047610442444 0.0
18.66 0.048086507702558956 0.0 0.0 0.0
18.68 0.0 0.0 0.44282166079773766 0.0
18.7 0.02949872532268849 0.006896464210040143 0.13508296131923214 0.0
18.72 0.0 0.0 0.5172475277784708 0.0
18.74 0.020262903919683273 0.1855128393613577 0.3244331224629323 0.0
18.76 0.0 0.0 0.4833200879799715 0.0
18.78 0.046485756844679704 0.17518629359476312 0.3682170433370333 0.0
18.8 0.0 0.0 0.31905800572520354 0.0
18.82 0.0 0.3121480669581222 0.4184266487140067 0.0
18.84 -0.04298130460619151 0.0 0.18493506573626306 0.0
18.86 0.0 0.2956255937315706 0.3116267135407222 0.0
18.88 -0.2015707542924694 -0.08319676330898093 0.0 0.02103048444143754
18.9 0.0 0.13497083489197387 0.0 0.0
18.92 -0.2849960974422463 -0.20001547163344024 -0.0025133929362398943 0.10393821137179562
18.94 -0.14292912098251986 -0.2417862129952586 0.0 0.20175348275465083
18.96 -0.47600432751347754 -0.5686654920662596 -0.03799420434068723 0.14082709150132888
18.98 -0.25464262621061196 -0.8893488436773035 0.0 0.36392594196355715
19.0 -0.5104884170517494 -0.8404075900657989 0.0 0.11693488325840234
19.02 -0.28706140659556517 -1.2311498451169767 0.0 0.3755145451250781
19.04 -0.4291283830552918 -0.7719039692846943 0.0 0.0
19.06 -0.2788001699822894 -1.2316144034124168 0.0 0.1974289337820655
19.08 -0.3843177477504248 -0.5478507927603603 0.0 -0.05372860599482221
19.1 -0.23398953467742267 -1.0461759347329922 0.0 0.0
19.12 -0.2664083150623759 -0.26005077982970914 0.0 -0.23650777975478782
19.14 -0.15262950068096476 -0.7938345961303429 0.0 0.0
19.16 -0.18711359021923696 0.0 0.0038880140622166437 -0.2889523110584849
19.18 -0.0754000849911447 -0.518426438119605 0.0038880140622166437 -0.030193898711838113
19.2 -0.14643357322100797 0.12037232806872131 0.0 -0.22629379771924385
19.22 0.0 -0.2826075727435073 0.0 -0.05372860599482221
19.24 -0.030589449686277914 0.20379767121849807 0.0 -0.15342130234445867
19.26 0.0 -0.020565854442413267 0.0 -0.09076278900521753
19.28 -0.030589449686277914 0.38654466467645365 0.0 -0.028104275665976508
19.3 0.0 0.0 0.0 -0.10722370506366274
19.32 -0.06713884837786901 0.45551284375299794 0.0 0.0
19.34 0.0 0.04520822153222015 0.0 -0.16450710166517502
19.36 -0.06713884837786901 0.36795688229658335 0.0 0.0
19.38 0.0 0.10178454568885112 0.0 -0.11863355774521236
19.4 -0.06713884837786901 0.279426336050439 0.0 0.0786713820028922
19.42 0.0 0.0842874876725701 0.0 0.0
19.44 -0.030589449686277914 0.07396094190597557 0.0 0.22596974435841066
19.46 0.0 0.027084997447789805 0.0 0.0
19.48 0.0 0.0 0.0 0.34107278900134874
19.5 0.0 0.0 0.0 0.07054702301320992
19.52 -0.00023597845464365386 0.0 0.0 0.4307302537954125
19.54 0.0 0.0 0.0 0.20918477493913212
19.56 -0.006431905914600411 0.0 0.0 0.4052846739465379
19.58 0.1354808613862637 0.0965177348197738 0.0 0.3273945627939663
19.6 -0.016758451681195163 0.0 0.0 0.2934671229954669
19.62 0.15963840515794114 0.15928998643636127 0.0 0.3793362902568589
19.64 -0.14292912098251986 0.0 0.0 0.20503897644651803
19.66 0.18488667329320796 0.1468981315164477 0.0 0.2945176907606104
19.68 -0.1573862850557523 -0.007406490704329971 0.0009265737311827393 0.04077689419175001
19.7 0.0 0.0 0.0 0.03731265001991152
19.72 -0.42355862166348457 -0.20254533908219902 0.1210472341519073 0.0
19.74 -0.4601080203550755 0.0 0.2256122433984682 0.0
19.76 -0.6752737941979844 -0.2797747547720191 0.12747291865477967 0.0
19.78 -0.9959571458090283 -0.060478362622472526 0.36580336693033844 0.0
19.8 -0.7601382804329304 -0.3163241534636102 0.05286830119407532 0.0
19.82 -1.112265827639198 -0.1659959403906079 0.31144796306075084 0.0
19.84 -0.5799211544237337 -0.3487429338485634 0.0 0.0
19.86 -1.0051474990131837 -0.23496411946715207 0.11986287599032719 0.0
19.88 -0.28483448966953634 -0.34254700638860647 -0.1160630659732301 0.0
19.9 -0.7852249407954874 -0.19221879331560432 0.0 0.0
19.92 -0.037714493737114 -0.22463757370055748 -0.2531474462932043 0.0
19.94 -0.49839951265456595 -0.1108587593191464 0.0 0.0
19.96 0.10069382132526156 -0.10672814101250852 -0.2903603797835711 0.0
19.98 -0.1446712145904186 -0.03156403447600742 -0.03160196743692403 0.0
20.0 0.4137421023911795 0.0 -0.2057205307672938 0.0
