0.0 -0.009711707 0.009711707 0.0 -0.0
0.02 -0.009711707 0.009711707 0.0 -0.0
0.04 -0.009711707 0.009711707 0.0 -0.0
0.06 -0.09711707 -0.08740536300000001 0.11097445334031117 0.11097445334031117
0.08 0.0 -0.067981949 -0.12849673544667609 -0.04088532491485148
0.1 -0.08740536300000001 -0.126252191 -0.011681521404243281 0.029203803510608202
0.12 0.019423414 -0.048558535 -0.08177064982970296 -0.058407607021216404
0.14 -0.019423414 -0.203945847 0.0 -0.0
0.16 0.029135121 -0.184522433 -0.1401782568509194 -0.11681521404243281
0.18 -0.048558535 -0.22336926099999999 0.0 0.017522282106364924
0.2 0.009711707 -0.155387312 -0.12265597474455446 -0.08177064982970296
0.22 -0.067981949 -0.242792675 -0.03504456421272985 0.029203803510608202
0.24 0.0 -0.135963898 -0.09345217123394625 -0.07592988912758133
0.26 -0.08740536300000001 -0.22336926099999999 0.0 0.017522282106364924
0.28 -0.009711707 -0.135963898 -0.11681521404243281 -0.06424836772333804
0.3 -0.08740536300000001 -0.165099019 0.07592988912758133 0.046726085616973126
0.32 0.0 -0.135963898 -0.09345217123394625 -0.03504456421272985
0.34 -0.038846828 -0.184522433 0.11681521404243281 0.029203803510608202
0.36 0.029135121 -0.135963898 -0.09345217123394625 -0.03504456421272985
0.38 -0.077693656 -0.155387312 0.0700891284254597 0.046726085616973126
0.4 0.0 -0.09711707 -0.08177064982970296 -0.017522282106364924
0.42 -0.106828777 -0.145675605 0.058407607021216404 0.058407607021216404
0.44 -0.009711707 -0.116540484 -0.08761141053182461 -0.017522282106364924
0.46 -0.135963898 -0.203945847 0.06424836772333804 0.046726085616973126
0.48 -0.048558535 -0.184522433 -0.0700891284254597 -0.023363042808486563
0.5 -0.155387312 -0.233080968 0.05256684631909477 0.06424836772333804
0.52 -0.08740536300000001 -0.213657554 -0.06424836772333804 -0.011681521404243281
0.54 -0.165099019 -0.242792675 0.046726085616973126 0.05256684631909477
0.56 -0.106828777 -0.233080968 -0.046726085616973126 -0.0
0.58 -0.165099019 -0.252504382 0.029203803510608202 0.04088532491485148
0.6 -0.116540484 -0.213657554 -0.023363042808486563 -0.0
0.62 -0.165099019 -0.233080968 0.046726085616973126 0.06424836772333804
0.64 -0.116540484 -0.19423414 -0.011681521404243281 0.005840760702121641
0.66 -0.135963898 -0.233080968 0.058407607021216404 0.0700891284254597
0.68 -0.09711707 -0.203945847 0.0 0.005840760702121641
0.7 -0.135963898 -0.233080968 0.08177064982970296 0.08761141053182461
0.72 -0.08740536300000001 -0.213657554 0.005840760702121641 0.017522282106364924
0.74 -0.155387312 -0.262216089 0.08177064982970296 0.07592988912758133
0.76 -0.135963898 -0.22336926099999999 0.0 0.029203803510608202
0.78 -0.17481072600000003 -0.271927796 0.06424836772333804 0.08761141053182461
0.8 -0.145675605 -0.252504382 0.005840760702121641 0.04088532491485148
0.82 -0.17481072600000003 -0.29135121 0.0700891284254597 0.10513369263818954
0.84 -0.155387312 -0.262216089 0.011681521404243281 0.05256684631909477
0.86 -0.184522433 -0.30106291700000004 0.07592988912758133 0.08761141053182461
0.88 -0.19423414 -0.281639503 0.029203803510608202 0.046726085616973126
0.9 -0.22336926099999999 -0.29135121 0.08177064982970296 0.08177064982970296
0.92 -0.19423414 -0.271927796 0.04088532491485148 0.03504456421272985
0.94 -0.203945847 -0.30106291700000004 0.08177064982970296 0.08177064982970296
0.96 -0.165099019 -0.281639503 0.06424836772333804 0.058407607021216404
0.98 -0.184522433 -0.29135121 0.09345217123394625 0.08177064982970296
1.0 -0.17481072600000003 -0.271927796 0.07592988912758133 0.07592988912758133
1.02 -0.184522433 -0.271927796 0.09345217123394625 0.10513369263818954
1.04 -0.184522433 -0.262216089 0.11097445334031117 0.09929293193606789
1.06 -0.184522433 -0.262216089 0.09929293193606789 0.09345217123394625
1.08 -0.203945847 -0.271927796 0.11097445334031117 0.08761141053182461
1.1 -0.203945847 -0.281639503 0.11097445334031117 0.08761141053182461
1.12 -0.22336926099999999 -0.29135121 0.11097445334031117 0.09345217123394625
1.14 -0.213657554 -0.29135121 0.11097445334031117 0.09345217123394625
1.16 -0.22336926099999999 -0.29135121 0.11097445334031117 0.09345217123394625
1.18 -0.22336926099999999 -0.29135121 0.11097445334031117 0.09345217123394625
1.2 -0.213657554 -0.30106291700000004 0.11097445334031117 0.09345217123394625
1.22 -0.184522433 -0.30106291700000004 0.11097445334031117 0.09345217123394625
1.24 -0.184522433 -0.310774624 0.11097445334031117 0.09345217123394625
1.26 -0.165099019 -0.310774624 0.11097445334031117 0.08761141053182461
1.28 -0.17481072600000003 -0.310774624 0.11097445334031117 0.09345217123394625
1.3 -0.184522433 -0.339909745 0.11097445334031117 0.12849673544667609
1.32 -0.17481072600000003 -0.339909745 0.11097445334031117 0.09929293193606789
1.34 -0.17481072600000003 -0.38846828 0.11097445334031117 0.11681521404243281
1.36 -0.17481072600000003 -0.34962145200000005 0.11097445334031117 0.06424836772333804
1.38 -0.184522433 -0.378756573 0.11097445334031117 0.11681521404243281
1.4 -0.17481072600000003 -0.330198038 0.11097445334031117 0.04088532491485148
1.42 -0.17481072600000003 -0.398179987 0.11097445334031117 0.09929293193606789
1.44 -0.155387312 -0.359333159 0.046726085616973126 0.08761141053182461
1.46 -0.077693656 -0.534143885 0.09345217123394625 0.058407607021216404
1.48 -0.08740536300000001 -0.44673852199999997 0.09345217123394625 -0.0
1.5 -0.116540484 -0.407891694 0.08761141053182461 0.08177064982970296
1.52 -0.116540484 -0.281639503 0.08761141053182461 0.03504456421272985
1.54 -0.08740536300000001 -0.359333159 0.08761141053182461 0.09929293193606789
1.56 -0.08740536300000001 -0.281639503 0.08761141053182461 0.046726085616973126
1.58 -0.058270242 -0.378756573 0.08761141053182461 0.09345217123394625
1.6 -0.058270242 -0.330198038 0.08761141053182461 0.058407607021216404
1.62 -0.038846828 -0.369044866 0.08761141053182461 0.07592988912758133
1.64 -0.048558535 -0.339909745 0.08761141053182461 0.09345217123394625
1.66 -0.058270242 -0.369044866 0.09345217123394625 0.029203803510608202
1.68 -0.058270242 -0.310774624 0.08761141053182461 0.046726085616973126
1.7 -0.08740536300000001 -0.339909745 0.08761141053182461 0.011681521404243281
1.72 -0.08740536300000001 -0.359333159 0.08761141053182461 0.07592988912758133
1.74 -0.077693656 -0.369044866 0.08761141053182461 0.005840760702121641
1.76 -0.077693656 -0.44673852199999997 0.08761141053182461 0.09929293193606789
1.78 -0.067981949 -0.45645022900000004 0.0700891284254597 0.005840760702121641
1.8 -0.09711707 -0.475873643 0.06424836772333804 0.13433749614879772
1.82 -0.09711707 -0.281639503 0.06424836772333804 0.005840760702121641
1.84 -0.08740536300000001 -0.281639503 0.06424836772333804 0.1401782568509194
1.86 -0.077693656 -0.077693656 0.04088532491485148 0.005840760702121641
1.88 -0.077693656 -0.09711707 0.04088532491485148 0.16354129965940592
1.9 -0.08740536300000001 -0.038846828 0.023363042808486563 -0.0
1.92 -0.116540484 -0.077693656 0.023363042808486563 0.17522282106364923
1.94 -0.09711707 -0.009711707 0.011681521404243281 0.04088532491485148
1.96 -0.106828777 -0.08740536300000001 0.017522282106364924 0.08761141053182461
1.98 -0.038846828 -0.048558535 0.04088532491485148 0.06424836772333804
2.0 -0.08740536300000001 -0.116540484 0.058407607021216404 0.05256684631909477
2.02 0.0 -0.058270242 0.046726085616973126 0.09929293193606789
2.04 -0.09711707 -0.106828777 0.07592988912758133 0.07592988912758133
2.06 -0.009711707 -0.048558535 0.04088532491485148 0.11681521404243281
2.08 -0.126252191 -0.106828777 0.08177064982970296 0.046726085616973126
2.1 -0.048558535 -0.048558535 0.06424836772333804 0.08177064982970296
2.12 -0.135963898 -0.126252191 0.058407607021216404 0.03504456421272985
2.14 -0.135963898 -0.058270242 0.06424836772333804 0.0700891284254597
2.16 -0.165099019 -0.106828777 0.058407607021216404 0.04088532491485148
2.18 -0.19423414 -0.048558535 0.12265597474455446 0.0700891284254597
2.2 -0.145675605 -0.116540484 0.029203803510608202 0.058407607021216404
2.22 -0.22336926099999999 -0.09711707 0.11681521404243281 0.05256684631909477
2.24 -0.155387312 -0.145675605 0.0 0.058407607021216404
2.26 -0.252504382 -0.09711707 0.09929293193606789 0.058407607021216404
2.28 -0.135963898 -0.08740536300000001 -0.03504456421272985 0.0700891284254597
2.3 -0.252504382 -0.058270242 0.11681521404243281 0.0700891284254597
2.32 -0.08740536300000001 -0.067981949 -0.04088532491485148 0.08761141053182461
2.34 -0.135963898 -0.029135121 0.09929293193606789 0.07592988912758133
2.36 0.0 -0.048558535 0.0 0.08177064982970296
2.38 -0.067981949 -0.019423414 0.12265597474455446 0.08177064982970296
2.4 0.0 -0.038846828 0.029203803510608202 0.08177064982970296
2.42 -0.233080968 0.019423414 0.07592988912758133 0.011681521404243281
2.44 -0.184522433 0.019423414 0.029203803510608202 0.05256684631909477
2.46 -0.22336926099999999 0.009711707 0.023363042808486563 0.08177064982970296
2.48 -0.135963898 -0.029135121 0.07592988912758133 0.07592988912758133
2.5 -0.126252191 -0.038846828 0.04088532491485148 0.0700891284254597
2.52 -0.038846828 -0.038846828 0.07592988912758133 0.0700891284254597
2.54 -0.067981949 -0.067981949 0.029203803510608202 0.046726085616973126
2.56 -0.077693656 -0.029135121 0.12265597474455446 0.046726085616973126
2.58 -0.165099019 -0.048558535 0.017522282106364924 0.046726085616973126
2.6 -0.22336926099999999 -0.038846828 0.16354129965940592 0.046726085616973126
2.62 -0.233080968 -0.038846828 0.011681521404243281 0.046726085616973126
2.64 -0.281639503 -0.038846828 0.16938206036152761 0.046726085616973126
2.66 -0.203945847 -0.009711707 0.029203803510608202 0.03504456421272985
2.68 -0.252504382 -0.019423414 0.16354129965940592 0.03504456421272985
2.7 -0.155387312 -0.0 0.06424836772333804 0.029203803510608202
2.72 -0.17481072600000003 -0.0 0.16938206036152761 0.04088532491485148
2.74 -0.09711707 0.009711707 0.0700891284254597 0.03504456421272985
2.76 -0.155387312 -0.0 0.12265597474455446 0.029203803510608202
2.78 -0.09711707 0.009711707 0.0700891284254597 0.011681521404243281
2.8 -0.155387312 -0.009711707 0.046726085616973126 0.046726085616973126
2.82 -0.106828777 0.009711707 0.09929293193606789 0.023363042808486563
2.84 -0.19423414 -0.019423414 0.058407607021216404 0.07592988912758133
2.86 -0.165099019 0.058270242 0.10513369263818954 0.029203803510608202
2.88 -0.22336926099999999 -0.009711707 0.029203803510608202 0.08761141053182461
2.9 -0.203945847 0.029135121 0.0700891284254597 0.046726085616973126
2.92 -0.233080968 -0.009711707 0.017522282106364924 0.07592988912758133
2.94 -0.184522433 -0.0 0.05256684631909477 0.06424836772333804
2.96 -0.203945847 -0.019423414 0.04088532491485148 0.06424836772333804
2.98 -0.165099019 -0.077693656 0.08177064982970296 0.12265597474455446
3.0 -0.19423414 -0.058270242 0.08177064982970296 0.04088532491485148
3.02 -0.19423414 -0.29135121 0.06424836772333804 0.11681521404243281
3.04 -0.233080968 -0.252504382 0.058407607021216404 0.005840760702121641
3.06 -0.184522433 -0.398179987 0.05256684631909477 0.12265597474455446
3.08 -0.17481072600000003 -0.29135121 0.08177064982970296 -0.005840760702121641
3.1 -0.145675605 -0.398179987 0.08177064982970296 0.09929293193606789
3.12 -0.145675605 -0.252504382 0.08177064982970296 -0.0
3.14 -0.135963898 -0.320486331 0.09345217123394625 0.08177064982970296
3.16 -0.155387312 -0.184522433 0.09929293193606789 0.005840760702121641
3.18 -0.09711707 -0.320486331 0.05256684631909477 0.12849673544667609
3.2 -0.09711707 -0.203945847 0.08761141053182461 0.04088532491485148
3.22 -0.08740536300000001 -0.271927796 0.08761141053182461 0.11681521404243281
3.24 -0.08740536300000001 -0.165099019 0.08761141053182461 0.06424836772333804
3.26 -0.08740536300000001 -0.242792675 0.08177064982970296 0.09929293193606789
3.28 -0.106828777 -0.203945847 0.08177064982970296 0.12265597474455446
3.3 -0.09711707 -0.271927796 0.08177064982970296 0.017522282106364924
3.32 -0.126252191 -0.213657554 0.08761141053182461 0.0700891284254597
3.34 -0.126252191 -0.281639503 0.08761141053182461 -0.0
3.36 -0.126252191 -0.271927796 0.08761141053182461 0.10513369263818954
3.38 -0.116540484 -0.320486331 0.08761141053182461 0.005840760702121641
3.4 -0.116540484 -0.34962145200000005 0.08761141053182461 0.1401782568509194
3.42 -0.116540484 -0.359333159 0.06424836772333804 0.011681521404243281
3.44 -0.126252191 -0.378756573 0.06424836772333804 0.16938206036152761
3.46 -0.08740536300000001 -0.339909745 0.046726085616973126 0.029203803510608202
3.48 -0.09711707 -0.398179987 0.04088532491485148 0.19858586387213578
3.5 -0.067981949 -0.262216089 0.029203803510608202 0.04088532491485148
3.52 -0.09711707 -0.262216089 0.029203803510608202 0.1401782568509194
3.54 -0.048558535 -0.067981949 0.023363042808486563 0.05256684631909477
3.56 -0.09711707 -0.077693656 0.029203803510608202 0.09929293193606789
3.58 -0.029135121 -0.019423414 0.05256684631909477 0.06424836772333804
3.6 -0.135963898 -0.067981949 0.05256684631909477 0.05256684631909477
3.62 -0.048558535 -0.009711707 0.029203803510608202 0.11097445334031117
3.64 -0.145675605 -0.077693656 0.07592988912758133 0.0700891284254597
3.66 -0.029135121 -0.038846828 0.03504456421272985 0.12265597474455446
3.68 -0.135963898 -0.116540484 0.09929293193606789 0.04088532491485148
3.7 -0.038846828 -0.058270242 0.06424836772333804 0.08177064982970296
3.72 -0.145675605 -0.116540484 0.08177064982970296 0.029203803510608202
3.74 -0.106828777 -0.077693656 0.08177064982970296 0.058407607021216404
3.76 -0.145675605 -0.116540484 0.05256684631909477 0.03504456421272985
3.78 -0.203945847 -0.038846828 0.11097445334031117 0.06424836772333804
3.8 -0.165099019 -0.09711707 0.023363042808486563 0.06424836772333804
3.82 -0.281639503 -0.08740536300000001 0.12265597474455446 0.05256684631909477
3.84 -0.165099019 -0.155387312 -0.029203803510608202 0.046726085616973126
3.86 -0.271927796 -0.116540484 0.08177064982970296 0.046726085616973126
3.88 -0.106828777 -0.126252191 -0.058407607021216404 0.058407607021216404
3.9 -0.262216089 -0.08740536300000001 0.07592988912758133 0.05256684631909477
3.92 -0.067981949 -0.08740536300000001 -0.03504456421272985 0.07592988912758133
3.94 -0.17481072600000003 -0.058270242 0.09345217123394625 0.0700891284254597
3.96 0.0 -0.048558535 -0.011681521404243281 0.07592988912758133
3.98 -0.077693656 -0.019423414 0.11097445334031117 0.07592988912758133
4.0 0.0 -0.029135121 0.017522282106364924 0.08177064982970296
4.02 -0.126252191 -0.0 0.22194890668062234 -0.0
4.04 -0.116540484 -0.0 0.0 0.11097445334031117
4.06 -0.184522433 0.019423414 0.05256684631909477 0.09345217123394625
4.08 -0.116540484 -0.009711707 0.11681521404243281 0.0700891284254597
4.1 -0.155387312 -0.029135121 0.029203803510608202 0.046726085616973126
4.12 -0.038846828 -0.019423414 0.07592988912758133 0.05256684631909477
4.14 -0.067981949 -0.058270242 0.011681521404243281 0.046726085616973126
4.16 -0.08740536300000001 -0.038846828 0.12849673544667609 0.046726085616973126
4.18 -0.165099019 -0.067981949 0.017522282106364924 0.046726085616973126
4.2 -0.242792675 -0.038846828 0.15185977825516267 0.046726085616973126
4.22 -0.242792675 -0.048558535 0.005840760702121641 0.03504456421272985
4.24 -0.29135121 -0.048558535 0.19274510317001414 0.029203803510608202
4.26 -0.19423414 -0.019423414 0.023363042808486563 0.029203803510608202
4.28 -0.30106291700000004 -0.009711707 0.2044266245742574 0.023363042808486563
4.3 -0.19423414 -0.0 0.04088532491485148 0.03504456421272985
4.32 -0.19423414 -0.009711707 0.18106358176577086 0.04088532491485148
4.34 -0.08740536300000001 0.029135121 0.09345217123394625 0.03504456421272985
4.36 -0.165099019 -0.0 0.12265597474455446 0.046726085616973126
4.38 -0.106828777 0.038846828 0.0700891284254597 0.03504456421272985
4.4 -0.155387312 -0.0 0.06424836772333804 0.058407607021216404
4.42 -0.126252191 0.058270242 0.12849673544667609 0.03504456421272985
4.44 -0.17481072600000003 -0.019423414 0.06424836772333804 0.07592988912758133
4.46 -0.145675605 0.067981949 0.11097445334031117 0.029203803510608202
4.48 -0.22336926099999999 -0.019423414 0.011681521404243281 0.09345217123394625
4.5 -0.184522433 0.058270242 0.05256684631909477 0.04088532491485148
4.52 -0.233080968 -0.0 0.0 0.08761141053182461
4.54 -0.19423414 -0.0 0.046726085616973126 0.07592988912758133
4.56 -0.233080968 -0.009711707 0.023363042808486563 0.04088532491485148
4.58 -0.19423414 -0.048558535 0.058407607021216404 0.146019017553041
4.6 -0.213657554 -0.038846828 0.058407607021216404 0.06424836772333804
4.62 -0.145675605 -0.242792675 0.07592988912758133 0.12849673544667609
4.64 -0.19423414 -0.271927796 0.08761141053182461 -0.0
4.66 -0.184522433 -0.34962145200000005 0.058407607021216404 0.11681521404243281
4.68 -0.19423414 -0.233080968 0.07592988912758133 -0.0
4.7 -0.155387312 -0.359333159 0.0700891284254597 0.11097445334031117
4.72 -0.155387312 -0.22336926099999999 0.08177064982970296 -0.011681521404243281
4.74 -0.116540484 -0.320486331 0.09345217123394625 0.11097445334031117
4.76 -0.135963898 -0.155387312 0.10513369263818954 -0.0
4.78 -0.09711707 -0.252504382 0.09345217123394625 0.12265597474455446
4.8 -0.08740536300000001 -0.155387312 0.029203803510608202 0.08177064982970296
4.82 -0.019423414 -0.34962145200000005 0.08177064982970296 0.12265597474455446
4.84 -0.048558535 -0.19423414 0.08761141053182461 0.05256684631909477
4.86 -0.058270242 -0.22336926099999999 0.07592988912758133 0.09929293193606789
4.88 -0.106828777 -0.116540484 0.08177064982970296 0.11681521404243281
4.9 -0.116540484 -0.233080968 0.08177064982970296 0.04088532491485148
4.92 -0.126252191 -0.165099019 0.08177064982970296 0.06424836772333804
4.94 -0.116540484 -0.271927796 0.08177064982970296 -0.0
4.96 -0.116540484 -0.233080968 0.08177064982970296 0.09929293193606789
4.98 -0.106828777 -0.281639503 0.07592988912758133 0.005840760702121641
5.0 -0.126252191 -0.29135121 0.07592988912758133 0.146019017553041
5.02 -0.09711707 -0.310774624 0.05256684631909477 0.023363042808486563
5.04 -0.116540484 -0.34962145200000005 0.05256684631909477 0.15185977825516267
5.06 -0.08740536300000001 -0.320486331 0.04088532491485148 0.011681521404243281
5.08 -0.08740536300000001 -0.359333159 0.03504456421272985 0.19274510317001414
5.1 -0.077693656 -0.30106291700000004 0.029203803510608202 0.046726085616973126
5.12 -0.08740536300000001 -0.339909745 0.029203803510608202 0.13433749614879772
5.14 -0.038846828 -0.077693656 0.011681521404243281 0.0700891284254597
5.16 -0.077693656 -0.077693656 0.029203803510608202 0.10513369263818954
5.18 -0.019423414 -0.038846828 0.05256684631909477 0.06424836772333804
5.2 -0.106828777 -0.058270242 0.05256684631909477 0.06424836772333804
5.22 -0.058270242 -0.0 0.04088532491485148 0.10513369263818954
5.24 -0.155387312 -0.067981949 0.06424836772333804 0.09345217123394625
5.26 -0.048558535 -0.019423414 0.023363042808486563 0.12849673544667609
5.28 -0.126252191 -0.09711707 0.09345217123394625 0.05256684631909477
5.3 -0.048558535 -0.048558535 0.0700891284254597 0.08177064982970296
5.32 -0.116540484 -0.116540484 0.058407607021216404 0.029203803510608202
5.34 -0.106828777 -0.058270242 0.0700891284254597 0.058407607021216404
5.36 -0.135963898 -0.106828777 0.0700891284254597 0.04088532491485148
5.38 -0.19423414 -0.029135121 0.12849673544667609 0.07592988912758133
5.4 -0.155387312 -0.09711707 0.029203803510608202 0.06424836772333804
5.42 -0.242792675 -0.077693656 0.10513369263818954 0.05256684631909477
5.44 -0.155387312 -0.126252191 -0.005840760702121641 0.058407607021216404
5.46 -0.281639503 -0.106828777 0.11097445334031117 0.05256684631909477
5.48 -0.106828777 -0.09711707 -0.04088532491485148 0.06424836772333804
5.5 -0.262216089 -0.067981949 0.08761141053182461 0.06424836772333804
5.52 -0.077693656 -0.077693656 -0.04088532491485148 0.07592988912758133
5.54 -0.184522433 -0.038846828 0.10513369263818954 0.07592988912758133
5.56 -0.009711707 -0.048558535 0.0 0.07592988912758133
5.58 -0.08740536300000001 -0.029135121 0.12265597474455446 0.08177064982970296
5.6 -0.019423414 -0.038846828 0.11097445334031117 -0.0
5.62 -0.271927796 0.019423414 0.03504456421272985 0.12265597474455446
5.64 -0.165099019 0.029135121 0.03504456421272985 0.058407607021216404
5.66 -0.203945847 -0.0 0.06424836772333804 0.04088532491485148
5.68 -0.077693656 -0.019423414 0.09345217123394625 0.06424836772333804
5.7 -0.106828777 -0.058270242 0.03504456421272985 0.05256684631909477
5.72 -0.009711707 -0.019423414 0.0700891284254597 0.05256684631909477
5.74 -0.126252191 -0.067981949 0.005840760702121641 0.05256684631909477
5.76 -0.106828777 -0.019423414 0.1401782568509194 0.05256684631909477
5.78 -0.19423414 -0.048558535 0.011681521404243281 0.05256684631909477
5.8 -0.262216089 -0.038846828 0.16354129965940592 0.046726085616973126
5.82 -0.22336926099999999 -0.048558535 0.011681521404243281 0.03504456421272985
5.84 -0.29135121 -0.048558535 0.18106358176577086 0.03504456421272985
5.86 -0.213657554 -0.009711707 0.023363042808486563 0.023363042808486563
5.88 -0.310774624 -0.009711707 0.19858586387213578 0.023363042808486563
5.9 -0.135963898 -0.0 0.058407607021216404 0.029203803510608202
5.92 -0.17481072600000003 -0.009711707 0.16938206036152761 0.029203803510608202
5.94 -0.106828777 0.038846828 0.09345217123394625 0.023363042808486563
5.96 -0.135963898 -0.0 0.12265597474455446 0.04088532491485148
5.98 -0.116540484 0.029135121 0.0700891284254597 0.03504456421272985
6.0 -0.155387312 -0.0 0.05256684631909477 0.0700891284254597
6.02 -0.116540484 0.048558535 0.11681521404243281 0.029203803510608202
6.04 -0.19423414 -0.019423414 0.06424836772333804 0.08177064982970296
6.06 -0.155387312 0.077693656 0.10513369263818954 0.023363042808486563
6.08 -0.233080968 -0.009711707 0.0 0.09345217123394625
6.1 -0.203945847 0.067981949 0.05256684631909477 0.046726085616973126
6.12 -0.233080968 -0.0 0.0 0.09929293193606789
6.14 -0.213657554 -0.0 0.03504456421272985 0.08761141053182461
6.16 -0.233080968 -0.019423414 0.023363042808486563 0.04088532491485148
6.18 -0.19423414 -0.067981949 0.05256684631909477 0.1401782568509194
6.2 -0.19423414 -0.058270242 0.058407607021216404 0.05256684631909477
6.22 -0.165099019 -0.29135121 0.06424836772333804 0.10513369263818954
6.24 -0.22336926099999999 -0.281639503 0.0700891284254597 -0.0
6.26 -0.19423414 -0.369044866 0.05256684631909477 0.10513369263818954
6.28 -0.19423414 -0.262216089 0.0700891284254597 -0.0
6.3 -0.155387312 -0.41760340100000004 0.0700891284254597 0.10513369263818954
6.32 -0.155387312 -0.242792675 0.08177064982970296 -0.011681521404243281
6.34 -0.155387312 -0.34962145200000005 0.08761141053182461 0.09929293193606789
6.36 -0.155387312 -0.165099019 0.09345217123394625 -0.0
6.38 -0.126252191 -0.262216089 0.08177064982970296 0.11681521404243281
6.4 -0.067981949 -0.233080968 0.09345217123394625 0.046726085616973126
6.42 -0.019423414 -0.359333159 0.07592988912758133 0.10513369263818954
6.44 -0.067981949 -0.184522433 0.0700891284254597 0.06424836772333804
6.46 -0.067981949 -0.22336926099999999 0.07592988912758133 0.12265597474455446
6.48 -0.106828777 -0.145675605 0.0700891284254597 0.12265597474455446
6.5 -0.116540484 -0.22336926099999999 0.0700891284254597 0.046726085616973126
6.52 -0.116540484 -0.184522433 0.07592988912758133 0.08177064982970296
6.54 -0.126252191 -0.271927796 0.07592988912758133 -0.0
6.56 -0.126252191 -0.252504382 0.07592988912758133 0.10513369263818954
6.58 -0.116540484 -0.310774624 0.06424836772333804 0.011681521404243281
6.6 -0.126252191 -0.310774624 0.0700891284254597 0.15185977825516267
6.62 -0.126252191 -0.330198038 0.046726085616973126 0.03504456421272985
6.64 -0.126252191 -0.369044866 0.046726085616973126 0.146019017553041
6.66 -0.106828777 -0.339909745 0.023363042808486563 0.023363042808486563
6.68 -0.106828777 -0.378756573 0.029203803510608202 0.18106358176577086
6.7 -0.058270242 -0.29135121 0.005840760702121641 0.058407607021216404
6.72 -0.08740536300000001 -0.30106291700000004 0.03504456421272985 0.1401782568509194
6.74 -0.048558535 -0.08740536300000001 0.029203803510608202 0.04088532491485148
6.76 -0.077693656 -0.106828777 0.03504456421272985 0.10513369263818954
6.78 -0.029135121 -0.019423414 0.046726085616973126 0.0700891284254597
6.8 -0.145675605 -0.067981949 0.04088532491485148 0.058407607021216404
6.82 -0.048558535 -0.0 0.017522282106364924 0.12265597474455446
6.84 -0.145675605 -0.067981949 0.07592988912758133 0.07592988912758133
6.86 -0.038846828 -0.029135121 0.04088532491485148 0.13433749614879772
6.88 -0.135963898 -0.106828777 0.09929293193606789 0.04088532491485148
6.9 -0.029135121 -0.048558535 0.058407607021216404 0.08177064982970296
6.92 -0.135963898 -0.116540484 0.08761141053182461 0.023363042808486563
6.94 -0.106828777 -0.077693656 0.08177064982970296 0.05256684631909477
6.96 -0.155387312 -0.116540484 0.046726085616973126 0.03504456421272985
6.98 -0.213657554 -0.029135121 0.11097445334031117 0.0700891284254597
7.0 -0.155387312 -0.09711707 0.023363042808486563 0.06424836772333804
7.02 -0.262216089 -0.09711707 0.13433749614879772 0.058407607021216404
7.04 -0.155387312 -0.155387312 -0.017522282106364924 0.05256684631909477
7.06 -0.271927796 -0.116540484 0.10513369263818954 0.05256684631909477
7.08 -0.106828777 -0.126252191 -0.06424836772333804 0.06424836772333804
7.1 -0.262216089 -0.077693656 0.09929293193606789 0.06424836772333804
7.12 -0.077693656 -0.067981949 -0.04088532491485148 0.07592988912758133
7.14 -0.17481072600000003 -0.067981949 0.09345217123394625 0.0700891284254597
7.16 0.0 -0.058270242 -0.011681521404243281 0.0700891284254597
7.18 -0.077693656 -0.019423414 0.11097445334031117 0.08177064982970296
7.2 0.0 -0.029135121 0.017522282106364924 0.08177064982970296
7.22 -0.126252191 -0.0 0.22778966738274398 -0.0
7.24 -0.126252191 -0.0 0.0 0.11681521404243281
7.26 -0.184522433 0.038846828 0.058407607021216404 0.08761141053182461
7.28 -0.126252191 -0.0 0.11681521404243281 0.0700891284254597
7.3 -0.145675605 -0.038846828 0.03504456421272985 0.046726085616973126
7.32 -0.019423414 -0.019423414 0.08177064982970296 0.05256684631909477
7.34 -0.058270242 -0.058270242 0.011681521404243281 0.046726085616973126
7.36 -0.077693656 -0.038846828 0.13433749614879772 0.04088532491485148
7.38 -0.155387312 -0.067981949 0.017522282106364924 0.046726085616973126
7.4 -0.233080968 -0.029135121 0.15185977825516267 0.046726085616973126
7.42 -0.233080968 -0.029135121 0.011681521404243281 0.029203803510608202
7.44 -0.29135121 -0.038846828 0.1869043424678925 0.023363042808486563
7.46 -0.203945847 -0.0 0.029203803510608202 0.029203803510608202
7.48 -0.29135121 -0.009711707 0.19858586387213578 0.029203803510608202
7.5 -0.184522433 -0.0 0.046726085616973126 0.029203803510608202
7.52 -0.19423414 -0.0 0.17522282106364923 0.04088532491485148
7.54 -0.09711707 0.019423414 0.09929293193606789 0.03504456421272985
7.56 -0.165099019 -0.0 0.13433749614879772 0.046726085616973126
7.58 -0.09711707 0.029135121 0.0700891284254597 0.029203803510608202
7.6 -0.155387312 -0.0 0.05256684631909477 0.06424836772333804
7.62 -0.116540484 0.048558535 0.10513369263818954 0.029203803510608202
7.64 -0.184522433 -0.029135121 0.058407607021216404 0.08761141053182461
7.66 -0.135963898 0.077693656 0.11097445334031117 0.03504456421272985
7.68 -0.203945847 -0.009711707 0.005840760702121641 0.09929293193606789
7.7 -0.184522433 0.077693656 0.05256684631909477 0.04088532491485148
7.72 -0.22336926099999999 -0.0 0.0 0.08761141053182461
7.74 -0.19423414 -0.0 0.03504456421272985 0.08177064982970296
7.76 -0.233080968 -0.0 0.023363042808486563 0.046726085616973126
7.78 -0.184522433 -0.067981949 0.058407607021216404 0.146019017553041
7.8 -0.203945847 -0.058270242 0.06424836772333804 0.06424836772333804
7.82 -0.145675605 -0.271927796 0.0700891284254597 0.11097445334031117
7.84 -0.19423414 -0.271927796 0.07592988912758133 -0.0
7.86 -0.184522433 -0.378756573 0.05256684631909477 0.10513369263818954
7.88 -0.184522433 -0.262216089 0.07592988912758133 -0.0
7.9 -0.155387312 -0.398179987 0.0700891284254597 0.10513369263818954
7.92 -0.145675605 -0.22336926099999999 0.08761141053182461 -0.011681521404243281
7.94 -0.135963898 -0.320486331 0.08761141053182461 0.09929293193606789
7.96 -0.145675605 -0.145675605 0.09929293193606789 -0.0
7.98 -0.116540484 -0.242792675 0.08177064982970296 0.12265597474455446
8.0 -0.077693656 -0.184522433 0.09345217123394625 0.058407607021216404
8.02 -0.029135121 -0.330198038 0.08177064982970296 0.11097445334031117
8.04 -0.058270242 -0.155387312 0.08177064982970296 0.06424836772333804
8.06 -0.067981949 -0.22336926099999999 0.08177064982970296 0.11097445334031117
8.08 -0.09711707 -0.106828777 0.08177064982970296 0.1401782568509194
8.1 -0.09711707 -0.22336926099999999 0.08177064982970296 0.04088532491485148
8.12 -0.106828777 -0.17481072600000003 0.08177064982970296 0.07592988912758133
8.14 -0.116540484 -0.262216089 0.08177064982970296 -0.0
8.16 -0.116540484 -0.252504382 0.08177064982970296 0.10513369263818954
8.18 -0.116540484 -0.30106291700000004 0.08177064982970296 0.005840760702121641
8.2 -0.126252191 -0.30106291700000004 0.08177064982970296 0.1401782568509194
8.22 -0.116540484 -0.320486331 0.058407607021216404 0.023363042808486563
8.24 -0.126252191 -0.34962145200000005 0.05256684631909477 0.1577005389572843
8.26 -0.09711707 -0.320486331 0.04088532491485148 0.005840760702121641
8.28 -0.08740536300000001 -0.378756573 0.03504456421272985 0.2044266245742574
8.3 -0.058270242 -0.29135121 0.029203803510608202 0.04088532491485148
8.32 -0.077693656 -0.30106291700000004 0.029203803510608202 0.146019017553041
8.34 -0.038846828 -0.08740536300000001 0.023363042808486563 0.046726085616973126
8.36 -0.067981949 -0.08740536300000001 0.03504456421272985 0.10513369263818954
8.38 -0.029135121 -0.009711707 0.046726085616973126 0.06424836772333804
8.4 -0.126252191 -0.058270242 0.046726085616973126 0.05256684631909477
8.42 -0.048558535 -0.0 0.029203803510608202 0.11681521404243281
8.44 -0.135963898 -0.067981949 0.06424836772333804 0.0700891284254597
8.46 -0.029135121 -0.038846828 0.023363042808486563 0.12849673544667609
8.48 -0.135963898 -0.106828777 0.10513369263818954 0.04088532491485148
8.5 -0.048558535 -0.058270242 0.06424836772333804 0.08177064982970296
8.52 -0.135963898 -0.116540484 0.08761141053182461 0.029203803510608202
8.54 -0.106828777 -0.067981949 0.08177064982970296 0.05256684631909477
8.56 -0.145675605 -0.106828777 0.05256684631909477 0.03504456421272985
8.58 -0.19423414 -0.048558535 0.11681521404243281 0.06424836772333804
8.6 -0.145675605 -0.106828777 0.023363042808486563 0.058407607021216404
8.62 -0.262216089 -0.08740536300000001 0.11681521404243281 0.05256684631909477
8.64 -0.17481072600000003 -0.145675605 -0.023363042808486563 0.05256684631909477
8.66 -0.262216089 -0.106828777 0.09929293193606789 0.05256684631909477
8.68 -0.106828777 -0.116540484 -0.06424836772333804 0.06424836772333804
8.7 -0.262216089 -0.08740536300000001 0.08761141053182461 0.06424836772333804
8.72 -0.077693656 -0.08740536300000001 -0.046726085616973126 0.07592988912758133
8.74 -0.184522433 -0.067981949 0.08177064982970296 0.0700891284254597
8.76 0.0 -0.058270242 -0.005840760702121641 0.07592988912758133
8.78 -0.048558535 -0.029135121 0.11681521404243281 0.07592988912758133
8.8 0.0 -0.038846828 0.017522282106364924 0.07592988912758133
8.82 -0.048558535 -0.019423414 0.16354129965940592 0.023363042808486563
8.84 -0.135963898 -0.0 0.0 0.12849673544667609
8.86 -0.22336926099999999 0.009711707 0.058407607021216404 0.06424836772333804
8.88 -0.106828777 -0.0 0.08177064982970296 0.04088532491485148
8.9 -0.17481072600000003 -0.009711707 0.03504456421272985 0.06424836772333804
8.92 -0.038846828 -0.029135121 0.058407607021216404 0.06424836772333804
8.94 -0.067981949 -0.048558535 0.005840760702121641 0.046726085616973126
8.96 -0.077693656 -0.08740536300000001 0.12849673544667609 0.046726085616973126
8.98 -0.145675605 -0.067981949 0.023363042808486563 0.046726085616973126
9.0 -0.213657554 -0.029135121 0.1577005389572843 0.046726085616973126
9.02 -0.213657554 -0.048558535 0.017522282106364924 0.046726085616973126
9.04 -0.271927796 -0.038846828 0.18106358176577086 0.046726085616973126
9.06 -0.213657554 -0.019423414 0.029203803510608202 0.03504456421272985
9.08 -0.271927796 -0.029135121 0.16938206036152761 0.029203803510608202
9.1 -0.165099019 -0.0 0.06424836772333804 0.029203803510608202
9.12 -0.213657554 -0.0 0.16938206036152761 0.04088532491485148
9.14 -0.09711707 0.009711707 0.07592988912758133 0.04088532491485148
9.16 -0.135963898 -0.0 0.12849673544667609 0.03504456421272985
9.18 -0.077693656 0.048558535 0.07592988912758133 0.017522282106364924
9.2 -0.145675605 -0.0 0.05256684631909477 0.05256684631909477
9.22 -0.09711707 0.029135121 0.10513369263818954 0.029203803510608202
9.24 -0.184522433 -0.029135121 0.06424836772333804 0.07592988912758133
9.26 -0.135963898 0.067981949 0.11681521404243281 0.03504456421272985
9.28 -0.213657554 -0.029135121 0.04088532491485148 0.08177064982970296
9.3 -0.184522433 0.038846828 0.09345217123394625 0.04088532491485148
9.32 -0.242792675 -0.009711707 0.023363042808486563 0.07592988912758133
9.34 -0.19423414 -0.0 0.04088532491485148 0.0700891284254597
9.36 -0.22336926099999999 -0.038846828 0.029203803510608202 0.06424836772333804
9.38 -0.165099019 -0.08740536300000001 0.07592988912758133 0.12265597474455446
9.4 -0.184522433 -0.048558535 0.07592988912758133 0.04088532491485148
9.42 -0.184522433 -0.30106291700000004 0.0700891284254597 0.11681521404243281
9.44 -0.233080968 -0.242792675 0.06424836772333804 -0.0
9.46 -0.184522433 -0.38846828 0.05256684631909477 0.11681521404243281
9.48 -0.165099019 -0.29135121 0.08177064982970296 -0.005840760702121641
9.5 -0.126252191 -0.38846828 0.08177064982970296 0.09929293193606789
9.52 -0.135963898 -0.242792675 0.08761141053182461 -0.0
9.54 -0.116540484 -0.339909745 0.09345217123394625 0.08177064982970296
9.56 -0.135963898 -0.17481072600000003 0.09929293193606789 0.011681521404243281
9.58 -0.08740536300000001 -0.320486331 0.046726085616973126 0.12849673544667609
9.6 -0.077693656 -0.22336926099999999 0.08761141053182461 0.03504456421272985
9.62 -0.077693656 -0.281639503 0.08761141053182461 0.11097445334031117
9.64 -0.08740536300000001 -0.155387312 0.08177064982970296 0.0700891284254597
9.66 -0.09711707 -0.233080968 0.07592988912758133 0.11681521404243281
9.68 -0.09711707 -0.213657554 0.08761141053182461 0.09345217123394625
9.7 -0.08740536300000001 -0.30106291700000004 0.07592988912758133 0.017522282106364924
9.72 -0.126252191 -0.213657554 0.08177064982970296 0.0700891284254597
9.74 -0.116540484 -0.271927796 0.07592988912758133 -0.0
9.76 -0.126252191 -0.262216089 0.07592988912758133 0.11681521404243281
9.78 -0.106828777 -0.320486331 0.07592988912758133 0.017522282106364924
9.8 -0.106828777 -0.330198038 0.08177064982970296 0.1401782568509194
9.82 -0.106828777 -0.339909745 0.058407607021216404 0.017522282106364924
9.84 -0.106828777 -0.359333159 0.05256684631909477 0.16354129965940592
9.86 -0.077693656 -0.339909745 0.03504456421272985 0.029203803510608202
9.88 -0.08740536300000001 -0.407891694 0.03504456421272985 0.19274510317001414
9.9 -0.067981949 -0.252504382 0.023363042808486563 0.03504456421272985
9.92 -0.09711707 -0.252504382 0.03504456421272985 0.146019017553041
9.94 -0.038846828 -0.08740536300000001 0.029203803510608202 0.05256684631909477
9.96 -0.077693656 -0.08740536300000001 0.029203803510608202 0.11097445334031117
9.98 -0.038846828 -0.019423414 0.046726085616973126 0.0700891284254597
10.0 -0.126252191 -0.067981949 0.05256684631909477 0.05256684631909477
10.02 -0.038846828 -0.0 0.023363042808486563 0.11097445334031117
10.04 -0.135963898 -0.077693656 0.08177064982970296 0.06424836772333804
10.06 -0.019423414 -0.038846828 0.03504456421272985 0.12849673544667609
10.08 -0.135963898 -0.106828777 0.09929293193606789 0.04088532491485148
10.1 -0.048558535 -0.058270242 0.0700891284254597 0.0700891284254597
10.12 -0.135963898 -0.116540484 0.08177064982970296 0.023363042808486563
10.14 -0.09711707 -0.077693656 0.09345217123394625 0.058407607021216404
10.16 -0.145675605 -0.116540484 0.046726085616973126 0.03504456421272985
10.18 -0.184522433 -0.038846828 0.12265597474455446 0.0700891284254597
10.2 -0.155387312 -0.09711707 0.023363042808486563 0.0700891284254597
10.22 -0.242792675 -0.08740536300000001 0.12265597474455446 0.06424836772333804
10.24 -0.17481072600000003 -0.155387312 -0.017522282106364924 0.04088532491485148
10.26 -0.242792675 -0.106828777 0.09345217123394625 0.046726085616973126
10.28 -0.09711707 -0.116540484 -0.058407607021216404 0.05256684631909477
10.3 -0.252504382 -0.08740536300000001 0.08761141053182461 0.06424836772333804
10.32 -0.067981949 -0.077693656 -0.03504456421272985 0.07592988912758133
10.34 -0.184522433 -0.058270242 0.09345217123394625 0.07592988912758133
10.36 0.0 -0.048558535 0.0 0.07592988912758133
10.38 -0.058270242 -0.019423414 0.11681521404243281 0.07592988912758133
10.4 0.019423414 -0.029135121 0.023363042808486563 0.08177064982970296
10.42 -0.038846828 -0.029135121 0.15185977825516267 0.046726085616973126
10.44 -0.08740536300000001 -0.0 0.011681521404243281 0.13433749614879772
10.46 -0.17481072600000003 0.009711707 0.06424836772333804 0.08177064982970296
10.48 -0.106828777 -0.0 0.09929293193606789 0.058407607021216404
10.5 -0.145675605 -0.009711707 0.04088532491485148 0.0700891284254597
10.52 -0.038846828 -0.038846828 0.058407607021216404 0.0700891284254597
10.54 -0.09711707 -0.058270242 0.005840760702121641 0.058407607021216404
10.56 -0.09711707 -0.019423414 0.12265597474455446 0.058407607021216404
10.58 -0.165099019 -0.067981949 0.023363042808486563 0.058407607021216404
10.6 -0.203945847 -0.019423414 0.1577005389572843 0.058407607021216404
10.62 -0.19423414 -0.048558535 0.017522282106364924 0.05256684631909477
10.64 -0.252504382 -0.038846828 0.17522282106364923 0.05256684631909477
10.66 -0.19423414 -0.019423414 0.03504456421272985 0.03504456421272985
10.68 -0.262216089 -0.019423414 0.16354129965940592 0.03504456421272985
10.7 -0.17481072600000003 -0.0 0.046726085616973126 0.029203803510608202
10.72 -0.19423414 -0.0 0.16938206036152761 0.03504456421272985
10.74 -0.09711707 0.019423414 0.07592988912758133 0.03504456421272985
10.76 -0.135963898 -0.0 0.12849673544667609 0.03504456421272985
10.78 -0.077693656 0.038846828 0.07592988912758133 0.017522282106364924
10.8 -0.145675605 -0.0 0.05256684631909477 0.05256684631909477
10.82 -0.09711707 0.029135121 0.09929293193606789 0.029203803510608202
10.84 -0.184522433 -0.019423414 0.06424836772333804 0.0700891284254597
10.86 -0.145675605 0.058270242 0.11097445334031117 0.03504456421272985
10.88 -0.203945847 -0.009711707 0.029203803510608202 0.08761141053182461
10.9 -0.184522433 0.038846828 0.07592988912758133 0.046726085616973126
10.92 -0.22336926099999999 -0.009711707 0.011681521404243281 0.07592988912758133
10.94 -0.184522433 -0.0 0.046726085616973126 0.058407607021216404
10.96 -0.22336926099999999 -0.009711707 0.029203803510608202 0.05256684631909477
10.98 -0.155387312 -0.077693656 0.07592988912758133 0.12849673544667609
11.0 -0.184522433 -0.048558535 0.07592988912758133 0.04088532491485148
11.02 -0.17481072600000003 -0.262216089 0.06424836772333804 0.11097445334031117
11.04 -0.22336926099999999 -0.242792675 0.06424836772333804 0.005840760702121641
11.06 -0.184522433 -0.378756573 0.046726085616973126 0.1401782568509194
11.08 -0.17481072600000003 -0.281639503 0.08177064982970296 -0.0
11.1 -0.135963898 -0.369044866 0.08177064982970296 0.12265597474455446
11.12 -0.145675605 -0.252504382 0.08177064982970296 -0.005840760702121641
11.14 -0.116540484 -0.330198038 0.09345217123394625 0.10513369263818954
11.16 -0.135963898 -0.17481072600000003 0.09929293193606789 0.017522282106364924
11.18 -0.106828777 -0.271927796 0.046726085616973126 0.15185977825516267
11.2 -0.08740536300000001 -0.203945847 0.09345217123394625 0.03504456421272985
11.22 -0.067981949 -0.29135121 0.08177064982970296 0.11097445334031117
11.24 -0.077693656 -0.155387312 0.08177064982970296 0.0700891284254597
11.26 -0.08740536300000001 -0.252504382 0.08177064982970296 0.11681521404243281
11.28 -0.08740536300000001 -0.19423414 0.07592988912758133 0.11681521404243281
11.3 -0.067981949 -0.320486331 0.06424836772333804 0.05256684631909477
11.32 -0.106828777 -0.233080968 0.07592988912758133 0.08761141053182461
11.34 -0.126252191 -0.262216089 0.07592988912758133 -0.0
11.36 -0.126252191 -0.233080968 0.07592988912758133 0.11097445334031117
11.38 -0.116540484 -0.30106291700000004 0.07592988912758133 0.011681521404243281
11.4 -0.116540484 -0.29135121 0.0700891284254597 0.1401782568509194
11.42 -0.106828777 -0.320486331 0.05256684631909477 0.023363042808486563
11.44 -0.116540484 -0.34962145200000005 0.05256684631909477 0.15185977825516267
11.46 -0.077693656 -0.330198038 0.029203803510608202 0.03504456421272985
11.48 -0.09711707 -0.378756573 0.029203803510608202 0.16938206036152761
11.5 -0.077693656 -0.281639503 0.023363042808486563 0.05256684631909477
11.52 -0.08740536300000001 -0.281639503 0.023363042808486563 0.13433749614879772
11.54 -0.038846828 -0.058270242 0.017522282106364924 0.058407607021216404
11.56 -0.08740536300000001 -0.077693656 0.029203803510608202 0.10513369263818954
11.58 -0.029135121 -0.029135121 0.046726085616973126 0.0700891284254597
11.6 -0.126252191 -0.058270242 0.04088532491485148 0.06424836772333804
11.62 -0.067981949 -0.0 0.04088532491485148 0.10513369263818954
11.64 -0.155387312 -0.067981949 0.046726085616973126 0.08177064982970296
11.66 -0.038846828 -0.019423414 0.029203803510608202 0.12265597474455446
11.68 -0.126252191 -0.08740536300000001 0.09345217123394625 0.046726085616973126
11.7 -0.048558535 -0.058270242 0.0700891284254597 0.08177064982970296
11.72 -0.116540484 -0.116540484 0.058407607021216404 0.029203803510608202
11.74 -0.106828777 -0.067981949 0.0700891284254597 0.0700891284254597
11.76 -0.135963898 -0.09711707 0.07592988912758133 0.05256684631909477
11.78 -0.19423414 -0.038846828 0.13433749614879772 0.07592988912758133
11.8 -0.145675605 -0.09711707 0.029203803510608202 0.0700891284254597
11.82 -0.233080968 -0.08740536300000001 0.11097445334031117 0.05256684631909477
11.84 -0.165099019 -0.145675605 -0.005840760702121641 0.058407607021216404
11.86 -0.271927796 -0.106828777 0.10513369263818954 0.046726085616973126
11.88 -0.116540484 -0.106828777 -0.046726085616973126 0.06424836772333804
11.9 -0.281639503 -0.077693656 0.08177064982970296 0.06424836772333804
11.92 -0.09711707 -0.077693656 -0.04088532491485148 0.08177064982970296
11.94 -0.17481072600000003 -0.048558535 0.09345217123394625 0.07592988912758133
11.96 0.0 -0.048558535 0.0 0.07592988912758133
11.98 -0.09711707 -0.009711707 0.11681521404243281 0.07592988912758133
12.0 -0.029135121 -0.029135121 0.12849673544667609 -0.0
12.02 -0.281639503 0.009711707 0.023363042808486563 0.12265597474455446
12.04 -0.203945847 0.048558535 0.03504456421272985 0.06424836772333804
12.06 -0.19423414 0.009711707 0.06424836772333804 0.03504456421272985
12.08 -0.08740536300000001 -0.029135121 0.08761141053182461 0.0700891284254597
12.1 -0.126252191 -0.048558535 0.04088532491485148 0.046726085616973126
12.12 0.0 -0.029135121 0.058407607021216404 0.046726085616973126
12.14 -0.106828777 -0.067981949 0.011681521404243281 0.046726085616973126
12.16 -0.09711707 -0.029135121 0.13433749614879772 0.046726085616973126
12.18 -0.19423414 -0.048558535 0.005840760702121641 0.046726085616973126
12.2 -0.271927796 -0.048558535 0.16938206036152761 0.046726085616973126
12.22 -0.233080968 -0.048558535 0.005840760702121641 0.03504456421272985
12.24 -0.310774624 -0.048558535 0.19274510317001414 0.03504456421272985
12.26 -0.213657554 -0.009711707 0.011681521404243281 0.023363042808486563
12.28 -0.310774624 -0.009711707 0.21610814597850073 0.029203803510608202
12.3 -0.135963898 -0.0 0.04088532491485148 0.029203803510608202
12.32 -0.165099019 -0.0 0.19274510317001414 0.029203803510608202
12.34 -0.08740536300000001 0.048558535 0.05256684631909477 0.029203803510608202
12.36 -0.145675605 -0.0 0.15185977825516267 0.03504456421272985
12.38 -0.09711707 0.038846828 0.06424836772333804 0.023363042808486563
12.4 -0.155387312 -0.009711707 0.046726085616973126 0.06424836772333804
12.42 -0.116540484 0.038846828 0.1401782568509194 0.04088532491485148
12.44 -0.17481072600000003 -0.029135121 0.06424836772333804 0.07592988912758133
12.46 -0.145675605 0.058270242 0.12265597474455446 0.029203803510608202
12.48 -0.22336926099999999 -0.019423414 0.0 0.09345217123394625
12.5 -0.213657554 0.067981949 0.03504456421272985 0.05256684631909477
12.52 -0.22336926099999999 -0.0 0.0 0.09929293193606789
12.54 -0.213657554 -0.0 0.04088532491485148 0.08177064982970296
12.56 -0.233080968 -0.009711707 0.023363042808486563 0.03504456421272985
12.58 -0.203945847 -0.048558535 0.058407607021216404 0.15185977825516267
12.6 -0.203945847 -0.048558535 0.058407607021216404 0.058407607021216404
12.62 -0.145675605 -0.271927796 0.07592988912758133 0.12265597474455446
12.64 -0.19423414 -0.271927796 0.07592988912758133 -0.0
12.66 -0.184522433 -0.369044866 0.05256684631909477 0.12265597474455446
12.68 -0.19423414 -0.242792675 0.08177064982970296 -0.0
12.7 -0.155387312 -0.378756573 0.0700891284254597 0.11681521404243281
12.72 -0.155387312 -0.242792675 0.08761141053182461 -0.005840760702121641
12.74 -0.126252191 -0.330198038 0.09345217123394625 0.09929293193606789
12.76 -0.135963898 -0.155387312 0.09929293193606789 -0.0
12.78 -0.106828777 -0.281639503 0.08761141053182461 0.10513369263818954
12.8 -0.08740536300000001 -0.165099019 0.023363042808486563 0.08761141053182461
12.82 -0.009711707 -0.34962145200000005 0.08177064982970296 0.10513369263818954
12.84 -0.048558535 -0.203945847 0.09345217123394625 0.05256684631909477
12.86 -0.077693656 -0.233080968 0.08177064982970296 0.10513369263818954
12.88 -0.116540484 -0.135963898 0.08177064982970296 0.11097445334031117
12.9 -0.116540484 -0.233080968 0.07592988912758133 0.03504456421272985
12.92 -0.126252191 -0.165099019 0.07592988912758133 0.0700891284254597
12.94 -0.116540484 -0.262216089 0.07592988912758133 0.005840760702121641
12.96 -0.126252191 -0.233080968 0.07592988912758133 0.09929293193606789
12.98 -0.106828777 -0.30106291700000004 0.07592988912758133 0.017522282106364924
13.0 -0.116540484 -0.30106291700000004 0.07592988912758133 0.146019017553041
13.02 -0.106828777 -0.320486331 0.046726085616973126 0.029203803510608202
13.04 -0.116540484 -0.339909745 0.05256684631909477 0.15185977825516267
13.06 -0.077693656 -0.330198038 0.029203803510608202 0.017522282106364924
13.08 -0.08740536300000001 -0.359333159 0.03504456421272985 0.18106358176577086
13.1 -0.077693656 -0.310774624 0.023363042808486563 0.05256684631909477
13.12 -0.08740536300000001 -0.34962145200000005 0.023363042808486563 0.13433749614879772
13.14 -0.029135121 -0.08740536300000001 0.017522282106364924 0.06424836772333804
13.16 -0.067981949 -0.08740536300000001 0.029203803510608202 0.11097445334031117
13.18 -0.019423414 -0.038846828 0.046726085616973126 0.06424836772333804
13.2 -0.126252191 -0.058270242 0.046726085616973126 0.0700891284254597
13.22 -0.058270242 -0.0 0.04088532491485148 0.10513369263818954
13.24 -0.155387312 -0.077693656 0.05256684631909477 0.09345217123394625
13.26 -0.038846828 -0.019423414 0.017522282106364924 0.13433749614879772
13.28 -0.126252191 -0.09711707 0.09345217123394625 0.046726085616973126
13.3 -0.048558535 -0.058270242 0.0700891284254597 0.08177064982970296
13.32 -0.126252191 -0.116540484 0.06424836772333804 0.029203803510608202
13.34 -0.09711707 -0.058270242 0.0700891284254597 0.0700891284254597
13.36 -0.145675605 -0.106828777 0.0700891284254597 0.046726085616973126
13.38 -0.19423414 -0.029135121 0.13433749614879772 0.07592988912758133
13.4 -0.145675605 -0.09711707 0.017522282106364924 0.0700891284254597
13.42 -0.233080968 -0.077693656 0.10513369263818954 0.05256684631909477
13.44 -0.155387312 -0.135963898 0.0 0.058407607021216404
13.46 -0.271927796 -0.106828777 0.11681521404243281 0.05256684631909477
13.48 -0.126252191 -0.09711707 -0.04088532491485148 0.0700891284254597
13.5 -0.271927796 -0.077693656 0.09345217123394625 0.0700891284254597
13.52 -0.08740536300000001 -0.077693656 -0.04088532491485148 0.08177064982970296
13.54 -0.165099019 -0.048558535 0.08761141053182461 0.0700891284254597
13.56 -0.009711707 -0.048558535 0.0 0.07592988912758133
13.58 -0.077693656 -0.029135121 0.09929293193606789 0.08177064982970296
13.6 -0.019423414 -0.038846828 0.11681521404243281 -0.0
13.62 -0.252504382 0.029135121 0.029203803510608202 0.13433749614879772
13.64 -0.155387312 0.029135121 0.03504456421272985 0.08761141053182461
13.66 -0.184522433 -0.0 0.08177064982970296 0.04088532491485148
13.68 -0.08740536300000001 -0.029135121 0.09345217123394625 0.06424836772333804
13.7 -0.09711707 -0.048558535 0.03504456421272985 0.046726085616973126
13.72 -0.019423414 -0.019423414 0.058407607021216404 0.046726085616973126
13.74 -0.126252191 -0.077693656 0.017522282106364924 0.046726085616973126
13.76 -0.106828777 -0.029135121 0.1401782568509194 0.046726085616973126
13.78 -0.203945847 -0.048558535 0.011681521404243281 0.046726085616973126
13.8 -0.262216089 -0.038846828 0.16938206036152761 0.046726085616973126
13.82 -0.233080968 -0.048558535 0.023363042808486563 0.04088532491485148
13.84 -0.29135121 -0.048558535 0.17522282106364923 0.03504456421272985
13.86 -0.22336926099999999 -0.0 0.023363042808486563 0.023363042808486563
13.88 -0.30106291700000004 -0.009711707 0.19858586387213578 0.023363042808486563
13.9 -0.126252191 -0.0 0.05256684631909477 0.029203803510608202
13.92 -0.17481072600000003 -0.0 0.16938206036152761 0.029203803510608202
13.94 -0.09711707 0.048558535 0.09345217123394625 0.023363042808486563
13.96 -0.135963898 -0.0 0.12849673544667609 0.04088532491485148
13.98 -0.106828777 0.029135121 0.0700891284254597 0.03504456421272985
14.0 -0.155387312 -0.0 0.046726085616973126 0.06424836772333804
14.02 -0.106828777 0.038846828 0.12265597474455446 0.029203803510608202
14.04 -0.184522433 -0.029135121 0.058407607021216404 0.08177064982970296
14.06 -0.145675605 0.077693656 0.11097445334031117 0.029203803510608202
14.08 -0.233080968 -0.019423414 0.005840760702121641 0.09929293193606789
14.1 -0.203945847 0.077693656 0.046726085616973126 0.05256684631909477
14.12 -0.233080968 -0.0 0.0 0.09345217123394625
14.14 -0.213657554 -0.0 0.04088532491485148 0.08177064982970296
14.16 -0.233080968 -0.019423414 0.023363042808486563 0.03504456421272985
14.18 -0.184522433 -0.067981949 0.058407607021216404 0.1401782568509194
14.2 -0.19423414 -0.048558535 0.06424836772333804 0.058407607021216404
14.22 -0.135963898 -0.271927796 0.07592988912758133 0.11681521404243281
14.24 -0.184522433 -0.281639503 0.08177064982970296 -0.0
14.26 -0.184522433 -0.378756573 0.058407607021216404 0.10513369263818954
14.28 -0.19423414 -0.242792675 0.0700891284254597 -0.0
14.3 -0.155387312 -0.38846828 0.06424836772333804 0.10513369263818954
14.32 -0.155387312 -0.233080968 0.08177064982970296 -0.005840760702121641
14.34 -0.135963898 -0.320486331 0.09345217123394625 0.09345217123394625
14.36 -0.135963898 -0.165099019 0.08177064982970296 -0.0
14.38 -0.106828777 -0.271927796 0.08761141053182461 0.11097445334031117
14.4 -0.077693656 -0.165099019 0.017522282106364924 0.08761141053182461
14.42 -0.009711707 -0.34962145200000005 0.0700891284254597 0.11097445334031117
14.44 -0.048558535 -0.203945847 0.09345217123394625 0.05256684631909477
14.46 -0.067981949 -0.233080968 0.07592988912758133 0.10513369263818954
14.48 -0.106828777 -0.126252191 0.08177064982970296 0.11097445334031117
14.5 -0.116540484 -0.22336926099999999 0.08177064982970296 0.04088532491485148
14.52 -0.126252191 -0.165099019 0.07592988912758133 0.07592988912758133
14.54 -0.116540484 -0.262216089 0.08177064982970296 0.005840760702121641
14.56 -0.126252191 -0.242792675 0.0700891284254597 0.09345217123394625
14.58 -0.106828777 -0.310774624 0.07592988912758133 0.005840760702121641
14.6 -0.126252191 -0.310774624 0.07592988912758133 0.15185977825516267
14.62 -0.09711707 -0.330198038 0.046726085616973126 0.023363042808486563
14.64 -0.116540484 -0.34962145200000005 0.046726085616973126 0.15185977825516267
14.66 -0.09711707 -0.330198038 0.029203803510608202 0.017522282106364924
14.68 -0.09711707 -0.369044866 0.029203803510608202 0.1869043424678925
14.7 -0.077693656 -0.310774624 0.023363042808486563 0.046726085616973126
14.72 -0.08740536300000001 -0.359333159 0.023363042808486563 0.13433749614879772
14.74 -0.038846828 -0.08740536300000001 0.011681521404243281 0.06424836772333804
14.76 -0.077693656 -0.08740536300000001 0.029203803510608202 0.11097445334031117
14.78 -0.029135121 -0.038846828 0.046726085616973126 0.0700891284254597
14.8 -0.116540484 -0.058270242 0.046726085616973126 0.0700891284254597
14.82 -0.048558535 -0.0 0.04088532491485148 0.10513369263818954
14.84 -0.155387312 -0.067981949 0.05256684631909477 0.09345217123394625
14.86 -0.038846828 -0.019423414 0.011681521404243281 0.12265597474455446
14.88 -0.126252191 -0.106828777 0.09345217123394625 0.046726085616973126
14.9 -0.038846828 -0.058270242 0.06424836772333804 0.08177064982970296
14.92 -0.116540484 -0.116540484 0.058407607021216404 0.023363042808486563
14.94 -0.116540484 -0.048558535 0.0700891284254597 0.06424836772333804
14.96 -0.145675605 -0.09711707 0.0700891284254597 0.046726085616973126
14.98 -0.19423414 -0.038846828 0.12849673544667609 0.07592988912758133
15.0 -0.145675605 -0.09711707 0.011681521404243281 0.06424836772333804
15.02 -0.242792675 -0.077693656 0.11097445334031117 0.05256684631909477
15.04 -0.155387312 -0.135963898 -0.011681521404243281 0.06424836772333804
15.06 -0.271927796 -0.106828777 0.11097445334031117 0.05256684631909477
15.08 -0.126252191 -0.09711707 -0.046726085616973126 0.06424836772333804
15.1 -0.281639503 -0.077693656 0.09345217123394625 0.06424836772333804
15.12 -0.09711707 -0.08740536300000001 -0.046726085616973126 0.08177064982970296
15.14 -0.165099019 -0.048558535 0.08177064982970296 0.07592988912758133
15.16 -0.009711707 -0.058270242 0.0 0.07592988912758133
15.18 -0.077693656 -0.009711707 0.11097445334031117 0.07592988912758133
15.2 -0.029135121 -0.038846828 0.11097445334031117 -0.0
15.22 -0.271927796 0.009711707 0.023363042808486563 0.13433749614879772
15.24 -0.19423414 0.038846828 0.023363042808486563 0.0700891284254597
15.26 -0.184522433 -0.0 0.0700891284254597 0.03504456421272985
15.28 -0.08740536300000001 -0.029135121 0.08761141053182461 0.06424836772333804
15.3 -0.116540484 -0.058270242 0.03504456421272985 0.05256684631909477
15.32 0.0 -0.019423414 0.058407607021216404 0.05256684631909477
15.34 -0.116540484 -0.058270242 0.029203803510608202 0.05256684631909477
15.36 -0.106828777 -0.029135121 0.13433749614879772 0.05256684631909477
15.38 -0.203945847 -0.038846828 0.005840760702121641 0.05256684631909477
15.4 -0.262216089 -0.038846828 0.16938206036152761 0.04088532491485148
15.42 -0.242792675 -0.048558535 0.023363042808486563 0.03504456421272985
15.44 -0.310774624 -0.048558535 0.17522282106364923 0.03504456421272985
15.46 -0.213657554 -0.0 0.023363042808486563 0.023363042808486563
15.48 -0.310774624 -0.019423414 0.19858586387213578 0.023363042808486563
15.5 -0.135963898 -0.0 0.046726085616973126 0.029203803510608202
15.52 -0.165099019 -0.009711707 0.16938206036152761 0.03504456421272985
15.54 -0.09711707 0.048558535 0.09929293193606789 0.017522282106364924
15.56 -0.145675605 -0.0 0.12265597474455446 0.03504456421272985
15.58 -0.09711707 0.038846828 0.0700891284254597 0.029203803510608202
15.6 -0.145675605 -0.0 0.05256684631909477 0.058407607021216404
15.62 -0.106828777 0.048558535 0.11681521404243281 0.03504456421272985
15.64 -0.17481072600000003 -0.029135121 0.06424836772333804 0.07592988912758133
15.66 -0.145675605 0.08740536300000001 0.11681521404243281 0.029203803510608202
15.68 -0.22336926099999999 -0.019423414 0.0 0.09345217123394625
15.7 -0.19423414 0.077693656 0.05256684631909477 0.046726085616973126
15.72 -0.233080968 -0.0 0.0 0.08761141053182461
15.74 -0.213657554 0.009711707 0.03504456421272985 0.08177064982970296
15.76 -0.233080968 -0.0 0.023363042808486563 0.04088532491485148
15.78 -0.184522433 -0.058270242 0.05256684631909477 0.13433749614879772
15.8 -0.19423414 -0.048558535 0.058407607021216404 0.058407607021216404
15.82 -0.135963898 -0.271927796 0.0700891284254597 0.11681521404243281
15.84 -0.19423414 -0.281639503 0.08177064982970296 -0.0
15.86 -0.19423414 -0.359333159 0.06424836772333804 0.10513369263818954
15.88 -0.19423414 -0.242792675 0.06424836772333804 -0.0
15.9 -0.155387312 -0.369044866 0.06424836772333804 0.10513369263818954
15.92 -0.155387312 -0.233080968 0.08177064982970296 -0.005840760702121641
15.94 -0.135963898 -0.330198038 0.08761141053182461 0.09929293193606789
15.96 -0.135963898 -0.165099019 0.08761141053182461 -0.0
15.98 -0.106828777 -0.262216089 0.08177064982970296 0.11097445334031117
16.0 -0.08740536300000001 -0.165099019 0.011681521404243281 0.08177064982970296
16.02 -0.009711707 -0.34962145200000005 0.0700891284254597 0.11097445334031117
16.04 -0.058270242 -0.19423414 0.08761141053182461 0.058407607021216404
16.06 -0.067981949 -0.22336926099999999 0.0700891284254597 0.10513369263818954
16.08 -0.116540484 -0.126252191 0.07592988912758133 0.11097445334031117
16.1 -0.106828777 -0.22336926099999999 0.07592988912758133 0.029203803510608202
16.12 -0.126252191 -0.155387312 0.0700891284254597 0.06424836772333804
16.14 -0.116540484 -0.252504382 0.07592988912758133 -0.0
16.16 -0.116540484 -0.233080968 0.07592988912758133 0.09345217123394625
16.18 -0.116540484 -0.30106291700000004 0.0700891284254597 -0.0
16.2 -0.126252191 -0.30106291700000004 0.0700891284254597 0.146019017553041
16.22 -0.106828777 -0.320486331 0.046726085616973126 0.017522282106364924
16.24 -0.116540484 -0.34962145200000005 0.046726085616973126 0.1577005389572843
16.26 -0.077693656 -0.330198038 0.029203803510608202 0.017522282106364924
16.28 -0.08740536300000001 -0.359333159 0.029203803510608202 0.18106358176577086
16.3 -0.08740536300000001 -0.320486331 0.023363042808486563 0.046726085616973126
16.32 -0.08740536300000001 -0.34962145200000005 0.011681521404243281 0.13433749614879772
16.34 -0.038846828 -0.106828777 0.017522282106364924 0.058407607021216404
16.36 -0.067981949 -0.08740536300000001 0.029203803510608202 0.11097445334031117
16.38 -0.019423414 -0.038846828 0.046726085616973126 0.06424836772333804
16.4 -0.116540484 -0.058270242 0.05256684631909477 0.06424836772333804
16.42 -0.048558535 -0.0 0.03504456421272985 0.10513369263818954
16.44 -0.155387312 -0.058270242 0.046726085616973126 0.09345217123394625
16.46 -0.038846828 -0.029135121 0.023363042808486563 0.12265597474455446
16.48 -0.135963898 -0.09711707 0.09345217123394625 0.05256684631909477
16.5 -0.038846828 -0.048558535 0.058407607021216404 0.08177064982970296
16.52 -0.116540484 -0.106828777 0.06424836772333804 0.023363042808486563
16.54 -0.106828777 -0.048558535 0.08177064982970296 0.06424836772333804
16.56 -0.145675605 -0.08740536300000001 0.08177064982970296 0.046726085616973126
16.58 -0.184522433 -0.038846828 0.12849673544667609 0.08177064982970296
16.6 -0.155387312 -0.09711707 0.029203803510608202 0.06424836772333804
16.62 -0.203945847 -0.09711707 0.09345217123394625 0.046726085616973126
16.64 -0.126252191 -0.135963898 0.0 0.058407607021216404
16.66 -0.252504382 -0.106828777 0.09929293193606789 0.05256684631909477
16.68 -0.135963898 -0.09711707 -0.03504456421272985 0.06424836772333804
16.7 -0.262216089 -0.067981949 0.09929293193606789 0.06424836772333804
16.72 -0.106828777 -0.077693656 -0.046726085616973126 0.08177064982970296
16.74 -0.145675605 -0.048558535 0.09929293193606789 0.07592988912758133
16.76 -0.009711707 -0.058270242 0.0 0.08177064982970296
16.78 -0.067981949 -0.029135121 0.11681521404243281 0.07592988912758133
16.8 0.0 -0.029135121 0.023363042808486563 0.07592988912758133
16.82 -0.22336926099999999 0.009711707 0.09929293193606789 0.023363042808486563
16.84 -0.17481072600000003 0.019423414 0.03504456421272985 0.058407607021216404
16.86 -0.19423414 -0.0 0.029203803510608202 0.08177064982970296
16.88 -0.106828777 -0.019423414 0.07592988912758133 0.08177064982970296
16.9 -0.106828777 -0.038846828 0.05256684631909477 0.0700891284254597
16.92 -0.019423414 -0.019423414 0.07592988912758133 0.0700891284254597
16.94 -0.08740536300000001 -0.058270242 0.03504456421272985 0.05256684631909477
16.96 -0.106828777 -0.029135121 0.12265597474455446 0.05256684631909477
16.98 -0.17481072600000003 -0.048558535 0.017522282106364924 0.05256684631909477
17.0 -0.22336926099999999 -0.038846828 0.16354129965940592 0.05256684631909477
17.02 -0.233080968 -0.038846828 0.017522282106364924 0.05256684631909477
17.04 -0.30106291700000004 -0.038846828 0.18106358176577086 0.05256684631909477
17.06 -0.213657554 -0.009711707 0.029203803510608202 0.03504456421272985
17.08 -0.271927796 -0.019423414 0.17522282106364923 0.029203803510608202
17.1 -0.155387312 -0.0 0.0700891284254597 0.023363042808486563
17.12 -0.17481072600000003 -0.0 0.16354129965940592 0.03504456421272985
17.14 -0.09711707 0.009711707 0.06424836772333804 0.04088532491485148
17.16 -0.165099019 -0.0 0.12849673544667609 0.03504456421272985
17.18 -0.106828777 0.038846828 0.07592988912758133 0.023363042808486563
17.2 -0.145675605 -0.009711707 0.05256684631909477 0.05256684631909477
17.22 -0.106828777 0.019423414 0.10513369263818954 0.029203803510608202
17.24 -0.19423414 -0.019423414 0.058407607021216404 0.07592988912758133
17.26 -0.155387312 0.058270242 0.09929293193606789 0.03504456421272985
17.28 -0.22336926099999999 -0.009711707 0.029203803510608202 0.08761141053182461
17.3 -0.19423414 0.048558535 0.0700891284254597 0.046726085616973126
17.32 -0.233080968 -0.009711707 0.011681521404243281 0.08177064982970296
17.34 -0.19423414 -0.0 0.03504456421272985 0.06424836772333804
17.36 -0.213657554 -0.019423414 0.03504456421272985 0.05256684631909477
17.38 -0.165099019 -0.077693656 0.0700891284254597 0.11681521404243281
17.4 -0.184522433 -0.058270242 0.07592988912758133 0.04088532491485148
17.42 -0.19423414 -0.252504382 0.06424836772333804 0.11097445334031117
17.44 -0.233080968 -0.242792675 0.058407607021216404 0.005840760702121641
17.46 -0.203945847 -0.378756573 0.046726085616973126 0.11681521404243281
17.48 -0.17481072600000003 -0.29135121 0.07592988912758133 -0.0
17.5 -0.126252191 -0.378756573 0.07592988912758133 0.09929293193606789
17.52 -0.145675605 -0.252504382 0.08177064982970296 -0.0
17.54 -0.126252191 -0.339909745 0.09345217123394625 0.09929293193606789
17.56 -0.145675605 -0.17481072600000003 0.09345217123394625 0.017522282106364924
17.58 -0.106828777 -0.29135121 0.04088532491485148 0.16354129965940592
17.6 -0.08740536300000001 -0.22336926099999999 0.07592988912758133 0.023363042808486563
17.62 -0.058270242 -0.29135121 0.07592988912758133 0.09929293193606789
17.64 -0.08740536300000001 -0.155387312 0.07592988912758133 0.07592988912758133
17.66 -0.09711707 -0.233080968 0.07592988912758133 0.11097445334031117
17.68 -0.09711707 -0.213657554 0.058407607021216404 0.10513369263818954
17.7 -0.067981949 -0.320486331 0.058407607021216404 0.04088532491485148
17.72 -0.106828777 -0.242792675 0.06424836772333804 0.0700891284254597
17.74 -0.126252191 -0.252504382 0.06424836772333804 -0.0
17.76 -0.135963898 -0.233080968 0.06424836772333804 0.10513369263818954
17.78 -0.126252191 -0.310774624 0.06424836772333804 0.005840760702121641
17.8 -0.126252191 -0.30106291700000004 0.0700891284254597 0.15185977825516267
17.82 -0.106828777 -0.330198038 0.046726085616973126 0.023363042808486563
17.84 -0.116540484 -0.359333159 0.046726085616973126 0.15185977825516267
17.86 -0.077693656 -0.330198038 0.023363042808486563 0.029203803510608202
17.88 -0.09711707 -0.369044866 0.029203803510608202 0.16938206036152761
17.9 -0.077693656 -0.281639503 0.011681521404243281 0.05256684631909477
17.92 -0.08740536300000001 -0.271927796 0.011681521404243281 0.13433749614879772
17.94 -0.048558535 -0.058270242 0.023363042808486563 0.058407607021216404
17.96 -0.08740536300000001 -0.077693656 0.029203803510608202 0.10513369263818954
17.98 -0.029135121 -0.029135121 0.046726085616973126 0.0700891284254597
18.0 -0.135963898 -0.058270242 0.046726085616973126 0.06424836772333804
18.02 -0.077693656 -0.0 0.03504456421272985 0.10513369263818954
18.04 -0.155387312 -0.077693656 0.058407607021216404 0.08761141053182461
18.06 -0.048558535 -0.019423414 0.029203803510608202 0.12265597474455446
18.08 -0.135963898 -0.106828777 0.09345217123394625 0.046726085616973126
18.1 -0.038846828 -0.058270242 0.06424836772333804 0.08177064982970296
18.12 -0.116540484 -0.116540484 0.06424836772333804 0.029203803510608202
18.14 -0.106828777 -0.058270242 0.07592988912758133 0.058407607021216404
18.16 -0.145675605 -0.09711707 0.0700891284254597 0.04088532491485148
18.18 -0.19423414 -0.029135121 0.12265597474455446 0.08177064982970296
18.2 -0.155387312 -0.08740536300000001 0.017522282106364924 0.06424836772333804
18.22 -0.233080968 -0.077693656 0.10513369263818954 0.05256684631909477
18.24 -0.155387312 -0.135963898 -0.011681521404243281 0.05256684631909477
18.26 -0.252504382 -0.106828777 0.09929293193606789 0.046726085616973126
18.28 -0.116540484 -0.106828777 -0.05256684631909477 0.058407607021216404
18.3 -0.271927796 -0.077693656 0.08177064982970296 0.06424836772333804
18.32 -0.09711707 -0.077693656 -0.046726085616973126 0.07592988912758133
18.34 -0.17481072600000003 -0.058270242 0.08761141053182461 0.0700891284254597
18.36 -0.009711707 -0.058270242 0.0 0.07592988912758133
18.38 -0.09711707 -0.019423414 0.11097445334031117 0.07592988912758133
18.4 -0.029135121 -0.029135121 0.11681521404243281 -0.0
18.42 -0.281639503 0.038846828 0.029203803510608202 0.12265597474455446
18.44 -0.203945847 0.058270242 0.03504456421272985 0.058407607021216404
18.46 -0.19423414 0.009711707 0.06424836772333804 0.04088532491485148
18.48 -0.077693656 -0.029135121 0.08177064982970296 0.0700891284254597
18.5 -0.116540484 -0.048558535 0.029203803510608202 0.058407607021216404
18.52 0.0 -0.019423414 0.058407607021216404 0.05256684631909477
18.54 -0.09711707 -0.058270242 0.023363042808486563 0.05256684631909477
18.56 -0.09711707 -0.029135121 0.13433749614879772 0.05256684631909477
18.58 -0.19423414 -0.048558535 0.011681521404243281 0.05256684631909477
18.6 -0.262216089 -0.029135121 0.16938206036152761 0.046726085616973126
18.62 -0.242792675 -0.048558535 0.005840760702121641 0.03504456421272985
18.64 -0.310774624 -0.048558535 0.1869043424678925 0.03504456421272985
18.66 -0.213657554 -0.009711707 0.017522282106364924 0.029203803510608202
18.68 -0.310774624 -0.009711707 0.2102673852763791 0.023363042808486563
18.7 -0.126252191 -0.0 0.03504456421272985 0.029203803510608202
18.72 -0.155387312 -0.0 0.1869043424678925 0.03504456421272985
18.74 -0.09711707 0.038846828 0.06424836772333804 0.017522282106364924
18.76 -0.135963898 -0.0 0.12265597474455446 0.029203803510608202
18.78 -0.106828777 0.038846828 0.08177064982970296 0.029203803510608202
18.8 -0.165099019 -0.0 0.046726085616973126 0.06424836772333804
18.82 -0.116540484 0.048558535 0.12849673544667609 0.04088532491485148
18.84 -0.184522433 -0.029135121 0.058407607021216404 0.08177064982970296
18.86 -0.155387312 0.058270242 0.10513369263818954 0.029203803510608202
18.88 -0.233080968 -0.019423414 0.005840760702121641 0.09929293193606789
18.9 -0.213657554 0.067981949 0.04088532491485148 0.046726085616973126
18.92 -0.233080968 -0.0 0.0 0.09345217123394625
18.94 -0.213657554 -0.0 0.04088532491485148 0.08177064982970296
18.96 -0.242792675 -0.0 0.029203803510608202 0.03504456421272985
18.98 -0.19423414 -0.048558535 0.058407607021216404 0.15185977825516267
19.0 -0.213657554 -0.058270242 0.06424836772333804 0.058407607021216404
19.02 -0.145675605 -0.252504382 0.07592988912758133 0.13433749614879772
19.04 -0.19423414 -0.262216089 0.08177064982970296 -0.0
19.06 -0.19423414 -0.34962145200000005 0.06424836772333804 0.12265597474455446
19.08 -0.19423414 -0.22336926099999999 0.07592988912758133 -0.0
19.1 -0.155387312 -0.359333159 0.07592988912758133 0.11681521404243281
19.12 -0.155387312 -0.22336926099999999 0.08177064982970296 -0.0
19.14 -0.135963898 -0.310774624 0.09345217123394625 0.11097445334031117
19.16 -0.145675605 -0.155387312 0.10513369263818954 -0.0
19.18 -0.116540484 -0.252504382 0.08761141053182461 0.10513369263818954
19.2 -0.08740536300000001 -0.155387312 0.023363042808486563 0.08177064982970296
19.22 -0.019423414 -0.359333159 0.08177064982970296 0.11097445334031117
19.24 -0.058270242 -0.19423414 0.08761141053182461 0.05256684631909477
19.26 -0.067981949 -0.22336926099999999 0.08177064982970296 0.10513369263818954
19.28 -0.116540484 -0.126252191 0.08177064982970296 0.11681521404243281
19.3 -0.116540484 -0.22336926099999999 0.07592988912758133 0.046726085616973126
19.32 -0.126252191 -0.165099019 0.08177064982970296 0.0700891284254597
19.34 -0.116540484 -0.252504382 0.07592988912758133 0.005840760702121641
19.36 -0.126252191 -0.22336926099999999 0.07592988912758133 0.09345217123394625
19.38 -0.116540484 -0.30106291700000004 0.07592988912758133 0.011681521404243281
19.4 -0.126252191 -0.29135121 0.08177064982970296 0.15185977825516267
19.42 -0.116540484 -0.310774624 0.05256684631909477 0.03504456421272985
19.44 -0.116540484 -0.339909745 0.058407607021216404 0.15185977825516267
19.46 -0.077693656 -0.310774624 0.03504456421272985 0.023363042808486563
19.48 -0.09711707 -0.359333159 0.03504456421272985 0.19274510317001414
19.5 -0.08740536300000001 -0.29135121 0.023363042808486563 0.05256684631909477
19.52 -0.08740536300000001 -0.339909745 0.029203803510608202 0.146019017553041
19.54 -0.048558535 -0.08740536300000001 0.011681521404243281 0.0700891284254597
19.56 -0.08740536300000001 -0.077693656 0.029203803510608202 0.11097445334031117
19.58 -0.019423414 -0.048558535 0.05256684631909477 0.06424836772333804
19.6 -0.126252191 -0.058270242 0.046726085616973126 0.0700891284254597
19.62 -0.058270242 -0.0 0.04088532491485148 0.09929293193606789
19.64 -0.155387312 -0.067981949 0.058407607021216404 0.09345217123394625
19.66 -0.038846828 -0.029135121 0.023363042808486563 0.12265597474455446
19.68 -0.145675605 -0.09711707 0.09345217123394625 0.05256684631909477
19.7 -0.048558535 -0.048558535 0.0700891284254597 0.08177064982970296
19.72 -0.126252191 -0.106828777 0.058407607021216404 0.029203803510608202
19.74 -0.106828777 -0.058270242 0.07592988912758133 0.0700891284254597
19.76 -0.145675605 -0.09711707 0.07592988912758133 0.046726085616973126
19.78 -0.203945847 -0.029135121 0.12849673544667609 0.07592988912758133
19.8 -0.155387312 -0.08740536300000001 0.023363042808486563 0.06424836772333804
19.82 -0.242792675 -0.08740536300000001 0.10513369263818954 0.05256684631909477
19.84 -0.165099019 -0.135963898 -0.005840760702121641 0.06424836772333804
19.86 -0.271927796 -0.09711707 0.11097445334031117 0.05256684631909477
19.88 -0.116540484 -0.106828777 -0.046726085616973126 0.06424836772333804
19.9 -0.281639503 -0.077693656 0.08177064982970296 0.058407607021216404
19.92 -0.08740536300000001 -0.077693656 -0.04088532491485148 0.07592988912758133
19.94 -0.184522433 -0.048558535 0.10513369263818954 0.07592988912758133
19.96 -0.009711707 -0.048558535 0.0 0.07592988912758133
19.98 -0.08740536300000001 -0.019423414 0.11097445334031117 0.08177064982970296
20.0 -0.019423414 -0.038846828 0.11097445334031117 -0.0
