0.0 -0.00269 0.00269 0.0 -0.0
0.02 -0.00269 0.00269 0.0 -0.0
0.04 -0.00269 0.00269 0.0 -0.0
0.06 -0.0269 -0.024210000000000002 0.05111 0.05111
0.08 0.0 -0.01883 -0.05918 -0.01883
0.1 -0.024210000000000002 -0.03497 -0.00538 0.01345
0.12 0.00538 -0.01345 -0.03766 -0.0269
0.14 -0.00538 -0.056490000000000005 0.0 -0.0
0.16 0.00807 -0.05111 -0.06456 -0.0538
0.18 -0.01345 -0.06187 0.0 0.00807
0.2 0.00269 -0.04304 -0.056490000000000005 -0.03766
0.22 -0.01883 -0.06725 -0.01614 0.01345
0.24 0.0 -0.03766 -0.04304 -0.03497
0.26 -0.024210000000000002 -0.06187 0.0 0.00807
0.28 -0.00269 -0.03766 -0.0538 -0.02959
0.3 -0.024210000000000002 -0.04573 0.03497 0.02152
0.32 0.0 -0.03766 -0.04304 -0.01614
0.34 -0.01076 -0.05111 0.0538 0.01345
0.36 0.00807 -0.03766 -0.04304 -0.01614
0.38 -0.02152 -0.04304 0.03228 0.02152
0.4 0.0 -0.0269 -0.03766 -0.00807
0.42 -0.02959 -0.040350000000000004 0.0269 0.0269
0.44 -0.00269 -0.03228 -0.040350000000000004 -0.00807
0.46 -0.03766 -0.056490000000000005 0.02959 0.02152
0.48 -0.01345 -0.05111 -0.03228 -0.01076
0.5 -0.04304 -0.06456 0.024210000000000002 0.02959
0.52 -0.024210000000000002 -0.05918 -0.02959 -0.00538
0.54 -0.04573 -0.06725 0.02152 0.024210000000000002
0.56 -0.02959 -0.06456 -0.02152 -0.0
0.58 -0.04573 -0.06994 0.01345 0.01883
0.6 -0.03228 -0.05918 -0.01076 -0.0
0.62 -0.04573 -0.06456 0.02152 0.02959
0.64 -0.03228 -0.0538 -0.00538 0.00269
0.66 -0.03766 -0.06456 0.0269 0.03228
0.68 -0.0269 -0.056490000000000005 0.0 0.00269
0.7 -0.03766 -0.06456 0.03766 0.040350000000000004
0.72 -0.024210000000000002 -0.05918 0.00269 0.00807
0.74 -0.04304 -0.07263 0.03766 0.03497
0.76 -0.03766 -0.06187 0.0 0.01345
0.78 -0.048420000000000005 -0.07532 0.02959 0.040350000000000004
0.8 -0.040350000000000004 -0.06994 0.00269 0.01883
0.82 -0.048420000000000005 -0.08070000000000001 0.03228 0.048420000000000005
0.84 -0.04304 -0.07263 0.00538 0.024210000000000002
0.86 -0.05111 -0.08339 0.03497 0.040350000000000004
0.88 -0.0538 -0.07801000000000001 0.01345 0.02152
0.9 -0.06187 -0.08070000000000001 0.03766 0.03766
0.92 -0.0538 -0.07532 0.01883 0.01614
0.94 -0.056490000000000005 -0.08339 0.03766 0.03766
0.96 -0.04573 -0.07801000000000001 0.02959 0.0269
0.98 -0.05111 -0.08070000000000001 0.04304 0.03766
1.0 -0.048420000000000005 -0.07532 0.03497 0.03497
1.02 -0.05111 -0.07532 0.04304 0.048420000000000005
1.04 -0.05111 -0.07263 0.05111 0.04573
1.06 -0.05111 -0.07263 0.04573 0.04304
1.08 -0.056490000000000005 -0.07532 0.05111 0.040350000000000004
1.1 -0.056490000000000005 -0.07801000000000001 0.05111 0.040350000000000004
1.12 -0.06187 -0.08070000000000001 0.05111 0.04304
1.14 -0.05918 -0.08070000000000001 0.05111 0.04304
1.16 -0.06187 -0.08070000000000001 0.05111 0.04304
1.18 -0.06187 -0.08070000000000001 0.05111 0.04304
1.2 -0.05918 -0.08339 0.05111 0.04304
1.22 -0.05111 -0.08339 0.05111 0.04304
1.24 -0.05111 -0.08608 0.05111 0.04304
1.26 -0.04573 -0.08608 0.05111 0.040350000000000004
1.28 -0.048420000000000005 -0.08608 0.05111 0.04304
1.3 -0.05111 -0.09415 0.05111 0.05918
1.32 -0.048420000000000005 -0.09415 0.05111 0.04573
1.34 -0.048420000000000005 -0.1076 0.05111 0.0538
1.36 -0.048420000000000005 -0.09684000000000001 0.05111 0.02959
1.38 -0.05111 -0.10491 0.05111 0.0538
1.4 -0.048420000000000005 -0.09146 0.05111 0.01883
1.42 -0.048420000000000005 -0.11029 0.05111 0.04573
1.44 -0.04304 -0.09953000000000001 0.02152 0.040350000000000004
1.46 -0.02152 -0.14795 0.04304 0.0269
1.48 -0.024210000000000002 -0.12374 0.04304 -0.0
1.5 -0.03228 -0.11298000000000001 0.040350000000000004 0.03766
1.52 -0.03228 -0.07801000000000001 0.040350000000000004 0.01614
1.54 -0.024210000000000002 -0.09953000000000001 0.040350000000000004 0.04573
1.56 -0.024210000000000002 -0.07801000000000001 0.040350000000000004 0.02152
1.58 -0.01614 -0.10491 0.040350000000000004 0.04304
1.6 -0.01614 -0.09146 0.040350000000000004 0.0269
1.62 -0.01076 -0.10222 0.040350000000000004 0.03497
1.64 -0.01345 -0.09415 0.040350000000000004 0.04304
1.66 -0.01614 -0.10222 0.04304 0.01345
1.68 -0.01614 -0.08608 0.040350000000000004 0.02152
1.7 -0.024210000000000002 -0.09415 0.040350000000000004 0.00538
1.72 -0.024210000000000002 -0.09953000000000001 0.040350000000000004 0.03497
1.74 -0.02152 -0.10222 0.040350000000000004 0.00269
1.76 -0.02152 -0.12374 0.040350000000000004 0.04573
1.78 -0.01883 -0.12643000000000001 0.03228 0.00269
1.8 -0.0269 -0.13181 0.02959 0.06187
1.82 -0.0269 -0.07801000000000001 0.02959 0.00269
1.84 -0.024210000000000002 -0.07801000000000001 0.02959 0.06456
1.86 -0.02152 -0.02152 0.01883 0.00269
1.88 -0.02152 -0.0269 0.01883 0.07532
1.9 -0.024210000000000002 -0.01076 0.01076 -0.0
1.92 -0.03228 -0.02152 0.01076 0.08070000000000001
1.94 -0.0269 -0.00269 0.00538 0.01883
1.96 -0.02959 -0.024210000000000002 0.00807 0.040350000000000004
1.98 -0.01076 -0.01345 0.01883 0.02959
2.0 -0.024210000000000002 -0.03228 0.0269 0.024210000000000002
2.02 0.0 -0.01614 0.02152 0.04573
2.04 -0.0269 -0.02959 0.03497 0.03497
2.06 -0.00269 -0.01345 0.01883 0.0538
2.08 -0.03497 -0.02959 0.03766 0.02152
2.1 -0.01345 -0.01345 0.02959 0.03766
2.12 -0.03766 -0.03497 0.0269 0.01614
2.14 -0.03766 -0.01614 0.02959 0.03228
2.16 -0.04573 -0.02959 0.0269 0.01883
2.18 -0.0538 -0.01345 0.056490000000000005 0.03228
2.2 -0.040350000000000004 -0.03228 0.01345 0.0269
2.22 -0.06187 -0.0269 0.0538 0.024210000000000002
2.24 -0.04304 -0.040350000000000004 0.0 0.0269
2.26 -0.06994 -0.0269 0.04573 0.0269
2.28 -0.03766 -0.024210000000000002 -0.01614 0.03228
2.3 -0.06994 -0.01614 0.0538 0.03228
2.32 -0.024210000000000002 -0.01883 -0.01883 0.040350000000000004
2.34 -0.03766 -0.00807 0.04573 0.03497
2.36 0.0 -0.01345 0.0 0.03766
2.38 -0.01883 -0.00538 0.056490000000000005 0.03766
2.4 0.0 -0.01076 0.01345 0.03766
2.42 -0.06456 0.00538 0.03497 0.00538
2.44 -0.05111 0.00538 0.01345 0.024210000000000002
2.46 -0.06187 0.00269 0.01076 0.03766
2.48 -0.03766 -0.00807 0.03497 0.03497
2.5 -0.03497 -0.01076 0.01883 0.03228
2.52 -0.01076 -0.01076 0.03497 0.03228
2.54 -0.01883 -0.01883 0.01345 0.02152
2.56 -0.02152 -0.00807 0.056490000000000005 0.02152
2.58 -0.04573 -0.01345 0.00807 0.02152
2.6 -0.06187 -0.01076 0.07532 0.02152
2.62 -0.06456 -0.01076 0.00538 0.02152
2.64 -0.07801000000000001 -0.01076 0.07801000000000001 0.02152
2.66 -0.056490000000000005 -0.00269 0.01345 0.01614
2.68 -0.06994 -0.00538 0.07532 0.01614
2.7 -0.04304 -0.0 0.02959 0.01345
2.72 -0.048420000000000005 -0.0 0.07801000000000001 0.01883
2.74 -0.0269 0.00269 0.03228 0.01614
2.76 -0.04304 -0.0 0.056490000000000005 0.01345
2.78 -0.0269 0.00269 0.03228 0.00538
2.8 -0.04304 -0.00269 0.02152 0.02152
2.82 -0.02959 0.00269 0.04573 0.01076
2.84 -0.0538 -0.00538 0.0269 0.03497
2.86 -0.04573 0.01614 0.048420000000000005 0.01345
2.88 -0.06187 -0.00269 0.01345 0.040350000000000004
2.9 -0.056490000000000005 0.00807 0.03228 0.02152
2.92 -0.06456 -0.00269 0.00807 0.03497
2.94 -0.05111 -0.0 0.024210000000000002 0.02959
2.96 -0.056490000000000005 -0.00538 0.01883 0.02959
2.98 -0.04573 -0.02152 0.03766 0.056490000000000005
3.0 -0.0538 -0.01614 0.03766 0.01883
3.02 -0.0538 -0.08070000000000001 0.02959 0.0538
3.04 -0.06456 -0.06994 0.0269 0.00269
3.06 -0.05111 -0.11029 0.024210000000000002 0.056490000000000005
3.08 -0.048420000000000005 -0.08070000000000001 0.03766 -0.00269
3.1 -0.040350000000000004 -0.11029 0.03766 0.04573
3.12 -0.040350000000000004 -0.06994 0.03766 -0.0
3.14 -0.03766 -0.08877 0.04304 0.03766
3.16 -0.04304 -0.05111 0.04573 0.00269
3.18 -0.0269 -0.08877 0.024210000000000002 0.05918
3.2 -0.0269 -0.056490000000000005 0.040350000000000004 0.01883
3.22 -0.024210000000000002 -0.07532 0.040350000000000004 0.0538
3.24 -0.024210000000000002 -0.04573 0.040350000000000004 0.02959
3.26 -0.024210000000000002 -0.06725 0.03766 0.04573
3.28 -0.02959 -0.056490000000000005 0.03766 0.056490000000000005
3.3 -0.0269 -0.07532 0.03766 0.00807
3.32 -0.03497 -0.05918 0.040350000000000004 0.03228
3.34 -0.03497 -0.07801000000000001 0.040350000000000004 -0.0
3.36 -0.03497 -0.07532 0.040350000000000004 0.048420000000000005
3.38 -0.03228 -0.08877 0.040350000000000004 0.00269
3.4 -0.03228 -0.09684000000000001 0.040350000000000004 0.06456
3.42 -0.03228 -0.09953000000000001 0.02959 0.00538
3.44 -0.03497 -0.10491 0.02959 0.07801000000000001
3.46 -0.024210000000000002 -0.09415 0.02152 0.01345
3.48 -0.0269 -0.11029 0.01883 0.09146
3.5 -0.01883 -0.07263 0.01345 0.01883
3.52 -0.0269 -0.07263 0.01345 0.06456
3.54 -0.01345 -0.01883 0.01076 0.024210000000000002
3.56 -0.0269 -0.02152 0.01345 0.04573
3.58 -0.00807 -0.00538 0.024210000000000002 0.02959
3.6 -0.03766 -0.01883 0.024210000000000002 0.024210000000000002
3.62 -0.01345 -0.00269 0.01345 0.05111
3.64 -0.040350000000000004 -0.02152 0.03497 0.03228
3.66 -0.00807 -0.01076 0.01614 0.056490000000000005
3.68 -0.03766 -0.03228 0.04573 0.01883
3.7 -0.01076 -0.01614 0.02959 0.03766
3.72 -0.040350000000000004 -0.03228 0.03766 0.01345
3.74 -0.02959 -0.02152 0.03766 0.0269
3.76 -0.040350000000000004 -0.03228 0.024210000000000002 0.01614
3.78 -0.056490000000000005 -0.01076 0.05111 0.02959
3.8 -0.04573 -0.0269 0.01076 0.02959
3.82 -0.07801000000000001 -0.024210000000000002 0.056490000000000005 0.024210000000000002
3.84 -0.04573 -0.04304 -0.01345 0.02152
3.86 -0.07532 -0.03228 0.03766 0.02152
3.88 -0.02959 -0.03497 -0.0269 0.0269
3.9 -0.07263 -0.024210000000000002 0.03497 0.024210000000000002
3.92 -0.01883 -0.024210000000000002 -0.01614 0.03497
3.94 -0.048420000000000005 -0.01614 0.04304 0.03228
3.96 0.0 -0.01345 -0.00538 0.03497
3.98 -0.02152 -0.00538 0.05111 0.03497
4.0 0.0 -0.00807 0.00807 0.03766
4.02 -0.03497 -0.0 0.10222 -0.0
4.04 -0.03228 -0.0 0.0 0.05111
4.06 -0.05111 0.00538 0.024210000000000002 0.04304
4.08 -0.03228 -0.00269 0.0538 0.03228
4.1 -0.04304 -0.00807 0.01345 0.02152
4.12 -0.01076 -0.00538 0.03497 0.024210000000000002
4.14 -0.01883 -0.01614 0.00538 0.02152
4.16 -0.024210000000000002 -0.01076 0.05918 0.02152
4.18 -0.04573 -0.01883 0.00807 0.02152
4.2 -0.06725 -0.01076 0.06994 0.02152
4.22 -0.06725 -0.01345 0.00269 0.01614
4.24 -0.08070000000000001 -0.01345 0.08877 0.01345
4.26 -0.0538 -0.00538 0.01076 0.01345
4.28 -0.08339 -0.00269 0.09415 0.01076
4.3 -0.0538 -0.0 0.01883 0.01614
4.32 -0.0538 -0.00269 0.08339 0.01883
4.34 -0.024210000000000002 0.00807 0.04304 0.01614
4.36 -0.04573 -0.0 0.056490000000000005 0.02152
4.38 -0.02959 0.01076 0.03228 0.01614
4.4 -0.04304 -0.0 0.02959 0.0269
4.42 -0.03497 0.01614 0.05918 0.01614
4.44 -0.048420000000000005 -0.00538 0.02959 0.03497
4.46 -0.040350000000000004 0.01883 0.05111 0.01345
4.48 -0.06187 -0.00538 0.00538 0.04304
4.5 -0.05111 0.01614 0.024210000000000002 0.01883
4.52 -0.06456 -0.0 0.0 0.040350000000000004
4.54 -0.0538 -0.0 0.02152 0.03497
4.56 -0.06456 -0.00269 0.01076 0.01883
4.58 -0.0538 -0.01345 0.0269 0.06725
4.6 -0.05918 -0.01076 0.0269 0.02959
4.62 -0.040350000000000004 -0.06725 0.03497 0.05918
4.64 -0.0538 -0.07532 0.040350000000000004 -0.0
4.66 -0.05111 -0.09684000000000001 0.0269 0.0538
4.68 -0.0538 -0.06456 0.03497 -0.0
4.7 -0.04304 -0.09953000000000001 0.03228 0.05111
4.72 -0.04304 -0.06187 0.03766 -0.00538
4.74 -0.03228 -0.08877 0.04304 0.05111
4.76 -0.03766 -0.04304 0.048420000000000005 -0.0
4.78 -0.0269 -0.06994 0.04304 0.056490000000000005
4.8 -0.024210000000000002 -0.04304 0.01345 0.03766
4.82 -0.00538 -0.09684000000000001 0.03766 0.056490000000000005
4.84 -0.01345 -0.0538 0.040350000000000004 0.024210000000000002
4.86 -0.01614 -0.06187 0.03497 0.04573
4.88 -0.02959 -0.03228 0.03766 0.0538
4.9 -0.03228 -0.06456 0.03766 0.01883
4.92 -0.03497 -0.04573 0.03766 0.02959
4.94 -0.03228 -0.07532 0.03766 -0.0
4.96 -0.03228 -0.06456 0.03766 0.04573
4.98 -0.02959 -0.07801000000000001 0.03497 0.00269
5.0 -0.03497 -0.08070000000000001 0.03497 0.06725
5.02 -0.0269 -0.08608 0.024210000000000002 0.01076
5.04 -0.03228 -0.09684000000000001 0.024210000000000002 0.06994
5.06 -0.024210000000000002 -0.08877 0.01883 0.00538
5.08 -0.024210000000000002 -0.09953000000000001 0.01614 0.08877
5.1 -0.02152 -0.08339 0.01345 0.02152
5.12 -0.024210000000000002 -0.09415 0.01345 0.06187
5.14 -0.01076 -0.02152 0.00538 0.03228
5.16 -0.02152 -0.02152 0.01345 0.048420000000000005
5.18 -0.00538 -0.01076 0.024210000000000002 0.02959
5.2 -0.02959 -0.01614 0.024210000000000002 0.02959
5.22 -0.01614 -0.0 0.01883 0.048420000000000005
5.24 -0.04304 -0.01883 0.02959 0.04304
5.26 -0.01345 -0.00538 0.01076 0.05918
5.28 -0.03497 -0.0269 0.04304 0.024210000000000002
5.3 -0.01345 -0.01345 0.03228 0.03766
5.32 -0.03228 -0.03228 0.0269 0.01345
5.34 -0.02959 -0.01614 0.03228 0.0269
5.36 -0.03766 -0.02959 0.03228 0.01883
5.38 -0.0538 -0.00807 0.05918 0.03497
5.4 -0.04304 -0.0269 0.01345 0.02959
5.42 -0.06725 -0.02152 0.048420000000000005 0.024210000000000002
5.44 -0.04304 -0.03497 -0.00269 0.0269
5.46 -0.07801000000000001 -0.02959 0.05111 0.024210000000000002
5.48 -0.02959 -0.0269 -0.01883 0.02959
5.5 -0.07263 -0.01883 0.040350000000000004 0.02959
5.52 -0.02152 -0.02152 -0.01883 0.03497
5.54 -0.05111 -0.01076 0.048420000000000005 0.03497
5.56 -0.00269 -0.01345 0.0 0.03497
5.58 -0.024210000000000002 -0.00807 0.056490000000000005 0.03766
5.6 -0.00538 -0.01076 0.05111 -0.0
5.62 -0.07532 0.00538 0.01614 0.056490000000000005
5.64 -0.04573 0.00807 0.01614 0.0269
5.66 -0.056490000000000005 -0.0 0.02959 0.01883
5.68 -0.02152 -0.00538 0.04304 0.02959
5.7 -0.02959 -0.01614 0.01614 0.024210000000000002
5.72 -0.00269 -0.00538 0.03228 0.024210000000000002
5.74 -0.03497 -0.01883 0.00269 0.024210000000000002
5.76 -0.02959 -0.00538 0.06456 0.024210000000000002
5.78 -0.0538 -0.01345 0.00538 0.024210000000000002
5.8 -0.07263 -0.01076 0.07532 0.02152
5.82 -0.06187 -0.01345 0.00538 0.01614
5.84 -0.08070000000000001 -0.01345 0.08339 0.01614
5.86 -0.05918 -0.00269 0.01076 0.01076
5.88 -0.08608 -0.00269 0.09146 0.01076
5.9 -0.03766 -0.0 0.0269 0.01345
5.92 -0.048420000000000005 -0.00269 0.07801000000000001 0.01345
5.94 -0.02959 0.01076 0.04304 0.01076
5.96 -0.03766 -0.0 0.056490000000000005 0.01883
5.98 -0.03228 0.00807 0.03228 0.01614
6.0 -0.04304 -0.0 0.024210000000000002 0.03228
6.02 -0.03228 0.01345 0.0538 0.01345
6.04 -0.0538 -0.00538 0.02959 0.03766
6.06 -0.04304 0.02152 0.048420000000000005 0.01076
6.08 -0.06456 -0.00269 0.0 0.04304
6.1 -0.056490000000000005 0.01883 0.024210000000000002 0.02152
6.12 -0.06456 -0.0 0.0 0.04573
6.14 -0.05918 -0.0 0.01614 0.040350000000000004
6.16 -0.06456 -0.00538 0.01076 0.01883
6.18 -0.0538 -0.01883 0.024210000000000002 0.06456
6.2 -0.0538 -0.01614 0.0269 0.024210000000000002
6.22 -0.04573 -0.08070000000000001 0.02959 0.048420000000000005
6.24 -0.06187 -0.07801000000000001 0.03228 -0.0
6.26 -0.0538 -0.10222 0.024210000000000002 0.048420000000000005
6.28 -0.0538 -0.07263 0.03228 -0.0
6.3 -0.04304 -0.11567000000000001 0.03228 0.048420000000000005
6.32 -0.04304 -0.06725 0.03766 -0.00538
6.34 -0.04304 -0.09684000000000001 0.040350000000000004 0.04573
6.36 -0.04304 -0.04573 0.04304 -0.0
6.38 -0.03497 -0.07263 0.03766 0.0538
6.4 -0.01883 -0.06456 0.04304 0.02152
6.42 -0.00538 -0.09953000000000001 0.03497 0.048420000000000005
6.44 -0.01883 -0.05111 0.03228 0.02959
6.46 -0.01883 -0.06187 0.03497 0.056490000000000005
6.48 -0.02959 -0.040350000000000004 0.03228 0.056490000000000005
6.5 -0.03228 -0.06187 0.03228 0.02152
6.52 -0.03228 -0.05111 0.03497 0.03766
6.54 -0.03497 -0.07532 0.03497 -0.0
6.56 -0.03497 -0.06994 0.03497 0.048420000000000005
6.58 -0.03228 -0.08608 0.02959 0.00538
6.6 -0.03497 -0.08608 0.03228 0.06994
6.62 -0.03497 -0.09146 0.02152 0.01614
6.64 -0.03497 -0.10222 0.02152 0.06725
6.66 -0.02959 -0.09415 0.01076 0.01076
6.68 -0.02959 -0.10491 0.01345 0.08339
6.7 -0.01614 -0.08070000000000001 0.00269 0.0269
6.72 -0.024210000000000002 -0.08339 0.01614 0.06456
6.74 -0.01345 -0.024210000000000002 0.01345 0.01883
6.76 -0.02152 -0.02959 0.01614 0.048420000000000005
6.78 -0.00807 -0.00538 0.02152 0.03228
6.8 -0.040350000000000004 -0.01883 0.01883 0.0269
6.82 -0.01345 -0.0 0.00807 0.056490000000000005
6.84 -0.040350000000000004 -0.01883 0.03497 0.03497
6.86 -0.01076 -0.00807 0.01883 0.06187
6.88 -0.03766 -0.02959 0.04573 0.01883
6.9 -0.00807 -0.01345 0.0269 0.03766
6.92 -0.03766 -0.03228 0.040350000000000004 0.01076
6.94 -0.02959 -0.02152 0.03766 0.024210000000000002
6.96 -0.04304 -0.03228 0.02152 0.01614
6.98 -0.05918 -0.00807 0.05111 0.03228
7.0 -0.04304 -0.0269 0.01076 0.02959
7.02 -0.07263 -0.0269 0.06187 0.0269
7.04 -0.04304 -0.04304 -0.00807 0.024210000000000002
7.06 -0.07532 -0.03228 0.048420000000000005 0.024210000000000002
7.08 -0.02959 -0.03497 -0.02959 0.02959
7.1 -0.07263 -0.02152 0.04573 0.02959
7.12 -0.02152 -0.01883 -0.01883 0.03497
7.14 -0.048420000000000005 -0.01883 0.04304 0.03228
7.16 0.0 -0.01614 -0.00538 0.03228
7.18 -0.02152 -0.00538 0.05111 0.03766
7.2 0.0 -0.00807 0.00807 0.03766
7.22 -0.03497 -0.0 0.10491 -0.0
7.24 -0.03497 -0.0 0.0 0.0538
7.26 -0.05111 0.01076 0.0269 0.040350000000000004
7.28 -0.03497 -0.0 0.0538 0.03228
7.3 -0.040350000000000004 -0.01076 0.01614 0.02152
7.32 -0.00538 -0.00538 0.03766 0.024210000000000002
7.34 -0.01614 -0.01614 0.00538 0.02152
7.36 -0.02152 -0.01076 0.06187 0.01883
7.38 -0.04304 -0.01883 0.00807 0.02152
7.4 -0.06456 -0.00807 0.06994 0.02152
7.42 -0.06456 -0.00807 0.00538 0.01345
7.44 -0.08070000000000001 -0.01076 0.08608 0.01076
7.46 -0.056490000000000005 -0.0 0.01345 0.01345
7.48 -0.08070000000000001 -0.00269 0.09146 0.01345
7.5 -0.05111 -0.0 0.02152 0.01345
7.52 -0.0538 -0.0 0.08070000000000001 0.01883
7.54 -0.0269 0.00538 0.04573 0.01614
7.56 -0.04573 -0.0 0.06187 0.02152
7.58 -0.0269 0.00807 0.03228 0.01345
7.6 -0.04304 -0.0 0.024210000000000002 0.02959
7.62 -0.03228 0.01345 0.048420000000000005 0.01345
7.64 -0.05111 -0.00807 0.0269 0.040350000000000004
7.66 -0.03766 0.02152 0.05111 0.01614
7.68 -0.056490000000000005 -0.00269 0.00269 0.04573
7.7 -0.05111 0.02152 0.024210000000000002 0.01883
7.72 -0.06187 -0.0 0.0 0.040350000000000004
7.74 -0.0538 -0.0 0.01614 0.03766
7.76 -0.06456 -0.0 0.01076 0.02152
7.78 -0.05111 -0.01883 0.0269 0.06725
7.8 -0.056490000000000005 -0.01614 0.02959 0.02959
7.82 -0.040350000000000004 -0.07532 0.03228 0.05111
7.84 -0.0538 -0.07532 0.03497 -0.0
7.86 -0.05111 -0.10491 0.024210000000000002 0.048420000000000005
7.88 -0.05111 -0.07263 0.03497 -0.0
7.9 -0.04304 -0.11029 0.03228 0.048420000000000005
7.92 -0.040350000000000004 -0.06187 0.040350000000000004 -0.00538
7.94 -0.03766 -0.08877 0.040350000000000004 0.04573
7.96 -0.040350000000000004 -0.040350000000000004 0.04573 -0.0
7.98 -0.03228 -0.06725 0.03766 0.056490000000000005
8.0 -0.02152 -0.05111 0.04304 0.0269
8.02 -0.00807 -0.09146 0.03766 0.05111
8.04 -0.01614 -0.04304 0.03766 0.02959
8.06 -0.01883 -0.06187 0.03766 0.05111
8.08 -0.0269 -0.02959 0.03766 0.06456
8.1 -0.0269 -0.06187 0.03766 0.01883
8.12 -0.02959 -0.048420000000000005 0.03766 0.03497
8.14 -0.03228 -0.07263 0.03766 -0.0
8.16 -0.03228 -0.06994 0.03766 0.048420000000000005
8.18 -0.03228 -0.08339 0.03766 0.00269
8.2 -0.03497 -0.08339 0.03766 0.06456
8.22 -0.03228 -0.08877 0.0269 0.01076
8.24 -0.03497 -0.09684000000000001 0.024210000000000002 0.07263
8.26 -0.0269 -0.08877 0.01883 0.00269
8.28 -0.024210000000000002 -0.10491 0.01614 0.09415
8.3 -0.01614 -0.08070000000000001 0.01345 0.01883
8.32 -0.02152 -0.08339 0.01345 0.06725
8.34 -0.01076 -0.024210000000000002 0.01076 0.02152
8.36 -0.01883 -0.024210000000000002 0.01614 0.048420000000000005
8.38 -0.00807 -0.00269 0.02152 0.02959
8.4 -0.03497 -0.01614 0.02152 0.024210000000000002
8.42 -0.01345 -0.0 0.01345 0.0538
8.44 -0.03766 -0.01883 0.02959 0.03228
8.46 -0.00807 -0.01076 0.01076 0.05918
8.48 -0.03766 -0.02959 0.048420000000000005 0.01883
8.5 -0.01345 -0.01614 0.02959 0.03766
8.52 -0.03766 -0.03228 0.040350000000000004 0.01345
8.54 -0.02959 -0.01883 0.03766 0.024210000000000002
8.56 -0.040350000000000004 -0.02959 0.024210000000000002 0.01614
8.58 -0.0538 -0.01345 0.0538 0.02959
8.6 -0.040350000000000004 -0.02959 0.01076 0.0269
8.62 -0.07263 -0.024210000000000002 0.0538 0.024210000000000002
8.64 -0.048420000000000005 -0.040350000000000004 -0.01076 0.024210000000000002
8.66 -0.07263 -0.02959 0.04573 0.024210000000000002
8.68 -0.02959 -0.03228 -0.02959 0.02959
8.7 -0.07263 -0.024210000000000002 0.040350000000000004 0.02959
8.72 -0.02152 -0.024210000000000002 -0.02152 0.03497
8.74 -0.05111 -0.01883 0.03766 0.03228
8.76 0.0 -0.01614 -0.00269 0.03497
8.78 -0.01345 -0.00807 0.0538 0.03497
8.8 0.0 -0.01076 0.00807 0.03497
8.82 -0.01345 -0.00538 0.07532 0.01076
8.84 -0.03766 -0.0 0.0 0.05918
8.86 -0.06187 0.00269 0.0269 0.02959
8.88 -0.02959 -0.0 0.03766 0.01883
8.9 -0.048420000000000005 -0.00269 0.01614 0.02959
8.92 -0.01076 -0.00807 0.0269 0.02959
8.94 -0.01883 -0.01345 0.00269 0.02152
8.96 -0.02152 -0.024210000000000002 0.05918 0.02152
8.98 -0.040350000000000004 -0.01883 0.01076 0.02152
9.0 -0.05918 -0.00807 0.07263 0.02152
9.02 -0.05918 -0.01345 0.00807 0.02152
9.04 -0.07532 -0.01076 0.08339 0.02152
9.06 -0.05918 -0.00538 0.01345 0.01614
9.08 -0.07532 -0.00807 0.07801000000000001 0.01345
9.1 -0.04573 -0.0 0.02959 0.01345
9.12 -0.05918 -0.0 0.07801000000000001 0.01883
9.14 -0.0269 0.00269 0.03497 0.01883
9.16 -0.03766 -0.0 0.05918 0.01614
9.18 -0.02152 0.01345 0.03497 0.00807
9.2 -0.040350000000000004 -0.0 0.024210000000000002 0.024210000000000002
9.22 -0.0269 0.00807 0.048420000000000005 0.01345
9.24 -0.05111 -0.00807 0.02959 0.03497
9.26 -0.03766 0.01883 0.0538 0.01614
9.28 -0.05918 -0.00807 0.01883 0.03766
9.3 -0.05111 0.01076 0.04304 0.01883
9.32 -0.06725 -0.00269 0.01076 0.03497
9.34 -0.0538 -0.0 0.01883 0.03228
9.36 -0.06187 -0.01076 0.01345 0.02959
9.38 -0.04573 -0.024210000000000002 0.03497 0.056490000000000005
9.4 -0.05111 -0.01345 0.03497 0.01883
9.42 -0.05111 -0.08339 0.03228 0.0538
9.44 -0.06456 -0.06725 0.02959 -0.0
9.46 -0.05111 -0.1076 0.024210000000000002 0.0538
9.48 -0.04573 -0.08070000000000001 0.03766 -0.00269
9.5 -0.03497 -0.1076 0.03766 0.04573
9.52 -0.03766 -0.06725 0.040350000000000004 -0.0
9.54 -0.03228 -0.09415 0.04304 0.03766
9.56 -0.03766 -0.048420000000000005 0.04573 0.00538
9.58 -0.024210000000000002 -0.08877 0.02152 0.05918
9.6 -0.02152 -0.06187 0.040350000000000004 0.01614
9.62 -0.02152 -0.07801000000000001 0.040350000000000004 0.05111
9.64 -0.024210000000000002 -0.04304 0.03766 0.03228
9.66 -0.0269 -0.06456 0.03497 0.0538
9.68 -0.0269 -0.05918 0.040350000000000004 0.04304
9.7 -0.024210000000000002 -0.08339 0.03497 0.00807
9.72 -0.03497 -0.05918 0.03766 0.03228
9.74 -0.03228 -0.07532 0.03497 -0.0
9.76 -0.03497 -0.07263 0.03497 0.0538
9.78 -0.02959 -0.08877 0.03497 0.00807
9.8 -0.02959 -0.09146 0.03766 0.06456
9.82 -0.02959 -0.09415 0.0269 0.00807
9.84 -0.02959 -0.09953000000000001 0.024210000000000002 0.07532
9.86 -0.02152 -0.09415 0.01614 0.01345
9.88 -0.024210000000000002 -0.11298000000000001 0.01614 0.08877
9.9 -0.01883 -0.06994 0.01076 0.01614
9.92 -0.0269 -0.06994 0.01614 0.06725
9.94 -0.01076 -0.024210000000000002 0.01345 0.024210000000000002
9.96 -0.02152 -0.024210000000000002 0.01345 0.05111
9.98 -0.01076 -0.00538 0.02152 0.03228
10.0 -0.03497 -0.01883 0.024210000000000002 0.024210000000000002
10.02 -0.01076 -0.0 0.01076 0.05111
10.04 -0.03766 -0.02152 0.03766 0.02959
10.06 -0.00538 -0.01076 0.01614 0.05918
10.08 -0.03766 -0.02959 0.04573 0.01883
10.1 -0.01345 -0.01614 0.03228 0.03228
10.12 -0.03766 -0.03228 0.03766 0.01076
10.14 -0.0269 -0.02152 0.04304 0.0269
10.16 -0.040350000000000004 -0.03228 0.02152 0.01614
10.18 -0.05111 -0.01076 0.056490000000000005 0.03228
10.2 -0.04304 -0.0269 0.01076 0.03228
10.22 -0.06725 -0.024210000000000002 0.056490000000000005 0.02959
10.24 -0.048420000000000005 -0.04304 -0.00807 0.01883
10.26 -0.06725 -0.02959 0.04304 0.02152
10.28 -0.0269 -0.03228 -0.0269 0.024210000000000002
10.3 -0.06994 -0.024210000000000002 0.040350000000000004 0.02959
10.32 -0.01883 -0.02152 -0.01614 0.03497
10.34 -0.05111 -0.01614 0.04304 0.03497
10.36 0.0 -0.01345 0.0 0.03497
10.38 -0.01614 -0.00538 0.0538 0.03497
10.4 0.00538 -0.00807 0.01076 0.03766
10.42 -0.01076 -0.00807 0.06994 0.02152
10.44 -0.024210000000000002 -0.0 0.00538 0.06187
10.46 -0.048420000000000005 0.00269 0.02959 0.03766
10.48 -0.02959 -0.0 0.04573 0.0269
10.5 -0.040350000000000004 -0.00269 0.01883 0.03228
10.52 -0.01076 -0.01076 0.0269 0.03228
10.54 -0.0269 -0.01614 0.00269 0.0269
10.56 -0.0269 -0.00538 0.056490000000000005 0.0269
10.58 -0.04573 -0.01883 0.01076 0.0269
10.6 -0.056490000000000005 -0.00538 0.07263 0.0269
10.62 -0.0538 -0.01345 0.00807 0.024210000000000002
10.64 -0.06994 -0.01076 0.08070000000000001 0.024210000000000002
10.66 -0.0538 -0.00538 0.01614 0.01614
10.68 -0.07263 -0.00538 0.07532 0.01614
10.7 -0.048420000000000005 -0.0 0.02152 0.01345
10.72 -0.0538 -0.0 0.07801000000000001 0.01614
10.74 -0.0269 0.00538 0.03497 0.01614
10.76 -0.03766 -0.0 0.05918 0.01614
10.78 -0.02152 0.01076 0.03497 0.00807
10.8 -0.040350000000000004 -0.0 0.024210000000000002 0.024210000000000002
10.82 -0.0269 0.00807 0.04573 0.01345
10.84 -0.05111 -0.00538 0.02959 0.03228
10.86 -0.040350000000000004 0.01614 0.05111 0.01614
10.88 -0.056490000000000005 -0.00269 0.01345 0.040350000000000004
10.9 -0.05111 0.01076 0.03497 0.02152
10.92 -0.06187 -0.00269 0.00538 0.03497
10.94 -0.05111 -0.0 0.02152 0.0269
10.96 -0.06187 -0.00269 0.01345 0.024210000000000002
10.98 -0.04304 -0.02152 0.03497 0.05918
11.0 -0.05111 -0.01345 0.03497 0.01883
11.02 -0.048420000000000005 -0.07263 0.02959 0.05111
11.04 -0.06187 -0.06725 0.02959 0.00269
11.06 -0.05111 -0.10491 0.02152 0.06456
11.08 -0.048420000000000005 -0.07801000000000001 0.03766 -0.0
11.1 -0.03766 -0.10222 0.03766 0.056490000000000005
11.12 -0.040350000000000004 -0.06994 0.03766 -0.00269
11.14 -0.03228 -0.09146 0.04304 0.048420000000000005
11.16 -0.03766 -0.048420000000000005 0.04573 0.00807
11.18 -0.02959 -0.07532 0.02152 0.06994
11.2 -0.024210000000000002 -0.056490000000000005 0.04304 0.01614
11.22 -0.01883 -0.08070000000000001 0.03766 0.05111
11.24 -0.02152 -0.04304 0.03766 0.03228
11.26 -0.024210000000000002 -0.06994 0.03766 0.0538
11.28 -0.024210000000000002 -0.0538 0.03497 0.0538
11.3 -0.01883 -0.08877 0.02959 0.024210000000000002
11.32 -0.02959 -0.06456 0.03497 0.040350000000000004
11.34 -0.03497 -0.07263 0.03497 -0.0
11.36 -0.03497 -0.06456 0.03497 0.05111
11.38 -0.03228 -0.08339 0.03497 0.00538
11.4 -0.03228 -0.08070000000000001 0.03228 0.06456
11.42 -0.02959 -0.08877 0.024210000000000002 0.01076
11.44 -0.03228 -0.09684000000000001 0.024210000000000002 0.06994
11.46 -0.02152 -0.09146 0.01345 0.01614
11.48 -0.0269 -0.10491 0.01345 0.07801000000000001
11.5 -0.02152 -0.07801000000000001 0.01076 0.024210000000000002
11.52 -0.024210000000000002 -0.07801000000000001 0.01076 0.06187
11.54 -0.01076 -0.01614 0.00807 0.0269
11.56 -0.024210000000000002 -0.02152 0.01345 0.048420000000000005
11.58 -0.00807 -0.00807 0.02152 0.03228
11.6 -0.03497 -0.01614 0.01883 0.02959
11.62 -0.01883 -0.0 0.01883 0.048420000000000005
11.64 -0.04304 -0.01883 0.02152 0.03766
11.66 -0.01076 -0.00538 0.01345 0.056490000000000005
11.68 -0.03497 -0.024210000000000002 0.04304 0.02152
11.7 -0.01345 -0.01614 0.03228 0.03766
11.72 -0.03228 -0.03228 0.0269 0.01345
11.74 -0.02959 -0.01883 0.03228 0.03228
11.76 -0.03766 -0.0269 0.03497 0.024210000000000002
11.78 -0.0538 -0.01076 0.06187 0.03497
11.8 -0.040350000000000004 -0.0269 0.01345 0.03228
11.82 -0.06456 -0.024210000000000002 0.05111 0.024210000000000002
11.84 -0.04573 -0.040350000000000004 -0.00269 0.0269
11.86 -0.07532 -0.02959 0.048420000000000005 0.02152
11.88 -0.03228 -0.02959 -0.02152 0.02959
11.9 -0.07801000000000001 -0.02152 0.03766 0.02959
11.92 -0.0269 -0.02152 -0.01883 0.03766
11.94 -0.048420000000000005 -0.01345 0.04304 0.03497
11.96 0.0 -0.01345 0.0 0.03497
11.98 -0.0269 -0.00269 0.0538 0.03497
12.0 -0.00807 -0.00807 0.05918 -0.0
12.02 -0.07801000000000001 0.00269 0.01076 0.056490000000000005
12.04 -0.056490000000000005 0.01345 0.01614 0.02959
12.06 -0.0538 0.00269 0.02959 0.01614
12.08 -0.024210000000000002 -0.00807 0.040350000000000004 0.03228
12.1 -0.03497 -0.01345 0.01883 0.02152
12.12 0.0 -0.00807 0.0269 0.02152
12.14 -0.02959 -0.01883 0.00538 0.02152
12.16 -0.0269 -0.00807 0.06187 0.02152
12.18 -0.0538 -0.01345 0.00269 0.02152
12.2 -0.07532 -0.01345 0.07801000000000001 0.02152
12.22 -0.06456 -0.01345 0.00269 0.01614
12.24 -0.08608 -0.01345 0.08877 0.01614
12.26 -0.05918 -0.00269 0.00538 0.01076
12.28 -0.08608 -0.00269 0.09953000000000001 0.01345
12.3 -0.03766 -0.0 0.01883 0.01345
12.32 -0.04573 -0.0 0.08877 0.01345
12.34 -0.024210000000000002 0.01345 0.024210000000000002 0.01345
12.36 -0.040350000000000004 -0.0 0.06994 0.01614
12.38 -0.0269 0.01076 0.02959 0.01076
12.4 -0.04304 -0.00269 0.02152 0.02959
12.42 -0.03228 0.01076 0.06456 0.01883
12.44 -0.048420000000000005 -0.00807 0.02959 0.03497
12.46 -0.040350000000000004 0.01614 0.056490000000000005 0.01345
12.48 -0.06187 -0.00538 0.0 0.04304
12.5 -0.05918 0.01883 0.01614 0.024210000000000002
12.52 -0.06187 -0.0 0.0 0.04573
12.54 -0.05918 -0.0 0.01883 0.03766
12.56 -0.06456 -0.00269 0.01076 0.01614
12.58 -0.056490000000000005 -0.01345 0.0269 0.06994
12.6 -0.056490000000000005 -0.01345 0.0269 0.0269
12.62 -0.040350000000000004 -0.07532 0.03497 0.056490000000000005
12.64 -0.0538 -0.07532 0.03497 -0.0
12.66 -0.05111 -0.10222 0.024210000000000002 0.056490000000000005
12.68 -0.0538 -0.06725 0.03766 -0.0
12.7 -0.04304 -0.10491 0.03228 0.0538
12.72 -0.04304 -0.06725 0.040350000000000004 -0.00269
12.74 -0.03497 -0.09146 0.04304 0.04573
12.76 -0.03766 -0.04304 0.04573 -0.0
12.78 -0.02959 -0.07801000000000001 0.040350000000000004 0.048420000000000005
12.8 -0.024210000000000002 -0.04573 0.01076 0.040350000000000004
12.82 -0.00269 -0.09684000000000001 0.03766 0.048420000000000005
12.84 -0.01345 -0.056490000000000005 0.04304 0.024210000000000002
12.86 -0.02152 -0.06456 0.03766 0.048420000000000005
12.88 -0.03228 -0.03766 0.03766 0.05111
12.9 -0.03228 -0.06456 0.03497 0.01614
12.92 -0.03497 -0.04573 0.03497 0.03228
12.94 -0.03228 -0.07263 0.03497 0.00269
12.96 -0.03497 -0.06456 0.03497 0.04573
12.98 -0.02959 -0.08339 0.03497 0.00807
13.0 -0.03228 -0.08339 0.03497 0.06725
13.02 -0.02959 -0.08877 0.02152 0.01345
13.04 -0.03228 -0.09415 0.024210000000000002 0.06994
13.06 -0.02152 -0.09146 0.01345 0.00807
13.08 -0.024210000000000002 -0.09953000000000001 0.01614 0.08339
13.1 -0.02152 -0.08608 0.01076 0.024210000000000002
13.12 -0.024210000000000002 -0.09684000000000001 0.01076 0.06187
13.14 -0.00807 -0.024210000000000002 0.00807 0.02959
13.16 -0.01883 -0.024210000000000002 0.01345 0.05111
13.18 -0.00538 -0.01076 0.02152 0.02959
13.2 -0.03497 -0.01614 0.02152 0.03228
13.22 -0.01614 -0.0 0.01883 0.048420000000000005
13.24 -0.04304 -0.02152 0.024210000000000002 0.04304
13.26 -0.01076 -0.00538 0.00807 0.06187
13.28 -0.03497 -0.0269 0.04304 0.02152
13.3 -0.01345 -0.01614 0.03228 0.03766
13.32 -0.03497 -0.03228 0.02959 0.01345
13.34 -0.0269 -0.01614 0.03228 0.03228
13.36 -0.040350000000000004 -0.02959 0.03228 0.02152
13.38 -0.0538 -0.00807 0.06187 0.03497
13.4 -0.040350000000000004 -0.0269 0.00807 0.03228
13.42 -0.06456 -0.02152 0.048420000000000005 0.024210000000000002
13.44 -0.04304 -0.03766 0.0 0.0269
13.46 -0.07532 -0.02959 0.0538 0.024210000000000002
13.48 -0.03497 -0.0269 -0.01883 0.03228
13.5 -0.07532 -0.02152 0.04304 0.03228
13.52 -0.024210000000000002 -0.02152 -0.01883 0.03766
13.54 -0.04573 -0.01345 0.040350000000000004 0.03228
13.56 -0.00269 -0.01345 0.0 0.03497
13.58 -0.02152 -0.00807 0.04573 0.03766
13.6 -0.00538 -0.01076 0.0538 -0.0
13.62 -0.06994 0.00807 0.01345 0.06187
13.64 -0.04304 0.00807 0.01614 0.040350000000000004
13.66 -0.05111 -0.0 0.03766 0.01883
13.68 -0.024210000000000002 -0.00807 0.04304 0.02959
13.7 -0.0269 -0.01345 0.01614 0.02152
13.72 -0.00538 -0.00538 0.0269 0.02152
13.74 -0.03497 -0.02152 0.00807 0.02152
13.76 -0.02959 -0.00807 0.06456 0.02152
13.78 -0.056490000000000005 -0.01345 0.00538 0.02152
13.8 -0.07263 -0.01076 0.07801000000000001 0.02152
13.82 -0.06456 -0.01345 0.01076 0.01883
13.84 -0.08070000000000001 -0.01345 0.08070000000000001 0.01614
13.86 -0.06187 -0.0 0.01076 0.01076
13.88 -0.08339 -0.00269 0.09146 0.01076
13.9 -0.03497 -0.0 0.024210000000000002 0.01345
13.92 -0.048420000000000005 -0.0 0.07801000000000001 0.01345
13.94 -0.0269 0.01345 0.04304 0.01076
13.96 -0.03766 -0.0 0.05918 0.01883
13.98 -0.02959 0.00807 0.03228 0.01614
14.0 -0.04304 -0.0 0.02152 0.02959
14.02 -0.02959 0.01076 0.056490000000000005 0.01345
14.04 -0.05111 -0.00807 0.0269 0.03766
14.06 -0.040350000000000004 0.02152 0.05111 0.01345
14.08 -0.06456 -0.00538 0.00269 0.04573
14.1 -0.056490000000000005 0.02152 0.02152 0.024210000000000002
14.12 -0.06456 -0.0 0.0 0.04304
14.14 -0.05918 -0.0 0.01883 0.03766
14.16 -0.06456 -0.00538 0.01076 0.01614
14.18 -0.05111 -0.01883 0.0269 0.06456
14.2 -0.0538 -0.01345 0.02959 0.0269
14.22 -0.03766 -0.07532 0.03497 0.0538
14.24 -0.05111 -0.07801000000000001 0.03766 -0.0
14.26 -0.05111 -0.10491 0.0269 0.048420000000000005
14.28 -0.0538 -0.06725 0.03228 -0.0
14.3 -0.04304 -0.1076 0.02959 0.048420000000000005
14.32 -0.04304 -0.06456 0.03766 -0.00269
14.34 -0.03766 -0.08877 0.04304 0.04304
14.36 -0.03766 -0.04573 0.03766 -0.0
14.38 -0.02959 -0.07532 0.040350000000000004 0.05111
14.4 -0.02152 -0.04573 0.00807 0.040350000000000004
14.42 -0.00269 -0.09684000000000001 0.03228 0.05111
14.44 -0.01345 -0.056490000000000005 0.04304 0.024210000000000002
14.46 -0.01883 -0.06456 0.03497 0.048420000000000005
14.48 -0.02959 -0.03497 0.03766 0.05111
14.5 -0.03228 -0.06187 0.03766 0.01883
14.52 -0.03497 -0.04573 0.03497 0.03497
14.54 -0.03228 -0.07263 0.03766 0.00269
14.56 -0.03497 -0.06725 0.03228 0.04304
14.58 -0.02959 -0.08608 0.03497 0.00269
14.6 -0.03497 -0.08608 0.03497 0.06994
14.62 -0.0269 -0.09146 0.02152 0.01076
14.64 -0.03228 -0.09684000000000001 0.02152 0.06994
14.66 -0.0269 -0.09146 0.01345 0.00807
14.68 -0.0269 -0.10222 0.01345 0.08608
14.7 -0.02152 -0.08608 0.01076 0.02152
14.72 -0.024210000000000002 -0.09953000000000001 0.01076 0.06187
14.74 -0.01076 -0.024210000000000002 0.00538 0.02959
14.76 -0.02152 -0.024210000000000002 0.01345 0.05111
14.78 -0.00807 -0.01076 0.02152 0.03228
14.8 -0.03228 -0.01614 0.02152 0.03228
14.82 -0.01345 -0.0 0.01883 0.048420000000000005
14.84 -0.04304 -0.01883 0.024210000000000002 0.04304
14.86 -0.01076 -0.00538 0.00538 0.056490000000000005
14.88 -0.03497 -0.02959 0.04304 0.02152
14.9 -0.01076 -0.01614 0.02959 0.03766
14.92 -0.03228 -0.03228 0.0269 0.01076
14.94 -0.03228 -0.01345 0.03228 0.02959
14.96 -0.040350000000000004 -0.0269 0.03228 0.02152
14.98 -0.0538 -0.01076 0.05918 0.03497
15.0 -0.040350000000000004 -0.0269 0.00538 0.02959
15.02 -0.06725 -0.02152 0.05111 0.024210000000000002
15.04 -0.04304 -0.03766 -0.00538 0.02959
15.06 -0.07532 -0.02959 0.05111 0.024210000000000002
15.08 -0.03497 -0.0269 -0.02152 0.02959
15.1 -0.07801000000000001 -0.02152 0.04304 0.02959
15.12 -0.0269 -0.024210000000000002 -0.02152 0.03766
15.14 -0.04573 -0.01345 0.03766 0.03497
15.16 -0.00269 -0.01614 0.0 0.03497
15.18 -0.02152 -0.00269 0.05111 0.03497
15.2 -0.00807 -0.01076 0.05111 -0.0
15.22 -0.07532 0.00269 0.01076 0.06187
15.24 -0.0538 0.01076 0.01076 0.03228
15.26 -0.05111 -0.0 0.03228 0.01614
15.28 -0.024210000000000002 -0.00807 0.040350000000000004 0.02959
15.3 -0.03228 -0.01614 0.01614 0.024210000000000002
15.32 0.0 -0.00538 0.0269 0.024210000000000002
15.34 -0.03228 -0.01614 0.01345 0.024210000000000002
15.36 -0.02959 -0.00807 0.06187 0.024210000000000002
15.38 -0.056490000000000005 -0.01076 0.00269 0.024210000000000002
15.4 -0.07263 -0.01076 0.07801000000000001 0.01883
15.42 -0.06725 -0.01345 0.01076 0.01614
15.44 -0.08608 -0.01345 0.08070000000000001 0.01614
15.46 -0.05918 -0.0 0.01076 0.01076
15.48 -0.08608 -0.00538 0.09146 0.01076
15.5 -0.03766 -0.0 0.02152 0.01345
15.52 -0.04573 -0.00269 0.07801000000000001 0.01614
15.54 -0.0269 0.01345 0.04573 0.00807
15.56 -0.040350000000000004 -0.0 0.056490000000000005 0.01614
15.58 -0.0269 0.01076 0.03228 0.01345
15.6 -0.040350000000000004 -0.0 0.024210000000000002 0.0269
15.62 -0.02959 0.01345 0.0538 0.01614
15.64 -0.048420000000000005 -0.00807 0.02959 0.03497
15.66 -0.040350000000000004 0.024210000000000002 0.0538 0.01345
15.68 -0.06187 -0.00538 0.0 0.04304
15.7 -0.0538 0.02152 0.024210000000000002 0.02152
15.72 -0.06456 -0.0 0.0 0.040350000000000004
15.74 -0.05918 0.00269 0.01614 0.03766
15.76 -0.06456 -0.0 0.01076 0.01883
15.78 -0.05111 -0.01614 0.024210000000000002 0.06187
15.8 -0.0538 -0.01345 0.0269 0.0269
15.82 -0.03766 -0.07532 0.03228 0.0538
15.84 -0.0538 -0.07801000000000001 0.03766 -0.0
15.86 -0.0538 -0.09953000000000001 0.02959 0.048420000000000005
15.88 -0.0538 -0.06725 0.02959 -0.0
15.9 -0.04304 -0.10222 0.02959 0.048420000000000005
15.92 -0.04304 -0.06456 0.03766 -0.00269
15.94 -0.03766 -0.09146 0.040350000000000004 0.04573
15.96 -0.03766 -0.04573 0.040350000000000004 -0.0
15.98 -0.02959 -0.07263 0.03766 0.05111
16.0 -0.024210000000000002 -0.04573 0.00538 0.03766
16.02 -0.00269 -0.09684000000000001 0.03228 0.05111
16.04 -0.01614 -0.0538 0.040350000000000004 0.0269
16.06 -0.01883 -0.06187 0.03228 0.048420000000000005
16.08 -0.03228 -0.03497 0.03497 0.05111
16.1 -0.02959 -0.06187 0.03497 0.01345
16.12 -0.03497 -0.04304 0.03228 0.02959
16.14 -0.03228 -0.06994 0.03497 -0.0
16.16 -0.03228 -0.06456 0.03497 0.04304
16.18 -0.03228 -0.08339 0.03228 -0.0
16.2 -0.03497 -0.08339 0.03228 0.06725
16.22 -0.02959 -0.08877 0.02152 0.00807
16.24 -0.03228 -0.09684000000000001 0.02152 0.07263
16.26 -0.02152 -0.09146 0.01345 0.00807
16.28 -0.024210000000000002 -0.09953000000000001 0.01345 0.08339
16.3 -0.024210000000000002 -0.08877 0.01076 0.02152
16.32 -0.024210000000000002 -0.09684000000000001 0.00538 0.06187
16.34 -0.01076 -0.02959 0.00807 0.0269
16.36 -0.01883 -0.024210000000000002 0.01345 0.05111
16.38 -0.00538 -0.01076 0.02152 0.02959
16.4 -0.03228 -0.01614 0.024210000000000002 0.02959
16.42 -0.01345 -0.0 0.01614 0.048420000000000005
16.44 -0.04304 -0.01614 0.02152 0.04304
16.46 -0.01076 -0.00807 0.01076 0.056490000000000005
16.48 -0.03766 -0.0269 0.04304 0.024210000000000002
16.5 -0.01076 -0.01345 0.0269 0.03766
16.52 -0.03228 -0.02959 0.02959 0.01076
16.54 -0.02959 -0.01345 0.03766 0.02959
16.56 -0.040350000000000004 -0.024210000000000002 0.03766 0.02152
16.58 -0.05111 -0.01076 0.05918 0.03766
16.6 -0.04304 -0.0269 0.01345 0.02959
16.62 -0.056490000000000005 -0.0269 0.04304 0.02152
16.64 -0.03497 -0.03766 0.0 0.0269
16.66 -0.06994 -0.02959 0.04573 0.024210000000000002
16.68 -0.03766 -0.0269 -0.01614 0.02959
16.7 -0.07263 -0.01883 0.04573 0.02959
16.72 -0.02959 -0.02152 -0.02152 0.03766
16.74 -0.040350000000000004 -0.01345 0.04573 0.03497
16.76 -0.00269 -0.01614 0.0 0.03766
16.78 -0.01883 -0.00807 0.0538 0.03497
16.8 0.0 -0.00807 0.01076 0.03497
16.82 -0.06187 0.00269 0.04573 0.01076
16.84 -0.048420000000000005 0.00538 0.01614 0.0269
16.86 -0.0538 -0.0 0.01345 0.03766
16.88 -0.02959 -0.00538 0.03497 0.03766
16.9 -0.02959 -0.01076 0.024210000000000002 0.03228
16.92 -0.00538 -0.00538 0.03497 0.03228
16.94 -0.024210000000000002 -0.01614 0.01614 0.024210000000000002
16.96 -0.02959 -0.00807 0.056490000000000005 0.024210000000000002
16.98 -0.048420000000000005 -0.01345 0.00807 0.024210000000000002
17.0 -0.06187 -0.01076 0.07532 0.024210000000000002
17.02 -0.06456 -0.01076 0.00807 0.024210000000000002
17.04 -0.08339 -0.01076 0.08339 0.024210000000000002
17.06 -0.05918 -0.00269 0.01345 0.01614
17.08 -0.07532 -0.00538 0.08070000000000001 0.01345
17.1 -0.04304 -0.0 0.03228 0.01076
17.12 -0.048420000000000005 -0.0 0.07532 0.01614
17.14 -0.0269 0.00269 0.02959 0.01883
17.16 -0.04573 -0.0 0.05918 0.01614
17.18 -0.02959 0.01076 0.03497 0.01076
17.2 -0.040350000000000004 -0.00269 0.024210000000000002 0.024210000000000002
17.22 -0.02959 0.00538 0.048420000000000005 0.01345
17.24 -0.0538 -0.00538 0.0269 0.03497
17.26 -0.04304 0.01614 0.04573 0.01614
17.28 -0.06187 -0.00269 0.01345 0.040350000000000004
17.3 -0.0538 0.01345 0.03228 0.02152
17.32 -0.06456 -0.00269 0.00538 0.03766
17.34 -0.0538 -0.0 0.01614 0.02959
17.36 -0.05918 -0.00538 0.01614 0.024210000000000002
17.38 -0.04573 -0.02152 0.03228 0.0538
17.4 -0.05111 -0.01614 0.03497 0.01883
17.42 -0.0538 -0.06994 0.02959 0.05111
17.44 -0.06456 -0.06725 0.0269 0.00269
17.46 -0.056490000000000005 -0.10491 0.02152 0.0538
17.48 -0.048420000000000005 -0.08070000000000001 0.03497 -0.0
17.5 -0.03497 -0.10491 0.03497 0.04573
17.52 -0.040350000000000004 -0.06994 0.03766 -0.0
17.54 -0.03497 -0.09415 0.04304 0.04573
17.56 -0.040350000000000004 -0.048420000000000005 0.04304 0.00807
17.58 -0.02959 -0.08070000000000001 0.01883 0.07532
17.6 -0.024210000000000002 -0.06187 0.03497 0.01076
17.62 -0.01614 -0.08070000000000001 0.03497 0.04573
17.64 -0.024210000000000002 -0.04304 0.03497 0.03497
17.66 -0.0269 -0.06456 0.03497 0.05111
17.68 -0.0269 -0.05918 0.0269 0.048420000000000005
17.7 -0.01883 -0.08877 0.0269 0.01883
17.72 -0.02959 -0.06725 0.02959 0.03228
17.74 -0.03497 -0.06994 0.02959 -0.0
17.76 -0.03766 -0.06456 0.02959 0.048420000000000005
17.78 -0.03497 -0.08608 0.02959 0.00269
17.8 -0.03497 -0.08339 0.03228 0.06994
17.82 -0.02959 -0.09146 0.02152 0.01076
17.84 -0.03228 -0.09953000000000001 0.02152 0.06994
17.86 -0.02152 -0.09146 0.01076 0.01345
17.88 -0.0269 -0.10222 0.01345 0.07801000000000001
17.9 -0.02152 -0.07801000000000001 0.00538 0.024210000000000002
17.92 -0.024210000000000002 -0.07532 0.00538 0.06187
17.94 -0.01345 -0.01614 0.01076 0.0269
17.96 -0.024210000000000002 -0.02152 0.01345 0.048420000000000005
17.98 -0.00807 -0.00807 0.02152 0.03228
18.0 -0.03766 -0.01614 0.02152 0.02959
18.02 -0.02152 -0.0 0.01614 0.048420000000000005
18.04 -0.04304 -0.02152 0.0269 0.040350000000000004
18.06 -0.01345 -0.00538 0.01345 0.056490000000000005
18.08 -0.03766 -0.02959 0.04304 0.02152
18.1 -0.01076 -0.01614 0.02959 0.03766
18.12 -0.03228 -0.03228 0.02959 0.01345
18.14 -0.02959 -0.01614 0.03497 0.0269
18.16 -0.040350000000000004 -0.0269 0.03228 0.01883
18.18 -0.0538 -0.00807 0.056490000000000005 0.03766
18.2 -0.04304 -0.024210000000000002 0.00807 0.02959
18.22 -0.06456 -0.02152 0.048420000000000005 0.024210000000000002
18.24 -0.04304 -0.03766 -0.00538 0.024210000000000002
18.26 -0.06994 -0.02959 0.04573 0.02152
18.28 -0.03228 -0.02959 -0.024210000000000002 0.0269
18.3 -0.07532 -0.02152 0.03766 0.02959
18.32 -0.0269 -0.02152 -0.02152 0.03497
18.34 -0.048420000000000005 -0.01614 0.040350000000000004 0.03228
18.36 -0.00269 -0.01614 0.0 0.03497
18.38 -0.0269 -0.00538 0.05111 0.03497
18.4 -0.00807 -0.00807 0.0538 -0.0
18.42 -0.07801000000000001 0.01076 0.01345 0.056490000000000005
18.44 -0.056490000000000005 0.01614 0.01614 0.0269
18.46 -0.0538 0.00269 0.02959 0.01883
18.48 -0.02152 -0.00807 0.03766 0.03228
18.5 -0.03228 -0.01345 0.01345 0.0269
18.52 0.0 -0.00538 0.0269 0.024210000000000002
18.54 -0.0269 -0.01614 0.01076 0.024210000000000002
18.56 -0.0269 -0.00807 0.06187 0.024210000000000002
18.58 -0.0538 -0.01345 0.00538 0.024210000000000002
18.6 -0.07263 -0.00807 0.07801000000000001 0.02152
18.62 -0.06725 -0.01345 0.00269 0.01614
18.64 -0.08608 -0.01345 0.08608 0.01614
18.66 -0.05918 -0.00269 0.00807 0.01345
18.68 -0.08608 -0.00269 0.09684000000000001 0.01076
18.7 -0.03497 -0.0 0.01614 0.01345
18.72 -0.04304 -0.0 0.08608 0.01614
18.74 -0.0269 0.01076 0.02959 0.00807
18.76 -0.03766 -0.0 0.056490000000000005 0.01345
18.78 -0.02959 0.01076 0.03766 0.01345
18.8 -0.04573 -0.0 0.02152 0.02959
18.82 -0.03228 0.01345 0.05918 0.01883
18.84 -0.05111 -0.00807 0.0269 0.03766
18.86 -0.04304 0.01614 0.048420000000000005 0.01345
18.88 -0.06456 -0.00538 0.00269 0.04573
18.9 -0.05918 0.01883 0.01883 0.02152
18.92 -0.06456 -0.0 0.0 0.04304
18.94 -0.05918 -0.0 0.01883 0.03766
18.96 -0.06725 -0.0 0.01345 0.01614
18.98 -0.0538 -0.01345 0.0269 0.06994
19.0 -0.05918 -0.01614 0.02959 0.0269
19.02 -0.040350000000000004 -0.06994 0.03497 0.06187
19.04 -0.0538 -0.07263 0.03766 -0.0
19.06 -0.0538 -0.09684000000000001 0.02959 0.056490000000000005
19.08 -0.0538 -0.06187 0.03497 -0.0
19.1 -0.04304 -0.09953000000000001 0.03497 0.0538
19.12 -0.04304 -0.06187 0.03766 -0.0
19.14 -0.03766 -0.08608 0.04304 0.05111
19.16 -0.040350000000000004 -0.04304 0.048420000000000005 -0.0
19.18 -0.03228 -0.06994 0.040350000000000004 0.048420000000000005
19.2 -0.024210000000000002 -0.04304 0.01076 0.03766
19.22 -0.00538 -0.09953000000000001 0.03766 0.05111
19.24 -0.01614 -0.0538 0.040350000000000004 0.024210000000000002
19.26 -0.01883 -0.06187 0.03766 0.048420000000000005
19.28 -0.03228 -0.03497 0.03766 0.0538
19.3 -0.03228 -0.06187 0.03497 0.02152
19.32 -0.03497 -0.04573 0.03766 0.03228
19.34 -0.03228 -0.06994 0.03497 0.00269
19.36 -0.03497 -0.06187 0.03497 0.04304
19.38 -0.03228 -0.08339 0.03497 0.00538
19.4 -0.03497 -0.08070000000000001 0.03766 0.06994
19.42 -0.03228 -0.08608 0.024210000000000002 0.01614
19.44 -0.03228 -0.09415 0.0269 0.06994
19.46 -0.02152 -0.08608 0.01614 0.01076
19.48 -0.0269 -0.09953000000000001 0.01614 0.08877
19.5 -0.024210000000000002 -0.08070000000000001 0.01076 0.024210000000000002
19.52 -0.024210000000000002 -0.09415 0.01345 0.06725
19.54 -0.01345 -0.024210000000000002 0.00538 0.03228
19.56 -0.024210000000000002 -0.02152 0.01345 0.05111
19.58 -0.00538 -0.01345 0.024210000000000002 0.02959
19.6 -0.03497 -0.01614 0.02152 0.03228
19.62 -0.01614 -0.0 0.01883 0.04573
19.64 -0.04304 -0.01883 0.0269 0.04304
19.66 -0.01076 -0.00807 0.01076 0.056490000000000005
19.68 -0.040350000000000004 -0.0269 0.04304 0.024210000000000002
19.7 -0.01345 -0.01345 0.03228 0.03766
19.72 -0.03497 -0.02959 0.0269 0.01345
19.74 -0.02959 -0.01614 0.03497 0.03228
19.76 -0.040350000000000004 -0.0269 0.03497 0.02152
19.78 -0.056490000000000005 -0.00807 0.05918 0.03497
19.8 -0.04304 -0.024210000000000002 0.01076 0.02959
19.82 -0.06725 -0.024210000000000002 0.048420000000000005 0.024210000000000002
19.84 -0.04573 -0.03766 -0.00269 0.02959
19.86 -0.07532 -0.0269 0.05111 0.024210000000000002
19.88 -0.03228 -0.02959 -0.02152 0.02959
19.9 -0.07801000000000001 -0.02152 0.03766 0.0269
19.92 -0.024210000000000002 -0.02152 -0.01883 0.03497
19.94 -0.05111 -0.01345 0.048420000000000005 0.03497
19.96 -0.00269 -0.01345 0.0 0.03497
19.98 -0.024210000000000002 -0.00538 0.05111 0.03766
20.0 -0.00538 -0.01076 0.05111 -0.0
