0.0 0.0 -0.0 0.0 -0.09491525423728814
0.02 0.0 -0.0 0.0 -0.09491525423728814
0.04 0.09491525423728814 -0.0 0.0 -0.0
0.06 -1.722033898305085 -1.5186440677966102 3.2406779661016953 3.2542372881355934
0.08 -1.2474576271186442 -1.328813559322034 1.4237288135593222 1.6271186440677967
0.1 -2.4813559322033902 -2.4677966101694917 3.6203389830508477 3.728813559322034
0.12 -1.722033898305085 -1.898305084745763 1.898305084745763 1.816949152542373
0.14 -2.576271186440678 -2.9423728813559324 3.715254237288136 3.8237288135593226
0.16 -1.816949152542373 -2.3728813559322037 1.6135593220338984 1.722033898305085
0.18 -2.671186440677966 -3.2406779661016953 3.6203389830508477 3.538983050847458
0.2 -1.9118644067796613 -2.4677966101694917 1.6135593220338984 1.816949152542373
0.22 -2.7661016949152546 -3.3355932203389833 3.4305084745762717 3.538983050847458
0.24 -2.0067796610169495 -2.4677966101694917 1.5186440677966102 1.722033898305085
0.26 -2.7661016949152546 -3.145762711864407 3.2406779661016953 3.538983050847458
0.28 -2.0067796610169495 -2.3728813559322037 1.4237288135593222 1.816949152542373
0.3 -2.671186440677966 -3.145762711864407 3.4305084745762717 3.349152542372882
0.32 -1.9118644067796613 -2.2779661016949153 1.6135593220338984 1.816949152542373
0.34 -2.4813559322033902 -3.050847457627119 3.2406779661016953 3.2542372881355934
0.36 -1.722033898305085 -2.2779661016949153 1.5186440677966102 1.722033898305085
0.38 -2.386440677966102 -2.9423728813559324 3.2406779661016953 3.1593220338983055
0.4 -1.722033898305085 -2.1830508474576273 1.6135593220338984 1.722033898305085
0.42 -2.4813559322033902 -2.8474576271186445 3.145762711864407 3.1593220338983055
0.44 -1.722033898305085 -2.0881355932203394 1.5186440677966102 1.722033898305085
0.46 -2.291525423728814 -2.752542372881356 3.050847457627119 2.955932203389831
0.48 -1.6271186440677967 -2.0881355932203394 1.5186440677966102 1.5322033898305085
0.5 -2.291525423728814 -2.752542372881356 2.752542372881356 2.7661016949152546
0.52 -1.6271186440677967 -2.1830508474576273 1.4237288135593222 1.5322033898305085
0.54 -2.1966101694915254 -2.657627118644068 2.752542372881356 2.671186440677966
0.56 -1.722033898305085 -2.0881355932203394 1.4237288135593222 1.5322033898305085
0.58 -2.1966101694915254 -2.56271186440678 2.56271186440678 2.4813559322033902
0.6 -1.6271186440677967 -1.993220338983051 1.4237288135593222 1.4372881355932206
0.62 -2.1966101694915254 -2.3728813559322037 2.4677966101694917 2.386440677966102
0.64 -1.6271186440677967 -1.898305084745763 1.328813559322034 1.4372881355932206
0.66 -2.0067796610169495 -2.2779661016949153 2.2779661016949153 2.386440677966102
0.68 -1.4372881355932206 -1.898305084745763 1.2338983050847459 1.3423728813559324
0.7 -1.9118644067796613 -2.1830508474576273 2.1830508474576273 2.1966101694915254
0.72 -1.4372881355932206 -1.7084745762711866 1.2338983050847459 1.2474576271186442
0.74 -1.816949152542373 -2.0881355932203394 1.993220338983051 2.0067796610169495
0.76 -1.3423728813559324 -1.7084745762711866 1.1389830508474577 1.2474576271186442
0.78 -1.6271186440677967 -1.898305084745763 1.898305084745763 1.9118644067796613
0.8 -1.2474576271186442 -1.6135593220338984 1.0440677966101697 1.152542372881356
0.82 -1.5322033898305085 -1.993220338983051 1.7084745762711866 1.722033898305085
0.84 -1.2474576271186442 -1.6135593220338984 1.0440677966101697 1.057627118644068
0.86 -1.4372881355932206 -1.8033898305084748 1.5186440677966102 1.5322033898305085
0.88 -1.152542372881356 -1.5186440677966102 0.9491525423728815 0.9627118644067798
0.9 -1.3423728813559324 -1.6135593220338984 1.328813559322034 1.3423728813559324
0.92 -1.152542372881356 -1.4237288135593222 0.8542372881355933 0.8677966101694916
0.94 -1.2474576271186442 -1.5186440677966102 1.1389830508474577 1.152542372881356
0.96 -0.9627118644067798 -1.328813559322034 0.7593220338983051 0.7728813559322034
0.98 -0.9627118644067798 -1.328813559322034 1.0440677966101697 0.8677966101694916
1.0 -0.8677966101694916 -1.2338983050847459 0.7593220338983051 0.6779661016949153
1.02 -0.8677966101694916 -1.0440677966101697 0.664406779661017 0.6779661016949153
1.04 -0.7728813559322034 -0.9491525423728815 0.5694915254237288 0.6779661016949153
1.06 -0.6779661016949153 -0.9491525423728815 0.5694915254237288 0.5830508474576271
1.08 -0.6779661016949153 -0.8542372881355933 0.5694915254237288 0.5830508474576271
1.1 -0.6779661016949153 -0.8542372881355933 0.5694915254237288 0.48813559322033906
1.12 -0.5830508474576271 -0.8542372881355933 0.5694915254237288 0.48813559322033906
1.14 -0.5830508474576271 -0.8542372881355933 0.5694915254237288 0.48813559322033906
1.16 -0.6779661016949153 -0.8542372881355933 0.5694915254237288 0.48813559322033906
1.18 -0.6779661016949153 -0.8542372881355933 0.5694915254237288 0.48813559322033906
1.2 -0.6779661016949153 -0.8542372881355933 0.5694915254237288 0.48813559322033906
1.22 -0.48813559322033906 -0.8542372881355933 0.5694915254237288 0.48813559322033906
1.24 -0.48813559322033906 -0.8542372881355933 0.5694915254237288 0.48813559322033906
1.26 -0.5830508474576271 -0.8542372881355933 0.5694915254237288 0.48813559322033906
1.28 -0.48813559322033906 -0.8542372881355933 0.5694915254237288 0.48813559322033906
1.3 -0.48813559322033906 -1.1389830508474577 0.5694915254237288 0.7728813559322034
1.32 -0.48813559322033906 -1.0440677966101697 0.5694915254237288 0.6779661016949153
1.34 -0.48813559322033906 -1.7084745762711866 0.5694915254237288 1.4372881355932206
1.36 -0.48813559322033906 -1.5186440677966102 0.5694915254237288 0.8677966101694916
1.38 -0.48813559322033906 -2.4677966101694917 0.5694915254237288 1.9118644067796613
1.4 -0.5830508474576271 -1.993220338983051 0.5694915254237288 1.152542372881356
1.42 -0.48813559322033906 -3.2406779661016953 0.5694915254237288 2.1966101694915254
1.44 -0.48813559322033906 -2.56271186440678 0.47457627118644075 1.3423728813559324
1.46 -0.39322033898305087 -3.715254237288136 0.5694915254237288 2.386440677966102
1.48 -0.39322033898305087 -3.145762711864407 0.47457627118644075 1.2474576271186442
1.5 -0.39322033898305087 -4.094915254237288 0.47457627118644075 2.1016949152542375
1.52 -0.2983050847457627 -3.2406779661016953 0.47457627118644075 1.2474576271186442
1.54 -0.2983050847457627 -4.189830508474577 0.47457627118644075 1.722033898305085
1.56 -0.2983050847457627 -3.2406779661016953 0.47457627118644075 1.057627118644068
1.58 -0.2033898305084746 -4.0 0.47457627118644075 1.3423728813559324
1.6 -0.2033898305084746 -3.145762711864407 0.47457627118644075 0.9627118644067798
1.62 -0.10847457627118645 -3.810169491525424 0.47457627118644075 0.6779661016949153
1.64 -0.2033898305084746 -2.9423728813559324 0.47457627118644075 0.48813559322033906
1.66 -0.10847457627118645 -3.3355932203389833 0.47457627118644075 -0.0
1.68 -0.10847457627118645 -2.56271186440678 0.47457627118644075 -0.0
1.7 0.0 -2.657627118644068 0.47457627118644075 -0.8542372881355933
1.72 -0.10847457627118645 -2.1830508474576273 0.47457627118644075 -0.37966101694915255
1.74 0.09491525423728814 -1.993220338983051 0.5694915254237288 -1.7084745762711866
1.76 0.09491525423728814 -1.8033898305084748 0.47457627118644075 -0.7593220338983051
1.78 0.2847457627118644 -1.5186440677966102 0.37966101694915255 -2.1830508474576273
1.8 0.09491525423728814 -1.4237288135593222 0.37966101694915255 -0.9491525423728815
1.82 0.37966101694915255 -0.8542372881355933 0.37966101694915255 -2.4677966101694917
1.84 0.18983050847457628 -0.8542372881355933 0.37966101694915255 -1.1389830508474577
1.86 0.5694915254237288 -0.0 0.2847457627118644 -2.4677966101694917
1.88 0.2847457627118644 -0.09491525423728814 0.2847457627118644 -1.0440677966101697
1.9 0.8542372881355933 0.7728813559322034 0.2847457627118644 -2.3728813559322037
1.92 0.47457627118644075 0.48813559322033906 0.2847457627118644 -0.8542372881355933
1.94 1.2338983050847459 1.2474576271186442 0.0 -1.328813559322034
1.96 0.7593220338983051 0.8677966101694916 0.09491525423728814 -0.5694915254237288
1.98 1.993220338983051 1.4372881355932206 -0.2033898305084746 -0.37966101694915255
2.0 1.328813559322034 0.9627118644067798 0.0 -0.09491525423728814
2.02 2.8474576271186445 1.5322033898305085 -0.48813559322033906 0.8677966101694916
2.04 1.898305084745763 1.057627118644068 0.0 0.5830508474576271
2.06 3.5254237288135597 2.0067796610169495 -0.7728813559322034 1.6271186440677967
2.08 2.3728813559322037 1.3423728813559324 -0.2033898305084746 0.9627118644067798
2.1 3.4305084745762717 2.1016949152542375 -0.5830508474576271 1.4372881355932206
2.12 2.2779661016949153 1.3423728813559324 -0.10847457627118645 0.8677966101694916
2.14 2.0881355932203394 2.0067796610169495 0.37966101694915255 1.152542372881356
2.16 1.2338983050847459 1.3423728813559324 0.37966101694915255 0.6779661016949153
2.18 0.2847457627118644 1.816949152542373 1.7084745762711866 0.7728813559322034
2.2 0.09491525423728814 1.152542372881356 1.0440677966101697 0.5830508474576271
2.22 -1.722033898305085 1.3423728813559324 2.752542372881356 0.5830508474576271
2.24 -1.2474576271186442 0.8677966101694916 1.5186440677966102 0.48813559322033906
2.26 -3.2542372881355934 0.9627118644067798 3.145762711864407 0.48813559322033906
2.28 -2.386440677966102 0.5830508474576271 1.6135593220338984 0.39322033898305087
2.3 -4.583050847457628 0.8677966101694916 3.3355932203389833 0.48813559322033906
2.32 -3.2542372881355934 0.48813559322033906 1.7084745762711866 0.48813559322033906
2.34 -5.342372881355932 0.6779661016949153 3.050847457627119 0.48813559322033906
2.36 -3.728813559322034 0.39322033898305087 1.7084745762711866 0.48813559322033906
2.38 -5.532203389830509 0.48813559322033906 2.56271186440678 0.48813559322033906
2.4 -3.9186440677966106 0.2983050847457627 1.5186440677966102 0.39322033898305087
2.42 -5.627118644067798 0.6779661016949153 1.8033898305084748 0.39322033898305087
2.44 -4.1084745762711865 0.5830508474576271 1.1389830508474577 0.39322033898305087
2.46 -5.437288135593221 0.7728813559322034 0.7593220338983051 0.39322033898305087
2.48 -3.9186440677966106 0.2983050847457627 0.5694915254237288 0.39322033898305087
2.5 -4.867796610169492 0.2983050847457627 -0.2983050847457627 0.39322033898305087
2.52 -3.44406779661017 0.10847457627118645 0.0 0.39322033898305087
2.54 -3.8237288135593226 0.2983050847457627 -1.3423728813559324 0.2983050847457627
2.56 -2.7661016949152546 0.10847457627118645 -0.48813559322033906 0.2983050847457627
2.58 -2.955932203389831 0.2983050847457627 -2.1966101694915254 0.2983050847457627
2.6 -2.1966101694915254 0.10847457627118645 -0.8677966101694916 0.2983050847457627
2.62 -2.1016949152542375 0.48813559322033906 -2.576271186440678 0.2983050847457627
2.64 -1.722033898305085 0.2033898305084746 -1.057627118644068 0.2983050847457627
2.66 -1.3423728813559324 0.6779661016949153 -2.671186440677966 0.2033898305084746
2.68 -1.152542372881356 0.48813559322033906 -1.057627118644068 0.2033898305084746
2.7 -0.48813559322033906 1.152542372881356 -2.386440677966102 -0.0
2.72 -0.48813559322033906 0.7728813559322034 -0.9627118644067798 0.10847457627118645
2.74 0.18983050847457628 1.6271186440677967 -1.6271186440677967 -0.0
2.76 0.0 1.152542372881356 -0.5830508474576271 -0.0
2.78 0.7593220338983051 2.1016949152542375 -0.48813559322033906 -0.2847457627118644
2.8 0.47457627118644075 1.4372881355932206 -0.10847457627118645 -0.09491525423728814
2.82 1.2338983050847459 2.955932203389831 0.7593220338983051 -0.5694915254237288
2.84 0.664406779661017 2.0067796610169495 0.5694915254237288 -0.18983050847457628
2.86 1.6135593220338984 3.728813559322034 1.5186440677966102 -0.8542372881355933
2.88 0.9491525423728815 2.576271186440678 0.9491525423728815 -0.2847457627118644
2.9 1.8033898305084748 3.728813559322034 1.4237288135593222 -0.7593220338983051
2.92 1.0440677966101697 2.671186440677966 0.8542372881355933 -0.2847457627118644
2.94 1.7084745762711866 2.4813559322033902 0.9491525423728815 0.39322033898305087
2.96 1.0440677966101697 1.722033898305085 0.664406779661017 0.39322033898305087
2.98 1.5186440677966102 0.48813559322033906 0.8542372881355933 1.6271186440677967
3.0 0.9491525423728815 0.2033898305084746 0.664406779661017 1.057627118644068
3.02 1.1389830508474577 -1.6135593220338984 0.664406779661017 2.8610169491525426
3.04 0.5694915254237288 -1.328813559322034 0.5694915254237288 1.6271186440677967
3.06 0.8542372881355933 -3.5254237288135597 0.47457627118644075 3.44406779661017
3.08 0.47457627118644075 -2.752542372881356 0.47457627118644075 1.722033898305085
3.1 0.5694915254237288 -4.9491525423728815 0.47457627118644075 3.349152542372882
3.12 0.2847457627118644 -3.715254237288136 0.47457627118644075 1.816949152542373
3.14 0.47457627118644075 -5.898305084745763 0.5694915254237288 3.050847457627119
3.16 0.18983050847457628 -4.379661016949153 0.5694915254237288 1.6271186440677967
3.18 0.37966101694915255 -6.291525423728814 0.47457627118644075 2.4813559322033902
3.2 0.18983050847457628 -4.664406779661017 0.47457627118644075 1.4372881355932206
3.22 0.2847457627118644 -6.291525423728814 0.47457627118644075 1.6271186440677967
3.24 0.18983050847457628 -4.664406779661017 0.47457627118644075 1.057627118644068
3.26 0.2847457627118644 -5.898305084745763 0.47457627118644075 0.6779661016949153
3.28 0.18983050847457628 -4.379661016949153 0.47457627118644075 0.5830508474576271
3.3 0.2847457627118644 -5.328813559322034 0.47457627118644075 -0.47457627118644075
3.32 0.09491525423728814 -4.0 0.47457627118644075 -0.09491525423728814
3.34 0.18983050847457628 -4.379661016949153 0.47457627118644075 -1.5186440677966102
3.36 0.09491525423728814 -3.3355932203389833 0.47457627118644075 -0.664406779661017
3.38 0.37966101694915255 -3.4305084745762717 0.47457627118644075 -2.4677966101694917
3.4 0.09491525423728814 -2.657627118644068 0.37966101694915255 -1.1389830508474577
3.42 0.47457627118644075 -2.56271186440678 0.37966101694915255 -3.050847457627119
3.44 0.18983050847457628 -2.0881355932203394 0.37966101694915255 -1.4237288135593222
3.46 0.664406779661017 -1.6135593220338984 0.2847457627118644 -3.145762711864407
3.48 0.47457627118644075 -1.5186440677966102 0.2847457627118644 -1.328813559322034
3.5 0.9491525423728815 -0.7593220338983051 0.18983050847457628 -2.8474576271186445
3.52 0.5694915254237288 -0.7593220338983051 0.18983050847457628 -1.2338983050847459
3.54 1.5186440677966102 -0.0 0.0 -1.898305084745763
3.56 0.9491525423728815 -0.0 0.09491525423728814 -0.8542372881355933
3.58 2.2779661016949153 0.7728813559322034 -0.2033898305084746 -0.5694915254237288
3.6 1.4237288135593222 0.5830508474576271 0.0 -0.2847457627118644
3.62 3.050847457627119 1.3423728813559324 -0.6779661016949153 0.9627118644067798
3.64 1.993220338983051 0.8677966101694916 -0.2033898305084746 0.6779661016949153
3.66 4.0 1.816949152542373 -1.057627118644068 1.816949152542373
3.68 2.657627118644068 1.2474576271186442 -0.2983050847457627 1.152542372881356
3.7 4.0 2.1966101694915254 -0.8677966101694916 1.722033898305085
3.72 2.657627118644068 1.4372881355932206 -0.2033898305084746 1.057627118644068
3.74 2.56271186440678 2.0067796610169495 0.2847457627118644 1.2474576271186442
3.76 1.6135593220338984 1.3423728813559324 0.2847457627118644 0.7728813559322034
3.78 0.47457627118644075 1.9118644067796613 1.6135593220338984 0.8677966101694916
3.8 0.18983050847457628 1.2474576271186442 0.9491525423728815 0.5830508474576271
3.82 -1.722033898305085 1.5322033898305085 2.8474576271186445 0.6779661016949153
3.84 -1.4372881355932206 0.8677966101694916 1.5186440677966102 0.5830508474576271
3.86 -3.538983050847458 1.152542372881356 3.3355932203389833 0.48813559322033906
3.88 -2.576271186440678 0.6779661016949153 1.7084745762711866 0.39322033898305087
3.9 -4.772881355932204 0.8677966101694916 3.5254237288135597 0.48813559322033906
3.92 -3.44406779661017 0.48813559322033906 1.898305084745763 0.39322033898305087
3.94 -5.722033898305085 0.6779661016949153 3.2406779661016953 0.48813559322033906
3.96 -3.9186440677966106 0.48813559322033906 1.7084745762711866 0.39322033898305087
3.98 -6.101694915254238 0.5830508474576271 2.657627118644068 0.39322033898305087
4.0 -4.298305084745763 0.39322033898305087 1.6135593220338984 0.39322033898305087
4.02 -6.101694915254238 0.6779661016949153 1.898305084745763 0.2983050847457627
4.04 -4.393220338983051 0.5830508474576271 1.1389830508474577 0.39322033898305087
4.06 -5.8169491525423735 0.8677966101694916 0.7593220338983051 0.39322033898305087
4.08 -4.203389830508475 0.39322033898305087 0.5694915254237288 0.39322033898305087
4.1 -5.247457627118645 0.39322033898305087 -0.39322033898305087 0.2983050847457627
4.12 -3.728813559322034 0.2033898305084746 0.0 0.2983050847457627
4.14 -4.203389830508475 0.2983050847457627 -1.5322033898305085 0.2983050847457627
4.16 -2.955932203389831 0.10847457627118645 -0.48813559322033906 0.2983050847457627
4.18 -3.2542372881355934 0.39322033898305087 -2.291525423728814 0.2983050847457627
4.2 -2.4813559322033902 0.2033898305084746 -0.9627118644067798 0.2983050847457627
4.22 -2.1966101694915254 0.48813559322033906 -2.8610169491525426 0.2033898305084746
4.24 -1.816949152542373 0.2983050847457627 -1.057627118644068 0.2033898305084746
4.26 -1.3423728813559324 0.8677966101694916 -2.955932203389831 0.2033898305084746
4.28 -1.152542372881356 0.5830508474576271 -1.152542372881356 0.2033898305084746
4.3 -0.5830508474576271 1.152542372881356 -2.576271186440678 -0.0
4.32 -0.5830508474576271 0.7728813559322034 -0.8677966101694916 0.10847457627118645
4.34 0.18983050847457628 1.722033898305085 -1.722033898305085 -0.09491525423728814
4.36 0.0 1.2474576271186442 -0.5830508474576271 -0.0
4.38 0.7593220338983051 2.386440677966102 -0.39322033898305087 -0.37966101694915255
4.4 0.37966101694915255 1.6271186440677967 0.0 -0.09491525423728814
4.42 1.2338983050847459 3.349152542372882 1.0440677966101697 -0.7593220338983051
4.44 0.664406779661017 2.291525423728814 0.7593220338983051 -0.18983050847457628
4.46 1.7084745762711866 4.1084745762711865 1.898305084745763 -1.1389830508474577
4.48 1.0440677966101697 2.955932203389831 1.1389830508474577 -0.47457627118644075
4.5 1.993220338983051 4.393220338983051 1.5186440677966102 -1.0440677966101697
4.52 1.2338983050847459 3.1593220338983055 0.9491525423728815 -0.37966101694915255
4.54 1.898305084745763 3.1593220338983055 1.1389830508474577 0.10847457627118645
4.56 1.1389830508474577 2.1966101694915254 0.7593220338983051 0.2033898305084746
4.58 1.6135593220338984 0.8677966101694916 0.8542372881355933 1.6271186440677967
4.6 0.9491525423728815 0.48813559322033906 0.664406779661017 1.057627118644068
4.62 1.328813559322034 -1.4237288135593222 0.664406779661017 2.671186440677966
4.64 0.7593220338983051 -1.2338983050847459 0.5694915254237288 1.6271186440677967
4.66 0.8542372881355933 -3.4305084745762717 0.5694915254237288 3.538983050847458
4.68 0.47457627118644075 -2.657627118644068 0.47457627118644075 1.9118644067796613
4.7 0.664406779661017 -4.854237288135594 0.47457627118644075 3.633898305084746
4.72 0.37966101694915255 -3.715254237288136 0.47457627118644075 2.0067796610169495
4.74 0.47457627118644075 -5.8033898305084755 0.5694915254237288 3.349152542372882
4.76 0.18983050847457628 -4.379661016949153 0.5694915254237288 1.816949152542373
4.78 0.47457627118644075 -6.291525423728814 0.47457627118644075 2.671186440677966
4.8 0.18983050847457628 -4.664406779661017 0.37966101694915255 1.6271186440677967
4.82 0.37966101694915255 -6.481355932203391 0.47457627118644075 1.9118644067796613
4.84 0.18983050847457628 -4.854237288135594 0.47457627118644075 1.152542372881356
4.86 0.47457627118644075 -6.101694915254238 0.47457627118644075 0.9627118644067798
4.88 0.18983050847457628 -4.379661016949153 0.47457627118644075 0.7728813559322034
4.9 0.2847457627118644 -5.423728813559323 0.47457627118644075 -0.09491525423728814
4.92 0.09491525423728814 -3.9050847457627125 0.47457627118644075 -0.0
4.94 0.18983050847457628 -4.56949152542373 0.47457627118644075 -1.2338983050847459
4.96 0.09491525423728814 -3.4305084745762717 0.47457627118644075 -0.5694915254237288
4.98 0.18983050847457628 -3.6203389830508477 0.47457627118644075 -2.1830508474576273
5.0 0.09491525423728814 -2.752542372881356 0.37966101694915255 -0.9491525423728815
5.02 0.37966101694915255 -2.657627118644068 0.37966101694915255 -2.657627118644068
5.04 0.18983050847457628 -2.1830508474576273 0.37966101694915255 -1.2338983050847459
5.06 0.5694915254237288 -1.8033898305084748 0.2847457627118644 -3.145762711864407
5.08 0.37966101694915255 -1.5186440677966102 0.2847457627118644 -1.328813559322034
5.1 0.8542372881355933 -0.9491525423728815 0.18983050847457628 -2.56271186440678
5.12 0.47457627118644075 -0.9491525423728815 0.18983050847457628 -1.1389830508474577
5.14 1.328813559322034 -0.18983050847457628 0.0 -1.8033898305084748
5.16 0.8542372881355933 -0.18983050847457628 0.09491525423728814 -0.8542372881355933
5.18 2.0881355932203394 0.5830508474576271 -0.10847457627118645 -0.7593220338983051
5.2 1.2338983050847459 0.39322033898305087 0.09491525423728814 -0.2847457627118644
5.22 2.752542372881356 1.2474576271186442 -0.48813559322033906 0.6779661016949153
5.24 1.8033898305084748 0.7728813559322034 -0.10847457627118645 0.5830508474576271
5.26 3.5254237288135597 1.816949152542373 -0.8677966101694916 1.6271186440677967
5.28 2.3728813559322037 1.152542372881356 -0.2983050847457627 1.057627118644068
5.3 3.4305084745762717 2.0067796610169495 -0.5830508474576271 1.4372881355932206
5.32 2.2779661016949153 1.2474576271186442 -0.10847457627118645 0.9627118644067798
5.34 2.1830508474576273 2.0067796610169495 0.47457627118644075 1.057627118644068
5.36 1.328813559322034 1.2474576271186442 0.37966101694915255 0.6779661016949153
5.38 0.18983050847457628 1.816949152542373 1.8033898305084748 0.7728813559322034
5.4 -0.10847457627118645 1.152542372881356 1.0440677966101697 0.5830508474576271
5.42 -1.722033898305085 1.3423728813559324 2.752542372881356 0.5830508474576271
5.44 -1.4372881355932206 0.8677966101694916 1.4237288135593222 0.48813559322033906
5.46 -3.44406779661017 1.057627118644068 3.2406779661016953 0.48813559322033906
5.48 -2.4813559322033902 0.5830508474576271 1.7084745762711866 0.39322033898305087
5.5 -4.677966101694916 0.8677966101694916 3.3355932203389833 0.48813559322033906
5.52 -3.44406779661017 0.48813559322033906 1.7084745762711866 0.39322033898305087
5.54 -5.532203389830509 0.5830508474576271 3.050847457627119 0.39322033898305087
5.56 -3.9186440677966106 0.39322033898305087 1.7084745762711866 0.39322033898305087
5.58 -5.8169491525423735 0.5830508474576271 2.4677966101694917 0.39322033898305087
5.6 -4.1084745762711865 0.39322033898305087 1.6135593220338984 0.10847457627118645
5.62 -5.911864406779662 0.7728813559322034 1.7084745762711866 0.48813559322033906
5.64 -4.298305084745763 0.6779661016949153 1.0440677966101697 0.48813559322033906
5.66 -5.627118644067798 0.6779661016949153 0.664406779661017 0.39322033898305087
5.68 -4.013559322033899 0.2983050847457627 0.5694915254237288 0.39322033898305087
5.7 -4.9627118644067805 0.39322033898305087 -0.48813559322033906 0.2983050847457627
5.72 -3.44406779661017 0.2033898305084746 -0.10847457627118645 0.2983050847457627
5.74 -3.9186440677966106 0.2983050847457627 -1.6271186440677967 0.2983050847457627
5.76 -2.8610169491525426 0.10847457627118645 -0.5830508474576271 0.2983050847457627
5.78 -3.050847457627119 0.2983050847457627 -2.291525423728814 0.2983050847457627
5.8 -2.291525423728814 0.10847457627118645 -0.8677966101694916 0.2983050847457627
5.82 -2.1016949152542375 0.48813559322033906 -2.671186440677966 0.2033898305084746
5.84 -1.722033898305085 0.2983050847457627 -1.152542372881356 0.2033898305084746
5.86 -1.2474576271186442 0.7728813559322034 -2.955932203389831 0.10847457627118645
5.88 -1.057627118644068 0.5830508474576271 -1.152542372881356 0.10847457627118645
5.9 -0.39322033898305087 1.152542372881356 -2.4813559322033902 0.10847457627118645
5.92 -0.48813559322033906 0.8677966101694916 -0.9627118644067798 0.2033898305084746
5.94 0.2847457627118644 1.816949152542373 -1.5322033898305085 -0.09491525423728814
5.96 0.09491525423728814 1.2474576271186442 -0.5830508474576271 -0.0
5.98 0.7593220338983051 2.291525423728814 -0.39322033898305087 -0.37966101694915255
6.0 0.47457627118644075 1.6271186440677967 -0.10847457627118645 -0.09491525423728814
6.02 1.2338983050847459 3.349152542372882 1.0440677966101697 -0.7593220338983051
6.04 0.664406779661017 2.291525423728814 0.7593220338983051 -0.18983050847457628
6.06 1.6135593220338984 4.203389830508475 1.898305084745763 -1.1389830508474577
6.08 1.0440677966101697 2.955932203389831 1.1389830508474577 -0.37966101694915255
6.1 1.993220338983051 4.393220338983051 1.5186440677966102 -0.9491525423728815
6.12 1.2338983050847459 3.1593220338983055 0.8542372881355933 -0.37966101694915255
6.14 1.8033898305084748 2.955932203389831 1.0440677966101697 0.10847457627118645
6.16 1.1389830508474577 2.0067796610169495 0.7593220338983051 0.10847457627118645
6.18 1.6135593220338984 0.6779661016949153 0.8542372881355933 1.6271186440677967
6.2 0.9491525423728815 0.39322033898305087 0.664406779661017 1.057627118644068
6.22 1.2338983050847459 -1.5186440677966102 0.664406779661017 2.7661016949152546
6.24 0.7593220338983051 -1.2338983050847459 0.47457627118644075 1.6271186440677967
6.26 0.9491525423728815 -3.6203389830508477 0.5694915254237288 3.538983050847458
6.28 0.47457627118644075 -2.8474576271186445 0.47457627118644075 1.9118644067796613
6.3 0.664406779661017 -5.138983050847458 0.47457627118644075 3.633898305084746
6.32 0.37966101694915255 -3.9050847457627125 0.47457627118644075 2.0067796610169495
6.34 0.47457627118644075 -6.101694915254238 0.5694915254237288 3.2542372881355934
6.36 0.18983050847457628 -4.474576271186441 0.5694915254237288 1.816949152542373
6.38 0.37966101694915255 -6.576271186440678 0.5694915254237288 2.671186440677966
6.4 0.18983050847457628 -4.7593220338983055 0.47457627118644075 1.6271186440677967
6.42 0.47457627118644075 -6.671186440677967 0.47457627118644075 1.816949152542373
6.44 0.2847457627118644 -4.854237288135594 0.47457627118644075 1.152542372881356
6.46 0.37966101694915255 -6.196610169491526 0.47457627118644075 0.8677966101694916
6.48 0.18983050847457628 -4.474576271186441 0.37966101694915255 0.6779661016949153
6.5 0.2847457627118644 -5.518644067796611 0.47457627118644075 -0.2847457627118644
6.52 0.18983050847457628 -4.094915254237288 0.37966101694915255 -0.0
6.54 0.2847457627118644 -4.7593220338983055 0.47457627118644075 -1.5186440677966102
6.56 0.09491525423728814 -3.5254237288135597 0.47457627118644075 -0.664406779661017
6.58 0.37966101694915255 -3.715254237288136 0.47457627118644075 -2.4677966101694917
6.6 0.18983050847457628 -2.8474576271186445 0.37966101694915255 -1.1389830508474577
6.62 0.47457627118644075 -2.657627118644068 0.37966101694915255 -2.9423728813559324
6.64 0.18983050847457628 -2.1830508474576273 0.2847457627118644 -1.2338983050847459
6.66 0.664406779661017 -1.7084745762711866 0.2847457627118644 -3.3355932203389833
6.68 0.37966101694915255 -1.5186440677966102 0.2847457627118644 -1.328813559322034
6.7 1.0440677966101697 -0.9491525423728815 0.09491525423728814 -2.752542372881356
6.72 0.664406779661017 -0.8542372881355933 0.18983050847457628 -1.2338983050847459
6.74 1.5186440677966102 -0.09491525423728814 0.0 -1.993220338983051
6.76 1.0440677966101697 -0.09491525423728814 0.09491525423728814 -0.8542372881355933
6.78 2.2779661016949153 0.6779661016949153 -0.2033898305084746 -0.5694915254237288
6.8 1.5186440677966102 0.39322033898305087 0.0 -0.18983050847457628
6.82 3.145762711864407 1.2474576271186442 -0.6779661016949153 0.9627118644067798
6.84 1.993220338983051 0.8677966101694916 -0.2033898305084746 0.6779661016949153
6.86 4.0 1.816949152542373 -1.057627118644068 1.816949152542373
6.88 2.752542372881356 1.152542372881356 -0.2983050847457627 1.152542372881356
6.9 4.0 2.1016949152542375 -0.8677966101694916 1.722033898305085
6.92 2.657627118644068 1.4372881355932206 -0.2033898305084746 1.057627118644068
6.94 2.4677966101694917 2.0067796610169495 0.2847457627118644 1.152542372881356
6.96 1.6135593220338984 1.3423728813559324 0.2847457627118644 0.7728813559322034
6.98 0.47457627118644075 1.9118644067796613 1.5186440677966102 0.7728813559322034
7.0 0.18983050847457628 1.2474576271186442 1.0440677966101697 0.6779661016949153
7.02 -1.6271186440677967 1.5322033898305085 2.752542372881356 0.6779661016949153
7.04 -1.3423728813559324 0.9627118644067798 1.5186440677966102 0.48813559322033906
7.06 -3.44406779661017 1.152542372881356 3.3355932203389833 0.48813559322033906
7.08 -2.576271186440678 0.6779661016949153 1.7084745762711866 0.39322033898305087
7.1 -4.772881355932204 0.8677966101694916 3.5254237288135597 0.48813559322033906
7.12 -3.44406779661017 0.48813559322033906 1.8033898305084748 0.48813559322033906
7.14 -5.722033898305085 0.6779661016949153 3.2406779661016953 0.48813559322033906
7.16 -4.013559322033899 0.39322033898305087 1.7084745762711866 0.39322033898305087
7.18 -6.0067796610169495 0.5830508474576271 2.657627118644068 0.48813559322033906
7.2 -4.298305084745763 0.7728813559322034 1.6135593220338984 0.39322033898305087
7.22 -6.101694915254238 0.5830508474576271 1.898305084745763 0.2983050847457627
7.24 -4.488135593220339 0.5830508474576271 1.1389830508474577 0.48813559322033906
7.26 -5.8169491525423735 0.8677966101694916 0.7593220338983051 0.39322033898305087
7.28 -4.298305084745763 0.39322033898305087 0.5694915254237288 0.39322033898305087
7.3 -5.247457627118645 0.39322033898305087 -0.39322033898305087 0.2983050847457627
7.32 -3.728813559322034 0.2033898305084746 0.0 0.2983050847457627
7.34 -4.203389830508475 0.2983050847457627 -1.4372881355932206 0.2983050847457627
7.36 -2.955932203389831 0.10847457627118645 -0.5830508474576271 0.2983050847457627
7.38 -3.2542372881355934 0.2983050847457627 -2.291525423728814 0.2983050847457627
7.4 -2.4813559322033902 0.2033898305084746 -0.8677966101694916 0.2983050847457627
7.42 -2.1966101694915254 0.5830508474576271 -2.7661016949152546 0.2033898305084746
7.44 -1.816949152542373 0.2983050847457627 -1.152542372881356 0.2033898305084746
7.46 -1.3423728813559324 0.8677966101694916 -2.8610169491525426 0.2033898305084746
7.48 -1.152542372881356 0.5830508474576271 -1.2474576271186442 0.2033898305084746
7.5 -0.5830508474576271 1.152542372881356 -2.4813559322033902 -0.0
7.52 -0.5830508474576271 0.8677966101694916 -0.9627118644067798 0.10847457627118645
7.54 0.18983050847457628 1.6271186440677967 -1.6271186440677967 -0.09491525423728814
7.56 0.0 1.152542372881356 -0.5830508474576271 -0.0
7.58 0.664406779661017 2.291525423728814 -0.39322033898305087 -0.37966101694915255
7.6 0.37966101694915255 1.6271186440677967 0.0 -0.09491525423728814
7.62 1.2338983050847459 3.349152542372882 1.0440677966101697 -0.664406779661017
7.64 0.664406779661017 2.291525423728814 0.664406779661017 -0.2847457627118644
7.66 1.6135593220338984 4.203389830508475 1.898305084745763 -1.1389830508474577
7.68 0.9491525423728815 2.955932203389831 1.1389830508474577 -0.47457627118644075
7.7 1.993220338983051 4.488135593220339 1.6135593220338984 -1.0440677966101697
7.72 1.2338983050847459 3.1593220338983055 0.9491525423728815 -0.37966101694915255
7.74 1.898305084745763 3.050847457627119 1.1389830508474577 0.10847457627118645
7.76 1.1389830508474577 2.1016949152542375 0.7593220338983051 0.2033898305084746
7.78 1.6135593220338984 0.7728813559322034 0.8542372881355933 1.6271186440677967
7.8 0.9491525423728815 0.39322033898305087 0.664406779661017 1.057627118644068
7.82 1.328813559322034 -1.5186440677966102 0.664406779661017 2.8610169491525426
7.84 0.7593220338983051 -1.2338983050847459 0.5694915254237288 1.6271186440677967
7.86 1.0440677966101697 -3.5254237288135597 0.5694915254237288 3.538983050847458
7.88 0.47457627118644075 -2.752542372881356 0.47457627118644075 1.9118644067796613
7.9 0.7593220338983051 -5.138983050847458 0.47457627118644075 3.633898305084746
7.92 0.37966101694915255 -3.9050847457627125 0.47457627118644075 1.9118644067796613
7.94 0.5694915254237288 -6.101694915254238 0.5694915254237288 3.349152542372882
7.96 0.18983050847457628 -4.474576271186441 0.5694915254237288 1.816949152542373
7.98 0.47457627118644075 -6.576271186440678 0.47457627118644075 2.671186440677966
8.0 0.18983050847457628 -4.7593220338983055 0.47457627118644075 1.6271186440677967
8.02 0.47457627118644075 -6.671186440677967 0.47457627118644075 1.816949152542373
8.04 0.2847457627118644 -4.854237288135594 0.47457627118644075 1.152542372881356
8.06 0.37966101694915255 -6.101694915254238 0.47457627118644075 0.8677966101694916
8.08 0.18983050847457628 -4.474576271186441 0.47457627118644075 0.6779661016949153
8.1 0.2847457627118644 -5.518644067796611 0.47457627118644075 -0.2847457627118644
8.12 0.18983050847457628 -4.094915254237288 0.47457627118644075 -0.09491525423728814
8.14 0.2847457627118644 -4.664406779661017 0.47457627118644075 -1.4237288135593222
8.16 0.09491525423728814 -3.5254237288135597 0.47457627118644075 -0.5694915254237288
8.18 0.37966101694915255 -3.6203389830508477 0.47457627118644075 -2.3728813559322037
8.2 0.18983050847457628 -2.8474576271186445 0.47457627118644075 -1.0440677966101697
8.22 0.47457627118644075 -2.657627118644068 0.37966101694915255 -2.9423728813559324
8.24 0.18983050847457628 -2.1830508474576273 0.37966101694915255 -1.328813559322034
8.26 0.5694915254237288 -1.7084745762711866 0.2847457627118644 -3.3355932203389833
8.28 0.37966101694915255 -1.5186440677966102 0.2847457627118644 -1.328813559322034
8.3 1.0440677966101697 -0.8542372881355933 0.18983050847457628 -2.752542372881356
8.32 0.664406779661017 -0.8542372881355933 0.18983050847457628 -1.2338983050847459
8.34 1.5186440677966102 -0.09491525423728814 0.0 -1.898305084745763
8.36 1.0440677966101697 -0.18983050847457628 0.09491525423728814 -0.8542372881355933
8.38 2.2779661016949153 0.7728813559322034 -0.2033898305084746 -0.5694915254237288
8.4 1.4237288135593222 0.39322033898305087 0.0 -0.18983050847457628
8.42 3.050847457627119 1.3423728813559324 -0.5830508474576271 0.9627118644067798
8.44 1.993220338983051 0.7728813559322034 -0.2033898305084746 0.7728813559322034
8.46 4.0 1.816949152542373 -1.152542372881356 1.816949152542373
8.48 2.657627118644068 1.152542372881356 -0.39322033898305087 1.152542372881356
8.5 3.9050847457627125 2.1016949152542375 -0.8677966101694916 1.722033898305085
8.52 2.657627118644068 1.3423728813559324 -0.2033898305084746 1.057627118644068
8.54 2.56271186440678 2.1016949152542375 0.18983050847457628 1.152542372881356
8.56 1.6135593220338984 1.3423728813559324 0.2847457627118644 0.7728813559322034
8.58 0.5694915254237288 1.9118644067796613 1.5186440677966102 0.8677966101694916
8.6 0.2847457627118644 1.2474576271186442 0.9491525423728815 0.5830508474576271
8.62 -1.4372881355932206 1.5322033898305085 2.657627118644068 0.6779661016949153
8.64 -1.2474576271186442 0.8677966101694916 1.5186440677966102 0.48813559322033906
8.66 -3.2542372881355934 1.152542372881356 3.2406779661016953 0.48813559322033906
8.68 -2.386440677966102 0.6779661016949153 1.6135593220338984 0.39322033898305087
8.7 -4.677966101694916 0.8677966101694916 3.4305084745762717 0.48813559322033906
8.72 -3.349152542372882 0.5830508474576271 1.8033898305084748 0.48813559322033906
8.74 -5.532203389830509 0.6779661016949153 3.2406779661016953 0.39322033898305087
8.76 -3.9186440677966106 0.48813559322033906 1.7084745762711866 0.48813559322033906
8.78 -5.8169491525423735 0.5830508474576271 2.752542372881356 0.39322033898305087
8.8 -4.1084745762711865 0.39322033898305087 1.5186440677966102 0.39322033898305087
8.82 -5.722033898305085 0.5830508474576271 1.993220338983051 0.39322033898305087
8.84 -4.1084745762711865 0.48813559322033906 1.2338983050847459 0.48813559322033906
8.86 -5.627118644067798 0.6779661016949153 0.8542372881355933 0.48813559322033906
8.88 -4.1084745762711865 0.48813559322033906 0.664406779661017 0.39322033898305087
8.9 -5.152542372881356 0.48813559322033906 -0.2033898305084746 0.39322033898305087
8.92 -3.633898305084746 0.2033898305084746 0.0 0.39322033898305087
8.94 -4.1084745762711865 0.2983050847457627 -1.3423728813559324 0.2983050847457627
8.96 -2.955932203389831 0.10847457627118645 -0.48813559322033906 0.2983050847457627
8.98 -3.1593220338983055 0.39322033898305087 -2.1016949152542375 0.2983050847457627
9.0 -2.386440677966102 0.2033898305084746 -0.7728813559322034 0.2983050847457627
9.02 -2.291525423728814 0.48813559322033906 -2.671186440677966 0.2983050847457627
9.04 -1.816949152542373 0.2983050847457627 -0.9627118644067798 0.2983050847457627
9.06 -1.5322033898305085 0.6779661016949153 -2.7661016949152546 0.2033898305084746
9.08 -1.2474576271186442 0.48813559322033906 -1.152542372881356 0.2033898305084746
9.1 -0.5830508474576271 1.057627118644068 -2.386440677966102 -0.0
9.12 -0.5830508474576271 0.7728813559322034 -0.9627118644067798 0.10847457627118645
9.14 0.09491525423728814 1.5322033898305085 -1.6271186440677967 -0.0
9.16 -0.10847457627118645 1.057627118644068 -0.5830508474576271 0.10847457627118645
9.18 0.7593220338983051 2.1016949152542375 -0.48813559322033906 -0.2847457627118644
9.2 0.37966101694915255 1.4372881355932206 -0.10847457627118645 -0.09491525423728814
9.22 1.1389830508474577 2.955932203389831 0.7593220338983051 -0.5694915254237288
9.24 0.664406779661017 2.0067796610169495 0.664406779661017 -0.18983050847457628
9.26 1.6135593220338984 3.728813559322034 1.5186440677966102 -0.8542372881355933
9.28 0.9491525423728815 2.576271186440678 0.9491525423728815 -0.2847457627118644
9.3 1.8033898305084748 3.728813559322034 1.4237288135593222 -0.7593220338983051
9.32 1.0440677966101697 2.671186440677966 0.8542372881355933 -0.2847457627118644
9.34 1.7084745762711866 2.4813559322033902 1.0440677966101697 0.2983050847457627
9.36 0.9491525423728815 1.722033898305085 0.664406779661017 0.2983050847457627
9.38 1.5186440677966102 0.39322033898305087 0.8542372881355933 1.6271186440677967
9.4 0.8542372881355933 0.2033898305084746 0.664406779661017 1.057627118644068
9.42 1.1389830508474577 -1.6135593220338984 0.664406779661017 2.8610169491525426
9.44 0.5694915254237288 -1.328813559322034 0.47457627118644075 1.6271186440677967
9.46 0.8542372881355933 -3.5254237288135597 0.47457627118644075 3.349152542372882
9.48 0.47457627118644075 -2.752542372881356 0.47457627118644075 1.816949152542373
9.5 0.664406779661017 -4.854237288135594 0.47457627118644075 3.349152542372882
9.52 0.2847457627118644 -3.715254237288136 0.47457627118644075 1.816949152542373
9.54 0.47457627118644075 -5.8033898305084755 0.5694915254237288 3.1593220338983055
9.56 0.2847457627118644 -4.379661016949153 0.5694915254237288 1.722033898305085
9.58 0.37966101694915255 -6.291525423728814 0.47457627118644075 2.4813559322033902
9.6 0.18983050847457628 -4.664406779661017 0.47457627118644075 1.4372881355932206
9.62 0.2847457627118644 -6.291525423728814 0.47457627118644075 1.6271186440677967
9.64 0.18983050847457628 -4.664406779661017 0.47457627118644075 1.057627118644068
9.66 0.37966101694915255 -5.8033898305084755 0.47457627118644075 0.6779661016949153
9.68 0.18983050847457628 -4.379661016949153 0.47457627118644075 0.5830508474576271
9.7 0.2847457627118644 -5.233898305084746 0.47457627118644075 -0.47457627118644075
9.72 0.09491525423728814 -3.9050847457627125 0.47457627118644075 -0.09491525423728814
9.74 0.2847457627118644 -4.379661016949153 0.47457627118644075 -1.5186440677966102
9.76 0.09491525423728814 -3.3355932203389833 0.47457627118644075 -0.5694915254237288
9.78 0.37966101694915255 -3.4305084745762717 0.47457627118644075 -2.4677966101694917
9.8 0.09491525423728814 -2.657627118644068 0.47457627118644075 -1.0440677966101697
9.82 0.47457627118644075 -2.56271186440678 0.37966101694915255 -2.9423728813559324
9.84 0.18983050847457628 -2.0881355932203394 0.37966101694915255 -1.328813559322034
9.86 0.7593220338983051 -1.6135593220338984 0.18983050847457628 -3.050847457627119
9.88 0.37966101694915255 -1.4237288135593222 0.2847457627118644 -1.2338983050847459
9.9 0.9491525423728815 -0.7593220338983051 0.18983050847457628 -2.752542372881356
9.92 0.5694915254237288 -0.7593220338983051 0.18983050847457628 -1.2338983050847459
9.94 1.5186440677966102 -0.0 0.0 -1.898305084745763
9.96 1.0440677966101697 -0.09491525423728814 0.09491525423728814 -0.8542372881355933
9.98 2.2779661016949153 0.7728813559322034 -0.2033898305084746 -0.5694915254237288
10.0 1.4237288135593222 0.48813559322033906 0.0 -0.18983050847457628
10.02 3.050847457627119 1.3423728813559324 -0.6779661016949153 0.9627118644067798
10.04 2.0881355932203394 0.8677966101694916 -0.2033898305084746 0.7728813559322034
10.06 4.0 1.9118644067796613 -1.057627118644068 1.816949152542373
10.08 2.752542372881356 1.2474576271186442 -0.2983050847457627 1.152542372881356
10.1 4.094915254237288 2.1966101694915254 -0.8677966101694916 1.722033898305085
10.12 2.657627118644068 1.4372881355932206 -0.2033898305084746 1.057627118644068
10.14 2.4677966101694917 2.0067796610169495 0.2847457627118644 1.2474576271186442
10.16 1.6135593220338984 1.3423728813559324 0.2847457627118644 0.7728813559322034
10.18 0.5694915254237288 1.9118644067796613 1.5186440677966102 0.8677966101694916
10.2 0.18983050847457628 1.2474576271186442 0.9491525423728815 0.5830508474576271
10.22 -1.4372881355932206 1.5322033898305085 2.752542372881356 0.6779661016949153
10.24 -1.2474576271186442 0.9627118644067798 1.5186440677966102 0.48813559322033906
10.26 -3.2542372881355934 1.152542372881356 3.2406779661016953 0.48813559322033906
10.28 -2.4813559322033902 0.6779661016949153 1.7084745762711866 0.39322033898305087
10.3 -4.677966101694916 0.8677966101694916 3.4305084745762717 0.48813559322033906
10.32 -3.349152542372882 0.48813559322033906 1.8033898305084748 0.39322033898305087
10.34 -5.532203389830509 0.6779661016949153 3.2406779661016953 0.39322033898305087
10.36 -3.9186440677966106 0.39322033898305087 1.7084745762711866 0.39322033898305087
10.38 -5.722033898305085 0.5830508474576271 2.752542372881356 0.39322033898305087
10.4 -4.013559322033899 0.39322033898305087 1.6135593220338984 0.39322033898305087
10.42 -5.722033898305085 0.5830508474576271 1.993220338983051 0.39322033898305087
10.44 -4.1084745762711865 0.48813559322033906 1.2338983050847459 0.39322033898305087
10.46 -5.532203389830509 0.6779661016949153 0.9491525423728815 0.48813559322033906
10.48 -4.013559322033899 0.39322033898305087 0.7593220338983051 0.39322033898305087
10.5 -5.057627118644068 0.48813559322033906 -0.10847457627118645 0.39322033898305087
10.52 -3.538983050847458 0.2983050847457627 0.09491525423728814 0.39322033898305087
10.54 -4.1084745762711865 0.2983050847457627 -1.3423728813559324 0.2983050847457627
10.56 -2.8610169491525426 0.10847457627118645 -0.48813559322033906 0.2983050847457627
10.58 -3.1593220338983055 0.39322033898305087 -2.1966101694915254 0.2983050847457627
10.6 -2.386440677966102 0.2033898305084746 -0.7728813559322034 0.2983050847457627
10.62 -2.291525423728814 0.48813559322033906 -2.576271186440678 0.2983050847457627
10.64 -1.722033898305085 0.2983050847457627 -0.9627118644067798 0.2983050847457627
10.66 -1.4372881355932206 0.6779661016949153 -2.7661016949152546 0.2033898305084746
10.68 -1.2474576271186442 0.48813559322033906 -1.057627118644068 0.2033898305084746
10.7 -0.5830508474576271 1.152542372881356 -2.4813559322033902 0.10847457627118645
10.72 -0.5830508474576271 0.7728813559322034 -0.9627118644067798 0.10847457627118645
10.74 0.09491525423728814 1.5322033898305085 -1.6271186440677967 -0.0
10.76 0.0 1.057627118644068 -0.5830508474576271 0.10847457627118645
10.78 0.7593220338983051 2.1016949152542375 -0.48813559322033906 -0.2847457627118644
10.8 0.37966101694915255 1.4372881355932206 -0.10847457627118645 -0.09491525423728814
10.82 1.2338983050847459 2.955932203389831 0.7593220338983051 -0.5694915254237288
10.84 0.664406779661017 2.0067796610169495 0.664406779661017 -0.18983050847457628
10.86 1.6135593220338984 3.728813559322034 1.5186440677966102 -0.8542372881355933
10.88 0.9491525423728815 2.576271186440678 0.9491525423728815 -0.2847457627118644
10.9 1.8033898305084748 3.728813559322034 1.4237288135593222 -0.7593220338983051
10.92 1.0440677966101697 2.671186440677966 0.8542372881355933 -0.2847457627118644
10.94 1.7084745762711866 2.4813559322033902 1.0440677966101697 0.2983050847457627
10.96 1.0440677966101697 1.722033898305085 0.664406779661017 0.2983050847457627
10.98 1.5186440677966102 0.5830508474576271 0.7593220338983051 1.5322033898305085
11.0 0.8542372881355933 0.39322033898305087 0.664406779661017 0.9627118644067798
11.02 1.1389830508474577 -1.4237288135593222 0.664406779661017 2.671186440677966
11.04 0.664406779661017 -1.2338983050847459 0.5694915254237288 1.5322033898305085
11.06 0.7593220338983051 -3.3355932203389833 0.47457627118644075 3.349152542372882
11.08 0.47457627118644075 -2.657627118644068 0.47457627118644075 1.816949152542373
11.1 0.664406779661017 -4.7593220338983055 0.47457627118644075 3.349152542372882
11.12 0.37966101694915255 -3.6203389830508477 0.47457627118644075 1.9118644067796613
11.14 0.47457627118644075 -5.613559322033899 0.5694915254237288 3.050847457627119
11.16 0.18983050847457628 -4.189830508474577 0.5694915254237288 1.722033898305085
11.18 0.2847457627118644 -5.993220338983051 0.47457627118644075 2.4813559322033902
11.2 0.18983050847457628 -4.474576271186441 0.47457627118644075 1.4372881355932206
11.22 0.2847457627118644 -6.101694915254238 0.47457627118644075 1.722033898305085
11.24 0.18983050847457628 -4.474576271186441 0.47457627118644075 1.152542372881356
11.26 0.2847457627118644 -5.708474576271187 0.47457627118644075 0.7728813559322034
11.28 0.18983050847457628 -4.284745762711865 0.47457627118644075 0.6779661016949153
11.3 0.2847457627118644 -5.233898305084746 0.47457627118644075 -0.18983050847457628
11.32 0.09491525423728814 -3.9050847457627125 0.47457627118644075 -0.0
11.34 0.2847457627118644 -4.379661016949153 0.47457627118644075 -1.4237288135593222
11.36 0.09491525423728814 -3.3355932203389833 0.47457627118644075 -0.5694915254237288
11.38 0.2847457627118644 -3.4305084745762717 0.47457627118644075 -2.1830508474576273
11.4 0.09491525423728814 -2.657627118644068 0.47457627118644075 -0.9491525423728815
11.42 0.37966101694915255 -2.4677966101694917 0.2847457627118644 -2.752542372881356
11.44 0.18983050847457628 -1.993220338983051 0.37966101694915255 -1.2338983050847459
11.46 0.664406779661017 -1.6135593220338984 0.2847457627118644 -3.050847457627119
11.48 0.37966101694915255 -1.4237288135593222 0.2847457627118644 -1.328813559322034
11.5 0.8542372881355933 -0.8542372881355933 0.18983050847457628 -2.4677966101694917
11.52 0.5694915254237288 -0.8542372881355933 0.18983050847457628 -1.1389830508474577
11.54 1.328813559322034 -0.09491525423728814 0.0 -1.8033898305084748
11.56 0.8542372881355933 -0.18983050847457628 0.09491525423728814 -0.8542372881355933
11.58 2.0881355932203394 0.6779661016949153 -0.2033898305084746 -0.7593220338983051
11.6 1.328813559322034 0.39322033898305087 0.09491525423728814 -0.2847457627118644
11.62 2.657627118644068 1.2474576271186442 -0.39322033898305087 0.6779661016949153
11.64 1.8033898305084748 0.8677966101694916 -0.10847457627118645 0.5830508474576271
11.66 3.5254237288135597 1.816949152542373 -0.8677966101694916 1.6271186440677967
11.68 2.4677966101694917 1.2474576271186442 -0.2983050847457627 1.057627118644068
11.7 3.4305084745762717 2.0067796610169495 -0.48813559322033906 1.4372881355932206
11.72 2.2779661016949153 1.3423728813559324 -0.10847457627118645 0.9627118644067798
11.74 2.1830508474576273 2.0067796610169495 0.47457627118644075 1.057627118644068
11.76 1.328813559322034 1.3423728813559324 0.47457627118644075 0.6779661016949153
11.78 0.18983050847457628 1.816949152542373 1.8033898305084748 0.7728813559322034
11.8 0.0 1.2474576271186442 1.0440677966101697 0.5830508474576271
11.82 -1.722033898305085 1.4372881355932206 2.657627118644068 0.5830508474576271
11.84 -1.4372881355932206 0.8677966101694916 1.4237288135593222 0.48813559322033906
11.86 -3.44406779661017 1.057627118644068 3.145762711864407 0.48813559322033906
11.88 -2.4813559322033902 0.5830508474576271 1.6135593220338984 0.39322033898305087
11.9 -4.677966101694916 0.7728813559322034 3.2406779661016953 0.48813559322033906
11.92 -3.349152542372882 0.39322033898305087 1.6135593220338984 0.48813559322033906
11.94 -5.437288135593221 0.5830508474576271 2.9423728813559324 0.39322033898305087
11.96 -3.9186440677966106 0.39322033898305087 1.6135593220338984 0.39322033898305087
11.98 -5.722033898305085 0.48813559322033906 2.4677966101694917 0.39322033898305087
12.0 -4.1084745762711865 0.39322033898305087 1.5186440677966102 0.10847457627118645
12.02 -5.8169491525423735 0.7728813559322034 1.7084745762711866 0.48813559322033906
12.04 -4.298305084745763 0.6779661016949153 1.0440677966101697 0.48813559322033906
12.06 -5.627118644067798 0.7728813559322034 0.664406779661017 0.39322033898305087
12.08 -4.013559322033899 0.2983050847457627 0.5694915254237288 0.48813559322033906
12.1 -4.9627118644067805 0.39322033898305087 -0.48813559322033906 0.2983050847457627
12.12 -3.44406779661017 0.2033898305084746 -0.10847457627118645 0.2983050847457627
12.14 -4.013559322033899 0.2983050847457627 -1.6271186440677967 0.2983050847457627
12.16 -2.8610169491525426 0.10847457627118645 -0.5830508474576271 0.2983050847457627
12.18 -3.050847457627119 0.2983050847457627 -2.386440677966102 0.2983050847457627
12.2 -2.291525423728814 0.10847457627118645 -0.9627118644067798 0.2983050847457627
12.22 -2.1016949152542375 0.48813559322033906 -2.7661016949152546 0.2033898305084746
12.24 -1.722033898305085 0.2983050847457627 -1.057627118644068 0.2033898305084746
12.26 -1.2474576271186442 0.7728813559322034 -2.955932203389831 0.10847457627118645
12.28 -1.152542372881356 0.5830508474576271 -1.152542372881356 0.2033898305084746
12.3 -0.39322033898305087 1.152542372881356 -2.386440677966102 0.10847457627118645
12.32 -0.48813559322033906 0.7728813559322034 -0.8677966101694916 0.10847457627118645
12.34 0.2847457627118644 1.722033898305085 -1.6271186440677967 -0.09491525423728814
12.36 0.09491525423728814 1.2474576271186442 -0.48813559322033906 -0.0
12.38 0.7593220338983051 2.291525423728814 -0.39322033898305087 -0.37966101694915255
12.4 0.47457627118644075 1.5322033898305085 -0.10847457627118645 -0.09491525423728814
12.42 1.2338983050847459 3.2542372881355934 1.1389830508474577 -0.7593220338983051
12.44 0.664406779661017 2.291525423728814 0.8542372881355933 -0.18983050847457628
12.46 1.7084745762711866 4.1084745762711865 1.993220338983051 -1.1389830508474577
12.48 1.0440677966101697 2.8610169491525426 1.1389830508474577 -0.47457627118644075
12.5 1.993220338983051 4.298305084745763 1.5186440677966102 -0.9491525423728815
12.52 1.2338983050847459 3.1593220338983055 0.9491525423728815 -0.37966101694915255
12.54 1.898305084745763 3.050847457627119 1.1389830508474577 0.10847457627118645
12.56 1.0440677966101697 2.1016949152542375 0.664406779661017 0.10847457627118645
12.58 1.6135593220338984 0.8677966101694916 0.8542372881355933 1.5322033898305085
12.6 0.9491525423728815 0.39322033898305087 0.664406779661017 1.057627118644068
12.62 1.328813559322034 -1.4237288135593222 0.664406779661017 2.671186440677966
12.64 0.7593220338983051 -1.2338983050847459 0.5694915254237288 1.5322033898305085
12.66 0.9491525423728815 -3.3355932203389833 0.5694915254237288 3.44406779661017
12.68 0.47457627118644075 -2.657627118644068 0.5694915254237288 1.816949152542373
12.7 0.664406779661017 -4.854237288135594 0.47457627118644075 3.538983050847458
12.72 0.2847457627118644 -3.6203389830508477 0.47457627118644075 1.9118644067796613
12.74 0.5694915254237288 -5.8033898305084755 0.5694915254237288 3.2542372881355934
12.76 0.18983050847457628 -4.284745762711865 0.5694915254237288 1.816949152542373
12.78 0.47457627118644075 -6.196610169491526 0.5694915254237288 2.576271186440678
12.8 0.2847457627118644 -4.56949152542373 0.37966101694915255 1.6271186440677967
12.82 0.37966101694915255 -6.481355932203391 0.37966101694915255 1.9118644067796613
12.84 0.18983050847457628 -4.7593220338983055 0.47457627118644075 1.152542372881356
12.86 0.47457627118644075 -5.993220338983051 0.47457627118644075 0.9627118644067798
12.88 0.18983050847457628 -4.379661016949153 0.47457627118644075 0.7728813559322034
12.9 0.2847457627118644 -5.423728813559323 0.47457627118644075 -0.18983050847457628
12.92 0.09491525423728814 -4.0 0.47457627118644075 -0.0
12.94 0.2847457627118644 -4.664406779661017 0.47457627118644075 -1.328813559322034
12.96 0.09491525423728814 -3.5254237288135597 0.47457627118644075 -0.5694915254237288
12.98 0.2847457627118644 -3.715254237288136 0.47457627118644075 -2.1830508474576273
13.0 0.09491525423728814 -2.8474576271186445 0.47457627118644075 -0.8542372881355933
13.02 0.47457627118644075 -2.752542372881356 0.2847457627118644 -2.752542372881356
13.04 0.18983050847457628 -2.1830508474576273 0.2847457627118644 -1.2338983050847459
13.06 0.5694915254237288 -1.7084745762711866 0.2847457627118644 -3.145762711864407
13.08 0.2847457627118644 -1.5186440677966102 0.2847457627118644 -1.328813559322034
13.1 0.8542372881355933 -0.9491525423728815 0.18983050847457628 -2.657627118644068
13.12 0.5694915254237288 -0.9491525423728815 0.18983050847457628 -1.1389830508474577
13.14 1.328813559322034 -0.18983050847457628 0.0 -1.898305084745763
13.16 0.8542372881355933 -0.18983050847457628 0.09491525423728814 -0.7593220338983051
13.18 1.993220338983051 0.5830508474576271 -0.2033898305084746 -0.7593220338983051
13.2 1.328813559322034 0.39322033898305087 0.09491525423728814 -0.2847457627118644
13.22 2.657627118644068 1.2474576271186442 -0.39322033898305087 0.6779661016949153
13.24 1.8033898305084748 0.7728813559322034 -0.10847457627118645 0.5830508474576271
13.26 3.5254237288135597 1.816949152542373 -0.8677966101694916 1.6271186440677967
13.28 2.3728813559322037 1.2474576271186442 -0.2033898305084746 1.057627118644068
13.3 3.4305084745762717 2.0067796610169495 -0.5830508474576271 1.4372881355932206
13.32 2.1830508474576273 1.3423728813559324 -0.10847457627118645 0.9627118644067798
13.34 2.0881355932203394 2.0067796610169495 0.47457627118644075 1.152542372881356
13.36 1.328813559322034 1.2474576271186442 0.47457627118644075 0.6779661016949153
13.38 0.18983050847457628 1.816949152542373 1.8033898305084748 0.7728813559322034
13.4 0.0 1.152542372881356 1.0440677966101697 0.5830508474576271
13.42 -1.816949152542373 1.3423728813559324 2.657627118644068 0.5830508474576271
13.44 -1.4372881355932206 0.8677966101694916 1.4237288135593222 0.48813559322033906
13.46 -3.349152542372882 1.057627118644068 3.2406779661016953 0.48813559322033906
13.48 -2.4813559322033902 0.5830508474576271 1.6135593220338984 0.39322033898305087
13.5 -4.677966101694916 0.8677966101694916 3.3355932203389833 0.48813559322033906
13.52 -3.44406779661017 0.48813559322033906 1.7084745762711866 0.48813559322033906
13.54 -5.532203389830509 0.5830508474576271 3.050847457627119 0.39322033898305087
13.56 -3.9186440677966106 0.39322033898305087 1.6135593220338984 0.39322033898305087
13.58 -5.722033898305085 0.48813559322033906 2.56271186440678 0.39322033898305087
13.6 -5.8169491525423735 0.7728813559322034 1.6135593220338984 0.48813559322033906
13.62 -5.8169491525423735 0.7728813559322034 1.6135593220338984 0.48813559322033906
13.64 -4.203389830508475 0.6779661016949153 1.0440677966101697 0.48813559322033906
13.66 -5.627118644067798 0.6779661016949153 0.664406779661017 0.39322033898305087
13.68 -4.013559322033899 0.2033898305084746 0.5694915254237288 0.39322033898305087
13.7 -4.9627118644067805 0.39322033898305087 -0.48813559322033906 0.2983050847457627
13.72 -3.44406779661017 0.2033898305084746 -0.10847457627118645 0.2983050847457627
13.74 -3.9186440677966106 0.2983050847457627 -1.6271186440677967 0.2983050847457627
13.76 -2.8610169491525426 0.10847457627118645 -0.6779661016949153 0.2983050847457627
13.78 -3.050847457627119 0.2983050847457627 -2.386440677966102 0.2983050847457627
13.8 -2.386440677966102 0.2033898305084746 -0.8677966101694916 0.2983050847457627
13.82 -2.1016949152542375 0.48813559322033906 -2.7661016949152546 0.2033898305084746
13.84 -1.722033898305085 0.2983050847457627 -1.152542372881356 0.2033898305084746
13.86 -1.2474576271186442 0.8677966101694916 -2.955932203389831 0.10847457627118645
13.88 -1.057627118644068 0.5830508474576271 -1.152542372881356 0.2033898305084746
13.9 -0.39322033898305087 1.152542372881356 -2.386440677966102 0.10847457627118645
13.92 -0.48813559322033906 0.7728813559322034 -0.9627118644067798 0.2033898305084746
13.94 0.2847457627118644 1.722033898305085 -1.6271186440677967 -0.09491525423728814
13.96 0.09491525423728814 1.2474576271186442 -0.5830508474576271 -0.0
13.98 0.7593220338983051 2.291525423728814 -0.48813559322033906 -0.37966101694915255
14.0 0.47457627118644075 1.5322033898305085 -0.10847457627118645 -0.09491525423728814
14.02 1.2338983050847459 3.2542372881355934 1.0440677966101697 -0.7593220338983051
14.04 0.664406779661017 2.291525423728814 0.7593220338983051 -0.18983050847457628
14.06 1.7084745762711866 4.203389830508475 1.898305084745763 -1.0440677966101697
14.08 1.0440677966101697 2.955932203389831 1.1389830508474577 -0.47457627118644075
14.1 1.993220338983051 4.393220338983051 1.6135593220338984 -0.9491525423728815
14.12 1.2338983050847459 3.1593220338983055 0.8542372881355933 -0.37966101694915255
14.14 1.898305084745763 3.050847457627119 1.1389830508474577 0.10847457627118645
14.16 1.1389830508474577 2.1016949152542375 0.7593220338983051 0.10847457627118645
14.18 1.6135593220338984 0.8677966101694916 0.8542372881355933 1.5322033898305085
14.2 0.9491525423728815 0.39322033898305087 0.664406779661017 1.057627118644068
14.22 1.328813559322034 -1.4237288135593222 0.664406779661017 2.671186440677966
14.24 0.7593220338983051 -1.2338983050847459 0.5694915254237288 1.5322033898305085
14.26 0.8542372881355933 -3.4305084745762717 0.5694915254237288 3.44406779661017
14.28 0.47457627118644075 -2.657627118644068 0.5694915254237288 1.816949152542373
14.3 0.7593220338983051 -4.9491525423728815 0.47457627118644075 3.538983050847458
14.32 0.2847457627118644 -3.715254237288136 0.47457627118644075 1.9118644067796613
14.34 0.5694915254237288 -5.898305084745763 0.5694915254237288 3.44406779661017
14.36 0.18983050847457628 -4.284745762711865 0.47457627118644075 1.9118644067796613
14.38 0.47457627118644075 -6.386440677966102 0.47457627118644075 2.671186440677966
14.4 0.2847457627118644 -4.56949152542373 0.37966101694915255 1.6271186440677967
14.42 0.47457627118644075 -6.576271186440678 0.37966101694915255 1.9118644067796613
14.44 0.18983050847457628 -4.7593220338983055 0.47457627118644075 1.152542372881356
14.46 0.47457627118644075 -6.196610169491526 0.47457627118644075 0.9627118644067798
14.48 0.18983050847457628 -4.379661016949153 0.47457627118644075 0.7728813559322034
14.5 0.18983050847457628 -5.423728813559323 0.47457627118644075 -0.18983050847457628
14.52 0.09491525423728814 -3.9050847457627125 0.47457627118644075 -0.0
14.54 0.2847457627118644 -4.664406779661017 0.47457627118644075 -1.328813559322034
14.56 0.09491525423728814 -3.5254237288135597 0.47457627118644075 -0.5694915254237288
14.58 0.2847457627118644 -3.6203389830508477 0.47457627118644075 -2.1830508474576273
14.6 0.09491525423728814 -2.8474576271186445 0.37966101694915255 -0.9491525423728815
14.62 0.37966101694915255 -2.752542372881356 0.2847457627118644 -2.752542372881356
14.64 0.18983050847457628 -2.1830508474576273 0.37966101694915255 -1.2338983050847459
14.66 0.5694915254237288 -1.8033898305084748 0.2847457627118644 -3.050847457627119
14.68 0.2847457627118644 -1.5186440677966102 0.2847457627118644 -1.328813559322034
14.7 0.8542372881355933 -1.0440677966101697 0.18983050847457628 -2.56271186440678
14.72 0.47457627118644075 -1.0440677966101697 0.18983050847457628 -1.2338983050847459
14.74 1.328813559322034 -0.18983050847457628 0.0 -1.898305084745763
14.76 0.8542372881355933 -0.18983050847457628 0.09491525423728814 -0.7593220338983051
14.78 1.993220338983051 0.5830508474576271 -0.2033898305084746 -0.664406779661017
14.8 1.2338983050847459 0.39322033898305087 0.09491525423728814 -0.2847457627118644
14.82 2.752542372881356 1.2474576271186442 -0.39322033898305087 0.6779661016949153
14.84 1.8033898305084748 0.7728813559322034 -0.10847457627118645 0.5830508474576271
14.86 3.5254237288135597 1.816949152542373 -0.8677966101694916 1.6271186440677967
14.88 2.3728813559322037 1.2474576271186442 -0.2983050847457627 1.057627118644068
14.9 3.4305084745762717 1.9118644067796613 -0.5830508474576271 1.4372881355932206
14.92 2.2779661016949153 1.3423728813559324 -0.10847457627118645 0.8677966101694916
14.94 2.0881355932203394 2.0067796610169495 0.47457627118644075 1.152542372881356
14.96 1.328813559322034 1.2474576271186442 0.37966101694915255 0.6779661016949153
14.98 0.18983050847457628 1.816949152542373 1.7084745762711866 0.7728813559322034
15.0 0.0 1.152542372881356 1.0440677966101697 0.5830508474576271
15.02 -1.722033898305085 1.4372881355932206 2.657627118644068 0.5830508474576271
15.04 -1.4372881355932206 0.8677966101694916 1.4237288135593222 0.48813559322033906
15.06 -3.44406779661017 1.057627118644068 3.145762711864407 0.48813559322033906
15.08 -2.4813559322033902 0.5830508474576271 1.6135593220338984 0.39322033898305087
15.1 -4.677966101694916 0.7728813559322034 3.3355932203389833 0.48813559322033906
15.12 -5.532203389830509 0.5830508474576271 3.050847457627119 0.39322033898305087
15.14 -5.532203389830509 0.5830508474576271 3.050847457627119 0.39322033898305087
15.16 -4.013559322033899 0.39322033898305087 1.7084745762711866 0.39322033898305087
15.18 -5.8169491525423735 0.5830508474576271 2.56271186440678 0.39322033898305087
15.2 -4.1084745762711865 0.39322033898305087 1.5186440677966102 0.2033898305084746
15.22 -5.8169491525423735 0.7728813559322034 1.6135593220338984 0.48813559322033906
15.24 -4.298305084745763 0.5830508474576271 1.0440677966101697 0.48813559322033906
15.26 -5.722033898305085 0.6779661016949153 0.664406779661017 0.39322033898305087
15.28 -4.1084745762711865 0.2983050847457627 0.5694915254237288 0.39322033898305087
15.3 -4.9627118644067805 0.39322033898305087 -0.48813559322033906 0.2983050847457627
15.32 -3.538983050847458 0.2033898305084746 -0.10847457627118645 0.2983050847457627
15.34 -4.013559322033899 0.2983050847457627 -1.722033898305085 0.2983050847457627
15.36 -2.8610169491525426 0.10847457627118645 -0.6779661016949153 0.2983050847457627
15.38 -3.050847457627119 0.2983050847457627 -2.386440677966102 0.2983050847457627
15.4 -2.386440677966102 0.10847457627118645 -0.9627118644067798 0.2983050847457627
15.42 -2.1016949152542375 0.48813559322033906 -2.671186440677966 0.2033898305084746
15.44 -1.722033898305085 0.2983050847457627 -1.057627118644068 0.2033898305084746
15.46 -1.2474576271186442 0.8677966101694916 -2.955932203389831 0.10847457627118645
15.48 -1.057627118644068 0.48813559322033906 -1.2474576271186442 0.10847457627118645
15.5 -0.39322033898305087 1.152542372881356 -2.386440677966102 0.10847457627118645
15.52 -0.39322033898305087 0.8677966101694916 -0.9627118644067798 0.10847457627118645
15.54 0.2847457627118644 1.722033898305085 -1.6271186440677967 -0.09491525423728814
15.56 0.09491525423728814 1.2474576271186442 -0.5830508474576271 -0.0
15.58 0.8542372881355933 2.291525423728814 -0.39322033898305087 -0.37966101694915255
15.6 0.47457627118644075 1.5322033898305085 -0.10847457627118645 -0.09491525423728814
15.62 1.2338983050847459 3.2542372881355934 1.0440677966101697 -0.7593220338983051
15.64 0.7593220338983051 2.291525423728814 0.7593220338983051 -0.2847457627118644
15.66 1.7084745762711866 4.1084745762711865 1.898305084745763 -1.0440677966101697
15.68 1.0440677966101697 2.8610169491525426 1.1389830508474577 -0.47457627118644075
15.7 1.993220338983051 4.393220338983051 1.6135593220338984 -1.0440677966101697
15.72 1.2338983050847459 3.1593220338983055 0.8542372881355933 -0.37966101694915255
15.74 1.898305084745763 3.050847457627119 1.1389830508474577 0.10847457627118645
15.76 1.1389830508474577 2.1966101694915254 0.7593220338983051 0.2033898305084746
15.78 1.6135593220338984 0.8677966101694916 0.8542372881355933 1.5322033898305085
15.8 0.9491525423728815 0.48813559322033906 0.664406779661017 1.057627118644068
15.82 1.328813559322034 -1.4237288135593222 0.664406779661017 2.671186440677966
15.84 0.7593220338983051 -1.2338983050847459 0.5694915254237288 1.5322033898305085
15.86 0.9491525423728815 -3.4305084745762717 0.5694915254237288 3.538983050847458
15.88 0.47457627118644075 -2.657627118644068 0.5694915254237288 1.9118644067796613
15.9 0.664406779661017 -4.9491525423728815 0.47457627118644075 3.728813559322034
15.92 0.2847457627118644 -3.6203389830508477 0.47457627118644075 1.9118644067796613
15.94 0.47457627118644075 -5.898305084745763 0.5694915254237288 3.44406779661017
15.96 0.18983050847457628 -4.379661016949153 0.47457627118644075 1.816949152542373
15.98 0.47457627118644075 -6.291525423728814 0.47457627118644075 2.671186440677966
16.0 0.2847457627118644 -4.664406779661017 0.37966101694915255 1.6271186440677967
16.02 0.47457627118644075 -6.481355932203391 0.47457627118644075 1.9118644067796613
16.04 0.2847457627118644 -4.854237288135594 0.47457627118644075 1.2474576271186442
16.06 0.47457627118644075 -6.101694915254238 0.47457627118644075 0.9627118644067798
16.08 0.18983050847457628 -4.474576271186441 0.47457627118644075 0.7728813559322034
16.1 0.2847457627118644 -5.423728813559323 0.47457627118644075 -0.18983050847457628
16.12 0.09491525423728814 -4.0 0.47457627118644075 -0.0
16.14 0.2847457627118644 -4.664406779661017 0.37966101694915255 -1.328813559322034
16.16 0.09491525423728814 -3.4305084745762717 0.47457627118644075 -0.5694915254237288
16.18 0.2847457627118644 -3.6203389830508477 0.47457627118644075 -2.1830508474576273
16.2 0.09491525423728814 -2.8474576271186445 0.47457627118644075 -0.9491525423728815
16.22 0.37966101694915255 -2.657627118644068 0.2847457627118644 -2.657627118644068
16.24 0.18983050847457628 -2.1830508474576273 0.2847457627118644 -1.2338983050847459
16.26 0.5694915254237288 -1.7084745762711866 0.2847457627118644 -3.145762711864407
16.28 0.2847457627118644 -1.5186440677966102 0.2847457627118644 -1.328813559322034
16.3 0.8542372881355933 -1.0440677966101697 0.18983050847457628 -2.56271186440678
16.32 0.5694915254237288 -0.9491525423728815 0.18983050847457628 -1.1389830508474577
16.34 1.328813559322034 -0.18983050847457628 0.0 -1.8033898305084748
16.36 0.8542372881355933 -0.18983050847457628 0.09491525423728814 -0.8542372881355933
16.38 1.993220338983051 0.5830508474576271 -0.10847457627118645 -0.664406779661017
16.4 1.328813559322034 0.39322033898305087 0.09491525423728814 -0.2847457627118644
16.42 2.657627118644068 1.2474576271186442 -0.39322033898305087 0.7728813559322034
16.44 1.8033898305084748 0.7728813559322034 -0.10847457627118645 0.5830508474576271
16.46 3.6203389830508477 1.722033898305085 -0.8677966101694916 1.6271186440677967
16.48 2.3728813559322037 1.152542372881356 -0.2983050847457627 0.9627118644067798
16.5 3.5254237288135597 2.0067796610169495 -0.6779661016949153 1.4372881355932206
16.52 2.3728813559322037 1.3423728813559324 -0.10847457627118645 0.8677966101694916
16.54 2.0881355932203394 2.0067796610169495 0.47457627118644075 1.152542372881356
16.56 1.328813559322034 1.3423728813559324 0.47457627118644075 0.6779661016949153
16.58 0.18983050847457628 1.816949152542373 1.7084745762711866 0.7728813559322034
16.6 0.0 1.152542372881356 1.0440677966101697 0.5830508474576271
16.62 -1.6271186440677967 1.3423728813559324 2.752542372881356 0.5830508474576271
16.64 -1.2474576271186442 0.8677966101694916 1.5186440677966102 0.48813559322033906
16.66 -3.2542372881355934 1.057627118644068 3.145762711864407 0.48813559322033906
16.68 -2.386440677966102 0.5830508474576271 1.7084745762711866 0.39322033898305087
16.7 -4.583050847457628 0.8677966101694916 3.3355932203389833 0.48813559322033906
16.72 -3.2542372881355934 0.48813559322033906 1.7084745762711866 0.48813559322033906
16.74 -5.342372881355932 0.6779661016949153 3.050847457627119 0.39322033898305087
16.76 -3.8237288135593226 0.39322033898305087 1.6135593220338984 0.39322033898305087
16.78 -5.627118644067798 0.48813559322033906 2.56271186440678 0.39322033898305087
16.8 -3.9186440677966106 0.2983050847457627 1.4237288135593222 0.39322033898305087
16.82 -5.627118644067798 0.5830508474576271 1.7084745762711866 0.39322033898305087
16.84 -4.1084745762711865 0.5830508474576271 1.0440677966101697 0.39322033898305087
16.86 -5.437288135593221 0.6779661016949153 0.7593220338983051 0.39322033898305087
16.88 -3.9186440677966106 0.2983050847457627 0.5694915254237288 0.39322033898305087
16.9 -4.867796610169492 0.39322033898305087 -0.2983050847457627 0.39322033898305087
16.92 -3.44406779661017 0.10847457627118645 0.0 0.39322033898305087
16.94 -3.8237288135593226 0.2983050847457627 -1.3423728813559324 0.2983050847457627
16.96 -2.7661016949152546 0.10847457627118645 -0.48813559322033906 0.2983050847457627
16.98 -2.955932203389831 0.2983050847457627 -2.1966101694915254 0.2983050847457627
17.0 -2.291525423728814 0.10847457627118645 -0.8677966101694916 0.2983050847457627
17.02 -2.1016949152542375 0.39322033898305087 -2.576271186440678 0.2033898305084746
17.04 -1.722033898305085 0.2033898305084746 -1.057627118644068 0.2983050847457627
17.06 -1.3423728813559324 0.6779661016949153 -2.7661016949152546 0.2033898305084746
17.08 -1.152542372881356 0.48813559322033906 -1.152542372881356 0.2033898305084746
17.1 -0.5830508474576271 1.057627118644068 -2.386440677966102 -0.0
17.12 -0.5830508474576271 0.7728813559322034 -0.8677966101694916 0.10847457627118645
17.14 0.18983050847457628 1.5322033898305085 -1.6271186440677967 -0.0
17.16 0.0 1.057627118644068 -0.48813559322033906 -0.0
17.18 0.7593220338983051 2.0067796610169495 -0.39322033898305087 -0.2847457627118644
17.2 0.47457627118644075 1.3423728813559324 0.0 -0.09491525423728814
17.22 1.2338983050847459 2.955932203389831 0.7593220338983051 -0.5694915254237288
17.24 0.664406779661017 2.0067796610169495 0.664406779661017 -0.18983050847457628
17.26 1.6135593220338984 3.728813559322034 1.6135593220338984 -0.9491525423728815
17.28 0.9491525423728815 2.576271186440678 0.9491525423728815 -0.2847457627118644
17.3 1.8033898305084748 3.728813559322034 1.4237288135593222 -0.7593220338983051
17.32 1.0440677966101697 2.576271186440678 0.8542372881355933 -0.2847457627118644
17.34 1.7084745762711866 2.576271186440678 1.0440677966101697 0.2033898305084746
17.36 1.0440677966101697 1.722033898305085 0.664406779661017 0.2983050847457627
17.38 1.5186440677966102 0.5830508474576271 0.8542372881355933 1.6271186440677967
17.4 0.9491525423728815 0.2983050847457627 0.664406779661017 0.9627118644067798
17.42 1.1389830508474577 -1.4237288135593222 0.664406779661017 2.7661016949152546
17.44 0.664406779661017 -1.2338983050847459 0.5694915254237288 1.5322033898305085
17.46 0.7593220338983051 -3.4305084745762717 0.5694915254237288 3.44406779661017
17.48 0.47457627118644075 -2.657627118644068 0.47457627118644075 1.816949152542373
17.5 0.664406779661017 -4.7593220338983055 0.47457627118644075 3.349152542372882
17.52 0.37966101694915255 -3.6203389830508477 0.47457627118644075 1.9118644067796613
17.54 0.47457627118644075 -5.613559322033899 0.5694915254237288 3.1593220338983055
17.56 0.18983050847457628 -4.189830508474577 0.5694915254237288 1.722033898305085
17.58 0.2847457627118644 -6.101694915254238 0.37966101694915255 2.4813559322033902
17.6 0.18983050847457628 -4.474576271186441 0.47457627118644075 1.4372881355932206
17.62 0.37966101694915255 -6.196610169491526 0.47457627118644075 1.722033898305085
17.64 0.18983050847457628 -4.56949152542373 0.47457627118644075 1.057627118644068
17.66 0.2847457627118644 -5.708474576271187 0.47457627118644075 0.8677966101694916
17.68 0.09491525423728814 -4.284745762711865 0.47457627118644075 0.7728813559322034
17.7 0.2847457627118644 -5.138983050847458 0.37966101694915255 -0.18983050847457628
17.72 0.09491525423728814 -3.9050847457627125 0.37966101694915255 -0.0
17.74 0.2847457627118644 -4.379661016949153 0.37966101694915255 -1.4237288135593222
17.76 0.09491525423728814 -3.2406779661016953 0.47457627118644075 -0.5694915254237288
17.78 0.2847457627118644 -3.5254237288135597 0.47457627118644075 -2.1830508474576273
17.8 0.09491525423728814 -2.752542372881356 0.37966101694915255 -0.9491525423728815
17.82 0.37966101694915255 -2.4677966101694917 0.2847457627118644 -2.752542372881356
17.84 0.18983050847457628 -2.0881355932203394 0.2847457627118644 -1.2338983050847459
17.86 0.5694915254237288 -1.6135593220338984 0.18983050847457628 -2.9423728813559324
17.88 0.2847457627118644 -1.4237288135593222 0.2847457627118644 -1.328813559322034
17.9 0.8542372881355933 -0.8542372881355933 0.18983050847457628 -2.56271186440678
17.92 0.47457627118644075 -0.8542372881355933 0.18983050847457628 -1.1389830508474577
17.94 1.328813559322034 -0.09491525423728814 0.0 -1.8033898305084748
17.96 0.8542372881355933 -0.18983050847457628 0.09491525423728814 -0.7593220338983051
17.98 2.0881355932203394 0.6779661016949153 -0.2033898305084746 -0.7593220338983051
18.0 1.328813559322034 0.39322033898305087 0.09491525423728814 -0.2847457627118644
18.02 2.752542372881356 1.2474576271186442 -0.39322033898305087 0.6779661016949153
18.04 1.8033898305084748 0.7728813559322034 -0.10847457627118645 0.5830508474576271
18.06 3.6203389830508477 1.816949152542373 -0.8677966101694916 1.5322033898305085
18.08 2.3728813559322037 1.2474576271186442 -0.2983050847457627 1.057627118644068
18.1 3.4305084745762717 2.0067796610169495 -0.48813559322033906 1.4372881355932206
18.12 2.2779661016949153 1.2474576271186442 -0.10847457627118645 0.9627118644067798
18.14 2.1830508474576273 2.0067796610169495 0.37966101694915255 1.057627118644068
18.16 1.328813559322034 1.3423728813559324 0.37966101694915255 0.7728813559322034
18.18 0.18983050847457628 1.816949152542373 1.8033898305084748 0.7728813559322034
18.2 0.0 1.152542372881356 1.0440677966101697 0.5830508474576271
18.22 -1.816949152542373 1.3423728813559324 2.657627118644068 0.5830508474576271
18.24 -1.4372881355932206 0.8677966101694916 1.4237288135593222 0.48813559322033906
18.26 -3.44406779661017 1.057627118644068 3.2406779661016953 0.48813559322033906
18.28 -2.4813559322033902 0.5830508474576271 1.7084745762711866 0.39322033898305087
18.3 -4.677966101694916 0.7728813559322034 3.3355932203389833 0.48813559322033906
18.32 -3.44406779661017 0.48813559322033906 1.7084745762711866 0.39322033898305087
18.34 -5.532203389830509 0.5830508474576271 3.050847457627119 0.39322033898305087
18.36 -3.9186440677966106 0.39322033898305087 1.6135593220338984 0.39322033898305087
18.38 -5.722033898305085 0.48813559322033906 2.4677966101694917 0.48813559322033906
18.4 -4.1084745762711865 0.39322033898305087 1.5186440677966102 0.10847457627118645
18.42 -5.8169491525423735 0.7728813559322034 1.7084745762711866 0.48813559322033906
18.44 -4.298305084745763 0.6779661016949153 1.0440677966101697 0.48813559322033906
18.46 -5.627118644067798 0.7728813559322034 0.664406779661017 0.39322033898305087
18.48 -4.1084745762711865 0.2983050847457627 0.5694915254237288 0.39322033898305087
18.5 -4.9627118644067805 0.2983050847457627 -0.48813559322033906 0.2983050847457627
18.52 -3.44406779661017 0.2033898305084746 -0.10847457627118645 0.2983050847457627
18.54 -3.9186440677966106 0.2983050847457627 -1.6271186440677967 0.2983050847457627
18.56 -2.8610169491525426 0.10847457627118645 -0.5830508474576271 0.2983050847457627
18.58 -3.050847457627119 0.2033898305084746 -2.386440677966102 0.2983050847457627
18.6 -2.291525423728814 0.10847457627118645 -0.9627118644067798 0.2983050847457627
18.62 -2.1016949152542375 0.48813559322033906 -2.7661016949152546 0.2033898305084746
18.64 -1.722033898305085 0.2983050847457627 -1.152542372881356 0.2033898305084746
18.66 -1.2474576271186442 0.8677966101694916 -3.050847457627119 0.2033898305084746
18.68 -1.057627118644068 0.5830508474576271 -1.152542372881356 0.2033898305084746
18.7 -0.39322033898305087 1.152542372881356 -2.4813559322033902 0.10847457627118645
18.72 -0.48813559322033906 0.7728813559322034 -0.9627118644067798 0.2033898305084746
18.74 0.2847457627118644 1.816949152542373 -1.5322033898305085 -0.09491525423728814
18.76 0.09491525423728814 1.2474576271186442 -0.5830508474576271 -0.0
18.78 0.8542372881355933 2.291525423728814 -0.48813559322033906 -0.37966101694915255
18.8 0.47457627118644075 1.6271186440677967 -0.10847457627118645 -0.09491525423728814
18.82 1.2338983050847459 3.349152542372882 1.0440677966101697 -0.7593220338983051
18.84 0.7593220338983051 2.291525423728814 0.7593220338983051 -0.18983050847457628
18.86 1.6135593220338984 4.1084745762711865 1.898305084745763 -1.1389830508474577
18.88 0.9491525423728815 2.8610169491525426 1.1389830508474577 -0.47457627118644075
18.9 1.993220338983051 4.393220338983051 1.5186440677966102 -1.0440677966101697
18.92 1.2338983050847459 3.1593220338983055 0.9491525423728815 -0.37966101694915255
18.94 1.8033898305084748 3.050847457627119 1.0440677966101697 0.10847457627118645
18.96 1.1389830508474577 2.1016949152542375 0.664406779661017 0.10847457627118645
18.98 1.6135593220338984 0.8677966101694916 0.8542372881355933 1.5322033898305085
19.0 0.9491525423728815 0.39322033898305087 0.664406779661017 1.057627118644068
19.02 1.328813559322034 -1.4237288135593222 0.664406779661017 2.7661016949152546
19.04 0.7593220338983051 -1.2338983050847459 0.5694915254237288 1.5322033898305085
19.06 0.9491525423728815 -3.4305084745762717 0.5694915254237288 3.44406779661017
19.08 0.47457627118644075 -2.657627118644068 0.5694915254237288 1.9118644067796613
19.1 0.664406779661017 -4.854237288135594 0.47457627118644075 3.633898305084746
19.12 0.37966101694915255 -3.715254237288136 0.47457627118644075 1.9118644067796613
19.14 0.47457627118644075 -5.8033898305084755 0.5694915254237288 3.349152542372882
19.16 0.2847457627118644 -4.379661016949153 0.5694915254237288 1.816949152542373
19.18 0.47457627118644075 -6.291525423728814 0.5694915254237288 2.671186440677966
19.2 0.18983050847457628 -4.56949152542373 0.37966101694915255 1.6271186440677967
19.22 0.37966101694915255 -6.481355932203391 0.47457627118644075 1.9118644067796613
19.24 0.18983050847457628 -4.854237288135594 0.47457627118644075 1.152542372881356
19.26 0.37966101694915255 -6.101694915254238 0.47457627118644075 0.9627118644067798
19.28 0.18983050847457628 -4.379661016949153 0.47457627118644075 0.7728813559322034
19.3 0.2847457627118644 -5.423728813559323 0.37966101694915255 -0.09491525423728814
19.32 0.09491525423728814 -4.0 0.47457627118644075 -0.0
19.34 0.2847457627118644 -4.664406779661017 0.47457627118644075 -1.328813559322034
19.36 0.09491525423728814 -3.5254237288135597 0.47457627118644075 -0.5694915254237288
19.38 0.2847457627118644 -3.715254237288136 0.47457627118644075 -2.1830508474576273
19.4 0.09491525423728814 -2.752542372881356 0.37966101694915255 -0.9491525423728815
19.42 0.37966101694915255 -2.657627118644068 0.37966101694915255 -2.752542372881356
19.44 0.18983050847457628 -2.1830508474576273 0.37966101694915255 -1.2338983050847459
19.46 0.5694915254237288 -1.8033898305084748 0.2847457627118644 -3.145762711864407
19.48 0.37966101694915255 -1.5186440677966102 0.18983050847457628 -1.328813559322034
19.5 0.8542372881355933 -0.9491525423728815 0.18983050847457628 -2.56271186440678
19.52 0.5694915254237288 -0.9491525423728815 0.18983050847457628 -1.1389830508474577
19.54 1.328813559322034 -0.18983050847457628 0.0 -1.898305084745763
19.56 0.8542372881355933 -0.18983050847457628 0.09491525423728814 -0.8542372881355933
19.58 2.0881355932203394 0.5830508474576271 -0.2033898305084746 -0.664406779661017
19.6 1.328813559322034 0.39322033898305087 0.09491525423728814 -0.2847457627118644
19.62 2.752542372881356 1.2474576271186442 -0.39322033898305087 0.6779661016949153
19.64 1.8033898305084748 0.7728813559322034 -0.10847457627118645 0.5830508474576271
19.66 3.6203389830508477 1.816949152542373 -0.9627118644067798 1.6271186440677967
19.68 2.4677966101694917 1.152542372881356 -0.2983050847457627 1.057627118644068
19.7 3.4305084745762717 2.0067796610169495 -0.5830508474576271 1.4372881355932206
19.72 2.2779661016949153 1.2474576271186442 -0.10847457627118645 0.8677966101694916
19.74 2.1830508474576273 2.0067796610169495 0.47457627118644075 1.152542372881356
19.76 1.4237288135593222 1.2474576271186442 0.37966101694915255 0.6779661016949153
19.78 0.18983050847457628 1.816949152542373 1.8033898305084748 0.7728813559322034
19.8 0.0 1.152542372881356 1.0440677966101697 0.5830508474576271
19.82 -1.816949152542373 1.3423728813559324 2.752542372881356 0.5830508474576271
19.84 -1.4372881355932206 0.8677966101694916 1.4237288135593222 0.48813559322033906
19.86 -3.44406779661017 0.9627118644067798 3.2406779661016953 0.48813559322033906
19.88 -2.576271186440678 0.5830508474576271 1.7084745762711866 0.39322033898305087
19.9 -4.677966101694916 0.7728813559322034 3.3355932203389833 0.48813559322033906
19.92 -3.538983050847458 0.48813559322033906 1.7084745762711866 0.48813559322033906
19.94 -5.437288135593221 0.5830508474576271 2.9423728813559324 0.39322033898305087
19.96 -3.9186440677966106 0.39322033898305087 1.6135593220338984 0.39322033898305087
19.98 -5.722033898305085 0.48813559322033906 2.4677966101694917 0.39322033898305087
20.0 -4.1084745762711865 0.39322033898305087 1.5186440677966102 0.10847457627118645
