0 1.024000E+3 1.022000E+3 1.019000E+3 1.021000E+3
1 1.024000E+3 1.022000E+3 1.019000E+3 1.021000E+3
2 1.024000E+3 1.022000E+3 1.019000E+3 1.021000E+3
3 1.024000E+3 1.022000E+3 1.019000E+3 1.021000E+3
4 1.021000E+3 1.033000E+3 1.023000E+3 1.011000E+3
5 1.015000E+3 1.052000E+3 1.027000E+3 997.000000E+0
6 1.009000E+3 1.070000E+3 1.033000E+3 977.000000E+0
7 1.001000E+3 1.089000E+3 1.040000E+3 959.000000E+0
8 993.000000E+0 1.111000E+3 1.049000E+3 938.000000E+0
9 986.000000E+0 1.131000E+3 1.057000E+3 918.000000E+0
10 977.000000E+0 1.151000E+3 1.066000E+3 899.000000E+0
11 969.000000E+0 1.171000E+3 1.075000E+3 880.000000E+0
12 961.000000E+0 1.189000E+3 1.083000E+3 860.000000E+0
13 952.000000E+0 1.210000E+3 1.092000E+3 841.000000E+0
14 943.000000E+0 1.227000E+3 1.100000E+3 822.000000E+0
15 934.000000E+0 1.245000E+3 1.108000E+3 804.000000E+0
16 926.000000E+0 1.263000E+3 1.116000E+3 785.000000E+0
17 917.000000E+0 1.281000E+3 1.125000E+3 769.000000E+0
18 909.000000E+0 1.297000E+3 1.134000E+3 751.000000E+0
19 901.000000E+0 1.314000E+3 1.141000E+3 734.000000E+0
20 893.000000E+0 1.331000E+3 1.150000E+3 718.000000E+0
21 886.000000E+0 1.346000E+3 1.158000E+3 702.000000E+0
22 879.000000E+0 1.363000E+3 1.165000E+3 686.000000E+0
23 872.000000E+0 1.379000E+3 1.172000E+3 671.000000E+0
24 865.000000E+0 1.395000E+3 1.180000E+3 654.000000E+0
25 858.000000E+0 1.408000E+3 1.186000E+3 640.000000E+0
26 851.000000E+0 1.424000E+3 1.193000E+3 625.000000E+0
27 844.000000E+0 1.436000E+3 1.199000E+3 611.000000E+0
28 838.000000E+0 1.452000E+3 1.205000E+3 596.000000E+0
29 832.000000E+0 1.465000E+3 1.211000E+3 583.000000E+0
30 826.000000E+0 1.479000E+3 1.218000E+3 570.000000E+0
31 820.000000E+0 1.491000E+3 1.224000E+3 558.000000E+0
32 814.000000E+0 1.504000E+3 1.229000E+3 546.000000E+0
33 809.000000E+0 1.515000E+3 1.234000E+3 534.000000E+0
34 802.000000E+0 1.527000E+3 1.240000E+3 522.000000E+0
35 799.000000E+0 1.537000E+3 1.245000E+3 512.000000E+0
36 794.000000E+0 1.548000E+3 1.251000E+3 501.000000E+0
37 789.000000E+0 1.557000E+3 1.256000E+3 491.000000E+0
38 784.000000E+0 1.567000E+3 1.260000E+3 482.000000E+0
39 779.000000E+0 1.576000E+3 1.265000E+3 473.000000E+0
40 775.000000E+0 1.585000E+3 1.269000E+3 463.000000E+0
41 771.000000E+0 1.593000E+3 1.272000E+3 456.000000E+0
42 768.000000E+0 1.601000E+3 1.276000E+3 448.000000E+0
43 765.000000E+0 1.607000E+3 1.279000E+3 441.000000E+0
44 761.000000E+0 1.614000E+3 1.283000E+3 434.000000E+0
45 758.000000E+0 1.621000E+3 1.285000E+3 428.000000E+0
46 756.000000E+0 1.626000E+3 1.288000E+3 423.000000E+0
47 754.000000E+0 1.630000E+3 1.290000E+3 417.000000E+0
48 752.000000E+0 1.634000E+3 1.293000E+3 413.000000E+0
49 748.000000E+0 1.641000E+3 1.297000E+3 406.000000E+0
50 748.000000E+0 1.641000E+3 1.297000E+3 406.000000E+0
51 746.000000E+0 1.644000E+3 1.299000E+3 404.000000E+0
52 745.000000E+0 1.645000E+3 1.300000E+3 402.000000E+0
53 744.000000E+0 1.646000E+3 1.301000E+3 402.000000E+0
54 743.000000E+0 1.646000E+3 1.302000E+3 400.000000E+0
55 743.000000E+0 1.646000E+3 1.302000E+3 400.000000E+0
56 742.000000E+0 1.646000E+3 1.302000E+3 400.000000E+0
57 743.000000E+0 1.646000E+3 1.302000E+3 400.000000E+0
58 743.000000E+0 1.646000E+3 1.302000E+3 400.000000E+0
59 742.000000E+0 1.646000E+3 1.302000E+3 400.000000E+0
60 743.000000E+0 1.646000E+3 1.302000E+3 400.000000E+0
61 742.000000E+0 1.646000E+3 1.302000E+3 400.000000E+0
62 742.000000E+0 1.646000E+3 1.302000E+3 400.000000E+0
63 743.000000E+0 1.646000E+3 1.302000E+3 400.000000E+0
64 743.000000E+0 1.646000E+3 1.302000E+3 400.000000E+0
65 742.000000E+0 1.646000E+3 1.302000E+3 400.000000E+0
66 742.000000E+0 1.646000E+3 1.302000E+3 399.000000E+0
67 743.000000E+0 1.646000E+3 1.304000E+3 397.000000E+0
68 743.000000E+0 1.646000E+3 1.305000E+3 394.000000E+0
69 742.000000E+0 1.646000E+3 1.308000E+3 389.000000E+0
70 742.000000E+0 1.646000E+3 1.311000E+3 382.000000E+0
71 743.000000E+0 1.646000E+3 1.316000E+3 374.000000E+0
72 743.000000E+0 1.646000E+3 1.323000E+3 364.000000E+0
73 742.000000E+0 1.646000E+3 1.329000E+3 355.000000E+0
74 742.000000E+0 1.646000E+3 1.337000E+3 344.000000E+0
75 742.000000E+0 1.647000E+3 1.345000E+3 333.000000E+0
76 742.000000E+0 1.646000E+3 1.354000E+3 323.000000E+0
77 742.000000E+0 1.646000E+3 1.364000E+3 314.000000E+0
78 742.000000E+0 1.646000E+3 1.375000E+3 306.000000E+0
79 742.000000E+0 1.647000E+3 1.386000E+3 299.000000E+0
80 742.000000E+0 1.647000E+3 1.397000E+3 293.000000E+0
81 742.000000E+0 1.647000E+3 1.406000E+3 287.000000E+0
82 742.000000E+0 1.647000E+3 1.416000E+3 285.000000E+0
83 743.000000E+0 1.647000E+3 1.424000E+3 284.000000E+0
84 743.000000E+0 1.647000E+3 1.432000E+3 284.000000E+0
85 744.000000E+0 1.647000E+3 1.440000E+3 286.000000E+0
86 744.000000E+0 1.647000E+3 1.446000E+3 291.000000E+0
87 744.000000E+0 1.647000E+3 1.451000E+3 297.000000E+0
88 746.000000E+0 1.647000E+3 1.455000E+3 305.000000E+0
89 746.000000E+0 1.647000E+3 1.458000E+3 314.000000E+0
90 748.000000E+0 1.647000E+3 1.459000E+3 326.000000E+0
91 750.000000E+0 1.647000E+3 1.459000E+3 339.000000E+0
92 752.000000E+0 1.647000E+3 1.459000E+3 352.000000E+0
93 754.000000E+0 1.647000E+3 1.459000E+3 367.000000E+0
94 756.000000E+0 1.646000E+3 1.459000E+3 380.000000E+0
95 759.000000E+0 1.647000E+3 1.457000E+3 396.000000E+0
96 762.000000E+0 1.647000E+3 1.455000E+3 406.000000E+0
97 766.000000E+0 1.646000E+3 1.452000E+3 422.000000E+0
98 771.000000E+0 1.646000E+3 1.447000E+3 431.000000E+0
99 776.000000E+0 1.645000E+3 1.442000E+3 438.000000E+0
100 782.000000E+0 1.643000E+3 1.436000E+3 443.000000E+0
101 789.000000E+0 1.640000E+3 1.431000E+3 446.000000E+0
102 798.000000E+0 1.636000E+3 1.424000E+3 444.000000E+0
103 806.000000E+0 1.632000E+3 1.418000E+3 442.000000E+0
104 818.000000E+0 1.627000E+3 1.411000E+3 437.000000E+0
105 830.000000E+0 1.621000E+3 1.404000E+3 431.000000E+0
106 843.000000E+0 1.615000E+3 1.396000E+3 425.000000E+0
107 855.000000E+0 1.610000E+3 1.389000E+3 419.000000E+0
108 866.000000E+0 1.609000E+3 1.381000E+3 415.000000E+0
109 873.000000E+0 1.609000E+3 1.372000E+3 410.000000E+0
110 878.000000E+0 1.614000E+3 1.365000E+3 408.000000E+0
111 880.000000E+0 1.621000E+3 1.359000E+3 406.000000E+0
112 878.000000E+0 1.633000E+3 1.352000E+3 404.000000E+0
113 874.000000E+0 1.646000E+3 1.346000E+3 403.000000E+0
114 867.000000E+0 1.661000E+3 1.341000E+3 402.000000E+0
115 858.000000E+0 1.677000E+3 1.337000E+3 401.000000E+0
116 845.000000E+0 1.693000E+3 1.333000E+3 401.000000E+0
117 832.000000E+0 1.710000E+3 1.330000E+3 401.000000E+0
118 816.000000E+0 1.725000E+3 1.328000E+3 400.000000E+0
119 800.000000E+0 1.740000E+3 1.325000E+3 401.000000E+0
120 782.000000E+0 1.752000E+3 1.323000E+3 400.000000E+0
121 765.000000E+0 1.762000E+3 1.320000E+3 399.000000E+0
122 748.000000E+0 1.771000E+3 1.320000E+3 400.000000E+0
123 732.000000E+0 1.778000E+3 1.320000E+3 400.000000E+0
124 716.000000E+0 1.781000E+3 1.317000E+3 399.000000E+0
125 700.000000E+0 1.783000E+3 1.313000E+3 399.000000E+0
126 684.000000E+0 1.780000E+3 1.310000E+3 399.000000E+0
127 669.000000E+0 1.777000E+3 1.308000E+3 399.000000E+0
128 655.000000E+0 1.769000E+3 1.306000E+3 399.000000E+0
129 644.000000E+0 1.760000E+3 1.304000E+3 399.000000E+0
130 635.000000E+0 1.748000E+3 1.302000E+3 398.000000E+0
131 627.000000E+0 1.735000E+3 1.300000E+3 399.000000E+0
132 622.000000E+0 1.718000E+3 1.298000E+3 399.000000E+0
133 617.000000E+0 1.703000E+3 1.296000E+3 399.000000E+0
134 615.000000E+0 1.685000E+3 1.294000E+3 399.000000E+0
135 613.000000E+0 1.669000E+3 1.292000E+3 399.000000E+0
136 612.000000E+0 1.651000E+3 1.288000E+3 399.000000E+0
137 612.000000E+0 1.636000E+3 1.285000E+3 400.000000E+0
138 614.000000E+0 1.623000E+3 1.280000E+3 401.000000E+0
139 615.000000E+0 1.613000E+3 1.275000E+3 402.000000E+0
140 619.000000E+0 1.606000E+3 1.269000E+3 403.000000E+0
141 622.000000E+0 1.603000E+3 1.262000E+3 405.000000E+0
142 628.000000E+0 1.603000E+3 1.253000E+3 409.000000E+0
143 633.000000E+0 1.605000E+3 1.243000E+3 413.000000E+0
144 639.000000E+0 1.610000E+3 1.231000E+3 419.000000E+0
145 647.000000E+0 1.616000E+3 1.220000E+3 425.000000E+0
146 654.000000E+0 1.623000E+3 1.207000E+3 430.000000E+0
147 662.000000E+0 1.629000E+3 1.196000E+3 435.000000E+0
148 670.000000E+0 1.633000E+3 1.186000E+3 436.000000E+0
149 677.000000E+0 1.637000E+3 1.178000E+3 436.000000E+0
150 684.000000E+0 1.639000E+3 1.174000E+3 432.000000E+0
151 691.000000E+0 1.641000E+3 1.172000E+3 426.000000E+0
152 697.000000E+0 1.643000E+3 1.173000E+3 414.000000E+0
153 703.000000E+0 1.644000E+3 1.175000E+3 402.000000E+0
154 708.000000E+0 1.646000E+3 1.182000E+3 386.000000E+0
155 712.000000E+0 1.646000E+3 1.190000E+3 370.000000E+0
156 716.000000E+0 1.646000E+3 1.201000E+3 353.000000E+0
157 718.000000E+0 1.646000E+3 1.215000E+3 337.000000E+0
158 722.000000E+0 1.646000E+3 1.230000E+3 321.000000E+0
159 725.000000E+0 1.646000E+3 1.246000E+3 307.000000E+0
160 726.000000E+0 1.647000E+3 1.265000E+3 295.000000E+0
161 729.000000E+0 1.647000E+3 1.283000E+3 283.000000E+0
162 731.000000E+0 1.647000E+3 1.301000E+3 275.000000E+0
163 732.000000E+0 1.647000E+3 1.318000E+3 269.000000E+0
164 734.000000E+0 1.647000E+3 1.337000E+3 267.000000E+0
165 736.000000E+0 1.647000E+3 1.353000E+3 266.000000E+0
166 738.000000E+0 1.647000E+3 1.369000E+3 268.000000E+0
167 740.000000E+0 1.646000E+3 1.385000E+3 272.000000E+0
168 742.000000E+0 1.647000E+3 1.398000E+3 280.000000E+0
169 744.000000E+0 1.647000E+3 1.408000E+3 290.000000E+0
170 746.000000E+0 1.647000E+3 1.418000E+3 304.000000E+0
171 748.000000E+0 1.647000E+3 1.426000E+3 318.000000E+0
172 751.000000E+0 1.647000E+3 1.432000E+3 334.000000E+0
173 754.000000E+0 1.647000E+3 1.436000E+3 352.000000E+0
174 757.000000E+0 1.647000E+3 1.439000E+3 370.000000E+0
175 760.000000E+0 1.647000E+3 1.441000E+3 389.000000E+0
176 764.000000E+0 1.646000E+3 1.441000E+3 406.000000E+0
177 768.000000E+0 1.646000E+3 1.441000E+3 421.000000E+0
178 773.000000E+0 1.645000E+3 1.440000E+3 434.000000E+0
179 778.000000E+0 1.644000E+3 1.439000E+3 445.000000E+0
180 786.000000E+0 1.641000E+3 1.436000E+3 452.000000E+0
181 794.000000E+0 1.639000E+3 1.433000E+3 456.000000E+0
182 803.000000E+0 1.634000E+3 1.429000E+3 455.000000E+0
183 814.000000E+0 1.630000E+3 1.424000E+3 453.000000E+0
184 826.000000E+0 1.623000E+3 1.417000E+3 446.000000E+0
185 840.000000E+0 1.615000E+3 1.410000E+3 439.000000E+0
186 854.000000E+0 1.608000E+3 1.402000E+3 431.000000E+0
187 867.000000E+0 1.601000E+3 1.394000E+3 424.000000E+0
188 879.000000E+0 1.599000E+3 1.386000E+3 417.000000E+0
189 889.000000E+0 1.599000E+3 1.379000E+3 413.000000E+0
190 894.000000E+0 1.603000E+3 1.370000E+3 410.000000E+0
191 897.000000E+0 1.610000E+3 1.363000E+3 407.000000E+0
192 895.000000E+0 1.622000E+3 1.356000E+3 405.000000E+0
193 892.000000E+0 1.635000E+3 1.350000E+3 403.000000E+0
194 884.000000E+0 1.652000E+3 1.345000E+3 402.000000E+0
195 874.000000E+0 1.669000E+3 1.340000E+3 402.000000E+0
196 861.000000E+0 1.687000E+3 1.336000E+3 401.000000E+0
197 846.000000E+0 1.704000E+3 1.333000E+3 400.000000E+0
198 829.000000E+0 1.721000E+3 1.329000E+3 400.000000E+0
199 812.000000E+0 1.736000E+3 1.326000E+3 400.000000E+0
200 793.000000E+0 1.750000E+3 1.324000E+3 400.000000E+0
201 774.000000E+0 1.761000E+3 1.322000E+3 400.000000E+0
202 754.000000E+0 1.769000E+3 1.321000E+3 398.000000E+0
203 737.000000E+0 1.777000E+3 1.320000E+3 400.000000E+0
204 717.000000E+0 1.780000E+3 1.318000E+3 399.000000E+0
205 701.000000E+0 1.782000E+3 1.314000E+3 399.000000E+0
206 683.000000E+0 1.780000E+3 1.311000E+3 399.000000E+0
207 667.000000E+0 1.776000E+3 1.309000E+3 399.000000E+0
208 652.000000E+0 1.767000E+3 1.306000E+3 399.000000E+0
209 640.000000E+0 1.759000E+3 1.304000E+3 399.000000E+0
210 630.000000E+0 1.745000E+3 1.301000E+3 399.000000E+0
211 622.000000E+0 1.730000E+3 1.300000E+3 399.000000E+0
212 615.000000E+0 1.713000E+3 1.298000E+3 399.000000E+0
213 611.000000E+0 1.696000E+3 1.295000E+3 399.000000E+0
214 607.000000E+0 1.677000E+3 1.293000E+3 399.000000E+0
215 605.000000E+0 1.659000E+3 1.290000E+3 399.000000E+0
216 605.000000E+0 1.641000E+3 1.286000E+3 399.000000E+0
217 605.000000E+0 1.625000E+3 1.282000E+3 400.000000E+0
218 606.000000E+0 1.611000E+3 1.277000E+3 402.000000E+0
219 608.000000E+0 1.600000E+3 1.272000E+3 402.000000E+0
220 611.000000E+0 1.594000E+3 1.265000E+3 404.000000E+0
221 614.000000E+0 1.591000E+3 1.258000E+3 407.000000E+0
222 619.000000E+0 1.592000E+3 1.246000E+3 412.000000E+0
223 625.000000E+0 1.595000E+3 1.236000E+3 417.000000E+0
224 632.000000E+0 1.601000E+3 1.223000E+3 423.000000E+0
225 638.000000E+0 1.609000E+3 1.210000E+3 431.000000E+0
226 647.000000E+0 1.618000E+3 1.197000E+3 438.000000E+0
227 655.000000E+0 1.625000E+3 1.184000E+3 444.000000E+0
228 664.000000E+0 1.630000E+3 1.173000E+3 447.000000E+0
229 673.000000E+0 1.634000E+3 1.163000E+3 447.000000E+0
230 680.000000E+0 1.638000E+3 1.156000E+3 444.000000E+0
231 687.000000E+0 1.640000E+3 1.151000E+3 439.000000E+0
232 693.000000E+0 1.642000E+3 1.152000E+3 427.000000E+0
233 699.000000E+0 1.643000E+3 1.154000E+3 415.000000E+0
234 705.000000E+0 1.645000E+3 1.161000E+3 399.000000E+0
235 709.000000E+0 1.645000E+3 1.168000E+3 383.000000E+0
236 713.000000E+0 1.646000E+3 1.180000E+3 365.000000E+0
237 716.000000E+0 1.646000E+3 1.193000E+3 347.000000E+0
238 719.000000E+0 1.646000E+3 1.208000E+3 331.000000E+0
239 723.000000E+0 1.646000E+3 1.225000E+3 315.000000E+0
240 725.000000E+0 1.646000E+3 1.243000E+3 301.000000E+0
241 727.000000E+0 1.648000E+3 1.261000E+3 291.000000E+0
242 729.000000E+0 1.647000E+3 1.281000E+3 280.000000E+0
243 731.000000E+0 1.647000E+3 1.297000E+3 272.000000E+0
244 733.000000E+0 1.647000E+3 1.316000E+3 268.000000E+0
245 738.000000E+0 1.647000E+3 1.350000E+3 268.000000E+0
246 738.000000E+0 1.647000E+3 1.350000E+3 268.000000E+0
247 739.000000E+0 1.647000E+3 1.365000E+3 269.000000E+0
248 741.000000E+0 1.647000E+3 1.380000E+3 276.000000E+0
249 744.000000E+0 1.647000E+3 1.392000E+3 283.000000E+0
250 745.000000E+0 1.648000E+3 1.402000E+3 297.000000E+0
251 747.000000E+0 1.647000E+3 1.411000E+3 310.000000E+0
252 750.000000E+0 1.647000E+3 1.418000E+3 325.000000E+0
253 752.000000E+0 1.648000E+3 1.423000E+3 340.000000E+0
254 755.000000E+0 1.647000E+3 1.427000E+3 358.000000E+0
255 757.000000E+0 1.648000E+3 1.429000E+3 375.000000E+0
256 761.000000E+0 1.647000E+3 1.430000E+3 393.000000E+0
257 765.000000E+0 1.647000E+3 1.430000E+3 407.000000E+0
258 769.000000E+0 1.646000E+3 1.429000E+3 421.000000E+0
259 774.000000E+0 1.645000E+3 1.429000E+3 432.000000E+0
260 781.000000E+0 1.643000E+3 1.427000E+3 438.000000E+0
261 788.000000E+0 1.640000E+3 1.425000E+3 443.000000E+0
262 798.000000E+0 1.637000E+3 1.421000E+3 443.000000E+0
263 806.000000E+0 1.633000E+3 1.416000E+3 442.000000E+0
264 818.000000E+0 1.628000E+3 1.410000E+3 437.000000E+0
265 830.000000E+0 1.622000E+3 1.403000E+3 432.000000E+0
266 842.000000E+0 1.615000E+3 1.396000E+3 425.000000E+0
267 854.000000E+0 1.611000E+3 1.388000E+3 419.000000E+0
268 865.000000E+0 1.610000E+3 1.381000E+3 415.000000E+0
269 873.000000E+0 1.610000E+3 1.372000E+3 411.000000E+0
270 877.000000E+0 1.615000E+3 1.366000E+3 408.000000E+0
271 879.000000E+0 1.622000E+3 1.359000E+3 406.000000E+0
272 877.000000E+0 1.634000E+3 1.353000E+3 404.000000E+0
273 872.000000E+0 1.647000E+3 1.347000E+3 403.000000E+0
274 864.000000E+0 1.663000E+3 1.342000E+3 402.000000E+0
275 854.000000E+0 1.679000E+3 1.337000E+3 402.000000E+0
276 841.000000E+0 1.696000E+3 1.333000E+3 401.000000E+0
277 828.000000E+0 1.713000E+3 1.329000E+3 400.000000E+0
278 811.000000E+0 1.727000E+3 1.327000E+3 400.000000E+0
279 796.000000E+0 1.742000E+3 1.325000E+3 400.000000E+0
280 776.000000E+0 1.754000E+3 1.322000E+3 400.000000E+0
281 760.000000E+0 1.763000E+3 1.321000E+3 398.000000E+0
282 742.000000E+0 1.772000E+3 1.321000E+3 400.000000E+0
283 725.000000E+0 1.778000E+3 1.320000E+3 400.000000E+0
284 707.000000E+0 1.781000E+3 1.317000E+3 399.000000E+0
285 691.000000E+0 1.782000E+3 1.312000E+3 399.000000E+0
286 674.000000E+0 1.779000E+3 1.310000E+3 399.000000E+0
287 658.000000E+0 1.774000E+3 1.308000E+3 399.000000E+0
288 644.000000E+0 1.765000E+3 1.305000E+3 399.000000E+0
289 634.000000E+0 1.756000E+3 1.303000E+3 399.000000E+0
290 624.000000E+0 1.742000E+3 1.301000E+3 399.000000E+0
291 617.000000E+0 1.727000E+3 1.300000E+3 399.000000E+0
292 612.000000E+0 1.710000E+3 1.297000E+3 399.000000E+0
293 608.000000E+0 1.693000E+3 1.295000E+3 399.000000E+0
294 605.000000E+0 1.675000E+3 1.292000E+3 399.000000E+0
295 603.000000E+0 1.657000E+3 1.289000E+3 399.000000E+0
296 603.000000E+0 1.639000E+3 1.286000E+3 400.000000E+0
297 603.000000E+0 1.623000E+3 1.282000E+3 401.000000E+0
298 605.000000E+0 1.610000E+3 1.277000E+3 402.000000E+0
299 607.000000E+0 1.600000E+3 1.272000E+3 402.000000E+0
300 610.000000E+0 1.594000E+3 1.265000E+3 404.000000E+0
301 614.000000E+0 1.590000E+3 1.257000E+3 407.000000E+0
302 619.000000E+0 1.591000E+3 1.246000E+3 412.000000E+0
303 625.000000E+0 1.594000E+3 1.236000E+3 416.000000E+0
304 632.000000E+0 1.601000E+3 1.223000E+3 423.000000E+0
305 639.000000E+0 1.609000E+3 1.210000E+3 430.000000E+0
306 647.000000E+0 1.618000E+3 1.197000E+3 438.000000E+0
307 655.000000E+0 1.625000E+3 1.184000E+3 444.000000E+0
308 664.000000E+0 1.631000E+3 1.173000E+3 446.000000E+0
309 672.000000E+0 1.635000E+3 1.163000E+3 447.000000E+0
310 680.000000E+0 1.638000E+3 1.156000E+3 443.000000E+0
311 687.000000E+0 1.640000E+3 1.153000E+3 438.000000E+0
312 694.000000E+0 1.642000E+3 1.154000E+3 426.000000E+0
313 699.000000E+0 1.643000E+3 1.156000E+3 414.000000E+0
314 705.000000E+0 1.645000E+3 1.163000E+3 396.000000E+0
315 710.000000E+0 1.646000E+3 1.171000E+3 381.000000E+0
316 714.000000E+0 1.646000E+3 1.184000E+3 362.000000E+0
317 717.000000E+0 1.646000E+3 1.196000E+3 345.000000E+0
318 721.000000E+0 1.646000E+3 1.213000E+3 328.000000E+0
319 723.000000E+0 1.647000E+3 1.230000E+3 313.000000E+0
320 726.000000E+0 1.647000E+3 1.251000E+3 299.000000E+0
321 728.000000E+0 1.647000E+3 1.268000E+3 289.000000E+0
322 729.000000E+0 1.647000E+3 1.287000E+3 278.000000E+0
323 732.000000E+0 1.647000E+3 1.305000E+3 271.000000E+0
324 733.000000E+0 1.647000E+3 1.325000E+3 268.000000E+0
325 735.000000E+0 1.647000E+3 1.342000E+3 266.000000E+0
326 738.000000E+0 1.647000E+3 1.360000E+3 268.000000E+0
327 740.000000E+0 1.647000E+3 1.374000E+3 271.000000E+0
328 742.000000E+0 1.647000E+3 1.390000E+3 278.000000E+0
329 744.000000E+0 1.648000E+3 1.402000E+3 289.000000E+0
330 746.000000E+0 1.647000E+3 1.413000E+3 302.000000E+0
331 748.000000E+0 1.647000E+3 1.421000E+3 316.000000E+0
332 751.000000E+0 1.647000E+3 1.428000E+3 333.000000E+0
333 754.000000E+0 1.648000E+3 1.433000E+3 349.000000E+0
334 757.000000E+0 1.648000E+3 1.436000E+3 367.000000E+0
335 760.000000E+0 1.647000E+3 1.438000E+3 387.000000E+0
336 763.000000E+0 1.646000E+3 1.439000E+3 404.000000E+0
337 768.000000E+0 1.646000E+3 1.439000E+3 420.000000E+0
338 772.000000E+0 1.645000E+3 1.438000E+3 434.000000E+0
339 778.000000E+0 1.644000E+3 1.437000E+3 445.000000E+0
340 785.000000E+0 1.641000E+3 1.436000E+3 452.000000E+0
341 794.000000E+0 1.639000E+3 1.432000E+3 456.000000E+0
342 803.000000E+0 1.635000E+3 1.428000E+3 455.000000E+0
343 814.000000E+0 1.630000E+3 1.423000E+3 452.000000E+0
344 827.000000E+0 1.623000E+3 1.417000E+3 446.000000E+0
345 840.000000E+0 1.615000E+3 1.410000E+3 439.000000E+0
346 853.000000E+0 1.608000E+3 1.402000E+3 431.000000E+0
347 867.000000E+0 1.601000E+3 1.395000E+3 423.000000E+0
348 879.000000E+0 1.599000E+3 1.386000E+3 417.000000E+0
349 888.000000E+0 1.599000E+3 1.379000E+3 413.000000E+0
350 894.000000E+0 1.603000E+3 1.371000E+3 410.000000E+0
351 897.000000E+0 1.610000E+3 1.364000E+3 407.000000E+0
352 895.000000E+0 1.622000E+3 1.357000E+3 405.000000E+0
353 892.000000E+0 1.635000E+3 1.350000E+3 403.000000E+0
354 884.000000E+0 1.653000E+3 1.345000E+3 402.000000E+0
355 874.000000E+0 1.669000E+3 1.340000E+3 401.000000E+0
356 860.000000E+0 1.687000E+3 1.336000E+3 401.000000E+0
357 846.000000E+0 1.704000E+3 1.333000E+3 400.000000E+0
358 829.000000E+0 1.721000E+3 1.329000E+3 401.000000E+0
359 811.000000E+0 1.736000E+3 1.326000E+3 400.000000E+0
360 792.000000E+0 1.750000E+3 1.324000E+3 400.000000E+0
361 774.000000E+0 1.761000E+3 1.322000E+3 400.000000E+0
362 753.000000E+0 1.770000E+3 1.321000E+3 398.000000E+0
363 736.000000E+0 1.777000E+3 1.320000E+3 400.000000E+0
364 717.000000E+0 1.781000E+3 1.318000E+3 399.000000E+0
365 700.000000E+0 1.782000E+3 1.313000E+3 399.000000E+0
366 683.000000E+0 1.780000E+3 1.311000E+3 399.000000E+0
367 667.000000E+0 1.776000E+3 1.308000E+3 399.000000E+0
368 653.000000E+0 1.767000E+3 1.306000E+3 399.000000E+0
369 640.000000E+0 1.759000E+3 1.304000E+3 399.000000E+0
370 630.000000E+0 1.745000E+3 1.302000E+3 398.000000E+0
371 621.000000E+0 1.730000E+3 1.300000E+3 399.000000E+0
372 615.000000E+0 1.713000E+3 1.298000E+3 399.000000E+0
373 610.000000E+0 1.696000E+3 1.296000E+3 399.000000E+0
374 607.000000E+0 1.678000E+3 1.293000E+3 399.000000E+0
375 605.000000E+0 1.659000E+3 1.290000E+3 399.000000E+0
376 605.000000E+0 1.641000E+3 1.286000E+3 399.000000E+0
377 605.000000E+0 1.625000E+3 1.283000E+3 400.000000E+0
378 606.000000E+0 1.611000E+3 1.277000E+3 402.000000E+0
379 608.000000E+0 1.600000E+3 1.272000E+3 402.000000E+0
380 611.000000E+0 1.594000E+3 1.265000E+3 405.000000E+0
381 614.000000E+0 1.590000E+3 1.258000E+3 407.000000E+0
382 619.000000E+0 1.592000E+3 1.246000E+3 412.000000E+0
383 625.000000E+0 1.595000E+3 1.236000E+3 417.000000E+0
384 632.000000E+0 1.601000E+3 1.223000E+3 423.000000E+0
385 638.000000E+0 1.609000E+3 1.211000E+3 431.000000E+0
386 647.000000E+0 1.618000E+3 1.198000E+3 437.000000E+0
387 655.000000E+0 1.625000E+3 1.185000E+3 444.000000E+0
388 664.000000E+0 1.630000E+3 1.173000E+3 447.000000E+0
389 672.000000E+0 1.634000E+3 1.164000E+3 448.000000E+0
390 680.000000E+0 1.638000E+3 1.157000E+3 443.000000E+0
391 687.000000E+0 1.640000E+3 1.153000E+3 438.000000E+0
392 693.000000E+0 1.642000E+3 1.154000E+3 426.000000E+0
393 699.000000E+0 1.643000E+3 1.156000E+3 413.000000E+0
394 705.000000E+0 1.645000E+3 1.162000E+3 397.000000E+0
395 710.000000E+0 1.646000E+3 1.171000E+3 381.000000E+0
396 713.000000E+0 1.646000E+3 1.183000E+3 362.000000E+0
397 717.000000E+0 1.646000E+3 1.196000E+3 345.000000E+0
398 721.000000E+0 1.646000E+3 1.214000E+3 328.000000E+0
399 723.000000E+0 1.646000E+3 1.230000E+3 313.000000E+0
400 726.000000E+0 1.647000E+3 1.250000E+3 300.000000E+0
401 728.000000E+0 1.647000E+3 1.268000E+3 289.000000E+0
402 729.000000E+0 1.647000E+3 1.288000E+3 278.000000E+0
403 732.000000E+0 1.647000E+3 1.305000E+3 271.000000E+0
404 733.000000E+0 1.647000E+3 1.325000E+3 268.000000E+0
405 735.000000E+0 1.647000E+3 1.342000E+3 266.000000E+0
406 737.000000E+0 1.647000E+3 1.360000E+3 268.000000E+0
407 739.000000E+0 1.647000E+3 1.375000E+3 270.000000E+0
408 742.000000E+0 1.647000E+3 1.390000E+3 279.000000E+0
409 744.000000E+0 1.647000E+3 1.402000E+3 289.000000E+0
410 746.000000E+0 1.647000E+3 1.413000E+3 302.000000E+0
411 749.000000E+0 1.647000E+3 1.421000E+3 316.000000E+0
412 751.000000E+0 1.647000E+3 1.428000E+3 332.000000E+0
413 754.000000E+0 1.647000E+3 1.433000E+3 349.000000E+0
414 756.000000E+0 1.647000E+3 1.436000E+3 366.000000E+0
415 759.000000E+0 1.647000E+3 1.438000E+3 387.000000E+0
416 763.000000E+0 1.646000E+3 1.439000E+3 404.000000E+0
417 768.000000E+0 1.646000E+3 1.439000E+3 420.000000E+0
418 772.000000E+0 1.645000E+3 1.438000E+3 434.000000E+0
419 778.000000E+0 1.644000E+3 1.437000E+3 445.000000E+0
420 786.000000E+0 1.641000E+3 1.435000E+3 452.000000E+0
421 794.000000E+0 1.639000E+3 1.432000E+3 456.000000E+0
422 803.000000E+0 1.635000E+3 1.428000E+3 455.000000E+0
423 814.000000E+0 1.630000E+3 1.423000E+3 452.000000E+0
424 827.000000E+0 1.624000E+3 1.417000E+3 446.000000E+0
425 840.000000E+0 1.616000E+3 1.410000E+3 439.000000E+0
426 868.000000E+0 1.601000E+3 1.394000E+3 424.000000E+0
427 868.000000E+0 1.601000E+3 1.394000E+3 424.000000E+0
428 880.000000E+0 1.599000E+3 1.386000E+3 417.000000E+0
429 889.000000E+0 1.598000E+3 1.379000E+3 413.000000E+0
430 894.000000E+0 1.603000E+3 1.370000E+3 410.000000E+0
431 898.000000E+0 1.609000E+3 1.364000E+3 407.000000E+0
432 896.000000E+0 1.621000E+3 1.357000E+3 405.000000E+0
433 893.000000E+0 1.633000E+3 1.350000E+3 403.000000E+0
434 886.000000E+0 1.650000E+3 1.345000E+3 402.000000E+0
435 877.000000E+0 1.666000E+3 1.340000E+3 401.000000E+0
436 851.000000E+0 1.701000E+3 1.333000E+3 401.000000E+0
437 851.000000E+0 1.701000E+3 1.333000E+3 401.000000E+0
438 833.000000E+0 1.718000E+3 1.329000E+3 400.000000E+0
439 817.000000E+0 1.733000E+3 1.326000E+3 400.000000E+0
440 799.000000E+0 1.747000E+3 1.324000E+3 400.000000E+0
441 780.000000E+0 1.760000E+3 1.322000E+3 400.000000E+0
442 761.000000E+0 1.767000E+3 1.320000E+3 398.000000E+0
443 744.000000E+0 1.775000E+3 1.319000E+3 400.000000E+0
444 727.000000E+0 1.780000E+3 1.318000E+3 400.000000E+0
445 710.000000E+0 1.782000E+3 1.315000E+3 399.000000E+0
446 694.000000E+0 1.780000E+3 1.311000E+3 399.000000E+0
447 678.000000E+0 1.779000E+3 1.309000E+3 399.000000E+0
448 663.000000E+0 1.771000E+3 1.307000E+3 399.000000E+0
449 650.000000E+0 1.762000E+3 1.304000E+3 398.000000E+0
450 640.000000E+0 1.749000E+3 1.302000E+3 399.000000E+0
451 632.000000E+0 1.736000E+3 1.300000E+3 398.000000E+0
452 625.000000E+0 1.720000E+3 1.298000E+3 399.000000E+0
453 621.000000E+0 1.704000E+3 1.296000E+3 399.000000E+0
454 617.000000E+0 1.687000E+3 1.294000E+3 398.000000E+0
455 615.000000E+0 1.671000E+3 1.291000E+3 399.000000E+0
456 614.000000E+0 1.653000E+3 1.288000E+3 400.000000E+0
457 614.000000E+0 1.637000E+3 1.285000E+3 400.000000E+0
458 615.000000E+0 1.624000E+3 1.280000E+3 401.000000E+0
459 617.000000E+0 1.613000E+3 1.276000E+3 402.000000E+0
460 619.000000E+0 1.607000E+3 1.269000E+3 403.000000E+0
461 623.000000E+0 1.603000E+3 1.263000E+3 405.000000E+0
462 628.000000E+0 1.603000E+3 1.253000E+3 409.000000E+0
463 633.000000E+0 1.604000E+3 1.243000E+3 413.000000E+0
464 639.000000E+0 1.610000E+3 1.231000E+3 418.000000E+0
465 646.000000E+0 1.616000E+3 1.220000E+3 425.000000E+0
466 662.000000E+0 1.629000E+3 1.196000E+3 435.000000E+0
467 662.000000E+0 1.629000E+3 1.196000E+3 435.000000E+0
468 670.000000E+0 1.634000E+3 1.186000E+3 437.000000E+0
469 677.000000E+0 1.637000E+3 1.179000E+3 437.000000E+0
470 685.000000E+0 1.640000E+3 1.173000E+3 432.000000E+0
471 697.000000E+0 1.643000E+3 1.172000E+3 414.000000E+0
472 697.000000E+0 1.643000E+3 1.172000E+3 414.000000E+0
473 703.000000E+0 1.645000E+3 1.175000E+3 401.000000E+0
474 708.000000E+0 1.646000E+3 1.182000E+3 386.000000E+0
475 712.000000E+0 1.646000E+3 1.190000E+3 370.000000E+0
476 716.000000E+0 1.646000E+3 1.202000E+3 352.000000E+0
477 718.000000E+0 1.646000E+3 1.215000E+3 337.000000E+0
478 722.000000E+0 1.646000E+3 1.230000E+3 321.000000E+0
479 725.000000E+0 1.646000E+3 1.246000E+3 307.000000E+0
480 727.000000E+0 1.647000E+3 1.265000E+3 295.000000E+0
481 729.000000E+0 1.647000E+3 1.282000E+3 283.000000E+0
482 731.000000E+0 1.647000E+3 1.301000E+3 275.000000E+0
483 732.000000E+0 1.647000E+3 1.318000E+3 269.000000E+0
484 734.000000E+0 1.647000E+3 1.336000E+3 267.000000E+0
485 736.000000E+0 1.647000E+3 1.353000E+3 266.000000E+0
486 738.000000E+0 1.647000E+3 1.369000E+3 269.000000E+0
487 740.000000E+0 1.647000E+3 1.384000E+3 272.000000E+0
488 743.000000E+0 1.647000E+3 1.397000E+3 280.000000E+0
489 744.000000E+0 1.648000E+3 1.408000E+3 290.000000E+0
490 747.000000E+0 1.647000E+3 1.418000E+3 304.000000E+0
491 749.000000E+0 1.648000E+3 1.426000E+3 318.000000E+0
492 751.000000E+0 1.647000E+3 1.432000E+3 335.000000E+0
493 754.000000E+0 1.647000E+3 1.436000E+3 352.000000E+0
494 756.000000E+0 1.647000E+3 1.439000E+3 370.000000E+0
495 760.000000E+0 1.647000E+3 1.441000E+3 388.000000E+0
496 763.000000E+0 1.647000E+3 1.441000E+3 405.000000E+0
497 768.000000E+0 1.646000E+3 1.441000E+3 421.000000E+0
498 773.000000E+0 1.645000E+3 1.441000E+3 434.000000E+0
499 778.000000E+0 1.644000E+3 1.439000E+3 445.000000E+0
500 786.000000E+0 1.641000E+3 1.437000E+3 452.000000E+0
501 794.000000E+0 1.639000E+3 1.433000E+3 456.000000E+0
502 803.000000E+0 1.634000E+3 1.429000E+3 455.000000E+0
503 814.000000E+0 1.630000E+3 1.424000E+3 453.000000E+0
504 826.000000E+0 1.622000E+3 1.417000E+3 446.000000E+0
505 840.000000E+0 1.615000E+3 1.410000E+3 439.000000E+0
506 854.000000E+0 1.607000E+3 1.402000E+3 431.000000E+0
507 867.000000E+0 1.601000E+3 1.395000E+3 424.000000E+0
508 879.000000E+0 1.599000E+3 1.386000E+3 417.000000E+0
509 889.000000E+0 1.598000E+3 1.379000E+3 413.000000E+0
510 894.000000E+0 1.602000E+3 1.371000E+3 410.000000E+0
511 898.000000E+0 1.609000E+3 1.364000E+3 407.000000E+0
512 896.000000E+0 1.621000E+3 1.357000E+3 405.000000E+0
513 894.000000E+0 1.634000E+3 1.350000E+3 404.000000E+0
514 886.000000E+0 1.650000E+3 1.345000E+3 402.000000E+0
515 877.000000E+0 1.666000E+3 1.340000E+3 401.000000E+0
516 864.000000E+0 1.684000E+3 1.336000E+3 401.000000E+0
517 850.000000E+0 1.702000E+3 1.332000E+3 400.000000E+0
518 834.000000E+0 1.717000E+3 1.329000E+3 400.000000E+0
519 816.000000E+0 1.733000E+3 1.327000E+3 400.000000E+0
520 798.000000E+0 1.747000E+3 1.324000E+3 401.000000E+0
521 780.000000E+0 1.759000E+3 1.322000E+3 400.000000E+0
522 761.000000E+0 1.767000E+3 1.320000E+3 399.000000E+0
523 744.000000E+0 1.775000E+3 1.319000E+3 400.000000E+0
524 726.000000E+0 1.780000E+3 1.318000E+3 400.000000E+0
525 710.000000E+0 1.782000E+3 1.315000E+3 399.000000E+0
526 693.000000E+0 1.780000E+3 1.312000E+3 399.000000E+0
527 677.000000E+0 1.778000E+3 1.309000E+3 398.000000E+0
528 662.000000E+0 1.770000E+3 1.307000E+3 399.000000E+0
529 650.000000E+0 1.762000E+3 1.305000E+3 399.000000E+0
530 640.000000E+0 1.750000E+3 1.302000E+3 399.000000E+0
531 632.000000E+0 1.736000E+3 1.301000E+3 399.000000E+0
532 626.000000E+0 1.720000E+3 1.299000E+3 399.000000E+0
533 621.000000E+0 1.704000E+3 1.297000E+3 399.000000E+0
534 617.000000E+0 1.687000E+3 1.294000E+3 399.000000E+0
535 615.000000E+0 1.670000E+3 1.292000E+3 399.000000E+0
536 614.000000E+0 1.651000E+3 1.288000E+3 400.000000E+0
537 614.000000E+0 1.637000E+3 1.285000E+3 400.000000E+0
538 615.000000E+0 1.624000E+3 1.280000E+3 401.000000E+0
539 617.000000E+0 1.614000E+3 1.276000E+3 402.000000E+0
540 619.000000E+0 1.607000E+3 1.270000E+3 403.000000E+0
541 623.000000E+0 1.603000E+3 1.263000E+3 405.000000E+0
542 628.000000E+0 1.603000E+3 1.253000E+3 409.000000E+0
543 633.000000E+0 1.604000E+3 1.243000E+3 413.000000E+0
544 640.000000E+0 1.610000E+3 1.231000E+3 419.000000E+0
545 646.000000E+0 1.616000E+3 1.220000E+3 425.000000E+0
546 654.000000E+0 1.623000E+3 1.207000E+3 430.000000E+0
547 662.000000E+0 1.629000E+3 1.196000E+3 435.000000E+0
548 670.000000E+0 1.633000E+3 1.186000E+3 437.000000E+0
549 677.000000E+0 1.637000E+3 1.178000E+3 437.000000E+0
550 684.000000E+0 1.640000E+3 1.173000E+3 432.000000E+0
551 691.000000E+0 1.641000E+3 1.171000E+3 426.000000E+0
552 697.000000E+0 1.643000E+3 1.171000E+3 416.000000E+0
553 702.000000E+0 1.645000E+3 1.173000E+3 403.000000E+0
554 708.000000E+0 1.645000E+3 1.180000E+3 388.000000E+0
555 711.000000E+0 1.646000E+3 1.187000E+3 372.000000E+0
556 715.000000E+0 1.646000E+3 1.199000E+3 355.000000E+0
557 718.000000E+0 1.646000E+3 1.211000E+3 339.000000E+0
558 722.000000E+0 1.646000E+3 1.226000E+3 323.000000E+0
559 724.000000E+0 1.646000E+3 1.241000E+3 309.000000E+0
560 727.000000E+0 1.647000E+3 1.259000E+3 297.000000E+0
561 728.000000E+0 1.647000E+3 1.276000E+3 285.000000E+0
562 730.000000E+0 1.647000E+3 1.293000E+3 277.000000E+0
563 732.000000E+0 1.647000E+3 1.311000E+3 270.000000E+0
564 734.000000E+0 1.647000E+3 1.328000E+3 268.000000E+0
565 736.000000E+0 1.647000E+3 1.343000E+3 266.000000E+0
566 737.000000E+0 1.647000E+3 1.359000E+3 268.000000E+0
567 739.000000E+0 1.647000E+3 1.373000E+3 270.000000E+0
568 741.000000E+0 1.647000E+3 1.387000E+3 277.000000E+0
569 743.000000E+0 1.647000E+3 1.398000E+3 285.000000E+0
570 746.000000E+0 1.647000E+3 1.408000E+3 299.000000E+0
571 747.000000E+0 1.647000E+3 1.416000E+3 311.000000E+0
572 750.000000E+0 1.647000E+3 1.422000E+3 327.000000E+0
573 752.000000E+0 1.648000E+3 1.427000E+3 343.000000E+0
574 755.000000E+0 1.647000E+3 1.429000E+3 360.000000E+0
575 757.000000E+0 1.647000E+3 1.431000E+3 376.000000E+0
576 761.000000E+0 1.647000E+3 1.431000E+3 394.000000E+0
577 764.000000E+0 1.647000E+3 1.431000E+3 408.000000E+0
578 769.000000E+0 1.646000E+3 1.431000E+3 422.000000E+0
579 774.000000E+0 1.645000E+3 1.431000E+3 431.000000E+0
580 781.000000E+0 1.643000E+3 1.428000E+3 439.000000E+0
581 789.000000E+0 1.640000E+3 1.425000E+3 443.000000E+0
582 798.000000E+0 1.637000E+3 1.421000E+3 443.000000E+0
583 807.000000E+0 1.633000E+3 1.416000E+3 442.000000E+0
584 818.000000E+0 1.628000E+3 1.410000E+3 437.000000E+0
585 830.000000E+0 1.621000E+3 1.403000E+3 431.000000E+0
586 842.000000E+0 1.615000E+3 1.396000E+3 425.000000E+0
587 854.000000E+0 1.611000E+3 1.388000E+3 419.000000E+0
588 865.000000E+0 1.610000E+3 1.380000E+3 415.000000E+0
589 873.000000E+0 1.610000E+3 1.373000E+3 410.000000E+0
590 877.000000E+0 1.614000E+3 1.366000E+3 408.000000E+0
591 879.000000E+0 1.622000E+3 1.359000E+3 406.000000E+0
592 877.000000E+0 1.634000E+3 1.353000E+3 404.000000E+0
593 873.000000E+0 1.647000E+3 1.347000E+3 403.000000E+0
594 864.000000E+0 1.663000E+3 1.342000E+3 402.000000E+0
595 855.000000E+0 1.679000E+3 1.337000E+3 401.000000E+0
596 842.000000E+0 1.696000E+3 1.334000E+3 401.000000E+0
597 829.000000E+0 1.712000E+3 1.330000E+3 400.000000E+0
598 811.000000E+0 1.728000E+3 1.327000E+3 400.000000E+0
599 796.000000E+0 1.742000E+3 1.325000E+3 400.000000E+0
600 777.000000E+0 1.755000E+3 1.322000E+3 400.000000E+0
601 760.000000E+0 1.763000E+3 1.321000E+3 397.000000E+0
602 742.000000E+0 1.771000E+3 1.321000E+3 400.000000E+0
603 726.000000E+0 1.778000E+3 1.320000E+3 400.000000E+0
604 707.000000E+0 1.781000E+3 1.318000E+3 399.000000E+0
605 691.000000E+0 1.782000E+3 1.312000E+3 399.000000E+0
606 674.000000E+0 1.779000E+3 1.310000E+3 399.000000E+0
607 659.000000E+0 1.774000E+3 1.308000E+3 399.000000E+0
608 645.000000E+0 1.765000E+3 1.305000E+3 399.000000E+0
609 633.000000E+0 1.756000E+3 1.303000E+3 399.000000E+0
610 624.000000E+0 1.742000E+3 1.301000E+3 399.000000E+0
611 617.000000E+0 1.727000E+3 1.299000E+3 399.000000E+0
612 612.000000E+0 1.710000E+3 1.297000E+3 399.000000E+0
613 608.000000E+0 1.694000E+3 1.295000E+3 399.000000E+0
614 605.000000E+0 1.676000E+3 1.293000E+3 399.000000E+0
615 604.000000E+0 1.657000E+3 1.289000E+3 400.000000E+0
616 603.000000E+0 1.639000E+3 1.286000E+3 400.000000E+0
617 604.000000E+0 1.623000E+3 1.282000E+3 401.000000E+0
618 605.000000E+0 1.610000E+3 1.277000E+3 402.000000E+0
619 607.000000E+0 1.600000E+3 1.272000E+3 402.000000E+0
620 610.000000E+0 1.593000E+3 1.265000E+3 404.000000E+0
621 614.000000E+0 1.590000E+3 1.257000E+3 407.000000E+0
622 619.000000E+0 1.591000E+3 1.246000E+3 412.000000E+0
623 625.000000E+0 1.594000E+3 1.236000E+3 417.000000E+0
624 632.000000E+0 1.601000E+3 1.222000E+3 423.000000E+0
625 639.000000E+0 1.610000E+3 1.210000E+3 430.000000E+0
626 647.000000E+0 1.618000E+3 1.197000E+3 438.000000E+0
627 655.000000E+0 1.625000E+3 1.184000E+3 444.000000E+0
628 664.000000E+0 1.630000E+3 1.173000E+3 446.000000E+0
629 672.000000E+0 1.635000E+3 1.163000E+3 448.000000E+0
630 680.000000E+0 1.638000E+3 1.156000E+3 444.000000E+0
631 687.000000E+0 1.640000E+3 1.152000E+3 439.000000E+0
632 694.000000E+0 1.642000E+3 1.152000E+3 427.000000E+0
633 699.000000E+0 1.643000E+3 1.154000E+3 415.000000E+0
634 705.000000E+0 1.644000E+3 1.161000E+3 399.000000E+0
635 710.000000E+0 1.646000E+3 1.169000E+3 383.000000E+0
636 713.000000E+0 1.646000E+3 1.180000E+3 364.000000E+0
637 716.000000E+0 1.646000E+3 1.193000E+3 347.000000E+0
638 719.000000E+0 1.646000E+3 1.208000E+3 330.000000E+0
639 723.000000E+0 1.646000E+3 1.224000E+3 315.000000E+0
640 725.000000E+0 1.647000E+3 1.243000E+3 301.000000E+0
641 727.000000E+0 1.648000E+3 1.261000E+3 291.000000E+0
642 729.000000E+0 1.647000E+3 1.279000E+3 280.000000E+0
643 731.000000E+0 1.647000E+3 1.296000E+3 272.000000E+0
644 732.000000E+0 1.647000E+3 1.316000E+3 268.000000E+0
645 735.000000E+0 1.647000E+3 1.333000E+3 266.000000E+0
646 737.000000E+0 1.647000E+3 1.350000E+3 268.000000E+0
647 739.000000E+0 1.647000E+3 1.365000E+3 269.000000E+0
648 741.000000E+0 1.647000E+3 1.380000E+3 276.000000E+0
649 743.000000E+0 1.647000E+3 1.392000E+3 283.000000E+0
650 745.000000E+0 1.648000E+3 1.402000E+3 297.000000E+0
651 747.000000E+0 1.648000E+3 1.411000E+3 310.000000E+0
652 749.000000E+0 1.647000E+3 1.418000E+3 325.000000E+0
653 752.000000E+0 1.647000E+3 1.423000E+3 340.000000E+0
654 755.000000E+0 1.647000E+3 1.427000E+3 358.000000E+0
655 757.000000E+0 1.648000E+3 1.429000E+3 375.000000E+0
656 761.000000E+0 1.647000E+3 1.430000E+3 393.000000E+0
657 764.000000E+0 1.647000E+3 1.430000E+3 407.000000E+0
658 769.000000E+0 1.646000E+3 1.429000E+3 421.000000E+0
659 774.000000E+0 1.645000E+3 1.429000E+3 431.000000E+0
660 780.000000E+0 1.643000E+3 1.427000E+3 438.000000E+0
661 788.000000E+0 1.640000E+3 1.424000E+3 443.000000E+0
662 806.000000E+0 1.633000E+3 1.416000E+3 442.000000E+0
663 806.000000E+0 1.633000E+3 1.416000E+3 442.000000E+0
664 818.000000E+0 1.628000E+3 1.410000E+3 437.000000E+0
665 830.000000E+0 1.621000E+3 1.403000E+3 432.000000E+0
666 842.000000E+0 1.616000E+3 1.396000E+3 425.000000E+0
667 854.000000E+0 1.611000E+3 1.388000E+3 419.000000E+0
668 865.000000E+0 1.610000E+3 1.381000E+3 415.000000E+0
669 873.000000E+0 1.610000E+3 1.373000E+3 410.000000E+0
670 877.000000E+0 1.615000E+3 1.366000E+3 408.000000E+0
671 879.000000E+0 1.622000E+3 1.359000E+3 406.000000E+0
672 876.000000E+0 1.634000E+3 1.352000E+3 405.000000E+0
673 873.000000E+0 1.647000E+3 1.347000E+3 403.000000E+0
674 864.000000E+0 1.663000E+3 1.342000E+3 402.000000E+0
675 855.000000E+0 1.679000E+3 1.337000E+3 401.000000E+0
676 841.000000E+0 1.696000E+3 1.333000E+3 401.000000E+0
677 828.000000E+0 1.712000E+3 1.329000E+3 400.000000E+0
678 811.000000E+0 1.728000E+3 1.327000E+3 400.000000E+0
679 796.000000E+0 1.742000E+3 1.324000E+3 400.000000E+0
680 776.000000E+0 1.755000E+3 1.322000E+3 401.000000E+0
681 760.000000E+0 1.763000E+3 1.321000E+3 398.000000E+0
682 741.000000E+0 1.772000E+3 1.321000E+3 400.000000E+0
683 707.000000E+0 1.781000E+3 1.317000E+3 399.000000E+0
684 707.000000E+0 1.781000E+3 1.317000E+3 399.000000E+0
685 690.000000E+0 1.782000E+3 1.313000E+3 399.000000E+0
686 674.000000E+0 1.779000E+3 1.310000E+3 399.000000E+0
687 659.000000E+0 1.774000E+3 1.308000E+3 399.000000E+0
688 645.000000E+0 1.766000E+3 1.305000E+3 399.000000E+0
689 634.000000E+0 1.756000E+3 1.303000E+3 399.000000E+0
690 624.000000E+0 1.742000E+3 1.301000E+3 399.000000E+0
691 617.000000E+0 1.727000E+3 1.299000E+3 399.000000E+0
692 612.000000E+0 1.711000E+3 1.297000E+3 399.000000E+0
693 608.000000E+0 1.693000E+3 1.295000E+3 399.000000E+0
694 605.000000E+0 1.676000E+3 1.292000E+3 400.000000E+0
695 603.000000E+0 1.657000E+3 1.290000E+3 400.000000E+0
696 603.000000E+0 1.640000E+3 1.286000E+3 400.000000E+0
697 603.000000E+0 1.624000E+3 1.282000E+3 401.000000E+0
698 605.000000E+0 1.611000E+3 1.277000E+3 402.000000E+0
699 607.000000E+0 1.600000E+3 1.272000E+3 402.000000E+0
700 611.000000E+0 1.594000E+3 1.265000E+3 404.000000E+0
701 614.000000E+0 1.590000E+3 1.258000E+3 407.000000E+0
702 619.000000E+0 1.591000E+3 1.246000E+3 412.000000E+0
703 625.000000E+0 1.594000E+3 1.236000E+3 417.000000E+0
704 632.000000E+0 1.602000E+3 1.223000E+3 423.000000E+0
705 639.000000E+0 1.609000E+3 1.210000E+3 430.000000E+0
706 647.000000E+0 1.618000E+3 1.198000E+3 438.000000E+0
707 655.000000E+0 1.625000E+3 1.185000E+3 444.000000E+0
708 665.000000E+0 1.630000E+3 1.173000E+3 447.000000E+0
709 672.000000E+0 1.634000E+3 1.163000E+3 447.000000E+0
710 681.000000E+0 1.638000E+3 1.156000E+3 444.000000E+0
711 688.000000E+0 1.641000E+3 1.151000E+3 438.000000E+0
712 694.000000E+0 1.642000E+3 1.152000E+3 427.000000E+0
713 700.000000E+0 1.643000E+3 1.154000E+3 416.000000E+0
714 705.000000E+0 1.645000E+3 1.161000E+3 399.000000E+0
715 709.000000E+0 1.646000E+3 1.168000E+3 383.000000E+0
716 713.000000E+0 1.646000E+3 1.181000E+3 364.000000E+0
717 716.000000E+0 1.646000E+3 1.193000E+3 347.000000E+0
718 720.000000E+0 1.647000E+3 1.208000E+3 330.000000E+0
719 723.000000E+0 1.646000E+3 1.224000E+3 315.000000E+0
720 725.000000E+0 1.647000E+3 1.243000E+3 301.000000E+0
721 727.000000E+0 1.648000E+3 1.261000E+3 291.000000E+0
722 728.000000E+0 1.648000E+3 1.280000E+3 280.000000E+0
723 730.000000E+0 1.647000E+3 1.297000E+3 272.000000E+0
724 733.000000E+0 1.647000E+3 1.316000E+3 268.000000E+0
725 735.000000E+0 1.647000E+3 1.333000E+3 266.000000E+0
726 738.000000E+0 1.648000E+3 1.350000E+3 268.000000E+0
727 739.000000E+0 1.647000E+3 1.365000E+3 269.000000E+0
728 741.000000E+0 1.647000E+3 1.379000E+3 276.000000E+0
729 743.000000E+0 1.647000E+3 1.391000E+3 283.000000E+0
730 746.000000E+0 1.647000E+3 1.402000E+3 297.000000E+0
731 748.000000E+0 1.648000E+3 1.410000E+3 309.000000E+0
732 750.000000E+0 1.647000E+3 1.418000E+3 325.000000E+0
733 752.000000E+0 1.647000E+3 1.423000E+3 340.000000E+0
734 755.000000E+0 1.647000E+3 1.427000E+3 357.000000E+0
735 757.000000E+0 1.647000E+3 1.429000E+3 375.000000E+0
736 761.000000E+0 1.647000E+3 1.430000E+3 392.000000E+0
737 764.000000E+0 1.647000E+3 1.430000E+3 407.000000E+0
738 769.000000E+0 1.646000E+3 1.429000E+3 420.000000E+0
739 774.000000E+0 1.645000E+3 1.429000E+3 431.000000E+0
740 781.000000E+0 1.642000E+3 1.427000E+3 439.000000E+0
741 788.000000E+0 1.640000E+3 1.424000E+3 443.000000E+0
742 798.000000E+0 1.637000E+3 1.421000E+3 443.000000E+0
743 807.000000E+0 1.633000E+3 1.415000E+3 442.000000E+0
744 818.000000E+0 1.628000E+3 1.410000E+3 437.000000E+0
745 830.000000E+0 1.621000E+3 1.403000E+3 431.000000E+0
746 842.000000E+0 1.615000E+3 1.396000E+3 425.000000E+0
747 854.000000E+0 1.610000E+3 1.388000E+3 419.000000E+0
748 865.000000E+0 1.610000E+3 1.381000E+3 415.000000E+0
749 873.000000E+0 1.609000E+3 1.373000E+3 410.000000E+0
750 877.000000E+0 1.615000E+3 1.366000E+3 408.000000E+0
751 879.000000E+0 1.622000E+3 1.359000E+3 406.000000E+0
752 876.000000E+0 1.634000E+3 1.353000E+3 404.000000E+0
753 873.000000E+0 1.647000E+3 1.347000E+3 403.000000E+0
754 864.000000E+0 1.663000E+3 1.342000E+3 402.000000E+0
755 855.000000E+0 1.678000E+3 1.337000E+3 401.000000E+0
756 842.000000E+0 1.696000E+3 1.334000E+3 400.000000E+0
757 828.000000E+0 1.712000E+3 1.330000E+3 400.000000E+0
758 811.000000E+0 1.728000E+3 1.327000E+3 400.000000E+0
759 796.000000E+0 1.742000E+3 1.324000E+3 400.000000E+0
760 777.000000E+0 1.755000E+3 1.322000E+3 400.000000E+0
761 759.000000E+0 1.763000E+3 1.321000E+3 398.000000E+0
762 742.000000E+0 1.771000E+3 1.321000E+3 400.000000E+0
763 725.000000E+0 1.778000E+3 1.320000E+3 400.000000E+0
764 708.000000E+0 1.781000E+3 1.317000E+3 399.000000E+0
765 691.000000E+0 1.782000E+3 1.312000E+3 399.000000E+0
766 674.000000E+0 1.780000E+3 1.310000E+3 399.000000E+0
767 658.000000E+0 1.775000E+3 1.308000E+3 399.000000E+0
768 645.000000E+0 1.766000E+3 1.305000E+3 399.000000E+0
769 634.000000E+0 1.756000E+3 1.303000E+3 399.000000E+0
770 625.000000E+0 1.742000E+3 1.301000E+3 399.000000E+0
771 617.000000E+0 1.727000E+3 1.299000E+3 399.000000E+0
772 612.000000E+0 1.711000E+3 1.297000E+3 399.000000E+0
773 608.000000E+0 1.693000E+3 1.295000E+3 399.000000E+0
774 605.000000E+0 1.676000E+3 1.293000E+3 399.000000E+0
775 603.000000E+0 1.657000E+3 1.290000E+3 400.000000E+0
776 603.000000E+0 1.640000E+3 1.286000E+3 400.000000E+0
777 603.000000E+0 1.624000E+3 1.282000E+3 401.000000E+0
778 605.000000E+0 1.610000E+3 1.278000E+3 402.000000E+0
779 608.000000E+0 1.600000E+3 1.272000E+3 402.000000E+0
780 610.000000E+0 1.594000E+3 1.265000E+3 404.000000E+0
781 614.000000E+0 1.590000E+3 1.258000E+3 407.000000E+0
782 619.000000E+0 1.591000E+3 1.246000E+3 412.000000E+0
783 625.000000E+0 1.594000E+3 1.236000E+3 417.000000E+0
784 631.000000E+0 1.601000E+3 1.223000E+3 423.000000E+0
785 638.000000E+0 1.609000E+3 1.210000E+3 430.000000E+0
786 647.000000E+0 1.618000E+3 1.198000E+3 438.000000E+0
787 655.000000E+0 1.625000E+3 1.185000E+3 444.000000E+0
788 664.000000E+0 1.630000E+3 1.173000E+3 447.000000E+0
789 672.000000E+0 1.634000E+3 1.163000E+3 448.000000E+0
790 681.000000E+0 1.639000E+3 1.156000E+3 444.000000E+0
791 687.000000E+0 1.640000E+3 1.151000E+3 438.000000E+0
792 694.000000E+0 1.642000E+3 1.152000E+3 427.000000E+0
793 700.000000E+0 1.643000E+3 1.155000E+3 415.000000E+0
794 705.000000E+0 1.645000E+3 1.161000E+3 398.000000E+0
795 709.000000E+0 1.645000E+3 1.168000E+3 382.000000E+0
796 713.000000E+0 1.646000E+3 1.181000E+3 364.000000E+0
797 716.000000E+0 1.646000E+3 1.193000E+3 347.000000E+0
798 720.000000E+0 1.646000E+3 1.209000E+3 330.000000E+0
799 722.000000E+0 1.646000E+3 1.225000E+3 315.000000E+0
800 725.000000E+0 1.647000E+3 1.243000E+3 301.000000E+0
801 727.000000E+0 1.648000E+3 1.261000E+3 291.000000E+0
802 728.000000E+0 1.647000E+3 1.280000E+3 280.000000E+0
803 730.000000E+0 1.647000E+3 1.297000E+3 272.000000E+0
804 732.000000E+0 1.647000E+3 1.316000E+3 268.000000E+0
805 735.000000E+0 1.648000E+3 1.333000E+3 266.000000E+0
806 738.000000E+0 1.647000E+3 1.350000E+3 268.000000E+0
807 739.000000E+0 1.647000E+3 1.365000E+3 269.000000E+0
808 741.000000E+0 1.647000E+3 1.380000E+3 276.000000E+0
809 743.000000E+0 1.648000E+3 1.392000E+3 284.000000E+0
810 745.000000E+0 1.647000E+3 1.402000E+3 296.000000E+0
811 747.000000E+0 1.648000E+3 1.410000E+3 310.000000E+0
812 749.000000E+0 1.647000E+3 1.418000E+3 325.000000E+0
813 752.000000E+0 1.647000E+3 1.423000E+3 340.000000E+0
814 754.000000E+0 1.647000E+3 1.427000E+3 357.000000E+0
815 758.000000E+0 1.647000E+3 1.429000E+3 375.000000E+0
816 761.000000E+0 1.647000E+3 1.430000E+3 393.000000E+0
817 764.000000E+0 1.647000E+3 1.430000E+3 407.000000E+0
818 769.000000E+0 1.646000E+3 1.429000E+3 421.000000E+0
819 774.000000E+0 1.645000E+3 1.429000E+3 432.000000E+0
820 781.000000E+0 1.643000E+3 1.427000E+3 439.000000E+0
821 788.000000E+0 1.640000E+3 1.424000E+3 443.000000E+0
822 798.000000E+0 1.637000E+3 1.421000E+3 443.000000E+0
823 806.000000E+0 1.634000E+3 1.416000E+3 442.000000E+0
824 818.000000E+0 1.628000E+3 1.410000E+3 437.000000E+0
825 830.000000E+0 1.622000E+3 1.404000E+3 431.000000E+0
826 843.000000E+0 1.615000E+3 1.396000E+3 425.000000E+0
827 855.000000E+0 1.610000E+3 1.389000E+3 419.000000E+0
828 865.000000E+0 1.609000E+3 1.381000E+3 415.000000E+0
829 873.000000E+0 1.609000E+3 1.373000E+3 411.000000E+0
830 878.000000E+0 1.614000E+3 1.366000E+3 408.000000E+0
831 879.000000E+0 1.621000E+3 1.359000E+3 406.000000E+0
832 877.000000E+0 1.633000E+3 1.352000E+3 404.000000E+0
833 874.000000E+0 1.646000E+3 1.347000E+3 403.000000E+0
834 866.000000E+0 1.662000E+3 1.342000E+3 402.000000E+0
835 858.000000E+0 1.677000E+3 1.337000E+3 401.000000E+0
836 845.000000E+0 1.694000E+3 1.333000E+3 401.000000E+0
837 832.000000E+0 1.710000E+3 1.330000E+3 400.000000E+0
838 816.000000E+0 1.725000E+3 1.327000E+3 400.000000E+0
839 800.000000E+0 1.740000E+3 1.325000E+3 400.000000E+0
840 782.000000E+0 1.753000E+3 1.322000E+3 401.000000E+0
841 765.000000E+0 1.762000E+3 1.321000E+3 400.000000E+0
842 748.000000E+0 1.771000E+3 1.320000E+3 399.000000E+0
843 732.000000E+0 1.778000E+3 1.320000E+3 399.000000E+0
844 715.000000E+0 1.781000E+3 1.317000E+3 399.000000E+0
845 700.000000E+0 1.782000E+3 1.313000E+3 399.000000E+0
846 683.000000E+0 1.781000E+3 1.310000E+3 399.000000E+0
847 669.000000E+0 1.777000E+3 1.308000E+3 399.000000E+0
848 654.000000E+0 1.768000E+3 1.306000E+3 399.000000E+0
849 644.000000E+0 1.760000E+3 1.304000E+3 399.000000E+0
850 634.000000E+0 1.748000E+3 1.302000E+3 399.000000E+0
851 627.000000E+0 1.734000E+3 1.300000E+3 399.000000E+0
852 622.000000E+0 1.718000E+3 1.299000E+3 399.000000E+0
853 618.000000E+0 1.703000E+3 1.297000E+3 399.000000E+0
854 615.000000E+0 1.685000E+3 1.294000E+3 399.000000E+0
855 613.000000E+0 1.668000E+3 1.291000E+3 399.000000E+0
856 613.000000E+0 1.651000E+3 1.288000E+3 399.000000E+0
857 613.000000E+0 1.636000E+3 1.285000E+3 400.000000E+0
858 614.000000E+0 1.623000E+3 1.280000E+3 401.000000E+0
859 616.000000E+0 1.613000E+3 1.275000E+3 402.000000E+0
860 619.000000E+0 1.607000E+3 1.269000E+3 403.000000E+0
861 622.000000E+0 1.602000E+3 1.262000E+3 405.000000E+0
862 627.000000E+0 1.603000E+3 1.253000E+3 409.000000E+0
863 633.000000E+0 1.605000E+3 1.243000E+3 413.000000E+0
864 640.000000E+0 1.610000E+3 1.231000E+3 419.000000E+0
865 646.000000E+0 1.616000E+3 1.220000E+3 425.000000E+0
866 654.000000E+0 1.623000E+3 1.208000E+3 430.000000E+0
867 662.000000E+0 1.629000E+3 1.197000E+3 435.000000E+0
868 670.000000E+0 1.633000E+3 1.186000E+3 437.000000E+0
869 677.000000E+0 1.637000E+3 1.178000E+3 437.000000E+0
870 684.000000E+0 1.640000E+3 1.173000E+3 432.000000E+0
871 691.000000E+0 1.641000E+3 1.170000E+3 427.000000E+0
872 697.000000E+0 1.643000E+3 1.171000E+3 415.000000E+0
873 703.000000E+0 1.645000E+3 1.173000E+3 403.000000E+0
874 707.000000E+0 1.646000E+3 1.180000E+3 387.000000E+0
875 711.000000E+0 1.646000E+3 1.187000E+3 371.000000E+0
876 715.000000E+0 1.646000E+3 1.199000E+3 354.000000E+0
877 718.000000E+0 1.646000E+3 1.210000E+3 339.000000E+0
878 721.000000E+0 1.646000E+3 1.226000E+3 323.000000E+0
879 725.000000E+0 1.646000E+3 1.241000E+3 309.000000E+0
880 726.000000E+0 1.647000E+3 1.260000E+3 297.000000E+0
881 728.000000E+0 1.647000E+3 1.276000E+3 285.000000E+0
882 730.000000E+0 1.647000E+3 1.293000E+3 277.000000E+0
883 732.000000E+0 1.647000E+3 1.310000E+3 270.000000E+0
884 734.000000E+0 1.647000E+3 1.329000E+3 268.000000E+0
885 735.000000E+0 1.647000E+3 1.345000E+3 266.000000E+0
886 738.000000E+0 1.647000E+3 1.360000E+3 268.000000E+0
887 739.000000E+0 1.647000E+3 1.373000E+3 270.000000E+0
888 741.000000E+0 1.648000E+3 1.386000E+3 277.000000E+0
889 743.000000E+0 1.647000E+3 1.398000E+3 285.000000E+0
890 746.000000E+0 1.648000E+3 1.408000E+3 299.000000E+0
891 747.000000E+0 1.647000E+3 1.415000E+3 311.000000E+0
892 750.000000E+0 1.647000E+3 1.422000E+3 327.000000E+0
893 752.000000E+0 1.647000E+3 1.427000E+3 342.000000E+0
894 755.000000E+0 1.648000E+3 1.429000E+3 359.000000E+0
895 757.000000E+0 1.647000E+3 1.431000E+3 377.000000E+0
896 761.000000E+0 1.647000E+3 1.432000E+3 394.000000E+0
897 765.000000E+0 1.647000E+3 1.431000E+3 408.000000E+0
898 769.000000E+0 1.646000E+3 1.431000E+3 422.000000E+0
899 774.000000E+0 1.645000E+3 1.430000E+3 432.000000E+0
900 781.000000E+0 1.643000E+3 1.428000E+3 439.000000E+0
901 789.000000E+0 1.640000E+3 1.425000E+3 443.000000E+0
902 798.000000E+0 1.637000E+3 1.421000E+3 443.000000E+0
903 806.000000E+0 1.634000E+3 1.417000E+3 442.000000E+0
904 818.000000E+0 1.628000E+3 1.410000E+3 438.000000E+0
905 830.000000E+0 1.621000E+3 1.403000E+3 432.000000E+0
906 842.000000E+0 1.615000E+3 1.396000E+3 425.000000E+0
907 854.000000E+0 1.611000E+3 1.388000E+3 419.000000E+0
908 865.000000E+0 1.609000E+3 1.381000E+3 414.000000E+0
909 873.000000E+0 1.610000E+3 1.373000E+3 410.000000E+0
910 877.000000E+0 1.615000E+3 1.365000E+3 408.000000E+0
911 879.000000E+0 1.622000E+3 1.359000E+3 406.000000E+0
912 877.000000E+0 1.634000E+3 1.353000E+3 404.000000E+0
913 873.000000E+0 1.647000E+3 1.347000E+3 403.000000E+0
914 865.000000E+0 1.663000E+3 1.342000E+3 402.000000E+0
915 855.000000E+0 1.679000E+3 1.337000E+3 401.000000E+0
916 842.000000E+0 1.696000E+3 1.333000E+3 400.000000E+0
917 829.000000E+0 1.712000E+3 1.330000E+3 400.000000E+0
918 811.000000E+0 1.728000E+3 1.327000E+3 400.000000E+0
919 796.000000E+0 1.742000E+3 1.325000E+3 400.000000E+0
920 777.000000E+0 1.755000E+3 1.322000E+3 400.000000E+0
921 760.000000E+0 1.763000E+3 1.321000E+3 397.000000E+0
922 742.000000E+0 1.771000E+3 1.321000E+3 400.000000E+0
923 725.000000E+0 1.778000E+3 1.320000E+3 400.000000E+0
924 707.000000E+0 1.781000E+3 1.318000E+3 399.000000E+0
925 691.000000E+0 1.782000E+3 1.313000E+3 399.000000E+0
926 674.000000E+0 1.779000E+3 1.310000E+3 399.000000E+0
927 658.000000E+0 1.775000E+3 1.308000E+3 399.000000E+0
928 645.000000E+0 1.766000E+3 1.305000E+3 399.000000E+0
929 634.000000E+0 1.756000E+3 1.303000E+3 399.000000E+0
930 624.000000E+0 1.742000E+3 1.301000E+3 399.000000E+0
931 617.000000E+0 1.727000E+3 1.299000E+3 399.000000E+0
932 612.000000E+0 1.710000E+3 1.297000E+3 399.000000E+0
933 608.000000E+0 1.693000E+3 1.295000E+3 399.000000E+0
934 605.000000E+0 1.675000E+3 1.292000E+3 399.000000E+0
935 604.000000E+0 1.657000E+3 1.290000E+3 400.000000E+0
936 604.000000E+0 1.639000E+3 1.286000E+3 401.000000E+0
937 603.000000E+0 1.623000E+3 1.282000E+3 401.000000E+0
938 605.000000E+0 1.610000E+3 1.277000E+3 401.000000E+0
939 607.000000E+0 1.600000E+3 1.272000E+3 402.000000E+0
940 611.000000E+0 1.593000E+3 1.265000E+3 404.000000E+0
941 614.000000E+0 1.590000E+3 1.258000E+3 407.000000E+0
942 619.000000E+0 1.591000E+3 1.246000E+3 412.000000E+0
943 625.000000E+0 1.594000E+3 1.236000E+3 417.000000E+0
944 631.000000E+0 1.601000E+3 1.223000E+3 423.000000E+0
945 639.000000E+0 1.609000E+3 1.210000E+3 431.000000E+0
946 647.000000E+0 1.618000E+3 1.198000E+3 438.000000E+0
947 655.000000E+0 1.625000E+3 1.185000E+3 444.000000E+0
948 664.000000E+0 1.630000E+3 1.173000E+3 447.000000E+0
949 672.000000E+0 1.634000E+3 1.163000E+3 448.000000E+0
950 680.000000E+0 1.638000E+3 1.156000E+3 444.000000E+0
951 687.000000E+0 1.640000E+3 1.152000E+3 439.000000E+0
952 694.000000E+0 1.642000E+3 1.152000E+3 428.000000E+0
953 699.000000E+0 1.643000E+3 1.154000E+3 415.000000E+0
954 705.000000E+0 1.645000E+3 1.161000E+3 399.000000E+0
955 710.000000E+0 1.645000E+3 1.169000E+3 383.000000E+0
956 713.000000E+0 1.646000E+3 1.180000E+3 365.000000E+0
957 717.000000E+0 1.646000E+3 1.193000E+3 347.000000E+0
958 720.000000E+0 1.646000E+3 1.208000E+3 331.000000E+0
959 725.000000E+0 1.647000E+3 1.242000E+3 301.000000E+0
960 725.000000E+0 1.647000E+3 1.242000E+3 301.000000E+0
961 727.000000E+0 1.648000E+3 1.261000E+3 291.000000E+0
962 729.000000E+0 1.647000E+3 1.279000E+3 280.000000E+0
963 730.000000E+0 1.647000E+3 1.297000E+3 272.000000E+0
964 732.000000E+0 1.647000E+3 1.315000E+3 268.000000E+0
965 735.000000E+0 1.647000E+3 1.333000E+3 266.000000E+0
966 737.000000E+0 1.648000E+3 1.350000E+3 267.000000E+0
967 739.000000E+0 1.647000E+3 1.364000E+3 269.000000E+0
968 741.000000E+0 1.647000E+3 1.379000E+3 276.000000E+0
969 743.000000E+0 1.647000E+3 1.392000E+3 284.000000E+0
970 745.000000E+0 1.648000E+3 1.402000E+3 297.000000E+0
971 747.000000E+0 1.648000E+3 1.411000E+3 309.000000E+0
972 750.000000E+0 1.648000E+3 1.418000E+3 326.000000E+0
973 752.000000E+0 1.648000E+3 1.423000E+3 341.000000E+0
974 754.000000E+0 1.647000E+3 1.427000E+3 358.000000E+0
975 758.000000E+0 1.647000E+3 1.429000E+3 376.000000E+0
976 761.000000E+0 1.647000E+3 1.430000E+3 393.000000E+0
977 764.000000E+0 1.647000E+3 1.430000E+3 408.000000E+0
978 769.000000E+0 1.646000E+3 1.429000E+3 421.000000E+0
979 774.000000E+0 1.645000E+3 1.429000E+3 431.000000E+0
980 780.000000E+0 1.643000E+3 1.427000E+3 439.000000E+0
981 789.000000E+0 1.640000E+3 1.424000E+3 443.000000E+0
982 798.000000E+0 1.637000E+3 1.421000E+3 443.000000E+0
983 806.000000E+0 1.633000E+3 1.416000E+3 442.000000E+0
984 818.000000E+0 1.628000E+3 1.409000E+3 437.000000E+0
985 830.000000E+0 1.621000E+3 1.403000E+3 432.000000E+0
986 843.000000E+0 1.615000E+3 1.396000E+3 425.000000E+0
987 854.000000E+0 1.611000E+3 1.388000E+3 419.000000E+0
988 865.000000E+0 1.610000E+3 1.380000E+3 414.000000E+0
989 873.000000E+0 1.610000E+3 1.373000E+3 411.000000E+0
990 877.000000E+0 1.615000E+3 1.366000E+3 408.000000E+0
991 879.000000E+0 1.622000E+3 1.359000E+3 406.000000E+0
992 876.000000E+0 1.633000E+3 1.353000E+3 404.000000E+0
993 873.000000E+0 1.647000E+3 1.347000E+3 403.000000E+0
994 864.000000E+0 1.663000E+3 1.342000E+3 402.000000E+0
995 855.000000E+0 1.679000E+3 1.337000E+3 401.000000E+0
996 842.000000E+0 1.696000E+3 1.334000E+3 400.000000E+0
997 829.000000E+0 1.712000E+3 1.330000E+3 401.000000E+0
998 811.000000E+0 1.728000E+3 1.327000E+3 400.000000E+0
999 796.000000E+0 1.742000E+3 1.324000E+3 400.000000E+0
1000 777.000000E+0 1.755000E+3 1.322000E+3 400.000000E+0
