0 0.000000E+0 0.000000E+0 0.000000E+0 0.000000E+0
1 0.000000E+0 0.000000E+0 0.000000E+0 0.000000E+0
2 0.000000E+0 0.000000E+0 0.000000E+0 0.000000E+0
3 0.000000E+0 2.000000E+0 0.000000E+0 65.534000E+3
4 65.532000E+3 16.000000E+0 2.000000E+0 65.523000E+3
5 65.527000E+3 32.000000E+0 5.000000E+0 65.507000E+3
6 65.521000E+3 48.000000E+0 11.000000E+0 65.489000E+3
7 65.516000E+3 54.000000E+0 15.000000E+0 65.481000E+3
8 65.512000E+3 61.000000E+0 19.000000E+0 65.474000E+3
9 65.510000E+3 62.000000E+0 21.000000E+0 65.473000E+3
10 65.509000E+3 66.000000E+0 24.000000E+0 65.471000E+3
11 65.510000E+3 63.000000E+0 24.000000E+0 65.475000E+3
12 65.510000E+3 62.000000E+0 26.000000E+0 65.475000E+3
13 65.510000E+3 61.000000E+0 26.000000E+0 65.477000E+3
14 65.509000E+3 61.000000E+0 27.000000E+0 65.475000E+3
15 65.509000E+3 58.000000E+0 26.000000E+0 65.477000E+3
16 65.509000E+3 58.000000E+0 26.000000E+0 65.477000E+3
17 65.510000E+3 55.000000E+0 26.000000E+0 65.481000E+3
18 65.510000E+3 56.000000E+0 26.000000E+0 65.481000E+3
19 65.510000E+3 54.000000E+0 25.000000E+0 65.483000E+3
20 65.510000E+3 55.000000E+0 25.000000E+0 65.482000E+3
21 65.512000E+3 52.000000E+0 25.000000E+0 65.485000E+3
22 65.512000E+3 53.000000E+0 25.000000E+0 65.484000E+3
23 65.513000E+3 50.000000E+0 24.000000E+0 65.487000E+3
24 65.513000E+3 51.000000E+0 23.000000E+0 65.486000E+3
25 65.514000E+3 48.000000E+0 22.000000E+0 65.488000E+3
26 65.515000E+3 48.000000E+0 21.000000E+0 65.488000E+3
27 65.516000E+3 44.000000E+0 20.000000E+0 65.491000E+3
28 65.516000E+3 45.000000E+0 20.000000E+0 65.491000E+3
29 65.517000E+3 42.000000E+0 20.000000E+0 65.493000E+3
30 65.517000E+3 43.000000E+0 19.000000E+0 65.493000E+3
31 65.517000E+3 41.000000E+0 19.000000E+0 65.496000E+3
32 65.517000E+3 41.000000E+0 18.000000E+0 65.496000E+3
33 65.518000E+3 38.000000E+0 18.000000E+0 65.499000E+3
34 65.518000E+3 38.000000E+0 17.000000E+0 65.499000E+3
35 65.519000E+3 36.000000E+0 17.000000E+0 65.501000E+3
36 65.519000E+3 35.000000E+0 16.000000E+0 65.502000E+3
37 65.520000E+3 33.000000E+0 15.000000E+0 65.504000E+3
38 65.521000E+3 32.000000E+0 15.000000E+0 65.505000E+3
39 65.522000E+3 30.000000E+0 14.000000E+0 65.507000E+3
40 65.522000E+3 29.000000E+0 13.000000E+0 65.508000E+3
41 65.523000E+3 27.000000E+0 12.000000E+0 65.510000E+3
42 65.524000E+3 26.000000E+0 12.000000E+0 65.511000E+3
43 65.525000E+3 23.000000E+0 11.000000E+0 65.513000E+3
44 65.526000E+3 22.000000E+0 10.000000E+0 65.513000E+3
45 65.527000E+3 20.000000E+0 9.000000E+0 65.515000E+3
46 65.527000E+3 19.000000E+0 9.000000E+0 65.516000E+3
47 65.528000E+3 16.000000E+0 8.000000E+0 65.519000E+3
48 65.529000E+3 15.000000E+0 8.000000E+0 65.520000E+3
49 65.530000E+3 12.000000E+0 7.000000E+0 65.522000E+3
50 65.530000E+3 11.000000E+0 6.000000E+0 65.524000E+3
51 65.531000E+3 9.000000E+0 6.000000E+0 65.527000E+3
52 65.532000E+3 7.000000E+0 4.000000E+0 65.529000E+3
53 65.533000E+3 5.000000E+0 3.000000E+0 65.532000E+3
54 65.534000E+3 2.000000E+0 2.000000E+0 65.533000E+3
55 65.534000E+3 1.000000E+0 2.000000E+0 65.534000E+3
56 65.535000E+3 0.000000E+0 1.000000E+0 65.535000E+3
57 65.535000E+3 0.000000E+0 0.000000E+0 65.535000E+3
58 0.000000E+0 0.000000E+0 0.000000E+0 0.000000E+0
59 0.000000E+0 0.000000E+0 0.000000E+0 0.000000E+0
60 0.000000E+0 0.000000E+0 0.000000E+0 0.000000E+0
61 0.000000E+0 0.000000E+0 0.000000E+0 0.000000E+0
62 0.000000E+0 0.000000E+0 0.000000E+0 0.000000E+0
63 0.000000E+0 0.000000E+0 0.000000E+0 0.000000E+0
64 0.000000E+0 0.000000E+0 0.000000E+0 0.000000E+0
65 0.000000E+0 0.000000E+0 0.000000E+0 0.000000E+0
66 0.000000E+0 0.000000E+0 0.000000E+0 65.535000E+3
67 0.000000E+0 0.000000E+0 1.000000E+0 65.533000E+3
68 0.000000E+0 0.000000E+0 3.000000E+0 65.530000E+3
69 0.000000E+0 0.000000E+0 5.000000E+0 65.526000E+3
70 0.000000E+0 0.000000E+0 8.000000E+0 65.520000E+3
71 0.000000E+0 0.000000E+0 12.000000E+0 65.515000E+3
72 0.000000E+0 0.000000E+0 15.000000E+0 65.510000E+3
73 0.000000E+0 0.000000E+0 18.000000E+0 65.508000E+3
74 0.000000E+0 0.000000E+0 21.000000E+0 65.505000E+3
75 0.000000E+0 0.000000E+0 23.000000E+0 65.504000E+3
76 0.000000E+0 0.000000E+0 26.000000E+0 65.503000E+3
77 0.000000E+0 0.000000E+0 29.000000E+0 65.505000E+3
78 0.000000E+0 0.000000E+0 31.000000E+0 65.507000E+3
79 0.000000E+0 0.000000E+0 32.000000E+0 65.511000E+3
80 0.000000E+0 0.000000E+0 32.000000E+0 65.514000E+3
81 0.000000E+0 0.000000E+0 31.000000E+0 65.518000E+3
82 0.000000E+0 0.000000E+0 31.000000E+0 65.523000E+3
83 0.000000E+0 0.000000E+0 29.000000E+0 65.528000E+3
84 0.000000E+0 0.000000E+0 28.000000E+0 65.533000E+3
85 1.000000E+0 0.000000E+0 25.000000E+0 1.000000E+0
86 1.000000E+0 0.000000E+0 23.000000E+0 6.000000E+0
87 1.000000E+0 0.000000E+0 19.000000E+0 12.000000E+0
88 2.000000E+0 0.000000E+0 16.000000E+0 19.000000E+0
89 2.000000E+0 0.000000E+0 11.000000E+0 24.000000E+0
90 3.000000E+0 0.000000E+0 7.000000E+0 32.000000E+0
91 4.000000E+0 0.000000E+0 4.000000E+0 35.000000E+0
92 5.000000E+0 0.000000E+0 2.000000E+0 41.000000E+0
93 6.000000E+0 0.000000E+0 0.000000E+0 41.000000E+0
94 6.000000E+0 0.000000E+0 0.000000E+0 44.000000E+0
95 7.000000E+0 0.000000E+0 65.534000E+3 42.000000E+0
96 9.000000E+0 0.000000E+0 65.532000E+3 43.000000E+0
97 10.000000E+0 0.000000E+0 65.529000E+3 40.000000E+0
98 12.000000E+0 65.535000E+3 65.526000E+3 38.000000E+0
99 14.000000E+0 65.534000E+3 65.523000E+3 31.000000E+0
100 17.000000E+0 65.532000E+3 65.521000E+3 24.000000E+0
101 19.000000E+0 65.530000E+3 65.519000E+3 15.000000E+0
102 23.000000E+0 65.527000E+3 65.518000E+3 6.000000E+0
103 26.000000E+0 65.525000E+3 65.517000E+3 0.000000E+0
104 31.000000E+0 65.522000E+3 65.516000E+3 65.528000E+3
105 35.000000E+0 65.520000E+3 65.515000E+3 65.523000E+3
106 38.000000E+0 65.518000E+3 65.513000E+3 65.519000E+3
107 38.000000E+0 65.520000E+3 65.513000E+3 65.518000E+3
108 37.000000E+0 65.525000E+3 65.512000E+3 65.519000E+3
109 31.000000E+0 65.531000E+3 65.512000E+3 65.522000E+3
110 24.000000E+0 4.000000E+0 65.513000E+3 65.524000E+3
111 15.000000E+0 13.000000E+0 65.514000E+3 65.527000E+3
112 5.000000E+0 25.000000E+0 65.515000E+3 65.530000E+3
113 65.533000E+3 33.000000E+0 65.516000E+3 65.531000E+3
114 65.523000E+3 42.000000E+0 65.518000E+3 65.533000E+3
115 65.515000E+3 45.000000E+0 65.521000E+3 65.534000E+3
116 65.506000E+3 50.000000E+0 65.523000E+3 65.534000E+3
117 65.499000E+3 50.000000E+0 65.525000E+3 65.535000E+3
118 65.492000E+3 51.000000E+0 65.526000E+3 0.000000E+0
119 65.488000E+3 48.000000E+0 65.527000E+3 0.000000E+0
120 65.483000E+3 45.000000E+0 65.529000E+3 0.000000E+0
121 65.482000E+3 38.000000E+0 65.530000E+3 65.534000E+3
122 65.481000E+3 33.000000E+0 65.532000E+3 65.535000E+3
123 65.483000E+3 27.000000E+0 65.533000E+3 65.535000E+3
124 65.483000E+3 20.000000E+0 65.532000E+3 0.000000E+0
125 65.485000E+3 12.000000E+0 65.529000E+3 0.000000E+0
126 65.485000E+3 3.000000E+0 65.527000E+3 0.000000E+0
127 65.487000E+3 65.532000E+3 65.527000E+3 0.000000E+0
128 65.489000E+3 65.522000E+3 65.528000E+3 0.000000E+0
129 65.494000E+3 65.514000E+3 65.529000E+3 0.000000E+0
130 65.500000E+3 65.505000E+3 65.529000E+3 0.000000E+0
131 65.507000E+3 65.499000E+3 65.530000E+3 0.000000E+0
132 65.513000E+3 65.491000E+3 65.531000E+3 0.000000E+0
133 65.518000E+3 65.489000E+3 65.531000E+3 0.000000E+0
134 65.523000E+3 65.484000E+3 65.530000E+3 0.000000E+0
135 65.527000E+3 65.485000E+3 65.529000E+3 0.000000E+0
136 65.531000E+3 65.483000E+3 65.528000E+3 0.000000E+0
137 65.534000E+3 65.486000E+3 65.526000E+3 1.000000E+0
138 0.000000E+0 65.489000E+3 65.524000E+3 1.000000E+0
139 3.000000E+0 65.497000E+3 65.522000E+3 2.000000E+0
140 7.000000E+0 65.505000E+3 65.519000E+3 3.000000E+0
141 9.000000E+0 65.515000E+3 65.517000E+3 5.000000E+0
142 12.000000E+0 65.526000E+3 65.513000E+3 8.000000E+0
143 14.000000E+0 65.535000E+3 65.509000E+3 11.000000E+0
144 17.000000E+0 7.000000E+0 65.505000E+3 14.000000E+0
145 20.000000E+0 13.000000E+0 65.502000E+3 16.000000E+0
146 22.000000E+0 18.000000E+0 65.500000E+3 17.000000E+0
147 23.000000E+0 18.000000E+0 65.500000E+3 15.000000E+0
148 25.000000E+0 17.000000E+0 65.502000E+3 12.000000E+0
149 24.000000E+0 14.000000E+0 65.506000E+3 5.000000E+0
150 23.000000E+0 11.000000E+0 65.513000E+3 65.533000E+3
151 21.000000E+0 8.000000E+0 65.521000E+3 65.524000E+3
152 20.000000E+0 6.000000E+0 65.530000E+3 65.512000E+3
153 19.000000E+0 5.000000E+0 2.000000E+0 65.504000E+3
154 18.000000E+0 4.000000E+0 10.000000E+0 65.494000E+3
155 15.000000E+0 3.000000E+0 18.000000E+0 65.490000E+3
156 13.000000E+0 1.000000E+0 27.000000E+0 65.485000E+3
157 11.000000E+0 0.000000E+0 34.000000E+0 65.485000E+3
158 10.000000E+0 0.000000E+0 41.000000E+0 65.485000E+3
159 9.000000E+0 0.000000E+0 46.000000E+0 65.489000E+3
160 8.000000E+0 0.000000E+0 52.000000E+0 65.492000E+3
161 7.000000E+0 0.000000E+0 54.000000E+0 65.498000E+3
162 6.000000E+0 0.000000E+0 57.000000E+0 65.504000E+3
163 6.000000E+0 0.000000E+0 57.000000E+0 65.511000E+3
164 6.000000E+0 0.000000E+0 57.000000E+0 65.519000E+3
165 6.000000E+0 0.000000E+0 54.000000E+0 65.527000E+3
166 6.000000E+0 0.000000E+0 52.000000E+0 65.535000E+3
167 5.000000E+0 0.000000E+0 49.000000E+0 5.000000E+0
168 5.000000E+0 0.000000E+0 45.000000E+0 14.000000E+0
169 6.000000E+0 0.000000E+0 40.000000E+0 21.000000E+0
170 6.000000E+0 0.000000E+0 35.000000E+0 32.000000E+0
171 7.000000E+0 0.000000E+0 30.000000E+0 38.000000E+0
172 7.000000E+0 0.000000E+0 25.000000E+0 47.000000E+0
173 7.000000E+0 0.000000E+0 19.000000E+0 49.000000E+0
174 8.000000E+0 0.000000E+0 14.000000E+0 56.000000E+0
175 9.000000E+0 0.000000E+0 9.000000E+0 55.000000E+0
176 10.000000E+0 0.000000E+0 5.000000E+0 57.000000E+0
177 11.000000E+0 65.535000E+3 2.000000E+0 53.000000E+0
178 13.000000E+0 65.535000E+3 0.000000E+0 49.000000E+0
179 15.000000E+0 65.534000E+3 65.534000E+3 41.000000E+0
180 19.000000E+0 65.531000E+3 65.532000E+3 32.000000E+0
181 23.000000E+0 65.529000E+3 65.529000E+3 21.000000E+0
182 27.000000E+0 65.526000E+3 65.526000E+3 10.000000E+0
183 31.000000E+0 65.524000E+3 65.523000E+3 0.000000E+0
184 35.000000E+0 65.519000E+3 65.519000E+3 65.527000E+3
185 38.000000E+0 65.516000E+3 65.517000E+3 65.520000E+3
186 41.000000E+0 65.514000E+3 65.514000E+3 65.515000E+3
187 42.000000E+0 65.515000E+3 65.513000E+3 65.514000E+3
188 40.000000E+0 65.520000E+3 65.511000E+3 65.515000E+3
189 35.000000E+0 65.528000E+3 65.512000E+3 65.518000E+3
190 27.000000E+0 2.000000E+0 65.512000E+3 65.522000E+3
191 17.000000E+0 12.000000E+0 65.513000E+3 65.525000E+3
192 7.000000E+0 24.000000E+0 65.514000E+3 65.528000E+3
193 65.534000E+3 34.000000E+0 65.515000E+3 65.530000E+3
194 65.523000E+3 44.000000E+0 65.517000E+3 65.531000E+3
195 65.514000E+3 49.000000E+0 65.519000E+3 65.533000E+3
196 65.504000E+3 54.000000E+0 65.521000E+3 65.534000E+3
197 65.497000E+3 53.000000E+0 65.523000E+3 65.534000E+3
198 65.489000E+3 54.000000E+0 65.525000E+3 65.535000E+3
199 65.484000E+3 51.000000E+0 65.526000E+3 0.000000E+0
200 65.479000E+3 48.000000E+0 65.527000E+3 0.000000E+0
201 65.477000E+3 42.000000E+0 65.529000E+3 0.000000E+0
202 65.475000E+3 36.000000E+0 65.530000E+3 0.000000E+0
203 65.476000E+3 28.000000E+0 65.532000E+3 0.000000E+0
204 65.477000E+3 20.000000E+0 65.532000E+3 0.000000E+0
205 65.479000E+3 12.000000E+0 65.530000E+3 0.000000E+0
206 65.480000E+3 3.000000E+0 65.528000E+3 0.000000E+0
207 65.483000E+3 65.532000E+3 65.527000E+3 0.000000E+0
208 65.486000E+3 65.521000E+3 65.528000E+3 0.000000E+0
209 65.491000E+3 65.513000E+3 65.529000E+3 0.000000E+0
210 65.497000E+3 65.502000E+3 65.529000E+3 0.000000E+0
211 65.504000E+3 65.496000E+3 65.529000E+3 0.000000E+0
212 65.510000E+3 65.488000E+3 65.530000E+3 0.000000E+0
213 65.516000E+3 65.486000E+3 65.529000E+3 0.000000E+0
214 65.521000E+3 65.480000E+3 65.529000E+3 0.000000E+0
215 65.526000E+3 65.480000E+3 65.528000E+3 0.000000E+0
216 65.530000E+3 65.478000E+3 65.527000E+3 0.000000E+0
217 65.534000E+3 65.482000E+3 65.525000E+3 1.000000E+0
218 0.000000E+0 65.486000E+3 65.523000E+3 2.000000E+0
219 3.000000E+0 65.495000E+3 65.521000E+3 3.000000E+0
220 6.000000E+0 65.504000E+3 65.518000E+3 4.000000E+0
221 9.000000E+0 65.515000E+3 65.515000E+3 6.000000E+0
222 12.000000E+0 65.527000E+3 65.510000E+3 10.000000E+0
223 14.000000E+0 0.000000E+0 65.506000E+3 13.000000E+0
224 17.000000E+0 11.000000E+0 65.501000E+3 17.000000E+0
225 20.000000E+0 17.000000E+0 65.498000E+3 19.000000E+0
226 23.000000E+0 23.000000E+0 65.496000E+3 21.000000E+0
227 25.000000E+0 23.000000E+0 65.496000E+3 20.000000E+0
228 26.000000E+0 21.000000E+0 65.498000E+3 16.000000E+0
229 26.000000E+0 17.000000E+0 65.501000E+3 9.000000E+0
230 26.000000E+0 14.000000E+0 65.507000E+3 0.000000E+0
231 24.000000E+0 11.000000E+0 65.515000E+3 65.527000E+3
232 22.000000E+0 8.000000E+0 65.525000E+3 65.515000E+3
233 20.000000E+0 5.000000E+0 65.535000E+3 65.506000E+3
234 18.000000E+0 4.000000E+0 9.000000E+0 65.495000E+3
235 16.000000E+0 3.000000E+0 17.000000E+0 65.489000E+3
236 14.000000E+0 2.000000E+0 27.000000E+0 65.483000E+3
237 12.000000E+0 1.000000E+0 33.000000E+0 65.482000E+3
238 11.000000E+0 0.000000E+0 41.000000E+0 65.481000E+3
239 10.000000E+0 0.000000E+0 46.000000E+0 65.485000E+3
240 9.000000E+0 0.000000E+0 52.000000E+0 65.488000E+3
241 7.000000E+0 0.000000E+0 54.000000E+0 65.495000E+3
242 6.000000E+0 0.000000E+0 57.000000E+0 65.500000E+3
243 5.000000E+0 0.000000E+0 57.000000E+0 65.507000E+3
244 5.000000E+0 0.000000E+0 58.000000E+0 65.514000E+3
245 6.000000E+0 0.000000E+0 56.000000E+0 65.522000E+3
246 6.000000E+0 0.000000E+0 55.000000E+0 65.531000E+3
247 6.000000E+0 0.000000E+0 51.000000E+0 1.000000E+0
248 6.000000E+0 0.000000E+0 48.000000E+0 10.000000E+0
249 6.000000E+0 0.000000E+0 43.000000E+0 17.000000E+0
250 6.000000E+0 0.000000E+0 38.000000E+0 27.000000E+0
251 6.000000E+0 0.000000E+0 33.000000E+0 34.000000E+0
252 7.000000E+0 0.000000E+0 27.000000E+0 42.000000E+0
253 7.000000E+0 0.000000E+0 22.000000E+0 45.000000E+0
254 7.000000E+0 0.000000E+0 16.000000E+0 51.000000E+0
255 8.000000E+0 0.000000E+0 11.000000E+0 52.000000E+0
256 9.000000E+0 0.000000E+0 7.000000E+0 54.000000E+0
257 10.000000E+0 0.000000E+0 3.000000E+0 51.000000E+0
258 12.000000E+0 65.535000E+3 1.000000E+0 48.000000E+0
259 14.000000E+0 65.534000E+3 0.000000E+0 40.000000E+0
260 17.000000E+0 65.532000E+3 65.533000E+3 32.000000E+0
261 20.000000E+0 65.530000E+3 65.531000E+3 23.000000E+0
262 25.000000E+0 65.528000E+3 65.528000E+3 13.000000E+0
263 28.000000E+0 65.527000E+3 65.525000E+3 3.000000E+0
264 33.000000E+0 65.523000E+3 65.521000E+3 65.531000E+3
265 35.000000E+0 65.520000E+3 65.518000E+3 65.525000E+3
266 37.000000E+0 65.518000E+3 65.515000E+3 65.520000E+3
267 37.000000E+0 65.520000E+3 65.514000E+3 65.518000E+3
268 35.000000E+0 65.525000E+3 65.513000E+3 65.519000E+3
269 30.000000E+0 65.532000E+3 65.513000E+3 65.521000E+3
270 23.000000E+0 5.000000E+0 65.513000E+3 65.524000E+3
271 14.000000E+0 14.000000E+0 65.515000E+3 65.528000E+3
272 4.000000E+0 25.000000E+0 65.515000E+3 65.530000E+3
273 65.531000E+3 33.000000E+0 65.517000E+3 65.532000E+3
274 65.521000E+3 42.000000E+0 65.518000E+3 65.533000E+3
275 65.513000E+3 46.000000E+0 65.521000E+3 65.533000E+3
276 65.504000E+3 51.000000E+0 65.522000E+3 65.534000E+3
277 65.498000E+3 51.000000E+0 65.524000E+3 65.535000E+3
278 65.491000E+3 52.000000E+0 65.526000E+3 65.535000E+3
279 65.486000E+3 48.000000E+0 65.527000E+3 65.535000E+3
280 65.481000E+3 45.000000E+0 65.528000E+3 0.000000E+0
281 65.481000E+3 38.000000E+0 65.530000E+3 65.535000E+3
282 65.480000E+3 32.000000E+0 65.532000E+3 0.000000E+0
283 65.481000E+3 25.000000E+0 65.533000E+3 0.000000E+0
284 65.481000E+3 18.000000E+0 65.531000E+3 0.000000E+0
285 65.482000E+3 10.000000E+0 65.528000E+3 0.000000E+0
286 65.482000E+3 1.000000E+0 65.527000E+3 0.000000E+0
287 65.485000E+3 65.529000E+3 65.528000E+3 0.000000E+0
288 65.488000E+3 65.519000E+3 65.528000E+3 0.000000E+0
289 65.494000E+3 65.511000E+3 65.529000E+3 0.000000E+0
290 65.500000E+3 65.501000E+3 65.530000E+3 0.000000E+0
291 65.507000E+3 65.496000E+3 65.530000E+3 0.000000E+0
292 65.513000E+3 65.488000E+3 65.530000E+3 0.000000E+0
293 65.518000E+3 65.486000E+3 65.530000E+3 0.000000E+0
294 65.523000E+3 65.481000E+3 65.529000E+3 0.000000E+0
295 65.528000E+3 65.481000E+3 65.528000E+3 0.000000E+0
296 65.532000E+3 65.479000E+3 65.527000E+3 0.000000E+0
297 65.535000E+3 65.483000E+3 65.526000E+3 1.000000E+0
298 1.000000E+0 65.487000E+3 65.523000E+3 2.000000E+0
299 4.000000E+0 65.496000E+3 65.521000E+3 2.000000E+0
300 7.000000E+0 65.505000E+3 65.518000E+3 4.000000E+0
301 10.000000E+0 65.515000E+3 65.515000E+3 6.000000E+0
302 13.000000E+0 65.527000E+3 65.510000E+3 10.000000E+0
303 15.000000E+0 0.000000E+0 65.506000E+3 13.000000E+0
304 18.000000E+0 11.000000E+0 65.502000E+3 17.000000E+0
305 20.000000E+0 18.000000E+0 65.499000E+3 19.000000E+0
306 23.000000E+0 23.000000E+0 65.496000E+3 21.000000E+0
307 25.000000E+0 23.000000E+0 65.496000E+3 20.000000E+0
308 26.000000E+0 21.000000E+0 65.497000E+3 16.000000E+0
309 26.000000E+0 17.000000E+0 65.501000E+3 9.000000E+0
310 26.000000E+0 14.000000E+0 65.508000E+3 0.000000E+0
311 24.000000E+0 10.000000E+0 65.516000E+3 65.526000E+3
312 22.000000E+0 8.000000E+0 65.527000E+3 65.514000E+3
313 20.000000E+0 6.000000E+0 0.000000E+0 65.505000E+3
314 19.000000E+0 4.000000E+0 10.000000E+0 65.494000E+3
315 17.000000E+0 3.000000E+0 18.000000E+0 65.489000E+3
316 15.000000E+0 2.000000E+0 28.000000E+0 65.483000E+3
317 13.000000E+0 1.000000E+0 35.000000E+0 65.482000E+3
318 11.000000E+0 0.000000E+0 43.000000E+0 65.481000E+3
319 10.000000E+0 0.000000E+0 49.000000E+0 65.485000E+3
320 9.000000E+0 1.000000E+0 55.000000E+0 65.488000E+3
321 7.000000E+0 1.000000E+0 57.000000E+0 65.495000E+3
322 6.000000E+0 0.000000E+0 59.000000E+0 65.500000E+3
323 5.000000E+0 0.000000E+0 59.000000E+0 65.507000E+3
324 6.000000E+0 0.000000E+0 59.000000E+0 65.515000E+3
325 6.000000E+0 0.000000E+0 58.000000E+0 65.524000E+3
326 6.000000E+0 0.000000E+0 57.000000E+0 65.533000E+3
327 6.000000E+0 0.000000E+0 53.000000E+0 3.000000E+0
328 6.000000E+0 0.000000E+0 49.000000E+0 12.000000E+0
329 6.000000E+0 0.000000E+0 44.000000E+0 20.000000E+0
330 7.000000E+0 0.000000E+0 39.000000E+0 31.000000E+0
331 7.000000E+0 0.000000E+0 33.000000E+0 38.000000E+0
332 7.000000E+0 0.000000E+0 27.000000E+0 46.000000E+0
333 8.000000E+0 0.000000E+0 22.000000E+0 49.000000E+0
334 8.000000E+0 0.000000E+0 16.000000E+0 55.000000E+0
335 8.000000E+0 0.000000E+0 11.000000E+0 56.000000E+0
336 10.000000E+0 0.000000E+0 6.000000E+0 58.000000E+0
337 11.000000E+0 65.535000E+3 2.000000E+0 54.000000E+0
338 13.000000E+0 65.534000E+3 0.000000E+0 50.000000E+0
339 15.000000E+0 65.533000E+3 65.535000E+3 41.000000E+0
340 19.000000E+0 65.531000E+3 65.532000E+3 33.000000E+0
341 22.000000E+0 65.529000E+3 65.530000E+3 22.000000E+0
342 27.000000E+0 65.527000E+3 65.527000E+3 10.000000E+0
343 31.000000E+0 65.524000E+3 65.524000E+3 0.000000E+0
344 36.000000E+0 65.519000E+3 65.520000E+3 65.527000E+3
345 39.000000E+0 65.516000E+3 65.517000E+3 65.521000E+3
346 42.000000E+0 65.514000E+3 65.514000E+3 65.515000E+3
347 42.000000E+0 65.515000E+3 65.513000E+3 65.514000E+3
348 40.000000E+0 65.520000E+3 65.511000E+3 65.514000E+3
349 35.000000E+0 65.528000E+3 65.512000E+3 65.518000E+3
350 27.000000E+0 2.000000E+0 65.512000E+3 65.522000E+3
351 17.000000E+0 12.000000E+0 65.513000E+3 65.525000E+3
352 7.000000E+0 24.000000E+0 65.514000E+3 65.528000E+3
353 65.534000E+3 33.000000E+0 65.515000E+3 65.530000E+3
354 65.523000E+3 44.000000E+0 65.517000E+3 65.531000E+3
355 65.514000E+3 49.000000E+0 65.519000E+3 65.533000E+3
356 65.504000E+3 54.000000E+0 65.521000E+3 65.534000E+3
357 65.496000E+3 53.000000E+0 65.523000E+3 65.534000E+3
358 65.489000E+3 54.000000E+0 65.525000E+3 65.535000E+3
359 65.484000E+3 51.000000E+0 65.526000E+3 0.000000E+0
360 65.479000E+3 48.000000E+0 65.528000E+3 0.000000E+0
361 65.477000E+3 41.000000E+0 65.529000E+3 0.000000E+0
362 65.476000E+3 36.000000E+0 65.530000E+3 65.535000E+3
363 65.477000E+3 28.000000E+0 65.532000E+3 65.535000E+3
364 65.478000E+3 20.000000E+0 65.532000E+3 0.000000E+0
365 65.480000E+3 12.000000E+0 65.530000E+3 0.000000E+0
366 65.480000E+3 3.000000E+0 65.528000E+3 0.000000E+0
367 65.483000E+3 65.532000E+3 65.527000E+3 0.000000E+0
368 65.485000E+3 65.521000E+3 65.528000E+3 0.000000E+0
369 65.491000E+3 65.512000E+3 65.529000E+3 0.000000E+0
370 65.497000E+3 65.502000E+3 65.529000E+3 0.000000E+0
371 65.504000E+3 65.497000E+3 65.530000E+3 0.000000E+0
372 65.510000E+3 65.488000E+3 65.530000E+3 0.000000E+0
373 65.516000E+3 65.486000E+3 65.529000E+3 0.000000E+0
374 65.521000E+3 65.480000E+3 65.529000E+3 0.000000E+0
375 65.526000E+3 65.480000E+3 65.528000E+3 0.000000E+0
376 65.530000E+3 65.478000E+3 65.527000E+3 0.000000E+0
377 65.534000E+3 65.482000E+3 65.525000E+3 1.000000E+0
378 0.000000E+0 65.485000E+3 65.523000E+3 2.000000E+0
379 3.000000E+0 65.494000E+3 65.521000E+3 3.000000E+0
380 6.000000E+0 65.503000E+3 65.518000E+3 4.000000E+0
381 9.000000E+0 65.515000E+3 65.515000E+3 6.000000E+0
382 12.000000E+0 65.527000E+3 65.510000E+3 10.000000E+0
383 14.000000E+0 0.000000E+0 65.506000E+3 13.000000E+0
384 18.000000E+0 10.000000E+0 65.501000E+3 17.000000E+0
385 20.000000E+0 17.000000E+0 65.499000E+3 19.000000E+0
386 23.000000E+0 22.000000E+0 65.496000E+3 21.000000E+0
387 25.000000E+0 23.000000E+0 65.496000E+3 20.000000E+0
388 26.000000E+0 21.000000E+0 65.497000E+3 16.000000E+0
389 26.000000E+0 17.000000E+0 65.501000E+3 9.000000E+0
390 26.000000E+0 14.000000E+0 65.507000E+3 0.000000E+0
391 24.000000E+0 10.000000E+0 65.515000E+3 65.527000E+3
392 22.000000E+0 8.000000E+0 65.526000E+3 65.514000E+3
393 20.000000E+0 5.000000E+0 0.000000E+0 65.505000E+3
394 18.000000E+0 4.000000E+0 9.000000E+0 65.494000E+3
395 17.000000E+0 3.000000E+0 18.000000E+0 65.489000E+3
396 15.000000E+0 2.000000E+0 28.000000E+0 65.482000E+3
397 13.000000E+0 1.000000E+0 36.000000E+0 65.482000E+3
398 11.000000E+0 0.000000E+0 44.000000E+0 65.481000E+3
399 10.000000E+0 0.000000E+0 49.000000E+0 65.485000E+3
400 9.000000E+0 0.000000E+0 55.000000E+0 65.488000E+3
401 7.000000E+0 0.000000E+0 57.000000E+0 65.495000E+3
402 6.000000E+0 0.000000E+0 59.000000E+0 65.501000E+3
403 6.000000E+0 0.000000E+0 59.000000E+0 65.508000E+3
404 6.000000E+0 0.000000E+0 60.000000E+0 65.516000E+3
405 6.000000E+0 0.000000E+0 58.000000E+0 65.524000E+3
406 6.000000E+0 0.000000E+0 56.000000E+0 65.533000E+3
407 6.000000E+0 0.000000E+0 52.000000E+0 3.000000E+0
408 6.000000E+0 0.000000E+0 49.000000E+0 12.000000E+0
409 6.000000E+0 0.000000E+0 44.000000E+0 21.000000E+0
410 6.000000E+0 0.000000E+0 39.000000E+0 31.000000E+0
411 7.000000E+0 0.000000E+0 33.000000E+0 38.000000E+0
412 7.000000E+0 0.000000E+0 27.000000E+0 46.000000E+0
413 7.000000E+0 0.000000E+0 22.000000E+0 49.000000E+0
414 8.000000E+0 0.000000E+0 16.000000E+0 55.000000E+0
415 8.000000E+0 0.000000E+0 11.000000E+0 55.000000E+0
416 10.000000E+0 0.000000E+0 6.000000E+0 58.000000E+0
417 11.000000E+0 65.535000E+3 3.000000E+0 54.000000E+0
418 13.000000E+0 65.534000E+3 0.000000E+0 50.000000E+0
419 15.000000E+0 65.533000E+3 65.535000E+3 42.000000E+0
420 19.000000E+0 65.531000E+3 65.532000E+3 33.000000E+0
421 23.000000E+0 65.530000E+3 65.530000E+3 22.000000E+0
422 27.000000E+0 65.527000E+3 65.527000E+3 10.000000E+0
423 31.000000E+0 65.525000E+3 65.524000E+3 0.000000E+0
424 36.000000E+0 65.520000E+3 65.520000E+3 65.527000E+3
425 39.000000E+0 65.516000E+3 65.517000E+3 65.521000E+3
426 42.000000E+0 65.513000E+3 65.514000E+3 65.515000E+3
427 42.000000E+0 65.515000E+3 65.513000E+3 65.514000E+3
428 40.000000E+0 65.520000E+3 65.511000E+3 65.515000E+3
429 35.000000E+0 65.528000E+3 65.512000E+3 65.518000E+3
430 27.000000E+0 1.000000E+0 65.512000E+3 65.522000E+3
431 18.000000E+0 11.000000E+0 65.513000E+3 65.525000E+3
432 8.000000E+0 24.000000E+0 65.514000E+3 65.528000E+3
433 65.535000E+3 32.000000E+0 65.516000E+3 65.530000E+3
434 65.525000E+3 43.000000E+0 65.517000E+3 65.531000E+3
435 65.516000E+3 47.000000E+0 65.519000E+3 65.533000E+3
436 65.506000E+3 53.000000E+0 65.521000E+3 65.534000E+3
437 65.498000E+3 53.000000E+0 65.523000E+3 65.535000E+3
438 65.491000E+3 54.000000E+0 65.525000E+3 65.535000E+3
439 65.486000E+3 51.000000E+0 65.526000E+3 65.535000E+3
440 65.481000E+3 49.000000E+0 65.527000E+3 0.000000E+0
441 65.479000E+3 43.000000E+0 65.528000E+3 0.000000E+0
442 65.477000E+3 37.000000E+0 65.530000E+3 65.535000E+3
443 65.479000E+3 30.000000E+0 65.531000E+3 65.535000E+3
444 65.480000E+3 22.000000E+0 65.532000E+3 0.000000E+0
445 65.482000E+3 14.000000E+0 65.531000E+3 0.000000E+0
446 65.483000E+3 6.000000E+0 65.529000E+3 0.000000E+0
447 65.485000E+3 65.535000E+3 65.528000E+3 0.000000E+0
448 65.487000E+3 65.524000E+3 65.528000E+3 0.000000E+0
449 65.492000E+3 65.516000E+3 65.529000E+3 0.000000E+0
450 65.498000E+3 65.506000E+3 65.529000E+3 0.000000E+0
451 65.504000E+3 65.500000E+3 65.530000E+3 0.000000E+0
452 65.510000E+3 65.492000E+3 65.530000E+3 0.000000E+0
453 65.516000E+3 65.489000E+3 65.530000E+3 0.000000E+0
454 65.521000E+3 65.484000E+3 65.530000E+3 0.000000E+0
455 65.525000E+3 65.484000E+3 65.529000E+3 0.000000E+0
456 65.529000E+3 65.482000E+3 65.528000E+3 0.000000E+0
457 65.533000E+3 65.485000E+3 65.526000E+3 1.000000E+0
458 0.000000E+0 65.488000E+3 65.525000E+3 2.000000E+0
459 2.000000E+0 65.496000E+3 65.523000E+3 2.000000E+0
460 5.000000E+0 65.504000E+3 65.520000E+3 3.000000E+0
461 8.000000E+0 65.515000E+3 65.517000E+3 4.000000E+0
462 11.000000E+0 65.525000E+3 65.513000E+3 8.000000E+0
463 14.000000E+0 65.534000E+3 65.509000E+3 10.000000E+0
464 17.000000E+0 6.000000E+0 65.505000E+3 14.000000E+0
465 19.000000E+0 12.000000E+0 65.502000E+3 15.000000E+0
466 22.000000E+0 18.000000E+0 65.499000E+3 17.000000E+0
467 23.000000E+0 18.000000E+0 65.500000E+3 15.000000E+0
468 24.000000E+0 18.000000E+0 65.501000E+3 12.000000E+0
469 24.000000E+0 14.000000E+0 65.506000E+3 5.000000E+0
470 23.000000E+0 11.000000E+0 65.513000E+3 65.533000E+3
471 22.000000E+0 8.000000E+0 65.521000E+3 65.524000E+3
472 21.000000E+0 6.000000E+0 65.530000E+3 65.513000E+3
473 19.000000E+0 5.000000E+0 1.000000E+0 65.504000E+3
474 17.000000E+0 4.000000E+0 10.000000E+0 65.495000E+3
475 16.000000E+0 2.000000E+0 18.000000E+0 65.490000E+3
476 13.000000E+0 1.000000E+0 27.000000E+0 65.485000E+3
477 11.000000E+0 0.000000E+0 34.000000E+0 65.485000E+3
478 10.000000E+0 0.000000E+0 42.000000E+0 65.485000E+3
479 9.000000E+0 0.000000E+0 47.000000E+0 65.489000E+3
480 8.000000E+0 0.000000E+0 52.000000E+0 65.492000E+3
481 7.000000E+0 0.000000E+0 54.000000E+0 65.498000E+3
482 6.000000E+0 0.000000E+0 57.000000E+0 65.503000E+3
483 6.000000E+0 0.000000E+0 56.000000E+0 65.511000E+3
484 6.000000E+0 0.000000E+0 57.000000E+0 65.519000E+3
485 6.000000E+0 0.000000E+0 54.000000E+0 65.527000E+3
486 6.000000E+0 0.000000E+0 52.000000E+0 65.535000E+3
487 6.000000E+0 0.000000E+0 49.000000E+0 5.000000E+0
488 6.000000E+0 0.000000E+0 45.000000E+0 14.000000E+0
489 6.000000E+0 0.000000E+0 41.000000E+0 22.000000E+0
490 6.000000E+0 0.000000E+0 36.000000E+0 32.000000E+0
491 7.000000E+0 0.000000E+0 30.000000E+0 38.000000E+0
492 7.000000E+0 0.000000E+0 25.000000E+0 47.000000E+0
493 7.000000E+0 0.000000E+0 19.000000E+0 49.000000E+0
494 8.000000E+0 0.000000E+0 14.000000E+0 55.000000E+0
495 9.000000E+0 0.000000E+0 9.000000E+0 55.000000E+0
496 10.000000E+0 0.000000E+0 5.000000E+0 57.000000E+0
497 11.000000E+0 65.535000E+3 2.000000E+0 53.000000E+0
498 13.000000E+0 65.534000E+3 0.000000E+0 49.000000E+0
499 15.000000E+0 65.533000E+3 65.534000E+3 41.000000E+0
500 19.000000E+0 65.531000E+3 65.531000E+3 32.000000E+0
501 22.000000E+0 65.529000E+3 65.529000E+3 21.000000E+0
502 27.000000E+0 65.526000E+3 65.526000E+3 10.000000E+0
503 31.000000E+0 65.524000E+3 65.523000E+3 0.000000E+0
504 36.000000E+0 65.519000E+3 65.519000E+3 65.527000E+3
505 39.000000E+0 65.516000E+3 65.517000E+3 65.520000E+3
506 41.000000E+0 65.514000E+3 65.514000E+3 65.515000E+3
507 42.000000E+0 65.515000E+3 65.513000E+3 65.514000E+3
508 40.000000E+0 65.520000E+3 65.511000E+3 65.515000E+3
509 35.000000E+0 65.527000E+3 65.512000E+3 65.518000E+3
510 28.000000E+0 1.000000E+0 65.512000E+3 65.522000E+3
511 18.000000E+0 11.000000E+0 65.514000E+3 65.525000E+3
512 8.000000E+0 24.000000E+0 65.514000E+3 65.528000E+3
513 65.535000E+3 32.000000E+0 65.515000E+3 65.530000E+3
514 65.525000E+3 43.000000E+0 65.517000E+3 65.531000E+3
515 65.516000E+3 47.000000E+0 65.519000E+3 65.533000E+3
516 65.506000E+3 53.000000E+0 65.521000E+3 65.534000E+3
517 65.498000E+3 53.000000E+0 65.523000E+3 65.534000E+3
518 65.491000E+3 54.000000E+0 65.525000E+3 65.535000E+3
519 65.486000E+3 51.000000E+0 65.526000E+3 0.000000E+0
520 65.481000E+3 49.000000E+0 65.527000E+3 0.000000E+0
521 65.479000E+3 43.000000E+0 65.528000E+3 0.000000E+0
522 65.477000E+3 37.000000E+0 65.530000E+3 0.000000E+0
523 65.479000E+3 30.000000E+0 65.531000E+3 0.000000E+0
524 65.479000E+3 22.000000E+0 65.532000E+3 0.000000E+0
525 65.482000E+3 14.000000E+0 65.531000E+3 0.000000E+0
526 65.483000E+3 6.000000E+0 65.529000E+3 0.000000E+0
527 65.485000E+3 65.535000E+3 65.528000E+3 0.000000E+0
528 65.487000E+3 65.525000E+3 65.529000E+3 0.000000E+0
529 65.492000E+3 65.516000E+3 65.529000E+3 0.000000E+0
530 65.497000E+3 65.506000E+3 65.529000E+3 0.000000E+0
531 65.504000E+3 65.500000E+3 65.530000E+3 0.000000E+0
532 65.510000E+3 65.491000E+3 65.530000E+3 0.000000E+0
533 65.516000E+3 65.489000E+3 65.530000E+3 0.000000E+0
534 65.521000E+3 65.484000E+3 65.530000E+3 0.000000E+0
535 65.525000E+3 65.485000E+3 65.529000E+3 0.000000E+0
536 65.530000E+3 65.482000E+3 65.528000E+3 0.000000E+0
537 65.533000E+3 65.485000E+3 65.527000E+3 1.000000E+0
538 0.000000E+0 65.488000E+3 65.525000E+3 2.000000E+0
539 2.000000E+0 65.496000E+3 65.523000E+3 2.000000E+0
540 5.000000E+0 65.504000E+3 65.520000E+3 3.000000E+0
541 8.000000E+0 65.514000E+3 65.517000E+3 4.000000E+0
542 11.000000E+0 65.525000E+3 65.513000E+3 7.000000E+0
543 14.000000E+0 65.534000E+3 65.509000E+3 10.000000E+0
544 17.000000E+0 6.000000E+0 65.505000E+3 14.000000E+0
545 19.000000E+0 12.000000E+0 65.502000E+3 15.000000E+0
546 22.000000E+0 17.000000E+0 65.499000E+3 17.000000E+0
547 23.000000E+0 18.000000E+0 65.500000E+3 16.000000E+0
548 25.000000E+0 18.000000E+0 65.501000E+3 12.000000E+0
549 24.000000E+0 14.000000E+0 65.506000E+3 5.000000E+0
550 23.000000E+0 11.000000E+0 65.512000E+3 65.533000E+3
551 22.000000E+0 8.000000E+0 65.520000E+3 65.525000E+3
552 20.000000E+0 6.000000E+0 65.529000E+3 65.514000E+3
553 19.000000E+0 5.000000E+0 0.000000E+0 65.505000E+3
554 17.000000E+0 4.000000E+0 9.000000E+0 65.496000E+3
555 15.000000E+0 3.000000E+0 17.000000E+0 65.491000E+3
556 13.000000E+0 1.000000E+0 26.000000E+0 65.486000E+3
557 11.000000E+0 0.000000E+0 32.000000E+0 65.486000E+3
558 10.000000E+0 0.000000E+0 40.000000E+0 65.485000E+3
559 9.000000E+0 0.000000E+0 44.000000E+0 65.489000E+3
560 8.000000E+0 0.000000E+0 50.000000E+0 65.492000E+3
561 7.000000E+0 0.000000E+0 52.000000E+0 65.498000E+3
562 6.000000E+0 0.000000E+0 54.000000E+0 65.503000E+3
563 5.000000E+0 0.000000E+0 54.000000E+0 65.510000E+3
564 5.000000E+0 0.000000E+0 55.000000E+0 65.518000E+3
565 5.000000E+0 0.000000E+0 52.000000E+0 65.525000E+3
566 5.000000E+0 0.000000E+0 51.000000E+0 65.533000E+3
567 5.000000E+0 0.000000E+0 47.000000E+0 2.000000E+0
568 5.000000E+0 0.000000E+0 44.000000E+0 11.000000E+0
569 5.000000E+0 0.000000E+0 40.000000E+0 19.000000E+0
570 6.000000E+0 0.000000E+0 35.000000E+0 29.000000E+0
571 6.000000E+0 0.000000E+0 30.000000E+0 35.000000E+0
572 6.000000E+0 0.000000E+0 25.000000E+0 43.000000E+0
573 7.000000E+0 0.000000E+0 20.000000E+0 45.000000E+0
574 7.000000E+0 0.000000E+0 14.000000E+0 51.000000E+0
575 8.000000E+0 0.000000E+0 9.000000E+0 52.000000E+0
576 9.000000E+0 0.000000E+0 5.000000E+0 54.000000E+0
577 10.000000E+0 0.000000E+0 2.000000E+0 50.000000E+0
578 12.000000E+0 65.535000E+3 0.000000E+0 46.000000E+0
579 14.000000E+0 65.534000E+3 65.535000E+3 39.000000E+0
580 17.000000E+0 65.532000E+3 65.533000E+3 32.000000E+0
581 21.000000E+0 65.530000E+3 65.530000E+3 22.000000E+0
582 25.000000E+0 65.528000E+3 65.527000E+3 12.000000E+0
583 28.000000E+0 65.527000E+3 65.524000E+3 3.000000E+0
584 32.000000E+0 65.523000E+3 65.520000E+3 65.531000E+3
585 35.000000E+0 65.520000E+3 65.518000E+3 65.524000E+3
586 37.000000E+0 65.518000E+3 65.515000E+3 65.520000E+3
587 37.000000E+0 65.519000E+3 65.514000E+3 65.518000E+3
588 35.000000E+0 65.524000E+3 65.513000E+3 65.519000E+3
589 31.000000E+0 65.531000E+3 65.513000E+3 65.521000E+3
590 23.000000E+0 4.000000E+0 65.513000E+3 65.524000E+3
591 14.000000E+0 13.000000E+0 65.515000E+3 65.528000E+3
592 4.000000E+0 26.000000E+0 65.515000E+3 65.530000E+3
593 65.531000E+3 34.000000E+0 65.517000E+3 65.531000E+3
594 65.521000E+3 43.000000E+0 65.518000E+3 65.532000E+3
595 65.514000E+3 46.000000E+0 65.520000E+3 65.533000E+3
596 65.504000E+3 51.000000E+0 65.522000E+3 65.534000E+3
597 65.498000E+3 51.000000E+0 65.524000E+3 65.535000E+3
598 65.491000E+3 52.000000E+0 65.526000E+3 65.535000E+3
599 65.486000E+3 48.000000E+0 65.527000E+3 0.000000E+0
600 65.481000E+3 45.000000E+0 65.529000E+3 0.000000E+0
601 65.480000E+3 38.000000E+0 65.531000E+3 65.535000E+3
602 65.480000E+3 32.000000E+0 65.533000E+3 0.000000E+0
603 65.481000E+3 25.000000E+0 65.533000E+3 0.000000E+0
604 65.481000E+3 18.000000E+0 65.531000E+3 0.000000E+0
605 65.482000E+3 10.000000E+0 65.528000E+3 0.000000E+0
606 65.482000E+3 1.000000E+0 65.527000E+3 0.000000E+0
607 65.485000E+3 65.530000E+3 65.527000E+3 0.000000E+0
608 65.488000E+3 65.519000E+3 65.528000E+3 0.000000E+0
609 65.494000E+3 65.511000E+3 65.529000E+3 0.000000E+0
610 65.500000E+3 65.501000E+3 65.530000E+3 0.000000E+0
611 65.507000E+3 65.496000E+3 65.530000E+3 0.000000E+0
612 65.513000E+3 65.488000E+3 65.530000E+3 0.000000E+0
613 65.519000E+3 65.486000E+3 65.530000E+3 0.000000E+0
614 65.523000E+3 65.481000E+3 65.529000E+3 0.000000E+0
615 65.528000E+3 65.481000E+3 65.528000E+3 0.000000E+0
616 65.531000E+3 65.479000E+3 65.527000E+3 0.000000E+0
617 65.535000E+3 65.483000E+3 65.526000E+3 1.000000E+0
618 1.000000E+0 65.487000E+3 65.524000E+3 1.000000E+0
619 4.000000E+0 65.496000E+3 65.521000E+3 2.000000E+0
620 7.000000E+0 65.504000E+3 65.518000E+3 4.000000E+0
621 10.000000E+0 65.516000E+3 65.515000E+3 6.000000E+0
622 12.000000E+0 65.527000E+3 65.510000E+3 10.000000E+0
623 15.000000E+0 1.000000E+0 65.506000E+3 13.000000E+0
624 18.000000E+0 11.000000E+0 65.502000E+3 17.000000E+0
625 20.000000E+0 18.000000E+0 65.499000E+3 19.000000E+0
626 23.000000E+0 23.000000E+0 65.496000E+3 21.000000E+0
627 25.000000E+0 23.000000E+0 65.496000E+3 20.000000E+0
628 26.000000E+0 21.000000E+0 65.498000E+3 16.000000E+0
629 26.000000E+0 17.000000E+0 65.501000E+3 9.000000E+0
630 26.000000E+0 14.000000E+0 65.507000E+3 0.000000E+0
631 24.000000E+0 10.000000E+0 65.515000E+3 65.527000E+3
632 22.000000E+0 8.000000E+0 65.525000E+3 65.515000E+3
633 20.000000E+0 6.000000E+0 65.535000E+3 65.506000E+3
634 18.000000E+0 4.000000E+0 8.000000E+0 65.495000E+3
635 16.000000E+0 3.000000E+0 17.000000E+0 65.489000E+3
636 14.000000E+0 2.000000E+0 26.000000E+0 65.483000E+3
637 12.000000E+0 1.000000E+0 33.000000E+0 65.482000E+3
638 11.000000E+0 0.000000E+0 41.000000E+0 65.481000E+3
639 10.000000E+0 0.000000E+0 46.000000E+0 65.485000E+3
640 9.000000E+0 1.000000E+0 52.000000E+0 65.488000E+3
641 7.000000E+0 1.000000E+0 54.000000E+0 65.495000E+3
642 6.000000E+0 0.000000E+0 57.000000E+0 65.500000E+3
643 6.000000E+0 0.000000E+0 57.000000E+0 65.507000E+3
644 6.000000E+0 0.000000E+0 58.000000E+0 65.514000E+3
645 6.000000E+0 0.000000E+0 56.000000E+0 65.522000E+3
646 6.000000E+0 0.000000E+0 55.000000E+0 65.531000E+3
647 6.000000E+0 0.000000E+0 51.000000E+0 1.000000E+0
648 6.000000E+0 0.000000E+0 48.000000E+0 10.000000E+0
649 6.000000E+0 0.000000E+0 43.000000E+0 18.000000E+0
650 6.000000E+0 0.000000E+0 38.000000E+0 28.000000E+0
651 6.000000E+0 0.000000E+0 33.000000E+0 34.000000E+0
652 6.000000E+0 0.000000E+0 27.000000E+0 42.000000E+0
653 7.000000E+0 0.000000E+0 22.000000E+0 45.000000E+0
654 7.000000E+0 0.000000E+0 17.000000E+0 51.000000E+0
655 8.000000E+0 0.000000E+0 11.000000E+0 52.000000E+0
656 9.000000E+0 0.000000E+0 7.000000E+0 54.000000E+0
657 10.000000E+0 0.000000E+0 3.000000E+0 51.000000E+0
658 12.000000E+0 65.535000E+3 0.000000E+0 48.000000E+0
659 14.000000E+0 65.534000E+3 65.535000E+3 40.000000E+0
660 17.000000E+0 65.532000E+3 65.533000E+3 32.000000E+0
661 20.000000E+0 65.530000E+3 65.531000E+3 22.000000E+0
662 25.000000E+0 65.528000E+3 65.528000E+3 13.000000E+0
663 28.000000E+0 65.527000E+3 65.524000E+3 3.000000E+0
664 32.000000E+0 65.523000E+3 65.521000E+3 65.531000E+3
665 35.000000E+0 65.520000E+3 65.518000E+3 65.525000E+3
666 37.000000E+0 65.518000E+3 65.515000E+3 65.519000E+3
667 37.000000E+0 65.520000E+3 65.514000E+3 65.518000E+3
668 35.000000E+0 65.524000E+3 65.513000E+3 65.519000E+3
669 30.000000E+0 65.531000E+3 65.513000E+3 65.522000E+3
670 23.000000E+0 4.000000E+0 65.514000E+3 65.524000E+3
671 14.000000E+0 13.000000E+0 65.515000E+3 65.527000E+3
672 4.000000E+0 25.000000E+0 65.515000E+3 65.530000E+3
673 65.531000E+3 33.000000E+0 65.517000E+3 65.531000E+3
674 65.521000E+3 42.000000E+0 65.518000E+3 65.533000E+3
675 65.513000E+3 46.000000E+0 65.520000E+3 65.533000E+3
676 65.504000E+3 51.000000E+0 65.522000E+3 65.534000E+3
677 65.498000E+3 50.000000E+0 65.524000E+3 65.535000E+3
678 65.491000E+3 52.000000E+0 65.526000E+3 65.535000E+3
679 65.486000E+3 48.000000E+0 65.527000E+3 65.535000E+3
680 65.481000E+3 45.000000E+0 65.528000E+3 0.000000E+0
681 65.481000E+3 38.000000E+0 65.530000E+3 65.535000E+3
682 65.480000E+3 32.000000E+0 65.532000E+3 0.000000E+0
683 65.481000E+3 25.000000E+0 65.533000E+3 0.000000E+0
684 65.481000E+3 18.000000E+0 65.531000E+3 0.000000E+0
685 65.482000E+3 10.000000E+0 65.528000E+3 0.000000E+0
686 65.482000E+3 1.000000E+0 65.527000E+3 0.000000E+0
687 65.485000E+3 65.530000E+3 65.528000E+3 0.000000E+0
688 65.488000E+3 65.519000E+3 65.529000E+3 0.000000E+0
689 65.494000E+3 65.511000E+3 65.529000E+3 0.000000E+0
690 65.500000E+3 65.501000E+3 65.530000E+3 0.000000E+0
691 65.507000E+3 65.496000E+3 65.530000E+3 0.000000E+0
692 65.513000E+3 65.488000E+3 65.530000E+3 0.000000E+0
693 65.518000E+3 65.486000E+3 65.530000E+3 0.000000E+0
694 65.523000E+3 65.481000E+3 65.529000E+3 0.000000E+0
695 65.528000E+3 65.481000E+3 65.528000E+3 0.000000E+0
696 65.532000E+3 65.479000E+3 65.527000E+3 1.000000E+0
697 65.535000E+3 65.483000E+3 65.526000E+3 1.000000E+0
698 1.000000E+0 65.487000E+3 65.524000E+3 1.000000E+0
699 4.000000E+0 65.496000E+3 65.521000E+3 2.000000E+0
700 7.000000E+0 65.505000E+3 65.518000E+3 4.000000E+0
701 10.000000E+0 65.515000E+3 65.515000E+3 6.000000E+0
702 13.000000E+0 65.527000E+3 65.510000E+3 10.000000E+0
703 15.000000E+0 0.000000E+0 65.507000E+3 13.000000E+0
704 18.000000E+0 11.000000E+0 65.502000E+3 17.000000E+0
705 20.000000E+0 18.000000E+0 65.499000E+3 19.000000E+0
706 23.000000E+0 23.000000E+0 65.496000E+3 21.000000E+0
707 25.000000E+0 23.000000E+0 65.496000E+3 20.000000E+0
708 27.000000E+0 21.000000E+0 65.497000E+3 16.000000E+0
709 26.000000E+0 17.000000E+0 65.501000E+3 9.000000E+0
710 25.000000E+0 14.000000E+0 65.507000E+3 0.000000E+0
711 24.000000E+0 10.000000E+0 65.515000E+3 65.527000E+3
712 22.000000E+0 7.000000E+0 65.525000E+3 65.515000E+3
713 20.000000E+0 5.000000E+0 65.535000E+3 65.506000E+3
714 18.000000E+0 4.000000E+0 9.000000E+0 65.495000E+3
715 16.000000E+0 3.000000E+0 17.000000E+0 65.489000E+3
716 14.000000E+0 2.000000E+0 27.000000E+0 65.483000E+3
717 12.000000E+0 1.000000E+0 34.000000E+0 65.482000E+3
718 11.000000E+0 0.000000E+0 42.000000E+0 65.481000E+3
719 10.000000E+0 0.000000E+0 46.000000E+0 65.485000E+3
720 9.000000E+0 1.000000E+0 52.000000E+0 65.488000E+3
721 7.000000E+0 1.000000E+0 54.000000E+0 65.495000E+3
722 6.000000E+0 0.000000E+0 57.000000E+0 65.500000E+3
723 5.000000E+0 0.000000E+0 56.000000E+0 65.507000E+3
724 6.000000E+0 0.000000E+0 57.000000E+0 65.514000E+3
725 6.000000E+0 0.000000E+0 56.000000E+0 65.522000E+3
726 6.000000E+0 0.000000E+0 55.000000E+0 65.531000E+3
727 6.000000E+0 0.000000E+0 51.000000E+0 1.000000E+0
728 6.000000E+0 0.000000E+0 48.000000E+0 10.000000E+0
729 6.000000E+0 0.000000E+0 43.000000E+0 18.000000E+0
730 6.000000E+0 0.000000E+0 38.000000E+0 28.000000E+0
731 6.000000E+0 0.000000E+0 33.000000E+0 34.000000E+0
732 6.000000E+0 0.000000E+0 27.000000E+0 42.000000E+0
733 7.000000E+0 0.000000E+0 22.000000E+0 45.000000E+0
734 7.000000E+0 0.000000E+0 17.000000E+0 51.000000E+0
735 8.000000E+0 0.000000E+0 11.000000E+0 52.000000E+0
736 9.000000E+0 0.000000E+0 7.000000E+0 54.000000E+0
737 10.000000E+0 0.000000E+0 3.000000E+0 51.000000E+0
738 12.000000E+0 65.535000E+3 0.000000E+0 48.000000E+0
739 14.000000E+0 65.534000E+3 0.000000E+0 40.000000E+0
740 17.000000E+0 65.532000E+3 65.534000E+3 32.000000E+0
741 20.000000E+0 65.530000E+3 65.531000E+3 22.000000E+0
742 25.000000E+0 65.528000E+3 65.528000E+3 12.000000E+0
743 28.000000E+0 65.527000E+3 65.525000E+3 4.000000E+0
744 32.000000E+0 65.523000E+3 65.521000E+3 65.531000E+3
745 35.000000E+0 65.520000E+3 65.518000E+3 65.525000E+3
746 37.000000E+0 65.518000E+3 65.515000E+3 65.519000E+3
747 37.000000E+0 65.520000E+3 65.514000E+3 65.518000E+3
748 35.000000E+0 65.524000E+3 65.513000E+3 65.519000E+3
749 31.000000E+0 65.531000E+3 65.513000E+3 65.521000E+3
750 23.000000E+0 4.000000E+0 65.513000E+3 65.524000E+3
751 14.000000E+0 13.000000E+0 65.515000E+3 65.527000E+3
752 4.000000E+0 25.000000E+0 65.515000E+3 65.530000E+3
753 65.532000E+3 33.000000E+0 65.517000E+3 65.531000E+3
754 65.521000E+3 42.000000E+0 65.518000E+3 65.532000E+3
755 65.514000E+3 46.000000E+0 65.520000E+3 65.533000E+3
756 65.505000E+3 51.000000E+0 65.522000E+3 65.534000E+3
757 65.498000E+3 51.000000E+0 65.524000E+3 65.535000E+3
758 65.491000E+3 52.000000E+0 65.526000E+3 65.535000E+3
759 65.486000E+3 48.000000E+0 65.527000E+3 65.535000E+3
760 65.481000E+3 45.000000E+0 65.528000E+3 0.000000E+0
761 65.480000E+3 38.000000E+0 65.530000E+3 65.535000E+3
762 65.480000E+3 32.000000E+0 65.532000E+3 0.000000E+0
763 65.481000E+3 25.000000E+0 65.533000E+3 0.000000E+0
764 65.481000E+3 18.000000E+0 65.531000E+3 0.000000E+0
765 65.482000E+3 10.000000E+0 65.528000E+3 0.000000E+0
766 65.482000E+3 1.000000E+0 65.527000E+3 0.000000E+0
767 65.485000E+3 65.530000E+3 65.528000E+3 0.000000E+0
768 65.488000E+3 65.519000E+3 65.529000E+3 0.000000E+0
769 65.494000E+3 65.511000E+3 65.529000E+3 0.000000E+0
770 65.500000E+3 65.501000E+3 65.530000E+3 0.000000E+0
771 65.507000E+3 65.496000E+3 65.530000E+3 0.000000E+0
772 65.513000E+3 65.488000E+3 65.530000E+3 0.000000E+0
773 65.518000E+3 65.486000E+3 65.530000E+3 0.000000E+0
774 65.523000E+3 65.481000E+3 65.529000E+3 0.000000E+0
775 65.528000E+3 65.481000E+3 65.528000E+3 0.000000E+0
776 65.531000E+3 65.479000E+3 65.527000E+3 0.000000E+0
777 65.535000E+3 65.483000E+3 65.526000E+3 1.000000E+0
778 1.000000E+0 65.487000E+3 65.523000E+3 2.000000E+0
779 4.000000E+0 65.496000E+3 65.521000E+3 2.000000E+0
780 7.000000E+0 65.505000E+3 65.518000E+3 4.000000E+0
781 10.000000E+0 65.516000E+3 65.515000E+3 6.000000E+0
782 13.000000E+0 65.527000E+3 65.510000E+3 10.000000E+0
783 15.000000E+0 0.000000E+0 65.507000E+3 13.000000E+0
784 18.000000E+0 11.000000E+0 65.502000E+3 17.000000E+0
785 20.000000E+0 18.000000E+0 65.499000E+3 19.000000E+0
786 23.000000E+0 23.000000E+0 65.496000E+3 21.000000E+0
787 25.000000E+0 23.000000E+0 65.496000E+3 20.000000E+0
788 27.000000E+0 21.000000E+0 65.497000E+3 16.000000E+0
789 26.000000E+0 17.000000E+0 65.500000E+3 9.000000E+0
790 26.000000E+0 14.000000E+0 65.506000E+3 0.000000E+0
791 23.000000E+0 10.000000E+0 65.515000E+3 65.527000E+3
792 22.000000E+0 8.000000E+0 65.525000E+3 65.515000E+3
793 20.000000E+0 6.000000E+0 65.535000E+3 65.506000E+3
794 18.000000E+0 4.000000E+0 9.000000E+0 65.495000E+3
795 16.000000E+0 3.000000E+0 18.000000E+0 65.490000E+3
796 14.000000E+0 2.000000E+0 27.000000E+0 65.484000E+3
797 12.000000E+0 1.000000E+0 34.000000E+0 65.483000E+3
798 11.000000E+0 0.000000E+0 41.000000E+0 65.482000E+3
799 10.000000E+0 0.000000E+0 46.000000E+0 65.485000E+3
800 9.000000E+0 1.000000E+0 52.000000E+0 65.488000E+3
801 7.000000E+0 1.000000E+0 54.000000E+0 65.495000E+3
802 6.000000E+0 0.000000E+0 57.000000E+0 65.500000E+3
803 5.000000E+0 0.000000E+0 56.000000E+0 65.507000E+3
804 6.000000E+0 0.000000E+0 57.000000E+0 65.514000E+3
805 6.000000E+0 0.000000E+0 56.000000E+0 65.522000E+3
806 6.000000E+0 0.000000E+0 55.000000E+0 65.531000E+3
807 6.000000E+0 0.000000E+0 51.000000E+0 1.000000E+0
808 6.000000E+0 0.000000E+0 48.000000E+0 10.000000E+0
809 6.000000E+0 0.000000E+0 43.000000E+0 17.000000E+0
810 6.000000E+0 0.000000E+0 38.000000E+0 28.000000E+0
811 6.000000E+0 0.000000E+0 33.000000E+0 34.000000E+0
812 6.000000E+0 0.000000E+0 27.000000E+0 42.000000E+0
813 7.000000E+0 0.000000E+0 22.000000E+0 45.000000E+0
814 7.000000E+0 0.000000E+0 16.000000E+0 51.000000E+0
815 8.000000E+0 0.000000E+0 12.000000E+0 52.000000E+0
816 9.000000E+0 0.000000E+0 7.000000E+0 54.000000E+0
817 10.000000E+0 0.000000E+0 3.000000E+0 51.000000E+0
818 12.000000E+0 65.535000E+3 0.000000E+0 48.000000E+0
819 14.000000E+0 65.534000E+3 0.000000E+0 40.000000E+0
820 17.000000E+0 65.532000E+3 65.533000E+3 32.000000E+0
821 20.000000E+0 65.530000E+3 65.531000E+3 23.000000E+0
822 25.000000E+0 65.528000E+3 65.528000E+3 12.000000E+0
823 28.000000E+0 65.527000E+3 65.525000E+3 4.000000E+0
824 32.000000E+0 65.523000E+3 65.521000E+3 65.531000E+3
825 35.000000E+0 65.520000E+3 65.519000E+3 65.525000E+3
826 37.000000E+0 65.518000E+3 65.515000E+3 65.520000E+3
827 37.000000E+0 65.519000E+3 65.514000E+3 65.518000E+3
828 36.000000E+0 65.524000E+3 65.512000E+3 65.519000E+3
829 31.000000E+0 65.531000E+3 65.513000E+3 65.521000E+3
830 24.000000E+0 4.000000E+0 65.513000E+3 65.524000E+3
831 14.000000E+0 13.000000E+0 65.515000E+3 65.527000E+3
832 5.000000E+0 24.000000E+0 65.515000E+3 65.530000E+3
833 65.533000E+3 32.000000E+0 65.516000E+3 65.531000E+3
834 65.523000E+3 42.000000E+0 65.518000E+3 65.532000E+3
835 65.515000E+3 45.000000E+0 65.520000E+3 65.533000E+3
836 65.506000E+3 50.000000E+0 65.522000E+3 65.534000E+3
837 65.500000E+3 50.000000E+0 65.524000E+3 65.535000E+3
838 65.493000E+3 51.000000E+0 65.526000E+3 65.535000E+3
839 65.488000E+3 48.000000E+0 65.527000E+3 65.535000E+3
840 65.483000E+3 45.000000E+0 65.528000E+3 0.000000E+0
841 65.482000E+3 39.000000E+0 65.530000E+3 65.535000E+3
842 65.481000E+3 33.000000E+0 65.532000E+3 0.000000E+0
843 65.483000E+3 26.000000E+0 65.533000E+3 0.000000E+0
844 65.483000E+3 20.000000E+0 65.532000E+3 0.000000E+0
845 65.484000E+3 12.000000E+0 65.529000E+3 0.000000E+0
846 65.484000E+3 3.000000E+0 65.528000E+3 0.000000E+0
847 65.487000E+3 65.532000E+3 65.528000E+3 0.000000E+0
848 65.490000E+3 65.522000E+3 65.529000E+3 0.000000E+0
849 65.495000E+3 65.514000E+3 65.529000E+3 0.000000E+0
850 65.501000E+3 65.505000E+3 65.529000E+3 0.000000E+0
851 65.507000E+3 65.499000E+3 65.530000E+3 0.000000E+0
852 65.513000E+3 65.491000E+3 65.530000E+3 0.000000E+0
853 65.518000E+3 65.489000E+3 65.530000E+3 0.000000E+0
854 65.523000E+3 65.484000E+3 65.530000E+3 0.000000E+0
855 65.527000E+3 65.484000E+3 65.529000E+3 0.000000E+0
856 65.531000E+3 65.482000E+3 65.528000E+3 0.000000E+0
857 65.534000E+3 65.486000E+3 65.526000E+3 1.000000E+0
858 0.000000E+0 65.489000E+3 65.524000E+3 2.000000E+0
859 3.000000E+0 65.497000E+3 65.523000E+3 2.000000E+0
860 6.000000E+0 65.505000E+3 65.520000E+3 3.000000E+0
861 9.000000E+0 65.515000E+3 65.517000E+3 5.000000E+0
862 12.000000E+0 65.526000E+3 65.513000E+3 8.000000E+0
863 14.000000E+0 65.535000E+3 65.510000E+3 11.000000E+0
864 17.000000E+0 7.000000E+0 65.505000E+3 14.000000E+0
865 20.000000E+0 13.000000E+0 65.502000E+3 16.000000E+0
866 22.000000E+0 18.000000E+0 65.500000E+3 17.000000E+0
867 24.000000E+0 18.000000E+0 65.500000E+3 16.000000E+0
868 25.000000E+0 17.000000E+0 65.501000E+3 12.000000E+0
869 24.000000E+0 14.000000E+0 65.506000E+3 5.000000E+0
870 23.000000E+0 11.000000E+0 65.512000E+3 65.533000E+3
871 21.000000E+0 8.000000E+0 65.520000E+3 65.524000E+3
872 20.000000E+0 6.000000E+0 65.529000E+3 65.513000E+3
873 19.000000E+0 5.000000E+0 0.000000E+0 65.505000E+3
874 17.000000E+0 4.000000E+0 9.000000E+0 65.496000E+3
875 15.000000E+0 2.000000E+0 17.000000E+0 65.491000E+3
876 13.000000E+0 1.000000E+0 26.000000E+0 65.486000E+3
877 11.000000E+0 0.000000E+0 32.000000E+0 65.486000E+3
878 10.000000E+0 0.000000E+0 40.000000E+0 65.485000E+3
879 9.000000E+0 0.000000E+0 45.000000E+0 65.489000E+3
880 8.000000E+0 0.000000E+0 50.000000E+0 65.492000E+3
881 6.000000E+0 0.000000E+0 52.000000E+0 65.498000E+3
882 6.000000E+0 0.000000E+0 54.000000E+0 65.504000E+3
883 5.000000E+0 0.000000E+0 54.000000E+0 65.511000E+3
884 5.000000E+0 0.000000E+0 54.000000E+0 65.518000E+3
885 5.000000E+0 0.000000E+0 53.000000E+0 65.526000E+3
886 5.000000E+0 0.000000E+0 51.000000E+0 65.533000E+3
887 5.000000E+0 0.000000E+0 47.000000E+0 2.000000E+0
888 5.000000E+0 0.000000E+0 44.000000E+0 11.000000E+0
889 5.000000E+0 0.000000E+0 39.000000E+0 18.000000E+0
890 6.000000E+0 0.000000E+0 35.000000E+0 29.000000E+0
891 6.000000E+0 0.000000E+0 30.000000E+0 34.000000E+0
892 6.000000E+0 0.000000E+0 25.000000E+0 42.000000E+0
893 7.000000E+0 0.000000E+0 20.000000E+0 45.000000E+0
894 7.000000E+0 0.000000E+0 14.000000E+0 51.000000E+0
895 8.000000E+0 0.000000E+0 9.000000E+0 52.000000E+0
896 9.000000E+0 0.000000E+0 5.000000E+0 54.000000E+0
897 10.000000E+0 0.000000E+0 2.000000E+0 50.000000E+0
898 12.000000E+0 65.535000E+3 0.000000E+0 47.000000E+0
899 14.000000E+0 65.534000E+3 65.535000E+3 39.000000E+0
900 17.000000E+0 65.532000E+3 65.533000E+3 32.000000E+0
901 21.000000E+0 65.530000E+3 65.530000E+3 22.000000E+0
902 25.000000E+0 65.528000E+3 65.527000E+3 12.000000E+0
903 28.000000E+0 65.527000E+3 65.524000E+3 3.000000E+0
904 32.000000E+0 65.523000E+3 65.520000E+3 65.531000E+3
905 35.000000E+0 65.520000E+3 65.518000E+3 65.524000E+3
906 37.000000E+0 65.518000E+3 65.515000E+3 65.519000E+3
907 37.000000E+0 65.520000E+3 65.514000E+3 65.518000E+3
908 35.000000E+0 65.524000E+3 65.513000E+3 65.519000E+3
909 31.000000E+0 65.531000E+3 65.513000E+3 65.521000E+3
910 23.000000E+0 4.000000E+0 65.513000E+3 65.524000E+3
911 14.000000E+0 13.000000E+0 65.515000E+3 65.528000E+3
912 4.000000E+0 25.000000E+0 65.515000E+3 65.530000E+3
913 65.532000E+3 33.000000E+0 65.517000E+3 65.531000E+3
914 65.522000E+3 42.000000E+0 65.518000E+3 65.532000E+3
915 65.513000E+3 46.000000E+0 65.520000E+3 65.533000E+3
916 65.504000E+3 51.000000E+0 65.522000E+3 65.534000E+3
917 65.498000E+3 51.000000E+0 65.524000E+3 65.535000E+3
918 65.491000E+3 52.000000E+0 65.526000E+3 65.535000E+3
919 65.486000E+3 48.000000E+0 65.527000E+3 0.000000E+0
920 65.481000E+3 45.000000E+0 65.528000E+3 0.000000E+0
921 65.481000E+3 38.000000E+0 65.530000E+3 65.535000E+3
922 65.480000E+3 32.000000E+0 65.533000E+3 0.000000E+0
923 65.481000E+3 25.000000E+0 65.533000E+3 0.000000E+0
924 65.481000E+3 18.000000E+0 65.531000E+3 0.000000E+0
925 65.482000E+3 10.000000E+0 65.528000E+3 0.000000E+0
926 65.482000E+3 1.000000E+0 65.527000E+3 0.000000E+0
927 65.485000E+3 65.529000E+3 65.528000E+3 0.000000E+0
928 65.488000E+3 65.519000E+3 65.528000E+3 0.000000E+0
929 65.494000E+3 65.511000E+3 65.529000E+3 0.000000E+0
930 65.500000E+3 65.501000E+3 65.529000E+3 0.000000E+0
931 65.507000E+3 65.496000E+3 65.530000E+3 0.000000E+0
932 65.513000E+3 65.488000E+3 65.530000E+3 0.000000E+0
933 65.519000E+3 65.486000E+3 65.530000E+3 0.000000E+0
934 65.524000E+3 65.481000E+3 65.529000E+3 0.000000E+0
935 65.528000E+3 65.481000E+3 65.528000E+3 0.000000E+0
936 65.532000E+3 65.479000E+3 65.527000E+3 0.000000E+0
937 65.535000E+3 65.483000E+3 65.526000E+3 1.000000E+0
938 1.000000E+0 65.487000E+3 65.523000E+3 1.000000E+0
939 4.000000E+0 65.496000E+3 65.521000E+3 2.000000E+0
940 7.000000E+0 65.505000E+3 65.518000E+3 4.000000E+0
941 10.000000E+0 65.516000E+3 65.514000E+3 6.000000E+0
942 12.000000E+0 65.527000E+3 65.510000E+3 10.000000E+0
943 15.000000E+0 0.000000E+0 65.506000E+3 13.000000E+0
944 18.000000E+0 11.000000E+0 65.502000E+3 17.000000E+0
945 20.000000E+0 18.000000E+0 65.499000E+3 19.000000E+0
946 23.000000E+0 23.000000E+0 65.496000E+3 21.000000E+0
947 25.000000E+0 23.000000E+0 65.496000E+3 20.000000E+0
948 27.000000E+0 21.000000E+0 65.497000E+3 16.000000E+0
949 26.000000E+0 17.000000E+0 65.501000E+3 9.000000E+0
950 26.000000E+0 14.000000E+0 65.507000E+3 0.000000E+0
951 24.000000E+0 10.000000E+0 65.515000E+3 65.527000E+3
952 22.000000E+0 8.000000E+0 65.525000E+3 65.515000E+3
953 20.000000E+0 5.000000E+0 65.535000E+3 65.505000E+3
954 18.000000E+0 4.000000E+0 9.000000E+0 65.495000E+3
955 16.000000E+0 3.000000E+0 18.000000E+0 65.489000E+3
956 14.000000E+0 2.000000E+0 27.000000E+0 65.483000E+3
957 12.000000E+0 1.000000E+0 34.000000E+0 65.482000E+3
958 11.000000E+0 0.000000E+0 41.000000E+0 65.481000E+3
959 10.000000E+0 0.000000E+0 46.000000E+0 65.485000E+3
960 9.000000E+0 1.000000E+0 52.000000E+0 65.488000E+3
961 7.000000E+0 1.000000E+0 54.000000E+0 65.495000E+3
962 6.000000E+0 0.000000E+0 57.000000E+0 65.500000E+3
963 5.000000E+0 0.000000E+0 57.000000E+0 65.507000E+3
964 6.000000E+0 0.000000E+0 57.000000E+0 65.514000E+3
965 6.000000E+0 0.000000E+0 56.000000E+0 65.522000E+3
966 6.000000E+0 0.000000E+0 55.000000E+0 65.531000E+3
967 6.000000E+0 0.000000E+0 51.000000E+0 1.000000E+0
968 6.000000E+0 0.000000E+0 48.000000E+0 10.000000E+0
969 6.000000E+0 0.000000E+0 43.000000E+0 17.000000E+0
970 6.000000E+0 0.000000E+0 38.000000E+0 28.000000E+0
971 6.000000E+0 0.000000E+0 32.000000E+0 34.000000E+0
972 6.000000E+0 0.000000E+0 27.000000E+0 42.000000E+0
973 7.000000E+0 0.000000E+0 22.000000E+0 45.000000E+0
974 7.000000E+0 0.000000E+0 16.000000E+0 51.000000E+0
975 8.000000E+0 0.000000E+0 11.000000E+0 52.000000E+0
976 9.000000E+0 0.000000E+0 7.000000E+0 54.000000E+0
977 10.000000E+0 0.000000E+0 3.000000E+0 51.000000E+0
978 12.000000E+0 65.535000E+3 0.000000E+0 48.000000E+0
979 14.000000E+0 65.534000E+3 0.000000E+0 40.000000E+0
980 17.000000E+0 65.532000E+3 65.533000E+3 32.000000E+0
981 20.000000E+0 65.530000E+3 65.531000E+3 23.000000E+0
982 25.000000E+0 65.528000E+3 65.527000E+3 13.000000E+0
983 28.000000E+0 65.527000E+3 65.525000E+3 3.000000E+0
984 32.000000E+0 65.523000E+3 65.521000E+3 65.531000E+3
985 35.000000E+0 65.520000E+3 65.518000E+3 65.525000E+3
986 37.000000E+0 65.518000E+3 65.515000E+3 65.519000E+3
987 37.000000E+0 65.520000E+3 65.514000E+3 65.518000E+3
988 35.000000E+0 65.525000E+3 65.513000E+3 65.519000E+3
989 31.000000E+0 65.531000E+3 65.513000E+3 65.521000E+3
990 23.000000E+0 4.000000E+0 65.513000E+3 65.524000E+3
991 14.000000E+0 13.000000E+0 65.515000E+3 65.527000E+3
992 4.000000E+0 25.000000E+0 65.515000E+3 65.530000E+3
993 65.531000E+3 33.000000E+0 65.517000E+3 65.531000E+3
994 65.521000E+3 42.000000E+0 65.518000E+3 65.533000E+3
995 65.513000E+3 46.000000E+0 65.520000E+3 65.533000E+3
996 65.505000E+3 51.000000E+0 65.522000E+3 65.534000E+3
997 65.498000E+3 51.000000E+0 65.524000E+3 65.535000E+3
998 65.491000E+3 52.000000E+0 65.526000E+3 65.535000E+3
999 65.486000E+3 48.000000E+0 65.527000E+3 0.000000E+0
1000 65.481000E+3 45.000000E+0 65.529000E+3 65.535000E+3
