0 0.000000E+0 0.000000E+0 0.000000E+0 7.000000E+0
1 0.000000E+0 0.000000E+0 0.000000E+0 7.000000E+0
2 7.000000E+0 0.000000E+0 0.000000E+0 0.000000E+0
3 65.409000E+3 239.000000E+0 112.000000E+0 65.296000E+3
4 65.444000E+3 105.000000E+0 98.000000E+0 65.416000E+3
5 65.353000E+3 267.000000E+0 182.000000E+0 65.261000E+3
6 65.409000E+3 140.000000E+0 140.000000E+0 65.402000E+3
7 65.346000E+3 274.000000E+0 217.000000E+0 65.254000E+3
8 65.402000E+3 119.000000E+0 175.000000E+0 65.409000E+3
9 65.339000E+3 267.000000E+0 239.000000E+0 65.275000E+3
10 65.395000E+3 119.000000E+0 182.000000E+0 65.402000E+3
11 65.332000E+3 253.000000E+0 246.000000E+0 65.275000E+3
12 65.388000E+3 112.000000E+0 182.000000E+0 65.409000E+3
13 65.332000E+3 239.000000E+0 232.000000E+0 65.275000E+3
14 65.388000E+3 105.000000E+0 175.000000E+0 65.402000E+3
15 65.339000E+3 253.000000E+0 232.000000E+0 65.289000E+3
16 65.395000E+3 119.000000E+0 168.000000E+0 65.402000E+3
17 65.353000E+3 239.000000E+0 225.000000E+0 65.296000E+3
18 65.409000E+3 112.000000E+0 168.000000E+0 65.409000E+3
19 65.360000E+3 239.000000E+0 217.000000E+0 65.303000E+3
20 65.409000E+3 119.000000E+0 161.000000E+0 65.409000E+3
21 65.353000E+3 232.000000E+0 210.000000E+0 65.303000E+3
22 65.409000E+3 112.000000E+0 154.000000E+0 65.409000E+3
23 65.367000E+3 225.000000E+0 203.000000E+0 65.318000E+3
24 65.416000E+3 112.000000E+0 154.000000E+0 65.423000E+3
25 65.367000E+3 203.000000E+0 203.000000E+0 65.332000E+3
26 65.416000E+3 105.000000E+0 161.000000E+0 65.423000E+3
27 65.374000E+3 203.000000E+0 196.000000E+0 65.339000E+3
28 65.409000E+3 105.000000E+0 154.000000E+0 65.423000E+3
29 65.374000E+3 189.000000E+0 189.000000E+0 65.353000E+3
30 65.416000E+3 105.000000E+0 147.000000E+0 65.430000E+3
31 65.374000E+3 182.000000E+0 175.000000E+0 65.360000E+3
32 65.416000E+3 98.000000E+0 140.000000E+0 65.430000E+3
33 65.388000E+3 168.000000E+0 168.000000E+0 65.360000E+3
34 65.430000E+3 91.000000E+0 140.000000E+0 65.437000E+3
35 65.395000E+3 161.000000E+0 161.000000E+0 65.374000E+3
36 65.430000E+3 91.000000E+0 126.000000E+0 65.444000E+3
37 65.402000E+3 147.000000E+0 154.000000E+0 65.388000E+3
38 65.437000E+3 84.000000E+0 126.000000E+0 65.444000E+3
39 65.416000E+3 140.000000E+0 140.000000E+0 65.395000E+3
40 65.444000E+3 77.000000E+0 119.000000E+0 65.451000E+3
41 65.423000E+3 126.000000E+0 147.000000E+0 65.409000E+3
42 65.444000E+3 77.000000E+0 119.000000E+0 65.458000E+3
43 65.430000E+3 112.000000E+0 133.000000E+0 65.423000E+3
44 65.451000E+3 70.000000E+0 112.000000E+0 65.465000E+3
45 65.437000E+3 98.000000E+0 119.000000E+0 65.437000E+3
46 65.451000E+3 63.000000E+0 105.000000E+0 65.472000E+3
47 65.444000E+3 84.000000E+0 112.000000E+0 65.451000E+3
48 65.465000E+3 56.000000E+0 98.000000E+0 65.479000E+3
49 65.465000E+3 77.000000E+0 98.000000E+0 65.472000E+3
50 65.472000E+3 56.000000E+0 91.000000E+0 65.486000E+3
51 65.472000E+3 49.000000E+0 77.000000E+0 65.486000E+3
52 65.479000E+3 42.000000E+0 70.000000E+0 65.486000E+3
53 65.486000E+3 42.000000E+0 70.000000E+0 65.493000E+3
54 65.486000E+3 42.000000E+0 63.000000E+0 65.493000E+3
55 65.486000E+3 42.000000E+0 63.000000E+0 65.500000E+3
56 65.493000E+3 42.000000E+0 63.000000E+0 65.500000E+3
57 65.493000E+3 42.000000E+0 63.000000E+0 65.500000E+3
58 65.486000E+3 42.000000E+0 63.000000E+0 65.500000E+3
59 65.486000E+3 42.000000E+0 63.000000E+0 65.500000E+3
60 65.486000E+3 42.000000E+0 63.000000E+0 65.500000E+3
61 65.500000E+3 42.000000E+0 63.000000E+0 65.500000E+3
62 65.500000E+3 42.000000E+0 63.000000E+0 65.500000E+3
63 65.493000E+3 42.000000E+0 63.000000E+0 65.500000E+3
64 65.500000E+3 42.000000E+0 63.000000E+0 65.500000E+3
65 65.500000E+3 42.000000E+0 84.000000E+0 65.479000E+3
66 65.500000E+3 42.000000E+0 77.000000E+0 65.486000E+3
67 65.500000E+3 42.000000E+0 126.000000E+0 65.430000E+3
68 65.500000E+3 42.000000E+0 112.000000E+0 65.472000E+3
69 65.500000E+3 42.000000E+0 182.000000E+0 65.395000E+3
70 65.493000E+3 42.000000E+0 147.000000E+0 65.451000E+3
71 65.500000E+3 42.000000E+0 239.000000E+0 65.374000E+3
72 65.500000E+3 35.000000E+0 189.000000E+0 65.437000E+3
73 65.507000E+3 42.000000E+0 274.000000E+0 65.360000E+3
74 65.507000E+3 35.000000E+0 232.000000E+0 65.444000E+3
75 65.507000E+3 35.000000E+0 302.000000E+0 65.381000E+3
76 65.514000E+3 35.000000E+0 239.000000E+0 65.444000E+3
77 65.514000E+3 35.000000E+0 309.000000E+0 65.409000E+3
78 65.514000E+3 35.000000E+0 239.000000E+0 65.458000E+3
79 65.521000E+3 35.000000E+0 295.000000E+0 65.437000E+3
80 65.521000E+3 35.000000E+0 232.000000E+0 65.465000E+3
81 65.528000E+3 35.000000E+0 281.000000E+0 65.486000E+3
82 65.521000E+3 35.000000E+0 217.000000E+0 65.500000E+3
83 65.528000E+3 35.000000E+0 246.000000E+0 0.000000E+0
84 65.528000E+3 35.000000E+0 189.000000E+0 0.000000E+0
85 0.000000E+0 35.000000E+0 196.000000E+0 63.000000E+0
86 65.528000E+3 35.000000E+0 161.000000E+0 28.000000E+0
87 7.000000E+0 42.000000E+0 147.000000E+0 126.000000E+0
88 7.000000E+0 35.000000E+0 133.000000E+0 56.000000E+0
89 21.000000E+0 28.000000E+0 112.000000E+0 161.000000E+0
90 7.000000E+0 28.000000E+0 105.000000E+0 70.000000E+0
91 28.000000E+0 28.000000E+0 63.000000E+0 182.000000E+0
92 14.000000E+0 28.000000E+0 63.000000E+0 84.000000E+0
93 42.000000E+0 21.000000E+0 0.000000E+0 182.000000E+0
94 21.000000E+0 21.000000E+0 7.000000E+0 77.000000E+0
95 63.000000E+0 21.000000E+0 65.479000E+3 175.000000E+0
96 35.000000E+0 21.000000E+0 65.500000E+3 63.000000E+0
97 91.000000E+0 0.000000E+0 65.444000E+3 98.000000E+0
98 56.000000E+0 7.000000E+0 65.472000E+3 42.000000E+0
99 147.000000E+0 65.521000E+3 65.430000E+3 28.000000E+0
100 98.000000E+0 0.000000E+0 65.465000E+3 7.000000E+0
101 210.000000E+0 65.500000E+3 65.423000E+3 65.472000E+3
102 140.000000E+0 0.000000E+0 65.458000E+3 65.493000E+3
103 260.000000E+0 65.479000E+3 65.388000E+3 65.416000E+3
104 175.000000E+0 65.521000E+3 65.437000E+3 65.465000E+3
105 253.000000E+0 65.493000E+3 65.381000E+3 65.430000E+3
106 168.000000E+0 65.528000E+3 65.437000E+3 65.472000E+3
107 154.000000E+0 28.000000E+0 65.388000E+3 65.451000E+3
108 91.000000E+0 28.000000E+0 65.437000E+3 65.486000E+3
109 21.000000E+0 126.000000E+0 65.402000E+3 65.479000E+3
110 7.000000E+0 77.000000E+0 65.451000E+3 65.493000E+3
111 65.409000E+3 203.000000E+0 65.437000E+3 65.493000E+3
112 65.444000E+3 112.000000E+0 65.472000E+3 65.500000E+3
113 65.296000E+3 232.000000E+0 65.465000E+3 65.500000E+3
114 65.360000E+3 119.000000E+0 65.493000E+3 65.507000E+3
115 65.198000E+3 246.000000E+0 65.472000E+3 65.500000E+3
116 65.296000E+3 126.000000E+0 65.500000E+3 65.500000E+3
117 65.142000E+3 225.000000E+0 65.486000E+3 65.500000E+3
118 65.261000E+3 126.000000E+0 65.507000E+3 65.500000E+3
119 65.128000E+3 189.000000E+0 65.500000E+3 65.500000E+3
120 65.247000E+3 112.000000E+0 65.514000E+3 65.507000E+3
121 65.121000E+3 133.000000E+0 65.486000E+3 65.507000E+3
122 65.233000E+3 84.000000E+0 65.493000E+3 65.507000E+3
123 65.135000E+3 56.000000E+0 65.479000E+3 65.507000E+3
124 65.247000E+3 42.000000E+0 65.514000E+3 65.507000E+3
125 65.177000E+3 65.514000E+3 65.514000E+3 65.507000E+3
126 65.282000E+3 0.000000E+0 65.528000E+3 65.507000E+3
127 65.254000E+3 65.437000E+3 65.514000E+3 65.514000E+3
128 65.332000E+3 65.500000E+3 65.528000E+3 65.514000E+3
129 65.318000E+3 65.374000E+3 65.514000E+3 65.514000E+3
130 65.374000E+3 65.472000E+3 65.528000E+3 65.514000E+3
131 65.381000E+3 65.346000E+3 65.500000E+3 65.514000E+3
132 65.409000E+3 65.458000E+3 65.521000E+3 65.514000E+3
133 65.437000E+3 65.339000E+3 65.486000E+3 65.521000E+3
134 65.451000E+3 65.458000E+3 65.500000E+3 65.521000E+3
135 65.500000E+3 65.360000E+3 65.451000E+3 0.000000E+0
136 65.500000E+3 65.465000E+3 65.479000E+3 65.528000E+3
137 14.000000E+0 65.416000E+3 65.416000E+3 0.000000E+0
138 0.000000E+0 65.493000E+3 65.451000E+3 0.000000E+0
139 56.000000E+0 65.500000E+3 65.381000E+3 21.000000E+0
140 35.000000E+0 65.528000E+3 65.430000E+3 7.000000E+0
141 91.000000E+0 56.000000E+0 65.318000E+3 42.000000E+0
142 49.000000E+0 42.000000E+0 65.388000E+3 14.000000E+0
143 119.000000E+0 112.000000E+0 65.261000E+3 63.000000E+0
144 70.000000E+0 70.000000E+0 65.346000E+3 21.000000E+0
145 133.000000E+0 105.000000E+0 65.261000E+3 56.000000E+0
146 77.000000E+0 63.000000E+0 65.339000E+3 21.000000E+0
147 126.000000E+0 70.000000E+0 65.353000E+3 65.507000E+3
148 77.000000E+0 49.000000E+0 65.409000E+3 65.507000E+3
149 112.000000E+0 63.000000E+0 65.500000E+3 65.416000E+3
150 70.000000E+0 49.000000E+0 65.521000E+3 65.458000E+3
151 84.000000E+0 49.000000E+0 119.000000E+0 65.325000E+3
152 42.000000E+0 42.000000E+0 98.000000E+0 65.416000E+3
153 63.000000E+0 35.000000E+0 260.000000E+0 65.282000E+3
154 35.000000E+0 35.000000E+0 203.000000E+0 65.409000E+3
155 42.000000E+0 35.000000E+0 365.000000E+0 65.289000E+3
156 21.000000E+0 35.000000E+0 274.000000E+0 65.402000E+3
157 35.000000E+0 42.000000E+0 435.000000E+0 65.311000E+3
158 14.000000E+0 42.000000E+0 323.000000E+0 65.416000E+3
159 28.000000E+0 35.000000E+0 464.000000E+0 65.353000E+3
160 14.000000E+0 35.000000E+0 344.000000E+0 65.430000E+3
161 21.000000E+0 35.000000E+0 464.000000E+0 65.416000E+3
162 14.000000E+0 35.000000E+0 344.000000E+0 65.458000E+3
163 21.000000E+0 35.000000E+0 435.000000E+0 65.486000E+3
164 14.000000E+0 35.000000E+0 323.000000E+0 65.493000E+3
165 21.000000E+0 35.000000E+0 393.000000E+0 35.000000E+0
166 7.000000E+0 35.000000E+0 295.000000E+0 7.000000E+0
167 14.000000E+0 35.000000E+0 323.000000E+0 112.000000E+0
168 7.000000E+0 35.000000E+0 246.000000E+0 49.000000E+0
169 28.000000E+0 35.000000E+0 253.000000E+0 182.000000E+0
170 7.000000E+0 28.000000E+0 196.000000E+0 84.000000E+0
171 35.000000E+0 28.000000E+0 189.000000E+0 225.000000E+0
172 14.000000E+0 28.000000E+0 154.000000E+0 105.000000E+0
173 49.000000E+0 21.000000E+0 119.000000E+0 232.000000E+0
174 35.000000E+0 21.000000E+0 112.000000E+0 98.000000E+0
175 70.000000E+0 14.000000E+0 56.000000E+0 210.000000E+0
176 42.000000E+0 14.000000E+0 56.000000E+0 91.000000E+0
177 112.000000E+0 0.000000E+0 0.000000E+0 140.000000E+0
178 70.000000E+0 7.000000E+0 0.000000E+0 63.000000E+0
179 168.000000E+0 65.521000E+3 65.479000E+3 42.000000E+0
180 105.000000E+0 0.000000E+0 65.493000E+3 21.000000E+0
181 225.000000E+0 65.486000E+3 65.437000E+3 65.465000E+3
182 147.000000E+0 65.521000E+3 65.472000E+3 65.486000E+3
183 295.000000E+0 65.458000E+3 65.402000E+3 65.402000E+3
184 196.000000E+0 65.514000E+3 65.444000E+3 65.451000E+3
185 295.000000E+0 65.472000E+3 65.374000E+3 65.409000E+3
186 196.000000E+0 65.521000E+3 65.430000E+3 65.458000E+3
187 189.000000E+0 21.000000E+0 65.388000E+3 65.444000E+3
188 119.000000E+0 21.000000E+0 65.437000E+3 65.479000E+3
189 35.000000E+0 119.000000E+0 65.395000E+3 65.472000E+3
190 14.000000E+0 70.000000E+0 65.444000E+3 65.493000E+3
191 65.409000E+3 210.000000E+0 65.423000E+3 65.486000E+3
192 65.430000E+3 112.000000E+0 65.472000E+3 65.493000E+3
193 65.275000E+3 246.000000E+0 65.451000E+3 65.500000E+3
194 65.346000E+3 126.000000E+0 65.486000E+3 65.507000E+3
195 65.184000E+3 260.000000E+0 65.472000E+3 65.500000E+3
196 65.282000E+3 140.000000E+0 65.500000E+3 65.507000E+3
197 65.114000E+3 239.000000E+0 65.486000E+3 65.500000E+3
198 65.247000E+3 126.000000E+0 65.500000E+3 65.507000E+3
199 65.086000E+3 196.000000E+0 65.493000E+3 65.507000E+3
200 65.219000E+3 119.000000E+0 65.507000E+3 65.507000E+3
201 65.086000E+3 140.000000E+0 65.486000E+3 65.514000E+3
202 65.212000E+3 84.000000E+0 65.493000E+3 65.507000E+3
203 65.107000E+3 56.000000E+0 65.472000E+3 65.507000E+3
204 65.226000E+3 42.000000E+0 65.507000E+3 65.507000E+3
205 65.149000E+3 65.507000E+3 65.507000E+3 65.514000E+3
206 65.261000E+3 0.000000E+0 65.521000E+3 65.514000E+3
207 65.226000E+3 65.423000E+3 65.514000E+3 65.514000E+3
208 65.318000E+3 65.500000E+3 65.528000E+3 65.514000E+3
209 65.296000E+3 65.367000E+3 65.507000E+3 65.514000E+3
210 65.353000E+3 65.465000E+3 65.521000E+3 65.514000E+3
211 65.374000E+3 65.325000E+3 65.500000E+3 65.521000E+3
212 65.402000E+3 65.458000E+3 65.514000E+3 65.521000E+3
213 65.437000E+3 65.318000E+3 65.472000E+3 65.521000E+3
214 65.451000E+3 65.451000E+3 65.493000E+3 65.521000E+3
215 65.493000E+3 65.346000E+3 65.451000E+3 0.000000E+0
216 65.493000E+3 65.472000E+3 65.479000E+3 65.528000E+3
217 14.000000E+0 65.409000E+3 65.409000E+3 7.000000E+0
218 0.000000E+0 65.493000E+3 65.444000E+3 0.000000E+0
219 56.000000E+0 65.507000E+3 65.360000E+3 28.000000E+0
220 28.000000E+0 0.000000E+0 65.416000E+3 7.000000E+0
221 91.000000E+0 77.000000E+0 65.289000E+3 56.000000E+0
222 49.000000E+0 56.000000E+0 65.367000E+3 14.000000E+0
223 126.000000E+0 140.000000E+0 65.233000E+3 84.000000E+0
224 77.000000E+0 84.000000E+0 65.318000E+3 35.000000E+0
225 147.000000E+0 112.000000E+0 65.212000E+3 77.000000E+0
226 91.000000E+0 70.000000E+0 65.303000E+3 28.000000E+0
227 140.000000E+0 84.000000E+0 65.303000E+3 65.528000E+3
228 84.000000E+0 56.000000E+0 65.374000E+3 65.521000E+3
229 119.000000E+0 63.000000E+0 65.472000E+3 65.416000E+3
230 70.000000E+0 49.000000E+0 65.500000E+3 65.458000E+3
231 98.000000E+0 49.000000E+0 105.000000E+0 65.339000E+3
232 56.000000E+0 42.000000E+0 91.000000E+0 65.416000E+3
233 63.000000E+0 42.000000E+0 253.000000E+0 65.275000E+3
234 35.000000E+0 35.000000E+0 196.000000E+0 65.395000E+3
235 49.000000E+0 35.000000E+0 358.000000E+0 65.268000E+3
236 28.000000E+0 35.000000E+0 274.000000E+0 65.388000E+3
237 35.000000E+0 42.000000E+0 428.000000E+0 65.289000E+3
238 14.000000E+0 42.000000E+0 323.000000E+0 65.402000E+3
239 35.000000E+0 35.000000E+0 464.000000E+0 65.339000E+3
240 14.000000E+0 28.000000E+0 344.000000E+0 65.416000E+3
241 28.000000E+0 35.000000E+0 478.000000E+0 65.395000E+3
242 14.000000E+0 35.000000E+0 358.000000E+0 65.451000E+3
243 35.000000E+0 35.000000E+0 450.000000E+0 65.465000E+3
244 14.000000E+0 35.000000E+0 323.000000E+0 65.479000E+3
245 21.000000E+0 35.000000E+0 400.000000E+0 7.000000E+0
246 7.000000E+0 35.000000E+0 288.000000E+0 0.000000E+0
247 14.000000E+0 35.000000E+0 337.000000E+0 91.000000E+0
248 7.000000E+0 35.000000E+0 253.000000E+0 42.000000E+0
249 14.000000E+0 35.000000E+0 267.000000E+0 161.000000E+0
250 7.000000E+0 28.000000E+0 203.000000E+0 70.000000E+0
251 28.000000E+0 28.000000E+0 196.000000E+0 196.000000E+0
252 14.000000E+0 28.000000E+0 161.000000E+0 91.000000E+0
253 42.000000E+0 21.000000E+0 133.000000E+0 232.000000E+0
254 28.000000E+0 21.000000E+0 112.000000E+0 98.000000E+0
255 63.000000E+0 14.000000E+0 70.000000E+0 189.000000E+0
256 35.000000E+0 14.000000E+0 70.000000E+0 84.000000E+0
257 98.000000E+0 0.000000E+0 14.000000E+0 133.000000E+0
258 63.000000E+0 7.000000E+0 14.000000E+0 63.000000E+0
259 154.000000E+0 65.528000E+3 65.493000E+3 56.000000E+0
260 91.000000E+0 7.000000E+0 65.507000E+3 21.000000E+0
261 203.000000E+0 65.500000E+3 65.444000E+3 65.486000E+3
262 133.000000E+0 65.528000E+3 65.479000E+3 65.493000E+3
263 260.000000E+0 65.472000E+3 65.402000E+3 65.416000E+3
264 175.000000E+0 65.514000E+3 65.451000E+3 65.458000E+3
265 253.000000E+0 65.493000E+3 65.388000E+3 65.430000E+3
266 168.000000E+0 65.528000E+3 65.444000E+3 65.465000E+3
267 161.000000E+0 35.000000E+0 65.388000E+3 65.458000E+3
268 98.000000E+0 28.000000E+0 65.444000E+3 65.486000E+3
269 14.000000E+0 133.000000E+0 65.402000E+3 65.479000E+3
270 65.528000E+3 77.000000E+0 65.451000E+3 65.493000E+3
271 65.409000E+3 203.000000E+0 65.437000E+3 65.493000E+3
272 65.430000E+3 105.000000E+0 65.472000E+3 65.500000E+3
273 65.282000E+3 239.000000E+0 65.458000E+3 65.500000E+3
274 65.353000E+3 126.000000E+0 65.493000E+3 65.507000E+3
275 65.191000E+3 246.000000E+0 65.472000E+3 65.500000E+3
276 65.282000E+3 126.000000E+0 65.500000E+3 65.507000E+3
277 65.128000E+3 225.000000E+0 65.493000E+3 65.507000E+3
278 65.247000E+3 126.000000E+0 65.507000E+3 65.507000E+3
279 65.107000E+3 182.000000E+0 65.493000E+3 65.507000E+3
280 65.233000E+3 119.000000E+0 65.507000E+3 65.528000E+3
281 65.100000E+3 126.000000E+0 65.479000E+3 65.500000E+3
282 65.219000E+3 77.000000E+0 65.486000E+3 65.500000E+3
283 65.121000E+3 49.000000E+0 65.486000E+3 65.507000E+3
284 65.240000E+3 42.000000E+0 65.514000E+3 65.507000E+3
285 65.170000E+3 65.500000E+3 65.507000E+3 65.514000E+3
286 65.282000E+3 65.528000E+3 65.521000E+3 65.514000E+3
287 65.247000E+3 65.416000E+3 65.514000E+3 65.514000E+3
288 65.325000E+3 65.493000E+3 65.528000E+3 65.514000E+3
289 65.311000E+3 65.367000E+3 65.514000E+3 65.514000E+3
290 65.367000E+3 65.472000E+3 65.528000E+3 65.514000E+3
291 65.381000E+3 65.339000E+3 65.500000E+3 65.521000E+3
292 65.409000E+3 65.451000E+3 65.514000E+3 65.521000E+3
293 65.444000E+3 65.318000E+3 65.479000E+3 65.528000E+3
294 65.458000E+3 65.451000E+3 65.493000E+3 65.528000E+3
295 65.507000E+3 65.353000E+3 65.451000E+3 65.528000E+3
296 65.500000E+3 65.465000E+3 65.472000E+3 65.521000E+3
297 21.000000E+0 65.423000E+3 65.402000E+3 7.000000E+0
298 7.000000E+0 65.493000E+3 65.444000E+3 0.000000E+0
299 56.000000E+0 65.507000E+3 65.367000E+3 28.000000E+0
300 35.000000E+0 65.528000E+3 65.416000E+3 7.000000E+0
301 91.000000E+0 77.000000E+0 65.289000E+3 56.000000E+0
302 49.000000E+0 56.000000E+0 65.367000E+3 14.000000E+0
303 119.000000E+0 140.000000E+0 65.226000E+3 84.000000E+0
304 77.000000E+0 84.000000E+0 65.318000E+3 28.000000E+0
305 147.000000E+0 112.000000E+0 65.212000E+3 70.000000E+0
306 91.000000E+0 63.000000E+0 65.303000E+3 28.000000E+0
307 133.000000E+0 77.000000E+0 65.318000E+3 65.528000E+3
308 84.000000E+0 56.000000E+0 65.388000E+3 65.528000E+3
309 119.000000E+0 63.000000E+0 65.486000E+3 65.416000E+3
310 70.000000E+0 49.000000E+0 65.507000E+3 65.458000E+3
311 91.000000E+0 49.000000E+0 112.000000E+0 65.332000E+3
312 56.000000E+0 35.000000E+0 91.000000E+0 65.416000E+3
313 70.000000E+0 42.000000E+0 267.000000E+0 65.275000E+3
314 35.000000E+0 35.000000E+0 210.000000E+0 65.395000E+3
315 49.000000E+0 35.000000E+0 379.000000E+0 65.268000E+3
316 28.000000E+0 35.000000E+0 288.000000E+0 65.388000E+3
317 35.000000E+0 42.000000E+0 450.000000E+0 65.296000E+3
318 14.000000E+0 42.000000E+0 330.000000E+0 65.402000E+3
319 28.000000E+0 42.000000E+0 485.000000E+0 65.339000E+3
320 14.000000E+0 35.000000E+0 351.000000E+0 65.416000E+3
321 35.000000E+0 35.000000E+0 492.000000E+0 65.402000E+3
322 21.000000E+0 35.000000E+0 358.000000E+0 65.451000E+3
323 28.000000E+0 35.000000E+0 457.000000E+0 65.472000E+3
324 14.000000E+0 28.000000E+0 330.000000E+0 65.486000E+3
325 21.000000E+0 35.000000E+0 407.000000E+0 21.000000E+0
326 14.000000E+0 28.000000E+0 302.000000E+0 0.000000E+0
327 21.000000E+0 35.000000E+0 351.000000E+0 112.000000E+0
328 7.000000E+0 35.000000E+0 260.000000E+0 49.000000E+0
329 28.000000E+0 35.000000E+0 274.000000E+0 182.000000E+0
330 14.000000E+0 28.000000E+0 210.000000E+0 84.000000E+0
331 35.000000E+0 28.000000E+0 196.000000E+0 217.000000E+0
332 14.000000E+0 21.000000E+0 161.000000E+0 91.000000E+0
333 49.000000E+0 21.000000E+0 126.000000E+0 246.000000E+0
334 28.000000E+0 21.000000E+0 112.000000E+0 98.000000E+0
335 77.000000E+0 7.000000E+0 70.000000E+0 203.000000E+0
336 49.000000E+0 14.000000E+0 63.000000E+0 91.000000E+0
337 112.000000E+0 0.000000E+0 7.000000E+0 147.000000E+0
338 77.000000E+0 7.000000E+0 7.000000E+0 63.000000E+0
339 168.000000E+0 65.521000E+3 65.486000E+3 42.000000E+0
340 112.000000E+0 0.000000E+0 65.507000E+3 14.000000E+0
341 232.000000E+0 65.486000E+3 65.444000E+3 65.465000E+3
342 147.000000E+0 65.521000E+3 65.472000E+3 65.486000E+3
343 295.000000E+0 65.458000E+3 65.402000E+3 65.402000E+3
344 203.000000E+0 65.514000E+3 65.451000E+3 65.451000E+3
345 295.000000E+0 65.472000E+3 65.381000E+3 65.409000E+3
346 196.000000E+0 65.521000E+3 65.430000E+3 65.458000E+3
347 182.000000E+0 21.000000E+0 65.388000E+3 65.451000E+3
348 119.000000E+0 21.000000E+0 65.437000E+3 65.479000E+3
349 35.000000E+0 112.000000E+0 65.395000E+3 65.479000E+3
350 14.000000E+0 77.000000E+0 65.444000E+3 65.486000E+3
351 65.416000E+3 203.000000E+0 65.423000E+3 65.486000E+3
352 65.437000E+3 112.000000E+0 65.465000E+3 65.500000E+3
353 65.282000E+3 246.000000E+0 65.451000E+3 65.500000E+3
354 65.346000E+3 126.000000E+0 65.486000E+3 65.507000E+3
355 65.184000E+3 260.000000E+0 65.472000E+3 65.500000E+3
356 65.282000E+3 133.000000E+0 65.500000E+3 65.500000E+3
357 65.114000E+3 239.000000E+0 65.486000E+3 65.500000E+3
358 65.240000E+3 126.000000E+0 65.507000E+3 65.507000E+3
359 65.093000E+3 196.000000E+0 65.493000E+3 65.500000E+3
360 65.219000E+3 119.000000E+0 65.479000E+3 65.507000E+3
361 65.086000E+3 140.000000E+0 65.493000E+3 65.514000E+3
362 65.205000E+3 84.000000E+0 65.493000E+3 65.500000E+3
363 65.107000E+3 56.000000E+0 65.472000E+3 65.507000E+3
364 65.219000E+3 42.000000E+0 65.507000E+3 65.507000E+3
365 65.149000E+3 65.507000E+3 65.507000E+3 65.514000E+3
366 65.261000E+3 0.000000E+0 65.521000E+3 65.514000E+3
367 65.226000E+3 65.430000E+3 65.514000E+3 65.514000E+3
368 65.318000E+3 65.493000E+3 65.528000E+3 65.514000E+3
369 65.296000E+3 65.367000E+3 65.514000E+3 65.514000E+3
370 65.353000E+3 65.472000E+3 65.521000E+3 65.514000E+3
371 65.374000E+3 65.332000E+3 65.493000E+3 65.521000E+3
372 65.402000E+3 65.451000E+3 65.514000E+3 65.521000E+3
373 65.437000E+3 65.325000E+3 65.472000E+3 65.521000E+3
374 65.451000E+3 65.444000E+3 65.493000E+3 65.521000E+3
375 65.493000E+3 65.353000E+3 65.451000E+3 0.000000E+0
376 65.493000E+3 65.465000E+3 65.472000E+3 65.528000E+3
377 14.000000E+0 65.416000E+3 65.416000E+3 7.000000E+0
378 0.000000E+0 65.493000E+3 65.451000E+3 0.000000E+0
379 49.000000E+0 65.507000E+3 65.367000E+3 28.000000E+0
380 28.000000E+0 0.000000E+0 65.416000E+3 7.000000E+0
381 91.000000E+0 77.000000E+0 65.289000E+3 49.000000E+0
382 49.000000E+0 49.000000E+0 65.367000E+3 21.000000E+0
383 119.000000E+0 140.000000E+0 65.226000E+3 84.000000E+0
384 70.000000E+0 84.000000E+0 65.318000E+3 35.000000E+0
385 147.000000E+0 119.000000E+0 65.205000E+3 77.000000E+0
386 91.000000E+0 70.000000E+0 65.303000E+3 28.000000E+0
387 140.000000E+0 84.000000E+0 65.311000E+3 65.528000E+3
388 84.000000E+0 56.000000E+0 65.381000E+3 65.521000E+3
389 119.000000E+0 63.000000E+0 65.479000E+3 65.416000E+3
390 70.000000E+0 49.000000E+0 65.507000E+3 65.458000E+3
391 98.000000E+0 49.000000E+0 112.000000E+0 65.325000E+3
392 56.000000E+0 42.000000E+0 91.000000E+0 65.416000E+3
393 77.000000E+0 42.000000E+0 260.000000E+0 65.275000E+3
394 35.000000E+0 35.000000E+0 203.000000E+0 65.395000E+3
395 56.000000E+0 35.000000E+0 379.000000E+0 65.268000E+3
396 28.000000E+0 35.000000E+0 288.000000E+0 65.395000E+3
397 42.000000E+0 42.000000E+0 450.000000E+0 65.289000E+3
398 14.000000E+0 42.000000E+0 330.000000E+0 65.402000E+3
399 35.000000E+0 35.000000E+0 485.000000E+0 65.339000E+3
400 14.000000E+0 35.000000E+0 351.000000E+0 65.416000E+3
401 35.000000E+0 35.000000E+0 492.000000E+0 65.402000E+3
402 21.000000E+0 35.000000E+0 358.000000E+0 65.451000E+3
403 28.000000E+0 35.000000E+0 450.000000E+0 65.472000E+3
404 14.000000E+0 35.000000E+0 330.000000E+0 65.486000E+3
405 21.000000E+0 35.000000E+0 407.000000E+0 21.000000E+0
406 14.000000E+0 35.000000E+0 302.000000E+0 7.000000E+0
407 21.000000E+0 35.000000E+0 344.000000E+0 105.000000E+0
408 7.000000E+0 35.000000E+0 260.000000E+0 42.000000E+0
409 28.000000E+0 35.000000E+0 267.000000E+0 175.000000E+0
410 14.000000E+0 35.000000E+0 210.000000E+0 77.000000E+0
411 35.000000E+0 28.000000E+0 196.000000E+0 217.000000E+0
412 14.000000E+0 28.000000E+0 161.000000E+0 98.000000E+0
413 42.000000E+0 21.000000E+0 126.000000E+0 246.000000E+0
414 28.000000E+0 21.000000E+0 112.000000E+0 98.000000E+0
415 77.000000E+0 14.000000E+0 63.000000E+0 203.000000E+0
416 49.000000E+0 14.000000E+0 63.000000E+0 91.000000E+0
417 112.000000E+0 0.000000E+0 7.000000E+0 140.000000E+0
418 77.000000E+0 7.000000E+0 14.000000E+0 63.000000E+0
419 168.000000E+0 65.521000E+3 65.479000E+3 42.000000E+0
420 105.000000E+0 0.000000E+0 65.507000E+3 14.000000E+0
421 225.000000E+0 65.493000E+3 65.437000E+3 65.465000E+3
422 147.000000E+0 65.521000E+3 65.479000E+3 65.479000E+3
423 295.000000E+0 65.451000E+3 65.402000E+3 65.402000E+3
424 196.000000E+0 65.507000E+3 65.451000E+3 65.451000E+3
425 288.000000E+0 65.472000E+3 65.381000E+3 65.409000E+3
426 196.000000E+0 65.521000E+3 65.437000E+3 65.458000E+3
427 189.000000E+0 14.000000E+0 65.381000E+3 65.451000E+3
428 119.000000E+0 21.000000E+0 65.437000E+3 65.479000E+3
429 42.000000E+0 112.000000E+0 65.395000E+3 65.472000E+3
430 21.000000E+0 70.000000E+0 65.444000E+3 65.493000E+3
431 65.430000E+3 196.000000E+0 65.423000E+3 65.486000E+3
432 65.444000E+3 112.000000E+0 65.472000E+3 65.500000E+3
433 65.296000E+3 239.000000E+0 65.451000E+3 65.500000E+3
434 65.360000E+3 119.000000E+0 65.486000E+3 65.507000E+3
435 65.191000E+3 253.000000E+0 65.472000E+3 65.500000E+3
436 65.289000E+3 133.000000E+0 65.493000E+3 65.500000E+3
437 65.128000E+3 239.000000E+0 65.486000E+3 65.507000E+3
438 65.247000E+3 126.000000E+0 65.500000E+3 65.500000E+3
439 65.107000E+3 203.000000E+0 65.493000E+3 65.507000E+3
440 65.233000E+3 112.000000E+0 65.507000E+3 65.507000E+3
441 65.114000E+3 147.000000E+0 65.493000E+3 65.507000E+3
442 65.233000E+3 91.000000E+0 65.500000E+3 65.500000E+3
443 65.121000E+3 63.000000E+0 65.486000E+3 65.500000E+3
444 65.233000E+3 49.000000E+0 65.500000E+3 65.507000E+3
445 65.156000E+3 65.521000E+3 65.500000E+3 65.507000E+3
446 65.268000E+3 0.000000E+0 65.521000E+3 65.507000E+3
447 65.233000E+3 65.437000E+3 65.514000E+3 65.514000E+3
448 65.318000E+3 65.500000E+3 65.528000E+3 65.514000E+3
449 65.303000E+3 65.381000E+3 65.507000E+3 65.514000E+3
450 65.360000E+3 65.479000E+3 65.521000E+3 65.514000E+3
451 65.367000E+3 65.339000E+3 65.500000E+3 65.514000E+3
452 65.402000E+3 65.465000E+3 65.514000E+3 65.514000E+3
453 65.423000E+3 65.332000E+3 65.486000E+3 65.521000E+3
454 65.444000E+3 65.451000E+3 65.500000E+3 65.521000E+3
455 65.493000E+3 65.360000E+3 65.458000E+3 0.000000E+0
456 65.493000E+3 65.465000E+3 65.479000E+3 65.528000E+3
457 7.000000E+0 65.416000E+3 65.423000E+3 0.000000E+0
458 65.528000E+3 65.493000E+3 65.458000E+3 65.528000E+3
459 56.000000E+0 65.500000E+3 65.381000E+3 21.000000E+0
460 28.000000E+0 65.528000E+3 65.430000E+3 7.000000E+0
461 84.000000E+0 56.000000E+0 65.318000E+3 42.000000E+0
462 49.000000E+0 49.000000E+0 65.388000E+3 14.000000E+0
463 119.000000E+0 112.000000E+0 65.261000E+3 63.000000E+0
464 70.000000E+0 70.000000E+0 65.346000E+3 21.000000E+0
465 133.000000E+0 105.000000E+0 65.261000E+3 56.000000E+0
466 77.000000E+0 63.000000E+0 65.339000E+3 21.000000E+0
467 126.000000E+0 77.000000E+0 65.353000E+3 65.514000E+3
468 70.000000E+0 49.000000E+0 65.409000E+3 65.514000E+3
469 112.000000E+0 63.000000E+0 65.507000E+3 65.416000E+3
470 63.000000E+0 49.000000E+0 65.521000E+3 65.458000E+3
471 84.000000E+0 49.000000E+0 119.000000E+0 65.325000E+3
472 42.000000E+0 35.000000E+0 98.000000E+0 65.416000E+3
473 63.000000E+0 35.000000E+0 260.000000E+0 65.289000E+3
474 35.000000E+0 35.000000E+0 203.000000E+0 65.402000E+3
475 49.000000E+0 35.000000E+0 358.000000E+0 65.289000E+3
476 21.000000E+0 35.000000E+0 274.000000E+0 65.402000E+3
477 35.000000E+0 42.000000E+0 428.000000E+0 65.303000E+3
478 21.000000E+0 42.000000E+0 323.000000E+0 65.409000E+3
479 28.000000E+0 35.000000E+0 464.000000E+0 65.353000E+3
480 14.000000E+0 35.000000E+0 344.000000E+0 65.430000E+3
481 21.000000E+0 35.000000E+0 464.000000E+0 65.416000E+3
482 14.000000E+0 35.000000E+0 344.000000E+0 65.458000E+3
483 28.000000E+0 35.000000E+0 428.000000E+0 65.486000E+3
484 14.000000E+0 35.000000E+0 323.000000E+0 65.493000E+3
485 21.000000E+0 35.000000E+0 386.000000E+0 35.000000E+0
486 7.000000E+0 35.000000E+0 288.000000E+0 7.000000E+0
487 21.000000E+0 35.000000E+0 323.000000E+0 112.000000E+0
488 7.000000E+0 35.000000E+0 246.000000E+0 42.000000E+0
489 28.000000E+0 35.000000E+0 253.000000E+0 182.000000E+0
490 7.000000E+0 35.000000E+0 196.000000E+0 77.000000E+0
491 35.000000E+0 28.000000E+0 189.000000E+0 217.000000E+0
492 14.000000E+0 28.000000E+0 154.000000E+0 98.000000E+0
493 56.000000E+0 14.000000E+0 119.000000E+0 225.000000E+0
494 28.000000E+0 21.000000E+0 105.000000E+0 91.000000E+0
495 70.000000E+0 14.000000E+0 56.000000E+0 203.000000E+0
496 42.000000E+0 14.000000E+0 56.000000E+0 91.000000E+0
497 112.000000E+0 0.000000E+0 0.000000E+0 140.000000E+0
498 77.000000E+0 7.000000E+0 7.000000E+0 63.000000E+0
499 168.000000E+0 65.521000E+3 65.479000E+3 42.000000E+0
500 105.000000E+0 0.000000E+0 65.500000E+3 14.000000E+0
501 225.000000E+0 65.486000E+3 65.437000E+3 65.465000E+3
502 154.000000E+0 65.521000E+3 65.472000E+3 65.479000E+3
503 295.000000E+0 65.458000E+3 65.395000E+3 65.402000E+3
504 203.000000E+0 65.514000E+3 65.444000E+3 65.451000E+3
505 302.000000E+0 65.472000E+3 65.374000E+3 65.409000E+3
506 196.000000E+0 65.521000E+3 65.430000E+3 65.458000E+3
507 182.000000E+0 21.000000E+0 65.388000E+3 65.444000E+3
508 119.000000E+0 21.000000E+0 65.437000E+3 65.479000E+3
509 42.000000E+0 112.000000E+0 65.395000E+3 65.472000E+3
510 14.000000E+0 70.000000E+0 65.444000E+3 65.493000E+3
511 65.430000E+3 203.000000E+0 65.423000E+3 65.486000E+3
512 65.444000E+3 112.000000E+0 65.465000E+3 65.500000E+3
513 65.296000E+3 239.000000E+0 65.451000E+3 65.500000E+3
514 65.353000E+3 126.000000E+0 65.486000E+3 65.507000E+3
515 65.191000E+3 253.000000E+0 65.472000E+3 65.500000E+3
516 65.289000E+3 133.000000E+0 65.500000E+3 65.507000E+3
517 65.128000E+3 239.000000E+0 65.486000E+3 65.507000E+3
518 65.247000E+3 126.000000E+0 65.507000E+3 65.507000E+3
519 65.114000E+3 203.000000E+0 65.493000E+3 65.507000E+3
520 65.240000E+3 119.000000E+0 65.507000E+3 65.507000E+3
521 65.114000E+3 147.000000E+0 65.493000E+3 65.507000E+3
522 65.233000E+3 91.000000E+0 65.500000E+3 65.507000E+3
523 65.128000E+3 70.000000E+0 65.486000E+3 65.500000E+3
524 65.240000E+3 56.000000E+0 65.507000E+3 65.507000E+3
525 65.163000E+3 65.528000E+3 65.500000E+3 65.507000E+3
526 65.275000E+3 7.000000E+0 65.514000E+3 65.507000E+3
527 65.233000E+3 65.437000E+3 65.514000E+3 65.514000E+3
528 65.325000E+3 65.500000E+3 65.528000E+3 65.514000E+3
529 65.303000E+3 65.374000E+3 65.507000E+3 65.514000E+3
530 65.360000E+3 65.479000E+3 65.521000E+3 65.514000E+3
531 65.367000E+3 65.346000E+3 65.500000E+3 65.514000E+3
532 65.409000E+3 65.465000E+3 65.514000E+3 65.514000E+3
533 65.430000E+3 65.332000E+3 65.486000E+3 65.521000E+3
534 65.444000E+3 65.458000E+3 65.500000E+3 65.521000E+3
535 65.493000E+3 65.353000E+3 65.451000E+3 65.528000E+3
536 65.493000E+3 65.465000E+3 65.479000E+3 65.528000E+3
537 7.000000E+0 65.416000E+3 65.423000E+3 0.000000E+0
538 0.000000E+0 65.493000E+3 65.458000E+3 65.528000E+3
539 56.000000E+0 65.500000E+3 65.381000E+3 21.000000E+0
540 28.000000E+0 65.528000E+3 65.430000E+3 7.000000E+0
541 91.000000E+0 56.000000E+0 65.318000E+3 42.000000E+0
542 49.000000E+0 49.000000E+0 65.388000E+3 14.000000E+0
543 119.000000E+0 112.000000E+0 65.261000E+3 63.000000E+0
544 70.000000E+0 70.000000E+0 65.346000E+3 21.000000E+0
545 133.000000E+0 105.000000E+0 65.261000E+3 56.000000E+0
546 77.000000E+0 63.000000E+0 65.339000E+3 21.000000E+0
547 126.000000E+0 77.000000E+0 65.353000E+3 65.514000E+3
548 77.000000E+0 49.000000E+0 65.409000E+3 65.514000E+3
549 112.000000E+0 56.000000E+0 65.493000E+3 65.423000E+3
550 63.000000E+0 49.000000E+0 65.507000E+3 65.465000E+3
551 84.000000E+0 49.000000E+0 105.000000E+0 65.339000E+3
552 49.000000E+0 42.000000E+0 91.000000E+0 65.423000E+3
553 56.000000E+0 35.000000E+0 246.000000E+0 65.289000E+3
554 35.000000E+0 35.000000E+0 196.000000E+0 65.402000E+3
555 49.000000E+0 35.000000E+0 351.000000E+0 65.289000E+3
556 28.000000E+0 35.000000E+0 267.000000E+0 65.395000E+3
557 35.000000E+0 42.000000E+0 414.000000E+0 65.311000E+3
558 14.000000E+0 42.000000E+0 309.000000E+0 65.409000E+3
559 21.000000E+0 35.000000E+0 442.000000E+0 65.353000E+3
560 14.000000E+0 35.000000E+0 330.000000E+0 65.430000E+3
561 21.000000E+0 35.000000E+0 450.000000E+0 65.409000E+3
562 14.000000E+0 35.000000E+0 330.000000E+0 65.451000E+3
563 21.000000E+0 35.000000E+0 421.000000E+0 65.479000E+3
564 14.000000E+0 35.000000E+0 316.000000E+0 65.486000E+3
565 21.000000E+0 35.000000E+0 386.000000E+0 14.000000E+0
566 7.000000E+0 35.000000E+0 288.000000E+0 0.000000E+0
567 21.000000E+0 35.000000E+0 323.000000E+0 105.000000E+0
568 7.000000E+0 35.000000E+0 246.000000E+0 42.000000E+0
569 21.000000E+0 35.000000E+0 253.000000E+0 161.000000E+0
570 7.000000E+0 35.000000E+0 196.000000E+0 70.000000E+0
571 28.000000E+0 21.000000E+0 182.000000E+0 203.000000E+0
572 14.000000E+0 28.000000E+0 147.000000E+0 91.000000E+0
573 49.000000E+0 21.000000E+0 119.000000E+0 225.000000E+0
574 28.000000E+0 21.000000E+0 105.000000E+0 98.000000E+0
575 63.000000E+0 14.000000E+0 63.000000E+0 182.000000E+0
576 42.000000E+0 14.000000E+0 63.000000E+0 84.000000E+0
577 98.000000E+0 0.000000E+0 7.000000E+0 133.000000E+0
578 63.000000E+0 7.000000E+0 14.000000E+0 63.000000E+0
579 154.000000E+0 65.521000E+3 65.486000E+3 56.000000E+0
580 98.000000E+0 7.000000E+0 65.507000E+3 21.000000E+0
581 196.000000E+0 65.507000E+3 65.444000E+3 65.486000E+3
582 133.000000E+0 65.528000E+3 65.472000E+3 65.493000E+3
583 260.000000E+0 65.472000E+3 65.402000E+3 65.416000E+3
584 182.000000E+0 65.514000E+3 65.444000E+3 65.458000E+3
585 253.000000E+0 65.500000E+3 65.388000E+3 65.430000E+3
586 168.000000E+0 65.528000E+3 65.437000E+3 65.465000E+3
587 161.000000E+0 35.000000E+0 65.388000E+3 65.458000E+3
588 98.000000E+0 35.000000E+0 65.437000E+3 65.486000E+3
589 14.000000E+0 133.000000E+0 65.402000E+3 65.479000E+3
590 0.000000E+0 77.000000E+0 65.444000E+3 65.493000E+3
591 65.409000E+3 196.000000E+0 65.430000E+3 65.493000E+3
592 65.430000E+3 105.000000E+0 65.472000E+3 65.500000E+3
593 65.282000E+3 232.000000E+0 65.458000E+3 65.500000E+3
594 65.353000E+3 119.000000E+0 65.493000E+3 65.507000E+3
595 65.191000E+3 239.000000E+0 65.479000E+3 65.500000E+3
596 65.289000E+3 119.000000E+0 65.507000E+3 65.500000E+3
597 65.135000E+3 217.000000E+0 65.493000E+3 65.507000E+3
598 65.247000E+3 119.000000E+0 65.507000E+3 65.507000E+3
599 65.114000E+3 182.000000E+0 65.500000E+3 65.507000E+3
600 65.233000E+3 112.000000E+0 65.507000E+3 65.528000E+3
601 65.107000E+3 126.000000E+0 65.479000E+3 65.500000E+3
602 65.219000E+3 77.000000E+0 65.486000E+3 65.500000E+3
603 65.121000E+3 49.000000E+0 65.479000E+3 65.507000E+3
604 65.240000E+3 42.000000E+0 65.514000E+3 65.500000E+3
605 65.170000E+3 65.500000E+3 65.507000E+3 65.514000E+3
606 65.282000E+3 65.528000E+3 65.521000E+3 65.514000E+3
607 65.240000E+3 65.416000E+3 65.514000E+3 65.514000E+3
608 65.325000E+3 65.493000E+3 65.528000E+3 65.514000E+3
609 65.311000E+3 65.360000E+3 65.514000E+3 65.514000E+3
610 65.367000E+3 65.465000E+3 65.528000E+3 65.514000E+3
611 65.381000E+3 65.332000E+3 65.500000E+3 65.521000E+3
612 65.409000E+3 65.458000E+3 65.514000E+3 65.521000E+3
613 65.444000E+3 65.318000E+3 65.479000E+3 65.528000E+3
614 65.451000E+3 65.451000E+3 65.493000E+3 65.521000E+3
615 65.507000E+3 65.360000E+3 65.451000E+3 65.528000E+3
616 65.500000E+3 65.472000E+3 65.479000E+3 65.528000E+3
617 21.000000E+0 65.416000E+3 65.409000E+3 7.000000E+0
618 7.000000E+0 65.500000E+3 65.444000E+3 0.000000E+0
619 56.000000E+0 65.507000E+3 65.367000E+3 28.000000E+0
620 35.000000E+0 65.528000E+3 65.423000E+3 7.000000E+0
621 91.000000E+0 84.000000E+0 65.296000E+3 56.000000E+0
622 49.000000E+0 63.000000E+0 65.367000E+3 14.000000E+0
623 126.000000E+0 147.000000E+0 65.233000E+3 84.000000E+0
624 77.000000E+0 84.000000E+0 65.325000E+3 35.000000E+0
625 147.000000E+0 112.000000E+0 65.219000E+3 70.000000E+0
626 91.000000E+0 70.000000E+0 65.303000E+3 28.000000E+0
627 140.000000E+0 84.000000E+0 65.311000E+3 65.528000E+3
628 77.000000E+0 49.000000E+0 65.381000E+3 65.528000E+3
629 119.000000E+0 63.000000E+0 65.472000E+3 65.423000E+3
630 70.000000E+0 49.000000E+0 65.507000E+3 65.458000E+3
631 98.000000E+0 49.000000E+0 105.000000E+0 65.339000E+3
632 56.000000E+0 42.000000E+0 91.000000E+0 65.423000E+3
633 70.000000E+0 42.000000E+0 246.000000E+0 65.282000E+3
634 35.000000E+0 42.000000E+0 196.000000E+0 65.402000E+3
635 49.000000E+0 35.000000E+0 358.000000E+0 65.275000E+3
636 21.000000E+0 35.000000E+0 267.000000E+0 65.395000E+3
637 42.000000E+0 42.000000E+0 428.000000E+0 65.296000E+3
638 14.000000E+0 42.000000E+0 316.000000E+0 65.402000E+3
639 35.000000E+0 42.000000E+0 457.000000E+0 65.346000E+3
640 21.000000E+0 28.000000E+0 337.000000E+0 65.416000E+3
641 28.000000E+0 28.000000E+0 478.000000E+0 65.395000E+3
642 14.000000E+0 35.000000E+0 351.000000E+0 65.451000E+3
643 35.000000E+0 35.000000E+0 442.000000E+0 65.465000E+3
644 14.000000E+0 35.000000E+0 323.000000E+0 65.479000E+3
645 21.000000E+0 35.000000E+0 400.000000E+0 14.000000E+0
646 7.000000E+0 35.000000E+0 295.000000E+0 0.000000E+0
647 21.000000E+0 35.000000E+0 344.000000E+0 98.000000E+0
648 7.000000E+0 35.000000E+0 260.000000E+0 42.000000E+0
649 21.000000E+0 35.000000E+0 274.000000E+0 161.000000E+0
650 7.000000E+0 35.000000E+0 210.000000E+0 63.000000E+0
651 35.000000E+0 21.000000E+0 203.000000E+0 203.000000E+0
652 14.000000E+0 21.000000E+0 161.000000E+0 91.000000E+0
653 42.000000E+0 21.000000E+0 126.000000E+0 232.000000E+0
654 21.000000E+0 21.000000E+0 112.000000E+0 98.000000E+0
655 63.000000E+0 14.000000E+0 70.000000E+0 196.000000E+0
656 42.000000E+0 14.000000E+0 70.000000E+0 84.000000E+0
657 98.000000E+0 0.000000E+0 14.000000E+0 140.000000E+0
658 63.000000E+0 7.000000E+0 14.000000E+0 56.000000E+0
659 147.000000E+0 65.521000E+3 65.493000E+3 56.000000E+0
660 98.000000E+0 7.000000E+0 65.507000E+3 21.000000E+0
661 196.000000E+0 65.507000E+3 65.444000E+3 65.486000E+3
662 133.000000E+0 65.528000E+3 65.479000E+3 65.493000E+3
663 260.000000E+0 65.472000E+3 65.402000E+3 65.416000E+3
664 175.000000E+0 65.521000E+3 65.444000E+3 65.458000E+3
665 253.000000E+0 65.493000E+3 65.388000E+3 65.430000E+3
666 161.000000E+0 65.528000E+3 65.437000E+3 65.465000E+3
667 154.000000E+0 35.000000E+0 65.388000E+3 65.451000E+3
668 98.000000E+0 35.000000E+0 65.444000E+3 65.486000E+3
669 14.000000E+0 133.000000E+0 65.402000E+3 65.479000E+3
670 0.000000E+0 77.000000E+0 65.451000E+3 65.493000E+3
671 65.402000E+3 196.000000E+0 65.437000E+3 65.493000E+3
672 65.430000E+3 105.000000E+0 65.472000E+3 65.500000E+3
673 65.289000E+3 239.000000E+0 65.458000E+3 65.500000E+3
674 65.353000E+3 119.000000E+0 65.493000E+3 65.507000E+3
675 65.191000E+3 246.000000E+0 65.472000E+3 65.500000E+3
676 65.282000E+3 126.000000E+0 65.500000E+3 65.500000E+3
677 65.128000E+3 225.000000E+0 65.493000E+3 65.507000E+3
678 65.247000E+3 119.000000E+0 65.507000E+3 65.507000E+3
679 65.114000E+3 189.000000E+0 65.500000E+3 65.507000E+3
680 65.107000E+3 119.000000E+0 65.479000E+3 65.500000E+3
681 65.107000E+3 119.000000E+0 65.479000E+3 65.500000E+3
682 65.226000E+3 77.000000E+0 65.486000E+3 65.500000E+3
683 65.121000E+3 49.000000E+0 65.486000E+3 65.507000E+3
684 65.240000E+3 42.000000E+0 65.521000E+3 65.507000E+3
685 65.170000E+3 65.500000E+3 65.507000E+3 65.514000E+3
686 65.282000E+3 65.528000E+3 65.521000E+3 65.514000E+3
687 65.247000E+3 65.416000E+3 65.514000E+3 65.514000E+3
688 65.325000E+3 65.486000E+3 65.528000E+3 65.514000E+3
689 65.311000E+3 65.360000E+3 65.514000E+3 65.514000E+3
690 65.360000E+3 65.472000E+3 65.521000E+3 65.514000E+3
691 65.381000E+3 65.332000E+3 65.500000E+3 65.521000E+3
692 65.409000E+3 65.451000E+3 65.514000E+3 65.521000E+3
693 65.444000E+3 65.318000E+3 65.472000E+3 65.528000E+3
694 65.458000E+3 65.451000E+3 65.493000E+3 65.521000E+3
695 65.507000E+3 65.360000E+3 65.451000E+3 65.528000E+3
696 65.500000E+3 65.465000E+3 65.479000E+3 65.521000E+3
697 21.000000E+0 65.416000E+3 65.409000E+3 7.000000E+0
698 7.000000E+0 65.493000E+3 65.444000E+3 0.000000E+0
699 56.000000E+0 65.500000E+3 65.367000E+3 28.000000E+0
700 35.000000E+0 65.528000E+3 65.423000E+3 7.000000E+0
701 91.000000E+0 77.000000E+0 65.296000E+3 56.000000E+0
702 49.000000E+0 56.000000E+0 65.367000E+3 14.000000E+0
703 126.000000E+0 140.000000E+0 65.226000E+3 77.000000E+0
704 77.000000E+0 84.000000E+0 65.318000E+3 35.000000E+0
705 147.000000E+0 119.000000E+0 65.212000E+3 70.000000E+0
706 91.000000E+0 63.000000E+0 65.303000E+3 28.000000E+0
707 140.000000E+0 84.000000E+0 65.311000E+3 65.528000E+3
708 84.000000E+0 56.000000E+0 65.381000E+3 65.528000E+3
709 119.000000E+0 63.000000E+0 65.472000E+3 65.423000E+3
710 70.000000E+0 49.000000E+0 65.507000E+3 65.458000E+3
711 98.000000E+0 49.000000E+0 105.000000E+0 65.339000E+3
712 56.000000E+0 42.000000E+0 91.000000E+0 65.423000E+3
713 63.000000E+0 42.000000E+0 253.000000E+0 65.282000E+3
714 35.000000E+0 42.000000E+0 196.000000E+0 65.402000E+3
715 56.000000E+0 35.000000E+0 365.000000E+0 65.275000E+3
716 21.000000E+0 35.000000E+0 274.000000E+0 65.395000E+3
717 42.000000E+0 42.000000E+0 435.000000E+0 65.282000E+3
718 14.000000E+0 35.000000E+0 316.000000E+0 65.395000E+3
719 35.000000E+0 35.000000E+0 471.000000E+0 65.339000E+3
720 21.000000E+0 28.000000E+0 337.000000E+0 65.416000E+3
721 35.000000E+0 28.000000E+0 485.000000E+0 65.395000E+3
722 14.000000E+0 35.000000E+0 351.000000E+0 65.451000E+3
723 35.000000E+0 35.000000E+0 457.000000E+0 65.465000E+3
724 14.000000E+0 35.000000E+0 323.000000E+0 65.479000E+3
725 14.000000E+0 35.000000E+0 400.000000E+0 14.000000E+0
726 7.000000E+0 35.000000E+0 288.000000E+0 0.000000E+0
727 21.000000E+0 35.000000E+0 344.000000E+0 98.000000E+0
728 7.000000E+0 35.000000E+0 260.000000E+0 42.000000E+0
729 21.000000E+0 35.000000E+0 267.000000E+0 161.000000E+0
730 7.000000E+0 28.000000E+0 210.000000E+0 70.000000E+0
731 28.000000E+0 21.000000E+0 203.000000E+0 203.000000E+0
732 14.000000E+0 28.000000E+0 161.000000E+0 91.000000E+0
733 42.000000E+0 21.000000E+0 133.000000E+0 225.000000E+0
734 21.000000E+0 21.000000E+0 112.000000E+0 98.000000E+0
735 63.000000E+0 14.000000E+0 77.000000E+0 189.000000E+0
736 35.000000E+0 14.000000E+0 77.000000E+0 91.000000E+0
737 98.000000E+0 0.000000E+0 14.000000E+0 140.000000E+0
738 63.000000E+0 7.000000E+0 14.000000E+0 56.000000E+0
739 147.000000E+0 65.521000E+3 65.493000E+3 49.000000E+0
740 91.000000E+0 7.000000E+0 65.507000E+3 21.000000E+0
741 203.000000E+0 65.507000E+3 65.444000E+3 65.486000E+3
742 133.000000E+0 65.528000E+3 65.479000E+3 65.493000E+3
743 260.000000E+0 65.472000E+3 65.402000E+3 65.416000E+3
744 175.000000E+0 65.514000E+3 65.444000E+3 65.458000E+3
745 253.000000E+0 65.493000E+3 65.395000E+3 65.430000E+3
746 168.000000E+0 65.528000E+3 65.437000E+3 65.472000E+3
747 154.000000E+0 35.000000E+0 65.388000E+3 65.451000E+3
748 98.000000E+0 28.000000E+0 65.444000E+3 65.486000E+3
749 14.000000E+0 126.000000E+0 65.402000E+3 65.479000E+3
750 0.000000E+0 77.000000E+0 65.451000E+3 65.493000E+3
751 65.409000E+3 196.000000E+0 65.430000E+3 65.493000E+3
752 65.430000E+3 105.000000E+0 65.472000E+3 65.500000E+3
753 65.282000E+3 232.000000E+0 65.458000E+3 65.500000E+3
754 65.353000E+3 119.000000E+0 65.493000E+3 65.507000E+3
755 65.191000E+3 246.000000E+0 65.479000E+3 65.500000E+3
756 65.128000E+3 225.000000E+0 65.493000E+3 65.507000E+3
757 65.128000E+3 225.000000E+0 65.493000E+3 65.507000E+3
758 65.240000E+3 126.000000E+0 65.507000E+3 65.507000E+3
759 65.107000E+3 189.000000E+0 65.493000E+3 65.507000E+3
760 65.233000E+3 112.000000E+0 65.507000E+3 65.521000E+3
761 65.107000E+3 119.000000E+0 65.479000E+3 65.500000E+3
762 65.219000E+3 77.000000E+0 65.493000E+3 65.500000E+3
763 65.114000E+3 49.000000E+0 65.486000E+3 65.507000E+3
764 65.233000E+3 42.000000E+0 65.514000E+3 65.507000E+3
765 65.170000E+3 65.500000E+3 65.507000E+3 65.514000E+3
766 65.275000E+3 65.528000E+3 65.521000E+3 65.514000E+3
767 65.240000E+3 65.409000E+3 65.514000E+3 65.514000E+3
768 65.325000E+3 65.486000E+3 65.528000E+3 65.514000E+3
769 65.311000E+3 65.360000E+3 65.514000E+3 65.514000E+3
770 65.360000E+3 65.465000E+3 65.528000E+3 65.514000E+3
771 65.381000E+3 65.339000E+3 65.500000E+3 65.521000E+3
772 65.409000E+3 65.458000E+3 65.514000E+3 65.521000E+3
773 65.444000E+3 65.318000E+3 65.472000E+3 65.528000E+3
774 65.458000E+3 65.444000E+3 65.500000E+3 65.528000E+3
775 65.507000E+3 65.360000E+3 65.451000E+3 65.528000E+3
776 65.507000E+3 65.465000E+3 65.472000E+3 65.528000E+3
777 21.000000E+0 65.416000E+3 65.409000E+3 7.000000E+0
778 7.000000E+0 65.493000E+3 65.444000E+3 0.000000E+0
779 63.000000E+0 65.507000E+3 65.367000E+3 28.000000E+0
780 35.000000E+0 65.528000E+3 65.423000E+3 7.000000E+0
781 91.000000E+0 77.000000E+0 65.296000E+3 56.000000E+0
782 56.000000E+0 56.000000E+0 65.367000E+3 21.000000E+0
783 126.000000E+0 140.000000E+0 65.233000E+3 77.000000E+0
784 77.000000E+0 84.000000E+0 65.325000E+3 35.000000E+0
785 147.000000E+0 119.000000E+0 65.212000E+3 77.000000E+0
786 91.000000E+0 63.000000E+0 65.303000E+3 28.000000E+0
787 140.000000E+0 84.000000E+0 65.311000E+3 65.528000E+3
788 84.000000E+0 56.000000E+0 65.374000E+3 65.521000E+3
789 119.000000E+0 63.000000E+0 65.472000E+3 65.423000E+3
790 70.000000E+0 49.000000E+0 65.500000E+3 65.458000E+3
791 98.000000E+0 49.000000E+0 105.000000E+0 65.339000E+3
792 56.000000E+0 42.000000E+0 91.000000E+0 65.423000E+3
793 70.000000E+0 42.000000E+0 253.000000E+0 65.275000E+3
794 35.000000E+0 42.000000E+0 196.000000E+0 65.395000E+3
795 49.000000E+0 35.000000E+0 365.000000E+0 65.261000E+3
796 21.000000E+0 35.000000E+0 267.000000E+0 65.395000E+3
797 35.000000E+0 42.000000E+0 435.000000E+0 65.282000E+3
798 14.000000E+0 35.000000E+0 323.000000E+0 65.402000E+3
799 35.000000E+0 35.000000E+0 464.000000E+0 65.339000E+3
800 21.000000E+0 28.000000E+0 344.000000E+0 65.416000E+3
801 35.000000E+0 35.000000E+0 478.000000E+0 65.395000E+3
802 21.000000E+0 35.000000E+0 358.000000E+0 65.444000E+3
803 35.000000E+0 35.000000E+0 450.000000E+0 65.465000E+3
804 14.000000E+0 35.000000E+0 330.000000E+0 65.479000E+3
805 21.000000E+0 35.000000E+0 400.000000E+0 14.000000E+0
806 7.000000E+0 35.000000E+0 295.000000E+0 0.000000E+0
807 21.000000E+0 28.000000E+0 344.000000E+0 98.000000E+0
808 7.000000E+0 35.000000E+0 253.000000E+0 42.000000E+0
809 21.000000E+0 35.000000E+0 267.000000E+0 161.000000E+0
810 7.000000E+0 35.000000E+0 210.000000E+0 70.000000E+0
811 28.000000E+0 21.000000E+0 196.000000E+0 196.000000E+0
812 14.000000E+0 21.000000E+0 161.000000E+0 91.000000E+0
813 42.000000E+0 21.000000E+0 126.000000E+0 232.000000E+0
814 21.000000E+0 21.000000E+0 112.000000E+0 98.000000E+0
815 63.000000E+0 14.000000E+0 77.000000E+0 189.000000E+0
816 42.000000E+0 14.000000E+0 70.000000E+0 84.000000E+0
817 98.000000E+0 0.000000E+0 14.000000E+0 133.000000E+0
818 63.000000E+0 7.000000E+0 14.000000E+0 63.000000E+0
819 147.000000E+0 65.528000E+3 65.493000E+3 49.000000E+0
820 98.000000E+0 7.000000E+0 65.507000E+3 21.000000E+0
821 196.000000E+0 65.507000E+3 65.444000E+3 65.479000E+3
822 133.000000E+0 65.528000E+3 65.479000E+3 65.493000E+3
823 267.000000E+0 65.472000E+3 65.409000E+3 65.416000E+3
824 175.000000E+0 65.514000E+3 65.451000E+3 65.465000E+3
825 260.000000E+0 65.486000E+3 65.388000E+3 65.430000E+3
826 175.000000E+0 65.528000E+3 65.437000E+3 65.472000E+3
827 154.000000E+0 35.000000E+0 65.388000E+3 65.451000E+3
828 98.000000E+0 35.000000E+0 65.437000E+3 65.486000E+3
829 14.000000E+0 126.000000E+0 65.402000E+3 65.479000E+3
830 0.000000E+0 77.000000E+0 65.451000E+3 65.493000E+3
831 65.416000E+3 203.000000E+0 65.437000E+3 65.493000E+3
832 65.444000E+3 112.000000E+0 65.472000E+3 65.500000E+3
833 65.296000E+3 232.000000E+0 65.458000E+3 65.500000E+3
834 65.360000E+3 126.000000E+0 65.493000E+3 65.507000E+3
835 65.198000E+3 246.000000E+0 65.472000E+3 65.500000E+3
836 65.296000E+3 126.000000E+0 65.500000E+3 65.500000E+3
837 65.142000E+3 225.000000E+0 65.486000E+3 65.507000E+3
838 65.254000E+3 119.000000E+0 65.507000E+3 65.507000E+3
839 65.121000E+3 189.000000E+0 65.500000E+3 65.507000E+3
840 65.247000E+3 105.000000E+0 65.514000E+3 65.507000E+3
841 65.121000E+3 126.000000E+0 65.493000E+3 65.507000E+3
842 65.233000E+3 77.000000E+0 65.493000E+3 65.507000E+3
843 65.135000E+3 56.000000E+0 65.486000E+3 65.507000E+3
844 65.247000E+3 42.000000E+0 65.514000E+3 65.507000E+3
845 65.177000E+3 65.514000E+3 65.507000E+3 65.507000E+3
846 65.282000E+3 0.000000E+0 65.528000E+3 65.507000E+3
847 65.254000E+3 65.437000E+3 65.514000E+3 65.514000E+3
848 65.332000E+3 65.500000E+3 65.528000E+3 65.514000E+3
849 65.318000E+3 65.374000E+3 65.514000E+3 65.514000E+3
850 65.367000E+3 65.472000E+3 65.528000E+3 65.514000E+3
851 65.381000E+3 65.346000E+3 65.507000E+3 65.521000E+3
852 65.409000E+3 65.458000E+3 65.521000E+3 65.514000E+3
853 65.437000E+3 65.332000E+3 65.486000E+3 65.521000E+3
854 65.451000E+3 65.451000E+3 65.500000E+3 65.521000E+3
855 65.493000E+3 65.360000E+3 65.458000E+3 0.000000E+0
856 65.493000E+3 65.472000E+3 65.479000E+3 65.528000E+3
857 14.000000E+0 65.416000E+3 65.423000E+3 0.000000E+0
858 0.000000E+0 65.500000E+3 65.458000E+3 0.000000E+0
859 56.000000E+0 65.507000E+3 65.388000E+3 21.000000E+0
860 35.000000E+0 0.000000E+0 65.437000E+3 7.000000E+0
861 91.000000E+0 56.000000E+0 65.318000E+3 42.000000E+0
862 49.000000E+0 49.000000E+0 65.388000E+3 14.000000E+0
863 119.000000E+0 119.000000E+0 65.261000E+3 70.000000E+0
864 70.000000E+0 70.000000E+0 65.346000E+3 21.000000E+0
865 133.000000E+0 105.000000E+0 65.261000E+3 56.000000E+0
866 77.000000E+0 63.000000E+0 65.346000E+3 21.000000E+0
867 126.000000E+0 77.000000E+0 65.346000E+3 65.521000E+3
868 77.000000E+0 49.000000E+0 65.409000E+3 65.514000E+3
869 112.000000E+0 63.000000E+0 65.493000E+3 65.416000E+3
870 70.000000E+0 49.000000E+0 65.514000E+3 65.465000E+3
871 84.000000E+0 49.000000E+0 105.000000E+0 65.332000E+3
872 49.000000E+0 42.000000E+0 91.000000E+0 65.423000E+3
873 56.000000E+0 42.000000E+0 253.000000E+0 65.282000E+3
874 35.000000E+0 35.000000E+0 196.000000E+0 65.402000E+3
875 49.000000E+0 35.000000E+0 351.000000E+0 65.289000E+3
876 28.000000E+0 35.000000E+0 267.000000E+0 65.395000E+3
877 35.000000E+0 42.000000E+0 414.000000E+0 65.303000E+3
878 14.000000E+0 42.000000E+0 309.000000E+0 65.409000E+3
879 21.000000E+0 28.000000E+0 450.000000E+0 65.353000E+3
880 14.000000E+0 35.000000E+0 330.000000E+0 65.430000E+3
881 28.000000E+0 35.000000E+0 457.000000E+0 65.409000E+3
882 14.000000E+0 35.000000E+0 337.000000E+0 65.458000E+3
883 21.000000E+0 35.000000E+0 421.000000E+0 65.472000E+3
884 7.000000E+0 35.000000E+0 316.000000E+0 65.479000E+3
885 21.000000E+0 28.000000E+0 379.000000E+0 14.000000E+0
886 7.000000E+0 28.000000E+0 288.000000E+0 0.000000E+0
887 21.000000E+0 28.000000E+0 323.000000E+0 105.000000E+0
888 7.000000E+0 35.000000E+0 239.000000E+0 42.000000E+0
889 21.000000E+0 35.000000E+0 260.000000E+0 161.000000E+0
890 7.000000E+0 28.000000E+0 203.000000E+0 70.000000E+0
891 28.000000E+0 21.000000E+0 182.000000E+0 203.000000E+0
892 14.000000E+0 21.000000E+0 154.000000E+0 91.000000E+0
893 42.000000E+0 14.000000E+0 119.000000E+0 217.000000E+0
894 21.000000E+0 21.000000E+0 105.000000E+0 98.000000E+0
895 63.000000E+0 14.000000E+0 63.000000E+0 189.000000E+0
896 35.000000E+0 14.000000E+0 63.000000E+0 84.000000E+0
897 98.000000E+0 0.000000E+0 7.000000E+0 133.000000E+0
898 63.000000E+0 7.000000E+0 14.000000E+0 56.000000E+0
899 154.000000E+0 65.521000E+3 65.486000E+3 56.000000E+0
900 98.000000E+0 7.000000E+0 65.507000E+3 21.000000E+0
901 203.000000E+0 65.507000E+3 65.444000E+3 65.486000E+3
902 133.000000E+0 65.528000E+3 65.479000E+3 65.493000E+3
903 267.000000E+0 65.472000E+3 65.402000E+3 65.423000E+3
904 175.000000E+0 65.514000E+3 65.444000E+3 65.458000E+3
905 253.000000E+0 65.500000E+3 65.388000E+3 65.430000E+3
906 168.000000E+0 65.528000E+3 65.444000E+3 65.465000E+3
907 161.000000E+0 28.000000E+0 65.388000E+3 65.458000E+3
908 98.000000E+0 28.000000E+0 65.437000E+3 65.479000E+3
909 14.000000E+0 133.000000E+0 65.402000E+3 65.479000E+3
910 0.000000E+0 77.000000E+0 65.451000E+3 65.493000E+3
911 65.402000E+3 196.000000E+0 65.437000E+3 65.493000E+3
912 65.430000E+3 105.000000E+0 65.472000E+3 65.500000E+3
913 65.282000E+3 239.000000E+0 65.458000E+3 65.500000E+3
914 65.353000E+3 126.000000E+0 65.493000E+3 65.507000E+3
915 65.191000E+3 246.000000E+0 65.479000E+3 65.500000E+3
916 65.282000E+3 126.000000E+0 65.500000E+3 65.507000E+3
917 65.128000E+3 225.000000E+0 65.493000E+3 65.507000E+3
918 65.247000E+3 119.000000E+0 65.507000E+3 65.507000E+3
919 65.114000E+3 182.000000E+0 65.500000E+3 65.500000E+3
920 65.233000E+3 112.000000E+0 65.507000E+3 65.528000E+3
921 65.107000E+3 126.000000E+0 65.479000E+3 65.500000E+3
922 65.219000E+3 77.000000E+0 65.486000E+3 65.500000E+3
923 65.121000E+3 49.000000E+0 65.479000E+3 65.507000E+3
924 65.233000E+3 42.000000E+0 65.514000E+3 65.507000E+3
925 65.170000E+3 65.500000E+3 65.514000E+3 65.514000E+3
926 65.282000E+3 65.528000E+3 65.521000E+3 65.514000E+3
927 65.247000E+3 65.416000E+3 65.514000E+3 65.514000E+3
928 65.325000E+3 65.493000E+3 65.528000E+3 65.514000E+3
929 65.311000E+3 65.360000E+3 65.521000E+3 65.514000E+3
930 65.367000E+3 65.465000E+3 65.528000E+3 65.514000E+3
931 65.381000E+3 65.332000E+3 65.500000E+3 65.521000E+3
932 65.409000E+3 65.451000E+3 65.514000E+3 65.521000E+3
933 65.444000E+3 65.311000E+3 65.472000E+3 65.521000E+3
934 65.458000E+3 65.451000E+3 65.493000E+3 65.521000E+3
935 65.507000E+3 65.353000E+3 65.451000E+3 65.528000E+3
936 65.500000E+3 65.465000E+3 65.479000E+3 65.521000E+3
937 21.000000E+0 65.423000E+3 65.402000E+3 7.000000E+0
938 7.000000E+0 65.493000E+3 65.444000E+3 0.000000E+0
939 63.000000E+0 65.500000E+3 65.367000E+3 28.000000E+0
940 35.000000E+0 65.528000E+3 65.416000E+3 7.000000E+0
941 91.000000E+0 77.000000E+0 65.289000E+3 56.000000E+0
942 56.000000E+0 56.000000E+0 65.367000E+3 14.000000E+0
943 119.000000E+0 140.000000E+0 65.233000E+3 84.000000E+0
944 70.000000E+0 84.000000E+0 65.325000E+3 35.000000E+0
945 147.000000E+0 112.000000E+0 65.212000E+3 77.000000E+0
946 91.000000E+0 70.000000E+0 65.303000E+3 28.000000E+0
947 133.000000E+0 77.000000E+0 65.311000E+3 65.528000E+3
948 84.000000E+0 49.000000E+0 65.381000E+3 65.528000E+3
949 119.000000E+0 63.000000E+0 65.472000E+3 65.423000E+3
950 70.000000E+0 49.000000E+0 65.507000E+3 65.458000E+3
951 98.000000E+0 49.000000E+0 105.000000E+0 65.332000E+3
952 56.000000E+0 42.000000E+0 91.000000E+0 65.423000E+3
953 70.000000E+0 42.000000E+0 253.000000E+0 65.282000E+3
954 35.000000E+0 42.000000E+0 196.000000E+0 65.395000E+3
955 49.000000E+0 35.000000E+0 358.000000E+0 65.268000E+3
956 28.000000E+0 35.000000E+0 274.000000E+0 65.395000E+3
957 35.000000E+0 42.000000E+0 428.000000E+0 65.289000E+3
958 21.000000E+0 42.000000E+0 323.000000E+0 65.402000E+3
959 35.000000E+0 42.000000E+0 464.000000E+0 65.339000E+3
960 14.000000E+0 28.000000E+0 337.000000E+0 65.416000E+3
961 28.000000E+0 35.000000E+0 478.000000E+0 65.395000E+3
962 14.000000E+0 35.000000E+0 358.000000E+0 65.451000E+3
963 28.000000E+0 35.000000E+0 450.000000E+0 65.465000E+3
964 14.000000E+0 35.000000E+0 323.000000E+0 65.479000E+3
965 21.000000E+0 28.000000E+0 400.000000E+0 7.000000E+0
966 7.000000E+0 35.000000E+0 295.000000E+0 0.000000E+0
967 21.000000E+0 35.000000E+0 344.000000E+0 98.000000E+0
968 7.000000E+0 35.000000E+0 260.000000E+0 42.000000E+0
969 21.000000E+0 35.000000E+0 274.000000E+0 161.000000E+0
970 7.000000E+0 28.000000E+0 203.000000E+0 70.000000E+0
971 28.000000E+0 28.000000E+0 196.000000E+0 203.000000E+0
972 14.000000E+0 28.000000E+0 161.000000E+0 91.000000E+0
973 42.000000E+0 21.000000E+0 133.000000E+0 232.000000E+0
974 28.000000E+0 14.000000E+0 112.000000E+0 98.000000E+0
975 63.000000E+0 14.000000E+0 70.000000E+0 189.000000E+0
976 42.000000E+0 14.000000E+0 70.000000E+0 84.000000E+0
977 98.000000E+0 0.000000E+0 14.000000E+0 140.000000E+0
978 63.000000E+0 7.000000E+0 14.000000E+0 63.000000E+0
979 154.000000E+0 65.521000E+3 65.493000E+3 49.000000E+0
980 98.000000E+0 7.000000E+0 65.507000E+3 21.000000E+0
981 203.000000E+0 65.507000E+3 65.444000E+3 65.486000E+3
982 133.000000E+0 65.528000E+3 65.479000E+3 65.493000E+3
983 267.000000E+0 65.465000E+3 65.402000E+3 65.416000E+3
984 182.000000E+0 65.514000E+3 65.451000E+3 65.458000E+3
985 253.000000E+0 65.493000E+3 65.388000E+3 65.430000E+3
986 168.000000E+0 65.528000E+3 65.444000E+3 65.472000E+3
987 161.000000E+0 35.000000E+0 65.388000E+3 65.451000E+3
988 105.000000E+0 28.000000E+0 65.444000E+3 65.486000E+3
989 14.000000E+0 133.000000E+0 65.402000E+3 65.479000E+3
990 0.000000E+0 77.000000E+0 65.451000E+3 65.493000E+3
991 65.402000E+3 203.000000E+0 65.437000E+3 65.493000E+3
992 65.430000E+3 105.000000E+0 65.472000E+3 65.500000E+3
993 65.282000E+3 239.000000E+0 65.465000E+3 65.500000E+3
994 65.346000E+3 126.000000E+0 65.493000E+3 65.507000E+3
995 65.191000E+3 246.000000E+0 65.479000E+3 65.500000E+3
996 65.275000E+3 126.000000E+0 65.500000E+3 65.500000E+3
997 65.135000E+3 217.000000E+0 65.493000E+3 65.507000E+3
998 65.247000E+3 119.000000E+0 65.507000E+3 65.507000E+3
999 65.114000E+3 182.000000E+0 65.500000E+3 65.507000E+3
1000 65.233000E+3 112.000000E+0 65.507000E+3 65.528000E+3
