jeudi 12 décembre 2024	17:05:14	Sampling Period : 50  ms		Experiment

t	Alpha1L		Alpha2L		Alpha1R		Alpha2R		T_Alpha1L	T_Alpha2L	T_Alpha1R	T_Alpha2R
0	1,022000E+3	1,022000E+3	0,000000E+0	0,000000E+0
1	1,022000E+3	1,023000E+3	0,000000E+0	0,000000E+0
2	1,022000E+3	1,023000E+3	0,000000E+0	0,000000E+0
3	1,021000E+3	1,023000E+3	0,000000E+0	0,000000E+0
4	1,022000E+3	1,026000E+3	0,000000E+0	0,000000E+0
5	1,022000E+3	1,028000E+3	0,000000E+0	0,000000E+0
6	1,022000E+3	1,031000E+3	0,000000E+0	0,000000E+0
7	1,022000E+3	1,034000E+3	0,000000E+0	0,000000E+0
8	1,021000E+3	1,037000E+3	0,000000E+0	0,000000E+0
9	1,020000E+3	1,040000E+3	0,000000E+0	0,000000E+0
10	1,019000E+3	1,044000E+3	0,000000E+0	0,000000E+0
11	1,017000E+3	1,046000E+3	0,000000E+0	0,000000E+0
12	1,015000E+3	1,050000E+3	0,000000E+0	0,000000E+0
13	1,014000E+3	1,052000E+3	0,000000E+0	0,000000E+0
14	1,013000E+3	1,056000E+3	0,000000E+0	0,000000E+0
15	1,010000E+3	1,058000E+3	0,000000E+0	0,000000E+0
16	1,009000E+3	1,061000E+3	0,000000E+0	0,000000E+0
17	1,007000E+3	1,063000E+3	0,000000E+0	0,000000E+0
18	1,006000E+3	1,066000E+3	0,000000E+0	0,000000E+0
19	1,004000E+3	1,068000E+3	0,000000E+0	0,000000E+0
20	1,003000E+3	1,071000E+3	0,000000E+0	0,000000E+0
21	1,001000E+3	1,074000E+3	0,000000E+0	0,000000E+0
22	1,000000E+3	1,077000E+3	0,000000E+0	0,000000E+0
23	999,000000E+0	1,080000E+3	0,000000E+0	0,000000E+0
24	998,000000E+0	1,084000E+3	0,000000E+0	0,000000E+0
25	997,000000E+0	1,087000E+3	0,000000E+0	0,000000E+0
26	995,000000E+0	1,090000E+3	0,000000E+0	0,000000E+0
27	994,000000E+0	1,092000E+3	0,000000E+0	0,000000E+0
28	992,000000E+0	1,095000E+3	0,000000E+0	0,000000E+0
29	992,000000E+0	1,098000E+3	0,000000E+0	0,000000E+0
30	990,000000E+0	1,101000E+3	0,000000E+0	0,000000E+0
31	990,000000E+0	1,104000E+3	0,000000E+0	0,000000E+0
32	988,000000E+0	1,107000E+3	0,000000E+0	0,000000E+0
33	987,000000E+0	1,109000E+3	0,000000E+0	0,000000E+0
34	985,000000E+0	1,112000E+3	0,000000E+0	0,000000E+0
35	984,000000E+0	1,115000E+3	0,000000E+0	0,000000E+0
36	982,000000E+0	1,119000E+3	0,000000E+0	0,000000E+0
37	982,000000E+0	1,120000E+3	0,000000E+0	0,000000E+0
38	980,000000E+0	1,123000E+3	0,000000E+0	0,000000E+0
39	979,000000E+0	1,126000E+3	0,000000E+0	0,000000E+0
40	978,000000E+0	1,128000E+3	0,000000E+0	0,000000E+0
41	977,000000E+0	1,130000E+3	0,000000E+0	0,000000E+0
42	975,000000E+0	1,134000E+3	0,000000E+0	0,000000E+0
43	974,000000E+0	1,136000E+3	0,000000E+0	0,000000E+0
44	973,000000E+0	1,139000E+3	0,000000E+0	0,000000E+0
45	971,000000E+0	1,141000E+3	0,000000E+0	0,000000E+0
46	970,000000E+0	1,143000E+3	0,000000E+0	0,000000E+0
47	969,000000E+0	1,146000E+3	0,000000E+0	0,000000E+0
48	968,000000E+0	1,149000E+3	0,000000E+0	0,000000E+0
49	966,000000E+0	1,151000E+3	0,000000E+0	0,000000E+0
50	966,000000E+0	1,154000E+3	0,000000E+0	0,000000E+0
51	964,000000E+0	1,156000E+3	0,000000E+0	0,000000E+0
52	963,000000E+0	1,159000E+3	0,000000E+0	0,000000E+0
53	962,000000E+0	1,162000E+3	0,000000E+0	0,000000E+0
54	961,000000E+0	1,165000E+3	0,000000E+0	0,000000E+0
55	960,000000E+0	1,168000E+3	0,000000E+0	0,000000E+0
56	958,000000E+0	1,170000E+3	0,000000E+0	0,000000E+0
57	957,000000E+0	1,173000E+3	0,000000E+0	0,000000E+0
58	956,000000E+0	1,177000E+3	0,000000E+0	0,000000E+0
59	955,000000E+0	1,179000E+3	0,000000E+0	0,000000E+0
60	953,000000E+0	1,182000E+3	0,000000E+0	0,000000E+0
61	953,000000E+0	1,184000E+3	0,000000E+0	0,000000E+0
62	952,000000E+0	1,186000E+3	0,000000E+0	0,000000E+0
63	950,000000E+0	1,189000E+3	0,000000E+0	0,000000E+0
64	949,000000E+0	1,191000E+3	0,000000E+0	0,000000E+0
65	949,000000E+0	1,194000E+3	0,000000E+0	0,000000E+0
66	948,000000E+0	1,196000E+3	0,000000E+0	0,000000E+0
67	946,000000E+0	1,198000E+3	0,000000E+0	0,000000E+0
68	945,000000E+0	1,201000E+3	0,000000E+0	0,000000E+0
69	944,000000E+0	1,204000E+3	0,000000E+0	0,000000E+0
70	943,000000E+0	1,206000E+3	0,000000E+0	0,000000E+0
71	942,000000E+0	1,208000E+3	0,000000E+0	0,000000E+0
72	940,000000E+0	1,211000E+3	0,000000E+0	0,000000E+0
73	939,000000E+0	1,213000E+3	0,000000E+0	0,000000E+0
74	938,000000E+0	1,216000E+3	0,000000E+0	0,000000E+0
75	938,000000E+0	1,218000E+3	0,000000E+0	0,000000E+0
76	936,000000E+0	1,221000E+3	0,000000E+0	0,000000E+0
77	936,000000E+0	1,222000E+3	0,000000E+0	0,000000E+0
78	934,000000E+0	1,225000E+3	0,000000E+0	0,000000E+0
79	933,000000E+0	1,226000E+3	0,000000E+0	0,000000E+0
80	932,000000E+0	1,229000E+3	0,000000E+0	0,000000E+0
81	930,000000E+0	1,231000E+3	0,000000E+0	0,000000E+0
82	929,000000E+0	1,234000E+3	0,000000E+0	0,000000E+0
83	929,000000E+0	1,236000E+3	0,000000E+0	0,000000E+0
84	927,000000E+0	1,239000E+3	0,000000E+0	0,000000E+0
85	927,000000E+0	1,241000E+3	0,000000E+0	0,000000E+0
86	925,000000E+0	1,243000E+3	0,000000E+0	0,000000E+0
87	925,000000E+0	1,245000E+3	0,000000E+0	0,000000E+0
88	923,000000E+0	1,247000E+3	0,000000E+0	0,000000E+0
89	923,000000E+0	1,250000E+3	0,000000E+0	0,000000E+0
90	922,000000E+0	1,252000E+3	0,000000E+0	0,000000E+0
91	921,000000E+0	1,254000E+3	0,000000E+0	0,000000E+0
92	919,000000E+0	1,257000E+3	0,000000E+0	0,000000E+0
93	918,000000E+0	1,259000E+3	0,000000E+0	0,000000E+0
94	917,000000E+0	1,261000E+3	0,000000E+0	0,000000E+0
95	916,000000E+0	1,264000E+3	0,000000E+0	0,000000E+0
96	915,000000E+0	1,266000E+3	0,000000E+0	0,000000E+0
97	914,000000E+0	1,268000E+3	0,000000E+0	0,000000E+0
98	913,000000E+0	1,270000E+3	0,000000E+0	0,000000E+0
99	912,000000E+0	1,273000E+3	0,000000E+0	0,000000E+0
100	911,000000E+0	1,275000E+3	0,000000E+0	0,000000E+0
101	910,000000E+0	1,277000E+3	0,000000E+0	0,000000E+0
102	908,000000E+0	1,279000E+3	0,000000E+0	0,000000E+0
103	908,000000E+0	1,281000E+3	0,000000E+0	0,000000E+0
104	907,000000E+0	1,283000E+3	0,000000E+0	0,000000E+0
105	906,000000E+0	1,285000E+3	0,000000E+0	0,000000E+0
106	905,000000E+0	1,288000E+3	0,000000E+0	0,000000E+0
107	904,000000E+0	1,290000E+3	0,000000E+0	0,000000E+0
108	903,000000E+0	1,292000E+3	0,000000E+0	0,000000E+0
109	903,000000E+0	1,294000E+3	0,000000E+0	0,000000E+0
110	902,000000E+0	1,296000E+3	0,000000E+0	0,000000E+0
111	901,000000E+0	1,298000E+3	0,000000E+0	0,000000E+0
112	900,000000E+0	1,300000E+3	0,000000E+0	0,000000E+0
113	899,000000E+0	1,302000E+3	0,000000E+0	0,000000E+0
114	898,000000E+0	1,304000E+3	0,000000E+0	0,000000E+0
115	897,000000E+0	1,306000E+3	0,000000E+0	0,000000E+0
116	896,000000E+0	1,308000E+3	0,000000E+0	0,000000E+0
117	895,000000E+0	1,310000E+3	0,000000E+0	0,000000E+0
118	894,000000E+0	1,312000E+3	0,000000E+0	0,000000E+0
119	893,000000E+0	1,313000E+3	0,000000E+0	0,000000E+0
120	892,000000E+0	1,315000E+3	0,000000E+0	0,000000E+0
121	892,000000E+0	1,317000E+3	0,000000E+0	0,000000E+0
122	891,000000E+0	1,319000E+3	0,000000E+0	0,000000E+0
123	890,000000E+0	1,321000E+3	0,000000E+0	0,000000E+0
124	889,000000E+0	1,323000E+3	0,000000E+0	0,000000E+0
125	888,000000E+0	1,325000E+3	0,000000E+0	0,000000E+0
126	887,000000E+0	1,327000E+3	0,000000E+0	0,000000E+0
127	886,000000E+0	1,329000E+3	0,000000E+0	0,000000E+0
128	886,000000E+0	1,331000E+3	0,000000E+0	0,000000E+0
129	885,000000E+0	1,332000E+3	0,000000E+0	0,000000E+0
130	884,000000E+0	1,334000E+3	0,000000E+0	0,000000E+0
131	883,000000E+0	1,336000E+3	0,000000E+0	0,000000E+0
132	882,000000E+0	1,338000E+3	0,000000E+0	0,000000E+0
133	881,000000E+0	1,340000E+3	0,000000E+0	0,000000E+0
134	881,000000E+0	1,342000E+3	0,000000E+0	0,000000E+0
135	880,000000E+0	1,343000E+3	0,000000E+0	0,000000E+0
136	879,000000E+0	1,345000E+3	0,000000E+0	0,000000E+0
137	878,000000E+0	1,347000E+3	0,000000E+0	0,000000E+0
138	877,000000E+0	1,349000E+3	0,000000E+0	0,000000E+0
139	877,000000E+0	1,351000E+3	0,000000E+0	0,000000E+0
140	875,000000E+0	1,353000E+3	0,000000E+0	0,000000E+0
141	875,000000E+0	1,355000E+3	0,000000E+0	0,000000E+0
142	873,000000E+0	1,357000E+3	0,000000E+0	0,000000E+0
143	873,000000E+0	1,358000E+3	0,000000E+0	0,000000E+0
144	872,000000E+0	1,360000E+3	0,000000E+0	0,000000E+0
145	872,000000E+0	1,361000E+3	0,000000E+0	0,000000E+0
146	871,000000E+0	1,363000E+3	0,000000E+0	0,000000E+0
147	870,000000E+0	1,365000E+3	0,000000E+0	0,000000E+0
148	869,000000E+0	1,366000E+3	0,000000E+0	0,000000E+0
149	868,000000E+0	1,368000E+3	0,000000E+0	0,000000E+0
150	868,000000E+0	1,369000E+3	0,000000E+0	0,000000E+0
151	866,000000E+0	1,371000E+3	0,000000E+0	0,000000E+0
152	866,000000E+0	1,372000E+3	0,000000E+0	0,000000E+0
153	865,000000E+0	1,374000E+3	0,000000E+0	0,000000E+0
154	864,000000E+0	1,376000E+3	0,000000E+0	0,000000E+0
155	864,000000E+0	1,377000E+3	0,000000E+0	0,000000E+0
156	864,000000E+0	1,380000E+3	0,000000E+0	0,000000E+0
157	863,000000E+0	1,380000E+3	0,000000E+0	0,000000E+0
158	862,000000E+0	1,382000E+3	0,000000E+0	0,000000E+0
159	861,000000E+0	1,383000E+3	0,000000E+0	0,000000E+0
160	861,000000E+0	1,385000E+3	0,000000E+0	0,000000E+0
161	860,000000E+0	1,387000E+3	0,000000E+0	0,000000E+0
162	859,000000E+0	1,388000E+3	0,000000E+0	0,000000E+0
163	859,000000E+0	1,389000E+3	0,000000E+0	0,000000E+0
164	859,000000E+0	1,391000E+3	0,000000E+0	0,000000E+0
165	858,000000E+0	1,392000E+3	0,000000E+0	0,000000E+0
166	857,000000E+0	1,394000E+3	0,000000E+0	0,000000E+0
167	856,000000E+0	1,395000E+3	0,000000E+0	0,000000E+0
168	856,000000E+0	1,395000E+3	0,000000E+0	0,000000E+0
169	855,000000E+0	1,397000E+3	0,000000E+0	0,000000E+0
170	854,000000E+0	1,399000E+3	0,000000E+0	0,000000E+0
171	854,000000E+0	1,400000E+3	0,000000E+0	0,000000E+0
172	853,000000E+0	1,402000E+3	0,000000E+0	0,000000E+0
173	853,000000E+0	1,402000E+3	0,000000E+0	0,000000E+0
174	852,000000E+0	1,404000E+3	0,000000E+0	0,000000E+0
175	851,000000E+0	1,406000E+3	0,000000E+0	0,000000E+0
176	851,000000E+0	1,407000E+3	0,000000E+0	0,000000E+0
177	850,000000E+0	1,408000E+3	0,000000E+0	0,000000E+0
178	849,000000E+0	1,410000E+3	0,000000E+0	0,000000E+0
179	849,000000E+0	1,410000E+3	0,000000E+0	0,000000E+0
180	849,000000E+0	1,412000E+3	0,000000E+0	0,000000E+0
181	848,000000E+0	1,413000E+3	0,000000E+0	0,000000E+0
182	847,000000E+0	1,414000E+3	0,000000E+0	0,000000E+0
183	847,000000E+0	1,415000E+3	0,000000E+0	0,000000E+0
184	847,000000E+0	1,416000E+3	0,000000E+0	0,000000E+0
185	846,000000E+0	1,417000E+3	0,000000E+0	0,000000E+0
186	846,000000E+0	1,418000E+3	0,000000E+0	0,000000E+0
187	845,000000E+0	1,420000E+3	0,000000E+0	0,000000E+0
188	845,000000E+0	1,421000E+3	0,000000E+0	0,000000E+0
189	845,000000E+0	1,422000E+3	0,000000E+0	0,000000E+0
190	844,000000E+0	1,423000E+3	0,000000E+0	0,000000E+0
191	844,000000E+0	1,424000E+3	0,000000E+0	0,000000E+0
192	843,000000E+0	1,425000E+3	0,000000E+0	0,000000E+0
193	842,000000E+0	1,426000E+3	0,000000E+0	0,000000E+0
194	842,000000E+0	1,427000E+3	0,000000E+0	0,000000E+0
195	842,000000E+0	1,428000E+3	0,000000E+0	0,000000E+0
196	840,000000E+0	1,429000E+3	0,000000E+0	0,000000E+0
197	840,000000E+0	1,430000E+3	0,000000E+0	0,000000E+0
198	840,000000E+0	1,431000E+3	0,000000E+0	0,000000E+0
199	840,000000E+0	1,432000E+3	0,000000E+0	0,000000E+0
200	839,000000E+0	1,433000E+3	0,000000E+0	0,000000E+0
201	839,000000E+0	1,435000E+3	0,000000E+0	0,000000E+0
202	838,000000E+0	1,436000E+3	0,000000E+0	0,000000E+0
203	838,000000E+0	1,437000E+3	0,000000E+0	0,000000E+0
204	837,000000E+0	1,437000E+3	0,000000E+0	0,000000E+0
205	837,000000E+0	1,438000E+3	0,000000E+0	0,000000E+0
206	837,000000E+0	1,439000E+3	0,000000E+0	0,000000E+0
207	836,000000E+0	1,440000E+3	0,000000E+0	0,000000E+0
208	836,000000E+0	1,441000E+3	0,000000E+0	0,000000E+0
209	836,000000E+0	1,441000E+3	0,000000E+0	0,000000E+0
210	835,000000E+0	1,443000E+3	0,000000E+0	0,000000E+0
211	835,000000E+0	1,443000E+3	0,000000E+0	0,000000E+0
212	835,000000E+0	1,444000E+3	0,000000E+0	0,000000E+0
213	835,000000E+0	1,445000E+3	0,000000E+0	0,000000E+0
214	834,000000E+0	1,445000E+3	0,000000E+0	0,000000E+0
215	834,000000E+0	1,446000E+3	0,000000E+0	0,000000E+0
216	834,000000E+0	1,447000E+3	0,000000E+0	0,000000E+0
217	833,000000E+0	1,447000E+3	0,000000E+0	0,000000E+0
218	833,000000E+0	1,448000E+3	0,000000E+0	0,000000E+0
219	833,000000E+0	1,449000E+3	0,000000E+0	0,000000E+0
220	832,000000E+0	1,449000E+3	0,000000E+0	0,000000E+0
221	832,000000E+0	1,450000E+3	0,000000E+0	0,000000E+0
222	832,000000E+0	1,450000E+3	0,000000E+0	0,000000E+0
223	831,000000E+0	1,450000E+3	0,000000E+0	0,000000E+0
224	831,000000E+0	1,451000E+3	0,000000E+0	0,000000E+0
225	831,000000E+0	1,451000E+3	0,000000E+0	0,000000E+0
226	831,000000E+0	1,452000E+3	0,000000E+0	0,000000E+0
227	830,000000E+0	1,453000E+3	0,000000E+0	0,000000E+0
228	830,000000E+0	1,453000E+3	0,000000E+0	0,000000E+0
229	830,000000E+0	1,454000E+3	0,000000E+0	0,000000E+0
230	830,000000E+0	1,454000E+3	0,000000E+0	0,000000E+0
231	830,000000E+0	1,454000E+3	0,000000E+0	0,000000E+0
232	829,000000E+0	1,455000E+3	0,000000E+0	0,000000E+0
233	829,000000E+0	1,455000E+3	0,000000E+0	0,000000E+0
234	829,000000E+0	1,456000E+3	0,000000E+0	0,000000E+0
235	829,000000E+0	1,456000E+3	0,000000E+0	0,000000E+0
236	828,000000E+0	1,456000E+3	0,000000E+0	0,000000E+0
237	828,000000E+0	1,456000E+3	0,000000E+0	0,000000E+0
238	828,000000E+0	1,457000E+3	0,000000E+0	0,000000E+0
239	828,000000E+0	1,457000E+3	0,000000E+0	0,000000E+0
240	828,000000E+0	1,458000E+3	0,000000E+0	0,000000E+0
241	828,000000E+0	1,459000E+3	0,000000E+0	0,000000E+0
242	827,000000E+0	1,459000E+3	0,000000E+0	0,000000E+0
243	828,000000E+0	1,459000E+3	0,000000E+0	0,000000E+0
244	827,000000E+0	1,459000E+3	0,000000E+0	0,000000E+0
245	827,000000E+0	1,459000E+3	0,000000E+0	0,000000E+0
246	827,000000E+0	1,459000E+3	0,000000E+0	0,000000E+0
247	827,000000E+0	1,459000E+3	0,000000E+0	0,000000E+0
248	827,000000E+0	1,459000E+3	0,000000E+0	0,000000E+0
249	827,000000E+0	1,459000E+3	0,000000E+0	0,000000E+0
250	827,000000E+0	1,459000E+3	0,000000E+0	0,000000E+0
251	827,000000E+0	1,459000E+3	0,000000E+0	0,000000E+0
252	827,000000E+0	1,459000E+3	0,000000E+0	0,000000E+0
253	827,000000E+0	1,459000E+3	0,000000E+0	0,000000E+0
254	827,000000E+0	1,459000E+3	0,000000E+0	0,000000E+0
255	827,000000E+0	1,459000E+3	0,000000E+0	0,000000E+0
256	827,000000E+0	1,460000E+3	0,000000E+0	0,000000E+0
257	827,000000E+0	1,460000E+3	0,000000E+0	0,000000E+0
258	827,000000E+0	1,460000E+3	0,000000E+0	0,000000E+0
259	826,000000E+0	1,460000E+3	0,000000E+0	0,000000E+0
260	827,000000E+0	1,460000E+3	0,000000E+0	0,000000E+0
261	826,000000E+0	1,460000E+3	0,000000E+0	0,000000E+0
262	827,000000E+0	1,460000E+3	0,000000E+0	0,000000E+0
263	827,000000E+0	1,459000E+3	0,000000E+0	0,000000E+0
264	827,000000E+0	1,460000E+3	0,000000E+0	0,000000E+0
265	826,000000E+0	1,460000E+3	0,000000E+0	0,000000E+0
266	826,000000E+0	1,460000E+3	0,000000E+0	0,000000E+0
267	827,000000E+0	1,460000E+3	0,000000E+0	0,000000E+0
268	827,000000E+0	1,459000E+3	0,000000E+0	0,000000E+0
269	827,000000E+0	1,460000E+3	0,000000E+0	0,000000E+0
270	826,000000E+0	1,460000E+3	0,000000E+0	0,000000E+0
271	826,000000E+0	1,460000E+3	0,000000E+0	0,000000E+0
272	826,000000E+0	1,459000E+3	0,000000E+0	0,000000E+0
273	827,000000E+0	1,460000E+3	0,000000E+0	0,000000E+0
274	826,000000E+0	1,460000E+3	0,000000E+0	0,000000E+0
275	826,000000E+0	1,460000E+3	0,000000E+0	0,000000E+0
276	827,000000E+0	1,460000E+3	0,000000E+0	0,000000E+0
277	827,000000E+0	1,460000E+3	0,000000E+0	0,000000E+0
278	827,000000E+0	1,460000E+3	0,000000E+0	0,000000E+0
279	826,000000E+0	1,460000E+3	0,000000E+0	0,000000E+0
280	826,000000E+0	1,460000E+3	0,000000E+0	0,000000E+0
281	827,000000E+0	1,460000E+3	0,000000E+0	0,000000E+0
282	826,000000E+0	1,460000E+3	0,000000E+0	0,000000E+0
283	826,000000E+0	1,460000E+3	0,000000E+0	0,000000E+0
284	827,000000E+0	1,460000E+3	0,000000E+0	0,000000E+0
285	826,000000E+0	1,460000E+3	0,000000E+0	0,000000E+0
286	826,000000E+0	1,460000E+3	0,000000E+0	0,000000E+0
287	827,000000E+0	1,460000E+3	0,000000E+0	0,000000E+0
288	826,000000E+0	1,460000E+3	0,000000E+0	0,000000E+0
289	826,000000E+0	1,460000E+3	0,000000E+0	0,000000E+0
290	826,000000E+0	1,460000E+3	0,000000E+0	0,000000E+0
291	826,000000E+0	1,460000E+3	0,000000E+0	0,000000E+0
292	826,000000E+0	1,460000E+3	0,000000E+0	0,000000E+0
293	826,000000E+0	1,460000E+3	0,000000E+0	0,000000E+0
294	826,000000E+0	1,460000E+3	0,000000E+0	0,000000E+0
295	826,000000E+0	1,460000E+3	0,000000E+0	0,000000E+0
296	826,000000E+0	1,460000E+3	0,000000E+0	0,000000E+0
297	826,000000E+0	1,460000E+3	0,000000E+0	0,000000E+0
298	826,000000E+0	1,459000E+3	0,000000E+0	0,000000E+0
299	827,000000E+0	1,460000E+3	0,000000E+0	0,000000E+0
300	826,000000E+0	1,460000E+3	0,000000E+0	0,000000E+0
301	826,000000E+0	1,460000E+3	0,000000E+0	0,000000E+0
302	826,000000E+0	1,459000E+3	0,000000E+0	0,000000E+0
303	826,000000E+0	1,460000E+3	0,000000E+0	0,000000E+0
304	826,000000E+0	1,460000E+3	0,000000E+0	0,000000E+0
305	826,000000E+0	1,460000E+3	0,000000E+0	0,000000E+0
306	826,000000E+0	1,460000E+3	0,000000E+0	0,000000E+0
307	826,000000E+0	1,460000E+3	0,000000E+0	0,000000E+0
308	826,000000E+0	1,460000E+3	0,000000E+0	0,000000E+0
309	826,000000E+0	1,460000E+3	0,000000E+0	0,000000E+0
310	826,000000E+0	1,460000E+3	0,000000E+0	0,000000E+0
311	827,000000E+0	1,460000E+3	0,000000E+0	0,000000E+0
312	826,000000E+0	1,460000E+3	0,000000E+0	0,000000E+0
313	826,000000E+0	1,460000E+3	0,000000E+0	0,000000E+0
314	826,000000E+0	1,460000E+3	0,000000E+0	0,000000E+0
315	826,000000E+0	1,460000E+3	0,000000E+0	0,000000E+0
316	826,000000E+0	1,459000E+3	0,000000E+0	0,000000E+0
317	827,000000E+0	1,459000E+3	0,000000E+0	0,000000E+0
318	826,000000E+0	1,460000E+3	0,000000E+0	0,000000E+0
319	826,000000E+0	1,460000E+3	0,000000E+0	0,000000E+0
320	826,000000E+0	1,460000E+3	0,000000E+0	0,000000E+0
321	826,000000E+0	1,460000E+3	0,000000E+0	0,000000E+0
322	826,000000E+0	1,460000E+3	0,000000E+0	0,000000E+0
323	826,000000E+0	1,460000E+3	0,000000E+0	0,000000E+0
324	827,000000E+0	1,460000E+3	0,000000E+0	0,000000E+0
325	827,000000E+0	1,460000E+3	0,000000E+0	0,000000E+0
326	827,000000E+0	1,460000E+3	0,000000E+0	0,000000E+0
327	826,000000E+0	1,460000E+3	0,000000E+0	0,000000E+0
328	826,000000E+0	1,460000E+3	0,000000E+0	0,000000E+0
329	826,000000E+0	1,460000E+3	0,000000E+0	0,000000E+0
330	826,000000E+0	1,460000E+3	0,000000E+0	0,000000E+0
331	826,000000E+0	1,460000E+3	0,000000E+0	0,000000E+0
332	826,000000E+0	1,460000E+3	0,000000E+0	0,000000E+0
333	826,000000E+0	1,460000E+3	0,000000E+0	0,000000E+0
334	826,000000E+0	1,460000E+3	0,000000E+0	0,000000E+0
335	826,000000E+0	1,460000E+3	0,000000E+0	0,000000E+0
336	826,000000E+0	1,460000E+3	0,000000E+0	0,000000E+0
337	827,000000E+0	1,460000E+3	0,000000E+0	0,000000E+0
338	826,000000E+0	1,460000E+3	0,000000E+0	0,000000E+0
339	826,000000E+0	1,460000E+3	0,000000E+0	0,000000E+0
340	826,000000E+0	1,460000E+3	0,000000E+0	0,000000E+0
341	826,000000E+0	1,460000E+3	0,000000E+0	0,000000E+0
342	826,000000E+0	1,460000E+3	0,000000E+0	0,000000E+0
343	826,000000E+0	1,460000E+3	0,000000E+0	0,000000E+0
344	826,000000E+0	1,460000E+3	0,000000E+0	0,000000E+0
345	827,000000E+0	1,460000E+3	0,000000E+0	0,000000E+0
346	826,000000E+0	1,460000E+3	0,000000E+0	0,000000E+0
347	826,000000E+0	1,459000E+3	0,000000E+0	0,000000E+0
348	826,000000E+0	1,460000E+3	0,000000E+0	0,000000E+0
349	827,000000E+0	1,460000E+3	0,000000E+0	0,000000E+0
350	826,000000E+0	1,460000E+3	0,000000E+0	0,000000E+0
351	826,000000E+0	1,460000E+3	0,000000E+0	0,000000E+0
352	826,000000E+0	1,459000E+3	0,000000E+0	0,000000E+0
353	826,000000E+0	1,460000E+3	0,000000E+0	0,000000E+0
354	826,000000E+0	1,460000E+3	0,000000E+0	0,000000E+0
355	826,000000E+0	1,460000E+3	0,000000E+0	0,000000E+0
356	826,000000E+0	1,460000E+3	0,000000E+0	0,000000E+0
357	826,000000E+0	1,460000E+3	0,000000E+0	0,000000E+0
358	826,000000E+0	1,459000E+3	0,000000E+0	0,000000E+0
359	826,000000E+0	1,460000E+3	0,000000E+0	0,000000E+0
360	826,000000E+0	1,460000E+3	0,000000E+0	0,000000E+0
361	826,000000E+0	1,460000E+3	0,000000E+0	0,000000E+0
362	826,000000E+0	1,460000E+3	0,000000E+0	0,000000E+0
363	826,000000E+0	1,459000E+3	0,000000E+0	0,000000E+0
364	826,000000E+0	1,460000E+3	0,000000E+0	0,000000E+0
365	826,000000E+0	1,460000E+3	0,000000E+0	0,000000E+0
366	826,000000E+0	1,460000E+3	0,000000E+0	0,000000E+0
367	826,000000E+0	1,460000E+3	0,000000E+0	0,000000E+0
368	826,000000E+0	1,460000E+3	0,000000E+0	0,000000E+0
369	826,000000E+0	1,460000E+3	0,000000E+0	0,000000E+0
370	826,000000E+0	1,460000E+3	0,000000E+0	0,000000E+0
371	826,000000E+0	1,460000E+3	0,000000E+0	0,000000E+0
372	826,000000E+0	1,460000E+3	0,000000E+0	0,000000E+0
373	826,000000E+0	1,460000E+3	0,000000E+0	0,000000E+0
374	826,000000E+0	1,460000E+3	0,000000E+0	0,000000E+0
375	826,000000E+0	1,460000E+3	0,000000E+0	0,000000E+0
376	826,000000E+0	1,460000E+3	0,000000E+0	0,000000E+0
377	826,000000E+0	1,460000E+3	0,000000E+0	0,000000E+0
378	826,000000E+0	1,460000E+3	0,000000E+0	0,000000E+0
379	826,000000E+0	1,460000E+3	0,000000E+0	0,000000E+0
380	826,000000E+0	1,459000E+3	0,000000E+0	0,000000E+0
381	826,000000E+0	1,460000E+3	0,000000E+0	0,000000E+0
382	826,000000E+0	1,460000E+3	0,000000E+0	0,000000E+0
383	826,000000E+0	1,460000E+3	0,000000E+0	0,000000E+0
384	826,000000E+0	1,460000E+3	0,000000E+0	0,000000E+0
385	826,000000E+0	1,460000E+3	0,000000E+0	0,000000E+0
386	826,000000E+0	1,460000E+3	0,000000E+0	0,000000E+0
387	826,000000E+0	1,459000E+3	0,000000E+0	0,000000E+0
388	827,000000E+0	1,460000E+3	0,000000E+0	0,000000E+0
389	826,000000E+0	1,460000E+3	0,000000E+0	0,000000E+0
390	826,000000E+0	1,460000E+3	0,000000E+0	0,000000E+0
391	826,000000E+0	1,460000E+3	0,000000E+0	0,000000E+0
392	827,000000E+0	1,460000E+3	0,000000E+0	0,000000E+0
393	826,000000E+0	1,460000E+3	0,000000E+0	0,000000E+0
394	826,000000E+0	1,460000E+3	0,000000E+0	0,000000E+0
395	826,000000E+0	1,460000E+3	0,000000E+0	0,000000E+0
396	826,000000E+0	1,459000E+3	0,000000E+0	0,000000E+0
397	826,000000E+0	1,460000E+3	0,000000E+0	0,000000E+0
398	826,000000E+0	1,460000E+3	0,000000E+0	0,000000E+0
399	826,000000E+0	1,460000E+3	0,000000E+0	0,000000E+0
400	826,000000E+0	1,460000E+3	0,000000E+0	0,000000E+0
401	826,000000E+0	1,460000E+3	0,000000E+0	0,000000E+0
402	826,000000E+0	1,460000E+3	0,000000E+0	0,000000E+0
403	826,000000E+0	1,460000E+3	0,000000E+0	0,000000E+0
404	826,000000E+0	1,460000E+3	0,000000E+0	0,000000E+0
405	827,000000E+0	1,460000E+3	0,000000E+0	0,000000E+0
406	826,000000E+0	1,460000E+3	0,000000E+0	0,000000E+0
407	827,000000E+0	1,460000E+3	0,000000E+0	0,000000E+0
408	826,000000E+0	1,460000E+3	0,000000E+0	0,000000E+0
409	826,000000E+0	1,460000E+3	0,000000E+0	0,000000E+0
410	826,000000E+0	1,460000E+3	0,000000E+0	0,000000E+0
411	826,000000E+0	1,460000E+3	0,000000E+0	0,000000E+0
412	826,000000E+0	1,460000E+3	0,000000E+0	0,000000E+0
413	827,000000E+0	1,460000E+3	0,000000E+0	0,000000E+0
414	826,000000E+0	1,460000E+3	0,000000E+0	0,000000E+0
415	827,000000E+0	1,460000E+3	0,000000E+0	0,000000E+0
416	826,000000E+0	1,460000E+3	0,000000E+0	0,000000E+0
417	826,000000E+0	1,460000E+3	0,000000E+0	0,000000E+0
418	826,000000E+0	1,460000E+3	0,000000E+0	0,000000E+0
419	826,000000E+0	1,460000E+3	0,000000E+0	0,000000E+0
420	826,000000E+0	1,460000E+3	0,000000E+0	0,000000E+0
421	826,000000E+0	1,460000E+3	0,000000E+0	0,000000E+0
422	826,000000E+0	1,460000E+3	0,000000E+0	0,000000E+0
423	826,000000E+0	1,460000E+3	0,000000E+0	0,000000E+0
424	826,000000E+0	1,460000E+3	0,000000E+0	0,000000E+0
425	826,000000E+0	1,460000E+3	0,000000E+0	0,000000E+0
426	826,000000E+0	1,460000E+3	0,000000E+0	0,000000E+0
427	826,000000E+0	1,460000E+3	0,000000E+0	0,000000E+0
428	826,000000E+0	1,460000E+3	0,000000E+0	0,000000E+0
429	826,000000E+0	1,460000E+3	0,000000E+0	0,000000E+0
430	826,000000E+0	1,460000E+3	0,000000E+0	0,000000E+0
431	826,000000E+0	1,460000E+3	0,000000E+0	0,000000E+0
432	826,000000E+0	1,460000E+3	0,000000E+0	0,000000E+0
433	826,000000E+0	1,460000E+3	0,000000E+0	0,000000E+0
434	826,000000E+0	1,460000E+3	0,000000E+0	0,000000E+0
435	826,000000E+0	1,460000E+3	0,000000E+0	0,000000E+0
436	826,000000E+0	1,460000E+3	0,000000E+0	0,000000E+0
437	826,000000E+0	1,460000E+3	0,000000E+0	0,000000E+0
438	826,000000E+0	1,460000E+3	0,000000E+0	0,000000E+0
439	826,000000E+0	1,460000E+3	0,000000E+0	0,000000E+0
440	826,000000E+0	1,460000E+3	0,000000E+0	0,000000E+0
441	827,000000E+0	1,460000E+3	0,000000E+0	0,000000E+0
442	826,000000E+0	1,460000E+3	0,000000E+0	0,000000E+0
443	826,000000E+0	1,460000E+3	0,000000E+0	0,000000E+0
444	826,000000E+0	1,460000E+3	0,000000E+0	0,000000E+0
445	826,000000E+0	1,460000E+3	0,000000E+0	0,000000E+0
446	826,000000E+0	1,460000E+3	0,000000E+0	0,000000E+0
447	826,000000E+0	1,460000E+3	0,000000E+0	0,000000E+0
448	826,000000E+0	1,460000E+3	0,000000E+0	0,000000E+0
449	826,000000E+0	1,460000E+3	0,000000E+0	0,000000E+0
450	826,000000E+0	1,460000E+3	0,000000E+0	0,000000E+0
451	826,000000E+0	1,460000E+3	0,000000E+0	0,000000E+0
452	826,000000E+0	1,460000E+3	0,000000E+0	0,000000E+0
453	826,000000E+0	1,460000E+3	0,000000E+0	0,000000E+0
454	827,000000E+0	1,459000E+3	0,000000E+0	0,000000E+0
455	826,000000E+0	1,460000E+3	0,000000E+0	0,000000E+0
456	826,000000E+0	1,460000E+3	0,000000E+0	0,000000E+0
457	826,000000E+0	1,460000E+3	0,000000E+0	0,000000E+0
458	826,000000E+0	1,460000E+3	0,000000E+0	0,000000E+0
459	826,000000E+0	1,460000E+3	0,000000E+0	0,000000E+0
460	826,000000E+0	1,460000E+3	0,000000E+0	0,000000E+0
461	826,000000E+0	1,460000E+3	0,000000E+0	0,000000E+0
462	826,000000E+0	1,460000E+3	0,000000E+0	0,000000E+0
463	826,000000E+0	1,460000E+3	0,000000E+0	0,000000E+0
464	826,000000E+0	1,460000E+3	0,000000E+0	0,000000E+0
465	826,000000E+0	1,460000E+3	0,000000E+0	0,000000E+0
466	826,000000E+0	1,460000E+3	0,000000E+0	0,000000E+0
467	826,000000E+0	1,460000E+3	0,000000E+0	0,000000E+0
468	826,000000E+0	1,460000E+3	0,000000E+0	0,000000E+0
469	826,000000E+0	1,460000E+3	0,000000E+0	0,000000E+0
470	826,000000E+0	1,460000E+3	0,000000E+0	0,000000E+0
471	827,000000E+0	1,460000E+3	0,000000E+0	0,000000E+0
472	826,000000E+0	1,460000E+3	0,000000E+0	0,000000E+0
473	826,000000E+0	1,460000E+3	0,000000E+0	0,000000E+0
474	827,000000E+0	1,460000E+3	0,000000E+0	0,000000E+0
475	826,000000E+0	1,460000E+3	0,000000E+0	0,000000E+0
476	826,000000E+0	1,460000E+3	0,000000E+0	0,000000E+0
477	826,000000E+0	1,460000E+3	0,000000E+0	0,000000E+0
478	826,000000E+0	1,460000E+3	0,000000E+0	0,000000E+0
479	826,000000E+0	1,460000E+3	0,000000E+0	0,000000E+0
480	826,000000E+0	1,460000E+3	0,000000E+0	0,000000E+0
481	826,000000E+0	1,460000E+3	0,000000E+0	0,000000E+0
482	826,000000E+0	1,459000E+3	0,000000E+0	0,000000E+0
483	826,000000E+0	1,459000E+3	0,000000E+0	0,000000E+0
484	826,000000E+0	1,460000E+3	0,000000E+0	0,000000E+0
485	826,000000E+0	1,460000E+3	0,000000E+0	0,000000E+0
486	826,000000E+0	1,460000E+3	0,000000E+0	0,000000E+0
487	826,000000E+0	1,460000E+3	0,000000E+0	0,000000E+0
488	826,000000E+0	1,460000E+3	0,000000E+0	0,000000E+0
489	826,000000E+0	1,460000E+3	0,000000E+0	0,000000E+0
490	827,000000E+0	1,460000E+3	0,000000E+0	0,000000E+0
491	826,000000E+0	1,460000E+3	0,000000E+0	0,000000E+0
492	826,000000E+0	1,460000E+3	0,000000E+0	0,000000E+0
493	826,000000E+0	1,460000E+3	0,000000E+0	0,000000E+0
494	826,000000E+0	1,460000E+3	0,000000E+0	0,000000E+0
495	826,000000E+0	1,460000E+3	0,000000E+0	0,000000E+0
496	826,000000E+0	1,460000E+3	0,000000E+0	0,000000E+0
497	826,000000E+0	1,460000E+3	0,000000E+0	0,000000E+0
498	826,000000E+0	1,460000E+3	0,000000E+0	0,000000E+0
499	826,000000E+0	1,460000E+3	0,000000E+0	0,000000E+0
500	826,000000E+0	1,460000E+3	0,000000E+0	0,000000E+0
501	826,000000E+0	1,460000E+3	0,000000E+0	0,000000E+0
502	826,000000E+0	1,460000E+3	0,000000E+0	0,000000E+0
503	826,000000E+0	1,460000E+3	0,000000E+0	0,000000E+0
504	826,000000E+0	1,459000E+3	0,000000E+0	0,000000E+0
505	826,000000E+0	1,460000E+3	0,000000E+0	0,000000E+0
506	826,000000E+0	1,460000E+3	0,000000E+0	0,000000E+0
507	826,000000E+0	1,460000E+3	0,000000E+0	0,000000E+0
508	826,000000E+0	1,460000E+3	0,000000E+0	0,000000E+0
509	826,000000E+0	1,460000E+3	0,000000E+0	0,000000E+0
510	826,000000E+0	1,460000E+3	0,000000E+0	0,000000E+0
511	826,000000E+0	1,460000E+3	0,000000E+0	0,000000E+0
512	826,000000E+0	1,460000E+3	0,000000E+0	0,000000E+0
513	826,000000E+0	1,460000E+3	0,000000E+0	0,000000E+0
514	826,000000E+0	1,460000E+3	0,000000E+0	0,000000E+0
515	826,000000E+0	1,460000E+3	0,000000E+0	0,000000E+0
516	826,000000E+0	1,460000E+3	0,000000E+0	0,000000E+0
517	826,000000E+0	1,460000E+3	0,000000E+0	0,000000E+0
518	826,000000E+0	1,460000E+3	0,000000E+0	0,000000E+0
519	826,000000E+0	1,460000E+3	0,000000E+0	0,000000E+0
520	826,000000E+0	1,460000E+3	0,000000E+0	0,000000E+0
521	826,000000E+0	1,460000E+3	0,000000E+0	0,000000E+0
522	826,000000E+0	1,460000E+3	0,000000E+0	0,000000E+0
523	826,000000E+0	1,460000E+3	0,000000E+0	0,000000E+0
524	826,000000E+0	1,460000E+3	0,000000E+0	0,000000E+0
525	826,000000E+0	1,460000E+3	0,000000E+0	0,000000E+0
526	826,000000E+0	1,460000E+3	0,000000E+0	0,000000E+0
527	826,000000E+0	1,460000E+3	0,000000E+0	0,000000E+0
528	826,000000E+0	1,460000E+3	0,000000E+0	0,000000E+0
529	826,000000E+0	1,460000E+3	0,000000E+0	0,000000E+0
530	826,000000E+0	1,460000E+3	0,000000E+0	0,000000E+0
531	826,000000E+0	1,460000E+3	0,000000E+0	0,000000E+0
532	826,000000E+0	1,460000E+3	0,000000E+0	0,000000E+0
533	826,000000E+0	1,460000E+3	0,000000E+0	0,000000E+0
534	826,000000E+0	1,460000E+3	0,000000E+0	0,000000E+0
535	826,000000E+0	1,460000E+3	0,000000E+0	0,000000E+0
536	827,000000E+0	1,460000E+3	0,000000E+0	0,000000E+0
537	827,000000E+0	1,460000E+3	0,000000E+0	0,000000E+0
538	828,000000E+0	1,460000E+3	0,000000E+0	0,000000E+0
539	829,000000E+0	1,460000E+3	0,000000E+0	0,000000E+0
540	830,000000E+0	1,460000E+3	0,000000E+0	0,000000E+0
541	831,000000E+0	1,460000E+3	0,000000E+0	0,000000E+0
542	831,000000E+0	1,460000E+3	0,000000E+0	0,000000E+0
543	832,000000E+0	1,460000E+3	0,000000E+0	0,000000E+0
544	834,000000E+0	1,460000E+3	0,000000E+0	0,000000E+0
545	837,000000E+0	1,460000E+3	0,000000E+0	0,000000E+0
546	841,000000E+0	1,460000E+3	0,000000E+0	0,000000E+0
547	844,000000E+0	1,460000E+3	0,000000E+0	0,000000E+0
548	849,000000E+0	1,459000E+3	0,000000E+0	0,000000E+0
549	854,000000E+0	1,458000E+3	0,000000E+0	0,000000E+0
550	860,000000E+0	1,455000E+3	0,000000E+0	0,000000E+0
551	866,000000E+0	1,453000E+3	0,000000E+0	0,000000E+0
552	874,000000E+0	1,449000E+3	0,000000E+0	0,000000E+0
553	883,000000E+0	1,444000E+3	0,000000E+0	0,000000E+0
554	893,000000E+0	1,440000E+3	0,000000E+0	0,000000E+0
555	901,000000E+0	1,437000E+3	0,000000E+0	0,000000E+0
556	907,000000E+0	1,438000E+3	0,000000E+0	0,000000E+0
557	913,000000E+0	1,442000E+3	0,000000E+0	0,000000E+0
558	915,000000E+0	1,454000E+3	0,000000E+0	0,000000E+0
559	915,000000E+0	1,468000E+3	0,000000E+0	0,000000E+0
560	913,000000E+0	1,489000E+3	0,000000E+0	0,000000E+0
561	909,000000E+0	1,510000E+3	0,000000E+0	0,000000E+0
562	900,000000E+0	1,537000E+3	0,000000E+0	0,000000E+0
563	891,000000E+0	1,562000E+3	0,000000E+0	0,000000E+0
564	879,000000E+0	1,591000E+3	0,000000E+0	0,000000E+0
565	866,000000E+0	1,618000E+3	0,000000E+0	0,000000E+0
566	852,000000E+0	1,645000E+3	0,000000E+0	0,000000E+0
567	837,000000E+0	1,670000E+3	0,000000E+0	0,000000E+0
568	821,000000E+0	1,696000E+3	0,000000E+0	0,000000E+0
569	803,000000E+0	1,721000E+3	0,000000E+0	0,000000E+0
570	788,000000E+0	1,742000E+3	0,000000E+0	0,000000E+0
571	773,000000E+0	1,762000E+3	0,000000E+0	0,000000E+0
572	756,000000E+0	1,781000E+3	0,000000E+0	0,000000E+0
573	741,000000E+0	1,798000E+3	0,000000E+0	0,000000E+0
574	726,000000E+0	1,811000E+3	0,000000E+0	0,000000E+0
575	711,000000E+0	1,822000E+3	0,000000E+0	0,000000E+0
576	698,000000E+0	1,829000E+3	0,000000E+0	0,000000E+0
577	685,000000E+0	1,834000E+3	0,000000E+0	0,000000E+0
578	674,000000E+0	1,835000E+3	0,000000E+0	0,000000E+0
579	663,000000E+0	1,835000E+3	0,000000E+0	0,000000E+0
580	654,000000E+0	1,831000E+3	0,000000E+0	0,000000E+0
581	647,000000E+0	1,826000E+3	0,000000E+0	0,000000E+0
582	640,000000E+0	1,816000E+3	0,000000E+0	0,000000E+0
583	637,000000E+0	1,804000E+3	0,000000E+0	0,000000E+0
584	633,000000E+0	1,787000E+3	0,000000E+0	0,000000E+0
585	632,000000E+0	1,770000E+3	0,000000E+0	0,000000E+0
586	632,000000E+0	1,749000E+3	0,000000E+0	0,000000E+0
587	632,000000E+0	1,727000E+3	0,000000E+0	0,000000E+0
588	634,000000E+0	1,703000E+3	0,000000E+0	0,000000E+0
589	637,000000E+0	1,677000E+3	0,000000E+0	0,000000E+0
590	641,000000E+0	1,651000E+3	0,000000E+0	0,000000E+0
591	647,000000E+0	1,624000E+3	0,000000E+0	0,000000E+0
592	656,000000E+0	1,597000E+3	0,000000E+0	0,000000E+0
593	665,000000E+0	1,569000E+3	0,000000E+0	0,000000E+0
594	674,000000E+0	1,542000E+3	0,000000E+0	0,000000E+0
595	685,000000E+0	1,516000E+3	0,000000E+0	0,000000E+0
596	695,000000E+0	1,494000E+3	0,000000E+0	0,000000E+0
597	706,000000E+0	1,474000E+3	0,000000E+0	0,000000E+0
598	716,000000E+0	1,459000E+3	0,000000E+0	0,000000E+0
599	725,000000E+0	1,448000E+3	0,000000E+0	0,000000E+0
600	735,000000E+0	1,443000E+3	0,000000E+0	0,000000E+0
601	744,000000E+0	1,442000E+3	0,000000E+0	0,000000E+0
602	752,000000E+0	1,444000E+3	0,000000E+0	0,000000E+0
603	759,000000E+0	1,446000E+3	0,000000E+0	0,000000E+0
604	766,000000E+0	1,449000E+3	0,000000E+0	0,000000E+0
605	772,000000E+0	1,451000E+3	0,000000E+0	0,000000E+0
606	777,000000E+0	1,454000E+3	0,000000E+0	0,000000E+0
607	782,000000E+0	1,455000E+3	0,000000E+0	0,000000E+0
608	786,000000E+0	1,457000E+3	0,000000E+0	0,000000E+0
609	790,000000E+0	1,458000E+3	0,000000E+0	0,000000E+0
610	793,000000E+0	1,459000E+3	0,000000E+0	0,000000E+0
611	797,000000E+0	1,459000E+3	0,000000E+0	0,000000E+0
612	800,000000E+0	1,459000E+3	0,000000E+0	0,000000E+0
613	803,000000E+0	1,459000E+3	0,000000E+0	0,000000E+0
614	805,000000E+0	1,460000E+3	0,000000E+0	0,000000E+0
615	808,000000E+0	1,460000E+3	0,000000E+0	0,000000E+0
616	809,000000E+0	1,461000E+3	0,000000E+0	0,000000E+0
617	810,000000E+0	1,461000E+3	0,000000E+0	0,000000E+0
618	810,000000E+0	1,461000E+3	0,000000E+0	0,000000E+0
619	810,000000E+0	1,461000E+3	0,000000E+0	0,000000E+0
620	812,000000E+0	1,461000E+3	0,000000E+0	0,000000E+0
621	813,000000E+0	1,461000E+3	0,000000E+0	0,000000E+0
622	814,000000E+0	1,461000E+3	0,000000E+0	0,000000E+0
623	816,000000E+0	1,461000E+3	0,000000E+0	0,000000E+0
624	818,000000E+0	1,461000E+3	0,000000E+0	0,000000E+0
625	819,000000E+0	1,461000E+3	0,000000E+0	0,000000E+0
626	820,000000E+0	1,461000E+3	0,000000E+0	0,000000E+0
627	821,000000E+0	1,461000E+3	0,000000E+0	0,000000E+0
628	822,000000E+0	1,461000E+3	0,000000E+0	0,000000E+0
629	822,000000E+0	1,461000E+3	0,000000E+0	0,000000E+0
630	823,000000E+0	1,461000E+3	0,000000E+0	0,000000E+0
631	823,000000E+0	1,461000E+3	0,000000E+0	0,000000E+0
632	824,000000E+0	1,461000E+3	0,000000E+0	0,000000E+0
633	824,000000E+0	1,461000E+3	0,000000E+0	0,000000E+0
634	824,000000E+0	1,461000E+3	0,000000E+0	0,000000E+0
635	824,000000E+0	1,461000E+3	0,000000E+0	0,000000E+0
636	825,000000E+0	1,461000E+3	0,000000E+0	0,000000E+0
637	826,000000E+0	1,461000E+3	0,000000E+0	0,000000E+0
638	828,000000E+0	1,461000E+3	0,000000E+0	0,000000E+0
639	829,000000E+0	1,461000E+3	0,000000E+0	0,000000E+0
640	832,000000E+0	1,461000E+3	0,000000E+0	0,000000E+0
641	835,000000E+0	1,461000E+3	0,000000E+0	0,000000E+0
642	837,000000E+0	1,461000E+3	0,000000E+0	0,000000E+0
643	840,000000E+0	1,461000E+3	0,000000E+0	0,000000E+0
644	842,000000E+0	1,461000E+3	0,000000E+0	0,000000E+0
645	845,000000E+0	1,460000E+3	0,000000E+0	0,000000E+0
646	849,000000E+0	1,459000E+3	0,000000E+0	0,000000E+0
647	853,000000E+0	1,458000E+3	0,000000E+0	0,000000E+0
648	859,000000E+0	1,455000E+3	0,000000E+0	0,000000E+0
649	865,000000E+0	1,452000E+3	0,000000E+0	0,000000E+0
650	873,000000E+0	1,448000E+3	0,000000E+0	0,000000E+0
651	883,000000E+0	1,443000E+3	0,000000E+0	0,000000E+0
652	892,000000E+0	1,439000E+3	0,000000E+0	0,000000E+0
653	901,000000E+0	1,436000E+3	0,000000E+0	0,000000E+0
654	908,000000E+0	1,438000E+3	0,000000E+0	0,000000E+0
655	914,000000E+0	1,441000E+3	0,000000E+0	0,000000E+0
656	915,000000E+0	1,454000E+3	0,000000E+0	0,000000E+0
657	915,000000E+0	1,467000E+3	0,000000E+0	0,000000E+0
658	915,000000E+0	1,489000E+3	0,000000E+0	0,000000E+0
659	910,000000E+0	1,509000E+3	0,000000E+0	0,000000E+0
660	902,000000E+0	1,536000E+3	0,000000E+0	0,000000E+0
661	893,000000E+0	1,562000E+3	0,000000E+0	0,000000E+0
662	880,000000E+0	1,592000E+3	0,000000E+0	0,000000E+0
663	868,000000E+0	1,618000E+3	0,000000E+0	0,000000E+0
664	854,000000E+0	1,644000E+3	0,000000E+0	0,000000E+0
665	839,000000E+0	1,671000E+3	0,000000E+0	0,000000E+0
666	823,000000E+0	1,697000E+3	0,000000E+0	0,000000E+0
667	807,000000E+0	1,720000E+3	0,000000E+0	0,000000E+0
668	789,000000E+0	1,743000E+3	0,000000E+0	0,000000E+0
669	773,000000E+0	1,762000E+3	0,000000E+0	0,000000E+0
670	757,000000E+0	1,781000E+3	0,000000E+0	0,000000E+0
671	742,000000E+0	1,798000E+3	0,000000E+0	0,000000E+0
672	726,000000E+0	1,810000E+3	0,000000E+0	0,000000E+0
673	712,000000E+0	1,822000E+3	0,000000E+0	0,000000E+0
674	699,000000E+0	1,828000E+3	0,000000E+0	0,000000E+0
675	686,000000E+0	1,834000E+3	0,000000E+0	0,000000E+0
676	675,000000E+0	1,835000E+3	0,000000E+0	0,000000E+0
677	664,000000E+0	1,835000E+3	0,000000E+0	0,000000E+0
678	655,000000E+0	1,832000E+3	0,000000E+0	0,000000E+0
679	647,000000E+0	1,826000E+3	0,000000E+0	0,000000E+0
680	641,000000E+0	1,816000E+3	0,000000E+0	0,000000E+0
681	637,000000E+0	1,804000E+3	0,000000E+0	0,000000E+0
682	633,000000E+0	1,788000E+3	0,000000E+0	0,000000E+0
683	632,000000E+0	1,770000E+3	0,000000E+0	0,000000E+0
684	632,000000E+0	1,749000E+3	0,000000E+0	0,000000E+0
685	632,000000E+0	1,727000E+3	0,000000E+0	0,000000E+0
686	634,000000E+0	1,703000E+3	0,000000E+0	0,000000E+0
687	637,000000E+0	1,678000E+3	0,000000E+0	0,000000E+0
688	641,000000E+0	1,651000E+3	0,000000E+0	0,000000E+0
689	648,000000E+0	1,625000E+3	0,000000E+0	0,000000E+0
690	656,000000E+0	1,597000E+3	0,000000E+0	0,000000E+0
691	664,000000E+0	1,569000E+3	0,000000E+0	0,000000E+0
692	674,000000E+0	1,541000E+3	0,000000E+0	0,000000E+0
693	684,000000E+0	1,516000E+3	0,000000E+0	0,000000E+0
694	695,000000E+0	1,494000E+3	0,000000E+0	0,000000E+0
695	706,000000E+0	1,474000E+3	0,000000E+0	0,000000E+0
696	716,000000E+0	1,459000E+3	0,000000E+0	0,000000E+0
697	725,000000E+0	1,448000E+3	0,000000E+0	0,000000E+0
698	735,000000E+0	1,443000E+3	0,000000E+0	0,000000E+0
699	744,000000E+0	1,442000E+3	0,000000E+0	0,000000E+0
700	752,000000E+0	1,443000E+3	0,000000E+0	0,000000E+0
701	759,000000E+0	1,446000E+3	0,000000E+0	0,000000E+0
702	766,000000E+0	1,449000E+3	0,000000E+0	0,000000E+0
703	772,000000E+0	1,451000E+3	0,000000E+0	0,000000E+0
704	777,000000E+0	1,454000E+3	0,000000E+0	0,000000E+0
705	782,000000E+0	1,455000E+3	0,000000E+0	0,000000E+0
706	787,000000E+0	1,457000E+3	0,000000E+0	0,000000E+0
707	790,000000E+0	1,458000E+3	0,000000E+0	0,000000E+0
708	793,000000E+0	1,459000E+3	0,000000E+0	0,000000E+0
709	797,000000E+0	1,458000E+3	0,000000E+0	0,000000E+0
710	800,000000E+0	1,459000E+3	0,000000E+0	0,000000E+0
711	802,000000E+0	1,459000E+3	0,000000E+0	0,000000E+0
712	805,000000E+0	1,460000E+3	0,000000E+0	0,000000E+0
713	807,000000E+0	1,460000E+3	0,000000E+0	0,000000E+0
714	809,000000E+0	1,461000E+3	0,000000E+0	0,000000E+0
715	810,000000E+0	1,461000E+3	0,000000E+0	0,000000E+0
716	810,000000E+0	1,461000E+3	0,000000E+0	0,000000E+0
717	811,000000E+0	1,461000E+3	0,000000E+0	0,000000E+0
718	812,000000E+0	1,461000E+3	0,000000E+0	0,000000E+0
719	813,000000E+0	1,461000E+3	0,000000E+0	0,000000E+0
720	815,000000E+0	1,461000E+3	0,000000E+0	0,000000E+0
721	816,000000E+0	1,461000E+3	0,000000E+0	0,000000E+0
722	818,000000E+0	1,461000E+3	0,000000E+0	0,000000E+0
723	819,000000E+0	1,461000E+3	0,000000E+0	0,000000E+0
724	820,000000E+0	1,461000E+3	0,000000E+0	0,000000E+0
725	821,000000E+0	1,461000E+3	0,000000E+0	0,000000E+0
726	822,000000E+0	1,461000E+3	0,000000E+0	0,000000E+0
727	822,000000E+0	1,461000E+3	0,000000E+0	0,000000E+0
728	823,000000E+0	1,461000E+3	0,000000E+0	0,000000E+0
729	823,000000E+0	1,461000E+3	0,000000E+0	0,000000E+0
730	823,000000E+0	1,461000E+3	0,000000E+0	0,000000E+0
731	823,000000E+0	1,461000E+3	0,000000E+0	0,000000E+0
732	824,000000E+0	1,461000E+3	0,000000E+0	0,000000E+0
733	824,000000E+0	1,461000E+3	0,000000E+0	0,000000E+0
734	825,000000E+0	1,461000E+3	0,000000E+0	0,000000E+0
735	826,000000E+0	1,461000E+3	0,000000E+0	0,000000E+0
736	828,000000E+0	1,461000E+3	0,000000E+0	0,000000E+0
737	829,000000E+0	1,461000E+3	0,000000E+0	0,000000E+0
738	832,000000E+0	1,462000E+3	0,000000E+0	0,000000E+0
739	835,000000E+0	1,461000E+3	0,000000E+0	0,000000E+0
740	837,000000E+0	1,461000E+3	0,000000E+0	0,000000E+0
741	839,000000E+0	1,461000E+3	0,000000E+0	0,000000E+0
742	842,000000E+0	1,461000E+3	0,000000E+0	0,000000E+0
743	845,000000E+0	1,461000E+3	0,000000E+0	0,000000E+0
744	849,000000E+0	1,459000E+3	0,000000E+0	0,000000E+0
745	854,000000E+0	1,458000E+3	0,000000E+0	0,000000E+0
746	860,000000E+0	1,455000E+3	0,000000E+0	0,000000E+0
747	865,000000E+0	1,453000E+3	0,000000E+0	0,000000E+0
748	874,000000E+0	1,448000E+3	0,000000E+0	0,000000E+0
749	883,000000E+0	1,443000E+3	0,000000E+0	0,000000E+0
750	892,000000E+0	1,439000E+3	0,000000E+0	0,000000E+0
751	901,000000E+0	1,436000E+3	0,000000E+0	0,000000E+0
752	908,000000E+0	1,438000E+3	0,000000E+0	0,000000E+0
753	914,000000E+0	1,442000E+3	0,000000E+0	0,000000E+0
754	915,000000E+0	1,454000E+3	0,000000E+0	0,000000E+0
755	916,000000E+0	1,467000E+3	0,000000E+0	0,000000E+0
756	915,000000E+0	1,489000E+3	0,000000E+0	0,000000E+0
757	910,000000E+0	1,510000E+3	0,000000E+0	0,000000E+0
758	901,000000E+0	1,536000E+3	0,000000E+0	0,000000E+0
759	893,000000E+0	1,561000E+3	0,000000E+0	0,000000E+0
760	880,000000E+0	1,591000E+3	0,000000E+0	0,000000E+0
761	868,000000E+0	1,618000E+3	0,000000E+0	0,000000E+0
762	853,000000E+0	1,645000E+3	0,000000E+0	0,000000E+0
763	838,000000E+0	1,670000E+3	0,000000E+0	0,000000E+0
764	822,000000E+0	1,697000E+3	0,000000E+0	0,000000E+0
765	806,000000E+0	1,720000E+3	0,000000E+0	0,000000E+0
766	789,000000E+0	1,743000E+3	0,000000E+0	0,000000E+0
767	773,000000E+0	1,763000E+3	0,000000E+0	0,000000E+0
768	757,000000E+0	1,782000E+3	0,000000E+0	0,000000E+0
769	743,000000E+0	1,798000E+3	0,000000E+0	0,000000E+0
770	726,000000E+0	1,811000E+3	0,000000E+0	0,000000E+0
771	713,000000E+0	1,821000E+3	0,000000E+0	0,000000E+0
772	699,000000E+0	1,829000E+3	0,000000E+0	0,000000E+0
773	686,000000E+0	1,834000E+3	0,000000E+0	0,000000E+0
774	674,000000E+0	1,835000E+3	0,000000E+0	0,000000E+0
775	664,000000E+0	1,835000E+3	0,000000E+0	0,000000E+0
776	655,000000E+0	1,831000E+3	0,000000E+0	0,000000E+0
777	647,000000E+0	1,826000E+3	0,000000E+0	0,000000E+0
778	641,000000E+0	1,815000E+3	0,000000E+0	0,000000E+0
779	636,000000E+0	1,804000E+3	0,000000E+0	0,000000E+0
780	633,000000E+0	1,787000E+3	0,000000E+0	0,000000E+0
781	632,000000E+0	1,770000E+3	0,000000E+0	0,000000E+0
782	632,000000E+0	1,750000E+3	0,000000E+0	0,000000E+0
783	632,000000E+0	1,727000E+3	0,000000E+0	0,000000E+0
784	634,000000E+0	1,703000E+3	0,000000E+0	0,000000E+0
785	637,000000E+0	1,677000E+3	0,000000E+0	0,000000E+0
786	641,000000E+0	1,651000E+3	0,000000E+0	0,000000E+0
787	648,000000E+0	1,624000E+3	0,000000E+0	0,000000E+0
788	655,000000E+0	1,597000E+3	0,000000E+0	0,000000E+0
789	664,000000E+0	1,568000E+3	0,000000E+0	0,000000E+0
790	674,000000E+0	1,543000E+3	0,000000E+0	0,000000E+0
791	684,000000E+0	1,517000E+3	0,000000E+0	0,000000E+0
792	695,000000E+0	1,495000E+3	0,000000E+0	0,000000E+0
793	705,000000E+0	1,474000E+3	0,000000E+0	0,000000E+0
794	716,000000E+0	1,459000E+3	0,000000E+0	0,000000E+0
795	725,000000E+0	1,448000E+3	0,000000E+0	0,000000E+0
796	734,000000E+0	1,443000E+3	0,000000E+0	0,000000E+0
797	744,000000E+0	1,442000E+3	0,000000E+0	0,000000E+0
798	752,000000E+0	1,444000E+3	0,000000E+0	0,000000E+0
799	759,000000E+0	1,446000E+3	0,000000E+0	0,000000E+0
800	766,000000E+0	1,449000E+3	0,000000E+0	0,000000E+0
801	772,000000E+0	1,451000E+3	0,000000E+0	0,000000E+0
802	777,000000E+0	1,454000E+3	0,000000E+0	0,000000E+0
803	781,000000E+0	1,456000E+3	0,000000E+0	0,000000E+0
804	787,000000E+0	1,457000E+3	0,000000E+0	0,000000E+0
805	791,000000E+0	1,458000E+3	0,000000E+0	0,000000E+0
806	793,000000E+0	1,459000E+3	0,000000E+0	0,000000E+0
807	797,000000E+0	1,459000E+3	0,000000E+0	0,000000E+0
808	800,000000E+0	1,459000E+3	0,000000E+0	0,000000E+0
809	802,000000E+0	1,459000E+3	0,000000E+0	0,000000E+0
810	805,000000E+0	1,460000E+3	0,000000E+0	0,000000E+0
811	808,000000E+0	1,460000E+3	0,000000E+0	0,000000E+0
812	809,000000E+0	1,460000E+3	0,000000E+0	0,000000E+0
813	809,000000E+0	1,461000E+3	0,000000E+0	0,000000E+0
814	810,000000E+0	1,461000E+3	0,000000E+0	0,000000E+0
815	810,000000E+0	1,461000E+3	0,000000E+0	0,000000E+0
816	812,000000E+0	1,461000E+3	0,000000E+0	0,000000E+0
817	813,000000E+0	1,462000E+3	0,000000E+0	0,000000E+0
818	814,000000E+0	1,461000E+3	0,000000E+0	0,000000E+0
819	816,000000E+0	1,461000E+3	0,000000E+0	0,000000E+0
820	818,000000E+0	1,461000E+3	0,000000E+0	0,000000E+0
821	819,000000E+0	1,461000E+3	0,000000E+0	0,000000E+0
822	820,000000E+0	1,462000E+3	0,000000E+0	0,000000E+0
823	821,000000E+0	1,462000E+3	0,000000E+0	0,000000E+0
824	822,000000E+0	1,462000E+3	0,000000E+0	0,000000E+0
825	822,000000E+0	1,462000E+3	0,000000E+0	0,000000E+0
826	823,000000E+0	1,461000E+3	0,000000E+0	0,000000E+0
827	823,000000E+0	1,461000E+3	0,000000E+0	0,000000E+0
828	823,000000E+0	1,462000E+3	0,000000E+0	0,000000E+0
829	823,000000E+0	1,462000E+3	0,000000E+0	0,000000E+0
830	824,000000E+0	1,462000E+3	0,000000E+0	0,000000E+0
831	824,000000E+0	1,462000E+3	0,000000E+0	0,000000E+0
832	825,000000E+0	1,462000E+3	0,000000E+0	0,000000E+0
833	826,000000E+0	1,462000E+3	0,000000E+0	0,000000E+0
834	828,000000E+0	1,462000E+3	0,000000E+0	0,000000E+0
835	830,000000E+0	1,462000E+3	0,000000E+0	0,000000E+0
836	832,000000E+0	1,462000E+3	0,000000E+0	0,000000E+0
837	835,000000E+0	1,462000E+3	0,000000E+0	0,000000E+0
838	837,000000E+0	1,461000E+3	0,000000E+0	0,000000E+0
839	839,000000E+0	1,461000E+3	0,000000E+0	0,000000E+0
840	842,000000E+0	1,461000E+3	0,000000E+0	0,000000E+0
841	845,000000E+0	1,461000E+3	0,000000E+0	0,000000E+0
842	849,000000E+0	1,459000E+3	0,000000E+0	0,000000E+0
843	853,000000E+0	1,458000E+3	0,000000E+0	0,000000E+0
844	860,000000E+0	1,455000E+3	0,000000E+0	0,000000E+0
845	866,000000E+0	1,453000E+3	0,000000E+0	0,000000E+0
846	874,000000E+0	1,448000E+3	0,000000E+0	0,000000E+0
847	883,000000E+0	1,443000E+3	0,000000E+0	0,000000E+0
848	893,000000E+0	1,439000E+3	0,000000E+0	0,000000E+0
849	901,000000E+0	1,436000E+3	0,000000E+0	0,000000E+0
850	908,000000E+0	1,438000E+3	0,000000E+0	0,000000E+0
851	913,000000E+0	1,441000E+3	0,000000E+0	0,000000E+0
852	915,000000E+0	1,454000E+3	0,000000E+0	0,000000E+0
853	916,000000E+0	1,467000E+3	0,000000E+0	0,000000E+0
854	915,000000E+0	1,489000E+3	0,000000E+0	0,000000E+0
855	910,000000E+0	1,510000E+3	0,000000E+0	0,000000E+0
856	902,000000E+0	1,536000E+3	0,000000E+0	0,000000E+0
857	893,000000E+0	1,561000E+3	0,000000E+0	0,000000E+0
858	880,000000E+0	1,591000E+3	0,000000E+0	0,000000E+0
859	868,000000E+0	1,618000E+3	0,000000E+0	0,000000E+0
860	853,000000E+0	1,645000E+3	0,000000E+0	0,000000E+0
861	839,000000E+0	1,670000E+3	0,000000E+0	0,000000E+0
862	822,000000E+0	1,697000E+3	0,000000E+0	0,000000E+0
863	807,000000E+0	1,720000E+3	0,000000E+0	0,000000E+0
864	789,000000E+0	1,743000E+3	0,000000E+0	0,000000E+0
865	773,000000E+0	1,763000E+3	0,000000E+0	0,000000E+0
866	757,000000E+0	1,782000E+3	0,000000E+0	0,000000E+0
867	742,000000E+0	1,798000E+3	0,000000E+0	0,000000E+0
868	726,000000E+0	1,810000E+3	0,000000E+0	0,000000E+0
869	713,000000E+0	1,822000E+3	0,000000E+0	0,000000E+0
870	699,000000E+0	1,829000E+3	0,000000E+0	0,000000E+0
871	686,000000E+0	1,834000E+3	0,000000E+0	0,000000E+0
872	674,000000E+0	1,836000E+3	0,000000E+0	0,000000E+0
873	664,000000E+0	1,835000E+3	0,000000E+0	0,000000E+0
874	655,000000E+0	1,831000E+3	0,000000E+0	0,000000E+0
875	647,000000E+0	1,826000E+3	0,000000E+0	0,000000E+0
876	640,000000E+0	1,816000E+3	0,000000E+0	0,000000E+0
877	636,000000E+0	1,804000E+3	0,000000E+0	0,000000E+0
878	634,000000E+0	1,787000E+3	0,000000E+0	0,000000E+0
879	632,000000E+0	1,770000E+3	0,000000E+0	0,000000E+0
880	632,000000E+0	1,749000E+3	0,000000E+0	0,000000E+0
881	632,000000E+0	1,727000E+3	0,000000E+0	0,000000E+0
882	633,000000E+0	1,703000E+3	0,000000E+0	0,000000E+0
883	636,000000E+0	1,677000E+3	0,000000E+0	0,000000E+0
884	642,000000E+0	1,650000E+3	0,000000E+0	0,000000E+0
885	648,000000E+0	1,624000E+3	0,000000E+0	0,000000E+0
886	656,000000E+0	1,596000E+3	0,000000E+0	0,000000E+0
887	664,000000E+0	1,568000E+3	0,000000E+0	0,000000E+0
888	674,000000E+0	1,542000E+3	0,000000E+0	0,000000E+0
889	684,000000E+0	1,516000E+3	0,000000E+0	0,000000E+0
890	695,000000E+0	1,494000E+3	0,000000E+0	0,000000E+0
891	706,000000E+0	1,475000E+3	0,000000E+0	0,000000E+0
892	716,000000E+0	1,459000E+3	0,000000E+0	0,000000E+0
893	725,000000E+0	1,448000E+3	0,000000E+0	0,000000E+0
894	735,000000E+0	1,443000E+3	0,000000E+0	0,000000E+0
895	744,000000E+0	1,442000E+3	0,000000E+0	0,000000E+0
896	752,000000E+0	1,443000E+3	0,000000E+0	0,000000E+0
897	759,000000E+0	1,445000E+3	0,000000E+0	0,000000E+0
898	766,000000E+0	1,449000E+3	0,000000E+0	0,000000E+0
899	772,000000E+0	1,451000E+3	0,000000E+0	0,000000E+0
900	777,000000E+0	1,454000E+3	0,000000E+0	0,000000E+0
901	782,000000E+0	1,456000E+3	0,000000E+0	0,000000E+0
902	787,000000E+0	1,457000E+3	0,000000E+0	0,000000E+0
903	791,000000E+0	1,458000E+3	0,000000E+0	0,000000E+0
904	793,000000E+0	1,458000E+3	0,000000E+0	0,000000E+0
905	797,000000E+0	1,459000E+3	0,000000E+0	0,000000E+0
906	800,000000E+0	1,459000E+3	0,000000E+0	0,000000E+0
907	802,000000E+0	1,459000E+3	0,000000E+0	0,000000E+0
908	805,000000E+0	1,460000E+3	0,000000E+0	0,000000E+0
909	807,000000E+0	1,460000E+3	0,000000E+0	0,000000E+0
910	809,000000E+0	1,461000E+3	0,000000E+0	0,000000E+0
911	810,000000E+0	1,461000E+3	0,000000E+0	0,000000E+0
912	810,000000E+0	1,461000E+3	0,000000E+0	0,000000E+0
913	811,000000E+0	1,461000E+3	0,000000E+0	0,000000E+0
914	812,000000E+0	1,461000E+3	0,000000E+0	0,000000E+0
915	813,000000E+0	1,461000E+3	0,000000E+0	0,000000E+0
916	815,000000E+0	1,461000E+3	0,000000E+0	0,000000E+0
917	817,000000E+0	1,461000E+3	0,000000E+0	0,000000E+0
918	818,000000E+0	1,461000E+3	0,000000E+0	0,000000E+0
919	819,000000E+0	1,461000E+3	0,000000E+0	0,000000E+0
920	820,000000E+0	1,461000E+3	0,000000E+0	0,000000E+0
921	821,000000E+0	1,462000E+3	0,000000E+0	0,000000E+0
922	822,000000E+0	1,461000E+3	0,000000E+0	0,000000E+0
923	823,000000E+0	1,461000E+3	0,000000E+0	0,000000E+0
924	823,000000E+0	1,461000E+3	0,000000E+0	0,000000E+0
925	823,000000E+0	1,461000E+3	0,000000E+0	0,000000E+0
926	823,000000E+0	1,461000E+3	0,000000E+0	0,000000E+0
927	823,000000E+0	1,461000E+3	0,000000E+0	0,000000E+0
928	824,000000E+0	1,461000E+3	0,000000E+0	0,000000E+0
929	824,000000E+0	1,461000E+3	0,000000E+0	0,000000E+0
930	825,000000E+0	1,461000E+3	0,000000E+0	0,000000E+0
931	825,000000E+0	1,461000E+3	0,000000E+0	0,000000E+0
932	828,000000E+0	1,461000E+3	0,000000E+0	0,000000E+0
933	829,000000E+0	1,461000E+3	0,000000E+0	0,000000E+0
934	832,000000E+0	1,461000E+3	0,000000E+0	0,000000E+0
935	835,000000E+0	1,461000E+3	0,000000E+0	0,000000E+0
936	838,000000E+0	1,461000E+3	0,000000E+0	0,000000E+0
937	840,000000E+0	1,461000E+3	0,000000E+0	0,000000E+0
938	842,000000E+0	1,461000E+3	0,000000E+0	0,000000E+0
939	845,000000E+0	1,461000E+3	0,000000E+0	0,000000E+0
940	849,000000E+0	1,459000E+3	0,000000E+0	0,000000E+0
941	853,000000E+0	1,458000E+3	0,000000E+0	0,000000E+0
942	859,000000E+0	1,455000E+3	0,000000E+0	0,000000E+0
943	865,000000E+0	1,452000E+3	0,000000E+0	0,000000E+0
944	874,000000E+0	1,448000E+3	0,000000E+0	0,000000E+0
945	883,000000E+0	1,443000E+3	0,000000E+0	0,000000E+0
946	892,000000E+0	1,439000E+3	0,000000E+0	0,000000E+0
947	901,000000E+0	1,436000E+3	0,000000E+0	0,000000E+0
948	907,000000E+0	1,438000E+3	0,000000E+0	0,000000E+0
949	914,000000E+0	1,442000E+3	0,000000E+0	0,000000E+0
950	915,000000E+0	1,453000E+3	0,000000E+0	0,000000E+0
951	916,000000E+0	1,467000E+3	0,000000E+0	0,000000E+0
952	915,000000E+0	1,488000E+3	0,000000E+0	0,000000E+0
953	910,000000E+0	1,509000E+3	0,000000E+0	0,000000E+0
954	902,000000E+0	1,537000E+3	0,000000E+0	0,000000E+0
955	893,000000E+0	1,562000E+3	0,000000E+0	0,000000E+0
956	881,000000E+0	1,590000E+3	0,000000E+0	0,000000E+0
957	868,000000E+0	1,617000E+3	0,000000E+0	0,000000E+0
958	854,000000E+0	1,645000E+3	0,000000E+0	0,000000E+0
959	839,000000E+0	1,670000E+3	0,000000E+0	0,000000E+0
960	822,000000E+0	1,697000E+3	0,000000E+0	0,000000E+0
961	806,000000E+0	1,720000E+3	0,000000E+0	0,000000E+0
962	789,000000E+0	1,742000E+3	0,000000E+0	0,000000E+0
963	773,000000E+0	1,763000E+3	0,000000E+0	0,000000E+0
964	758,000000E+0	1,781000E+3	0,000000E+0	0,000000E+0
965	742,000000E+0	1,797000E+3	0,000000E+0	0,000000E+0
966	726,000000E+0	1,811000E+3	0,000000E+0	0,000000E+0
967	713,000000E+0	1,821000E+3	0,000000E+0	0,000000E+0
968	699,000000E+0	1,829000E+3	0,000000E+0	0,000000E+0
969	686,000000E+0	1,835000E+3	0,000000E+0	0,000000E+0
970	674,000000E+0	1,835000E+3	0,000000E+0	0,000000E+0
971	664,000000E+0	1,835000E+3	0,000000E+0	0,000000E+0
972	655,000000E+0	1,831000E+3	0,000000E+0	0,000000E+0
973	647,000000E+0	1,826000E+3	0,000000E+0	0,000000E+0
974	641,000000E+0	1,816000E+3	0,000000E+0	0,000000E+0
975	637,000000E+0	1,804000E+3	0,000000E+0	0,000000E+0
976	634,000000E+0	1,787000E+3	0,000000E+0	0,000000E+0
977	632,000000E+0	1,770000E+3	0,000000E+0	0,000000E+0
978	632,000000E+0	1,750000E+3	0,000000E+0	0,000000E+0
979	632,000000E+0	1,727000E+3	0,000000E+0	0,000000E+0
980	633,000000E+0	1,703000E+3	0,000000E+0	0,000000E+0
981	636,000000E+0	1,678000E+3	0,000000E+0	0,000000E+0
982	641,000000E+0	1,651000E+3	0,000000E+0	0,000000E+0
983	648,000000E+0	1,625000E+3	0,000000E+0	0,000000E+0
984	656,000000E+0	1,596000E+3	0,000000E+0	0,000000E+0
985	664,000000E+0	1,569000E+3	0,000000E+0	0,000000E+0
986	674,000000E+0	1,542000E+3	0,000000E+0	0,000000E+0
987	684,000000E+0	1,516000E+3	0,000000E+0	0,000000E+0
988	695,000000E+0	1,494000E+3	0,000000E+0	0,000000E+0
989	706,000000E+0	1,475000E+3	0,000000E+0	0,000000E+0
990	716,000000E+0	1,459000E+3	0,000000E+0	0,000000E+0
991	725,000000E+0	1,448000E+3	0,000000E+0	0,000000E+0
992	734,000000E+0	1,443000E+3	0,000000E+0	0,000000E+0
993	744,000000E+0	1,442000E+3	0,000000E+0	0,000000E+0
994	752,000000E+0	1,443000E+3	0,000000E+0	0,000000E+0
995	759,000000E+0	1,445000E+3	0,000000E+0	0,000000E+0
996	766,000000E+0	1,448000E+3	0,000000E+0	0,000000E+0
997	772,000000E+0	1,451000E+3	0,000000E+0	0,000000E+0
998	777,000000E+0	1,454000E+3	0,000000E+0	0,000000E+0
999	782,000000E+0	1,456000E+3	0,000000E+0	0,000000E+0
1000	787,000000E+0	1,457000E+3	0,000000E+0	0,000000E+0
