jeudi 12 décembre 2024	17:00:45	Sampling Period : 50  ms		Experiment

t	Alpha1L		Alpha2L		Alpha1R		Alpha2R		T_Alpha1L	T_Alpha2L	T_Alpha1R	T_Alpha2R
0	0,000000E+0	0,000000E+0	0,000000E+0	0,000000E+0
1	0,000000E+0	0,000000E+0	0,000000E+0	0,000000E+0
2	0,000000E+0	0,000000E+0	0,000000E+0	0,000000E+0
3	0,000000E+0	0,000000E+0	0,000000E+0	0,000000E+0
4	0,000000E+0	2,000000E+0	0,000000E+0	0,000000E+0
5	0,000000E+0	4,000000E+0	0,000000E+0	0,000000E+0
6	0,000000E+0	6,000000E+0	0,000000E+0	0,000000E+0
7	0,000000E+0	7,000000E+0	0,000000E+0	0,000000E+0
8	0,000000E+0	8,000000E+0	0,000000E+0	0,000000E+0
9	65,535000E+3	9,000000E+0	0,000000E+0	0,000000E+0
10	65,534000E+3	9,000000E+0	0,000000E+0	0,000000E+0
11	65,534000E+3	9,000000E+0	0,000000E+0	0,000000E+0
12	65,533000E+3	9,000000E+0	0,000000E+0	0,000000E+0
13	65,532000E+3	9,000000E+0	0,000000E+0	0,000000E+0
14	65,532000E+3	9,000000E+0	0,000000E+0	0,000000E+0
15	65,532000E+3	9,000000E+0	0,000000E+0	0,000000E+0
16	65,532000E+3	9,000000E+0	0,000000E+0	0,000000E+0
17	65,532000E+3	9,000000E+0	0,000000E+0	0,000000E+0
18	65,531000E+3	8,000000E+0	0,000000E+0	0,000000E+0
19	65,532000E+3	8,000000E+0	0,000000E+0	0,000000E+0
20	65,532000E+3	8,000000E+0	0,000000E+0	0,000000E+0
21	65,532000E+3	8,000000E+0	0,000000E+0	0,000000E+0
22	65,532000E+3	9,000000E+0	0,000000E+0	0,000000E+0
23	65,532000E+3	9,000000E+0	0,000000E+0	0,000000E+0
24	65,532000E+3	9,000000E+0	0,000000E+0	0,000000E+0
25	65,533000E+3	10,000000E+0	0,000000E+0	0,000000E+0
26	65,533000E+3	10,000000E+0	0,000000E+0	0,000000E+0
27	65,532000E+3	10,000000E+0	0,000000E+0	0,000000E+0
28	65,532000E+3	9,000000E+0	0,000000E+0	0,000000E+0
29	65,532000E+3	9,000000E+0	0,000000E+0	0,000000E+0
30	65,532000E+3	9,000000E+0	0,000000E+0	0,000000E+0
31	65,532000E+3	8,000000E+0	0,000000E+0	0,000000E+0
32	65,532000E+3	8,000000E+0	0,000000E+0	0,000000E+0
33	65,532000E+3	8,000000E+0	0,000000E+0	0,000000E+0
34	65,532000E+3	8,000000E+0	0,000000E+0	0,000000E+0
35	65,532000E+3	8,000000E+0	0,000000E+0	0,000000E+0
36	65,532000E+3	9,000000E+0	0,000000E+0	0,000000E+0
37	65,532000E+3	9,000000E+0	0,000000E+0	0,000000E+0
38	65,532000E+3	10,000000E+0	0,000000E+0	0,000000E+0
39	65,532000E+3	9,000000E+0	0,000000E+0	0,000000E+0
40	65,532000E+3	9,000000E+0	0,000000E+0	0,000000E+0
41	65,533000E+3	8,000000E+0	0,000000E+0	0,000000E+0
42	65,533000E+3	8,000000E+0	0,000000E+0	0,000000E+0
43	65,533000E+3	7,000000E+0	0,000000E+0	0,000000E+0
44	65,532000E+3	7,000000E+0	0,000000E+0	0,000000E+0
45	65,532000E+3	7,000000E+0	0,000000E+0	0,000000E+0
46	65,532000E+3	7,000000E+0	0,000000E+0	0,000000E+0
47	65,533000E+3	7,000000E+0	0,000000E+0	0,000000E+0
48	65,533000E+3	8,000000E+0	0,000000E+0	0,000000E+0
49	65,533000E+3	8,000000E+0	0,000000E+0	0,000000E+0
50	65,533000E+3	8,000000E+0	0,000000E+0	0,000000E+0
51	65,533000E+3	8,000000E+0	0,000000E+0	0,000000E+0
52	65,533000E+3	8,000000E+0	0,000000E+0	0,000000E+0
53	65,533000E+3	8,000000E+0	0,000000E+0	0,000000E+0
54	65,533000E+3	8,000000E+0	0,000000E+0	0,000000E+0
55	65,533000E+3	8,000000E+0	0,000000E+0	0,000000E+0
56	65,533000E+3	8,000000E+0	0,000000E+0	0,000000E+0
57	65,533000E+3	8,000000E+0	0,000000E+0	0,000000E+0
58	65,533000E+3	8,000000E+0	0,000000E+0	0,000000E+0
59	65,533000E+3	8,000000E+0	0,000000E+0	0,000000E+0
60	65,533000E+3	8,000000E+0	0,000000E+0	0,000000E+0
61	65,533000E+3	8,000000E+0	0,000000E+0	0,000000E+0
62	65,533000E+3	9,000000E+0	0,000000E+0	0,000000E+0
63	65,533000E+3	8,000000E+0	0,000000E+0	0,000000E+0
64	65,533000E+3	8,000000E+0	0,000000E+0	0,000000E+0
65	65,533000E+3	8,000000E+0	0,000000E+0	0,000000E+0
66	65,533000E+3	8,000000E+0	0,000000E+0	0,000000E+0
67	65,533000E+3	8,000000E+0	0,000000E+0	0,000000E+0
68	65,533000E+3	7,000000E+0	0,000000E+0	0,000000E+0
69	65,533000E+3	7,000000E+0	0,000000E+0	0,000000E+0
70	65,533000E+3	7,000000E+0	0,000000E+0	0,000000E+0
71	65,533000E+3	7,000000E+0	0,000000E+0	0,000000E+0
72	65,533000E+3	7,000000E+0	0,000000E+0	0,000000E+0
73	65,533000E+3	7,000000E+0	0,000000E+0	0,000000E+0
74	65,533000E+3	7,000000E+0	0,000000E+0	0,000000E+0
75	65,533000E+3	7,000000E+0	0,000000E+0	0,000000E+0
76	65,533000E+3	7,000000E+0	0,000000E+0	0,000000E+0
77	65,533000E+3	7,000000E+0	0,000000E+0	0,000000E+0
78	65,533000E+3	7,000000E+0	0,000000E+0	0,000000E+0
79	65,533000E+3	7,000000E+0	0,000000E+0	0,000000E+0
80	65,533000E+3	7,000000E+0	0,000000E+0	0,000000E+0
81	65,533000E+3	7,000000E+0	0,000000E+0	0,000000E+0
82	65,533000E+3	7,000000E+0	0,000000E+0	0,000000E+0
83	65,533000E+3	6,000000E+0	0,000000E+0	0,000000E+0
84	65,533000E+3	6,000000E+0	0,000000E+0	0,000000E+0
85	65,533000E+3	6,000000E+0	0,000000E+0	0,000000E+0
86	65,533000E+3	7,000000E+0	0,000000E+0	0,000000E+0
87	65,533000E+3	7,000000E+0	0,000000E+0	0,000000E+0
88	65,533000E+3	7,000000E+0	0,000000E+0	0,000000E+0
89	65,534000E+3	7,000000E+0	0,000000E+0	0,000000E+0
90	65,534000E+3	7,000000E+0	0,000000E+0	0,000000E+0
91	65,534000E+3	7,000000E+0	0,000000E+0	0,000000E+0
92	65,534000E+3	7,000000E+0	0,000000E+0	0,000000E+0
93	65,534000E+3	7,000000E+0	0,000000E+0	0,000000E+0
94	65,533000E+3	7,000000E+0	0,000000E+0	0,000000E+0
95	65,533000E+3	7,000000E+0	0,000000E+0	0,000000E+0
96	65,533000E+3	7,000000E+0	0,000000E+0	0,000000E+0
97	65,533000E+3	7,000000E+0	0,000000E+0	0,000000E+0
98	65,533000E+3	7,000000E+0	0,000000E+0	0,000000E+0
99	65,533000E+3	7,000000E+0	0,000000E+0	0,000000E+0
100	65,533000E+3	7,000000E+0	0,000000E+0	0,000000E+0
101	65,533000E+3	6,000000E+0	0,000000E+0	0,000000E+0
102	65,533000E+3	6,000000E+0	0,000000E+0	0,000000E+0
103	65,533000E+3	6,000000E+0	0,000000E+0	0,000000E+0
104	65,533000E+3	6,000000E+0	0,000000E+0	0,000000E+0
105	65,534000E+3	6,000000E+0	0,000000E+0	0,000000E+0
106	65,534000E+3	6,000000E+0	0,000000E+0	0,000000E+0
107	65,534000E+3	6,000000E+0	0,000000E+0	0,000000E+0
108	65,534000E+3	6,000000E+0	0,000000E+0	0,000000E+0
109	65,534000E+3	6,000000E+0	0,000000E+0	0,000000E+0
110	65,534000E+3	7,000000E+0	0,000000E+0	0,000000E+0
111	65,534000E+3	6,000000E+0	0,000000E+0	0,000000E+0
112	65,534000E+3	6,000000E+0	0,000000E+0	0,000000E+0
113	65,534000E+3	6,000000E+0	0,000000E+0	0,000000E+0
114	65,534000E+3	6,000000E+0	0,000000E+0	0,000000E+0
115	65,534000E+3	6,000000E+0	0,000000E+0	0,000000E+0
116	65,534000E+3	6,000000E+0	0,000000E+0	0,000000E+0
117	65,533000E+3	6,000000E+0	0,000000E+0	0,000000E+0
118	65,533000E+3	6,000000E+0	0,000000E+0	0,000000E+0
119	65,533000E+3	6,000000E+0	0,000000E+0	0,000000E+0
120	65,533000E+3	6,000000E+0	0,000000E+0	0,000000E+0
121	65,533000E+3	6,000000E+0	0,000000E+0	0,000000E+0
122	65,534000E+3	6,000000E+0	0,000000E+0	0,000000E+0
123	65,534000E+3	6,000000E+0	0,000000E+0	0,000000E+0
124	65,534000E+3	6,000000E+0	0,000000E+0	0,000000E+0
125	65,534000E+3	6,000000E+0	0,000000E+0	0,000000E+0
126	65,534000E+3	6,000000E+0	0,000000E+0	0,000000E+0
127	65,534000E+3	6,000000E+0	0,000000E+0	0,000000E+0
128	65,534000E+3	6,000000E+0	0,000000E+0	0,000000E+0
129	65,534000E+3	5,000000E+0	0,000000E+0	0,000000E+0
130	65,534000E+3	5,000000E+0	0,000000E+0	0,000000E+0
131	65,534000E+3	5,000000E+0	0,000000E+0	0,000000E+0
132	65,533000E+3	6,000000E+0	0,000000E+0	0,000000E+0
133	65,534000E+3	6,000000E+0	0,000000E+0	0,000000E+0
134	65,534000E+3	6,000000E+0	0,000000E+0	0,000000E+0
135	65,534000E+3	5,000000E+0	0,000000E+0	0,000000E+0
136	65,534000E+3	5,000000E+0	0,000000E+0	0,000000E+0
137	65,534000E+3	5,000000E+0	0,000000E+0	0,000000E+0
138	65,534000E+3	6,000000E+0	0,000000E+0	0,000000E+0
139	65,534000E+3	6,000000E+0	0,000000E+0	0,000000E+0
140	65,534000E+3	6,000000E+0	0,000000E+0	0,000000E+0
141	65,534000E+3	5,000000E+0	0,000000E+0	0,000000E+0
142	65,534000E+3	5,000000E+0	0,000000E+0	0,000000E+0
143	65,534000E+3	5,000000E+0	0,000000E+0	0,000000E+0
144	65,534000E+3	5,000000E+0	0,000000E+0	0,000000E+0
145	65,534000E+3	5,000000E+0	0,000000E+0	0,000000E+0
146	65,534000E+3	5,000000E+0	0,000000E+0	0,000000E+0
147	65,534000E+3	5,000000E+0	0,000000E+0	0,000000E+0
148	65,534000E+3	5,000000E+0	0,000000E+0	0,000000E+0
149	65,534000E+3	5,000000E+0	0,000000E+0	0,000000E+0
150	65,533000E+3	5,000000E+0	0,000000E+0	0,000000E+0
151	65,533000E+3	5,000000E+0	0,000000E+0	0,000000E+0
152	65,534000E+3	5,000000E+0	0,000000E+0	0,000000E+0
153	65,534000E+3	5,000000E+0	0,000000E+0	0,000000E+0
154	65,534000E+3	5,000000E+0	0,000000E+0	0,000000E+0
155	65,534000E+3	4,000000E+0	0,000000E+0	0,000000E+0
156	65,534000E+3	4,000000E+0	0,000000E+0	0,000000E+0
157	65,534000E+3	4,000000E+0	0,000000E+0	0,000000E+0
158	65,534000E+3	4,000000E+0	0,000000E+0	0,000000E+0
159	65,534000E+3	4,000000E+0	0,000000E+0	0,000000E+0
160	65,534000E+3	4,000000E+0	0,000000E+0	0,000000E+0
161	65,534000E+3	4,000000E+0	0,000000E+0	0,000000E+0
162	65,534000E+3	4,000000E+0	0,000000E+0	0,000000E+0
163	65,534000E+3	4,000000E+0	0,000000E+0	0,000000E+0
164	65,534000E+3	4,000000E+0	0,000000E+0	0,000000E+0
165	65,535000E+3	4,000000E+0	0,000000E+0	0,000000E+0
166	65,535000E+3	4,000000E+0	0,000000E+0	0,000000E+0
167	65,535000E+3	4,000000E+0	0,000000E+0	0,000000E+0
168	65,534000E+3	4,000000E+0	0,000000E+0	0,000000E+0
169	65,534000E+3	4,000000E+0	0,000000E+0	0,000000E+0
170	65,534000E+3	4,000000E+0	0,000000E+0	0,000000E+0
171	65,535000E+3	4,000000E+0	0,000000E+0	0,000000E+0
172	65,535000E+3	4,000000E+0	0,000000E+0	0,000000E+0
173	65,535000E+3	4,000000E+0	0,000000E+0	0,000000E+0
174	65,534000E+3	3,000000E+0	0,000000E+0	0,000000E+0
175	65,534000E+3	3,000000E+0	0,000000E+0	0,000000E+0
176	65,535000E+3	4,000000E+0	0,000000E+0	0,000000E+0
177	65,535000E+3	4,000000E+0	0,000000E+0	0,000000E+0
178	65,535000E+3	4,000000E+0	0,000000E+0	0,000000E+0
179	65,534000E+3	4,000000E+0	0,000000E+0	0,000000E+0
180	65,534000E+3	4,000000E+0	0,000000E+0	0,000000E+0
181	65,534000E+3	3,000000E+0	0,000000E+0	0,000000E+0
182	65,534000E+3	3,000000E+0	0,000000E+0	0,000000E+0
183	65,534000E+3	3,000000E+0	0,000000E+0	0,000000E+0
184	65,535000E+3	3,000000E+0	0,000000E+0	0,000000E+0
185	65,535000E+3	3,000000E+0	0,000000E+0	0,000000E+0
186	65,535000E+3	3,000000E+0	0,000000E+0	0,000000E+0
187	65,535000E+3	3,000000E+0	0,000000E+0	0,000000E+0
188	65,535000E+3	4,000000E+0	0,000000E+0	0,000000E+0
189	65,535000E+3	4,000000E+0	0,000000E+0	0,000000E+0
190	65,535000E+3	4,000000E+0	0,000000E+0	0,000000E+0
191	65,535000E+3	3,000000E+0	0,000000E+0	0,000000E+0
192	65,535000E+3	3,000000E+0	0,000000E+0	0,000000E+0
193	65,535000E+3	2,000000E+0	0,000000E+0	0,000000E+0
194	65,535000E+3	3,000000E+0	0,000000E+0	0,000000E+0
195	65,535000E+3	3,000000E+0	0,000000E+0	0,000000E+0
196	65,535000E+3	3,000000E+0	0,000000E+0	0,000000E+0
197	65,535000E+3	3,000000E+0	0,000000E+0	0,000000E+0
198	65,535000E+3	3,000000E+0	0,000000E+0	0,000000E+0
199	65,535000E+3	3,000000E+0	0,000000E+0	0,000000E+0
200	65,535000E+3	3,000000E+0	0,000000E+0	0,000000E+0
201	65,535000E+3	3,000000E+0	0,000000E+0	0,000000E+0
202	65,535000E+3	3,000000E+0	0,000000E+0	0,000000E+0
203	65,535000E+3	3,000000E+0	0,000000E+0	0,000000E+0
204	65,535000E+3	3,000000E+0	0,000000E+0	0,000000E+0
205	0,000000E+0	2,000000E+0	0,000000E+0	0,000000E+0
206	0,000000E+0	2,000000E+0	0,000000E+0	0,000000E+0
207	0,000000E+0	2,000000E+0	0,000000E+0	0,000000E+0
208	65,535000E+3	2,000000E+0	0,000000E+0	0,000000E+0
209	65,535000E+3	2,000000E+0	0,000000E+0	0,000000E+0
210	65,535000E+3	2,000000E+0	0,000000E+0	0,000000E+0
211	65,535000E+3	2,000000E+0	0,000000E+0	0,000000E+0
212	65,535000E+3	2,000000E+0	0,000000E+0	0,000000E+0
213	0,000000E+0	2,000000E+0	0,000000E+0	0,000000E+0
214	0,000000E+0	2,000000E+0	0,000000E+0	0,000000E+0
215	0,000000E+0	2,000000E+0	0,000000E+0	0,000000E+0
216	0,000000E+0	2,000000E+0	0,000000E+0	0,000000E+0
217	0,000000E+0	2,000000E+0	0,000000E+0	0,000000E+0
218	0,000000E+0	2,000000E+0	0,000000E+0	0,000000E+0
219	0,000000E+0	1,000000E+0	0,000000E+0	0,000000E+0
220	0,000000E+0	1,000000E+0	0,000000E+0	0,000000E+0
221	65,535000E+3	1,000000E+0	0,000000E+0	0,000000E+0
222	65,535000E+3	1,000000E+0	0,000000E+0	0,000000E+0
223	65,535000E+3	2,000000E+0	0,000000E+0	0,000000E+0
224	65,535000E+3	1,000000E+0	0,000000E+0	0,000000E+0
225	65,535000E+3	1,000000E+0	0,000000E+0	0,000000E+0
226	65,535000E+3	1,000000E+0	0,000000E+0	0,000000E+0
227	0,000000E+0	1,000000E+0	0,000000E+0	0,000000E+0
228	0,000000E+0	1,000000E+0	0,000000E+0	0,000000E+0
229	0,000000E+0	1,000000E+0	0,000000E+0	0,000000E+0
230	0,000000E+0	1,000000E+0	0,000000E+0	0,000000E+0
231	0,000000E+0	1,000000E+0	0,000000E+0	0,000000E+0
232	0,000000E+0	1,000000E+0	0,000000E+0	0,000000E+0
233	0,000000E+0	0,000000E+0	0,000000E+0	0,000000E+0
234	0,000000E+0	0,000000E+0	0,000000E+0	0,000000E+0
235	0,000000E+0	0,000000E+0	0,000000E+0	0,000000E+0
236	0,000000E+0	0,000000E+0	0,000000E+0	0,000000E+0
237	0,000000E+0	0,000000E+0	0,000000E+0	0,000000E+0
238	0,000000E+0	1,000000E+0	0,000000E+0	0,000000E+0
239	0,000000E+0	1,000000E+0	0,000000E+0	0,000000E+0
240	0,000000E+0	1,000000E+0	0,000000E+0	0,000000E+0
241	0,000000E+0	1,000000E+0	0,000000E+0	0,000000E+0
242	0,000000E+0	1,000000E+0	0,000000E+0	0,000000E+0
243	0,000000E+0	0,000000E+0	0,000000E+0	0,000000E+0
244	0,000000E+0	0,000000E+0	0,000000E+0	0,000000E+0
245	0,000000E+0	0,000000E+0	0,000000E+0	0,000000E+0
246	0,000000E+0	0,000000E+0	0,000000E+0	0,000000E+0
247	0,000000E+0	0,000000E+0	0,000000E+0	0,000000E+0
248	0,000000E+0	0,000000E+0	0,000000E+0	0,000000E+0
249	0,000000E+0	0,000000E+0	0,000000E+0	0,000000E+0
250	0,000000E+0	0,000000E+0	0,000000E+0	0,000000E+0
251	0,000000E+0	0,000000E+0	0,000000E+0	0,000000E+0
252	0,000000E+0	0,000000E+0	0,000000E+0	0,000000E+0
253	0,000000E+0	0,000000E+0	0,000000E+0	0,000000E+0
254	0,000000E+0	0,000000E+0	0,000000E+0	0,000000E+0
255	0,000000E+0	0,000000E+0	0,000000E+0	0,000000E+0
256	0,000000E+0	0,000000E+0	0,000000E+0	0,000000E+0
257	0,000000E+0	0,000000E+0	0,000000E+0	0,000000E+0
258	0,000000E+0	0,000000E+0	0,000000E+0	0,000000E+0
259	0,000000E+0	0,000000E+0	0,000000E+0	0,000000E+0
260	0,000000E+0	0,000000E+0	0,000000E+0	0,000000E+0
261	0,000000E+0	0,000000E+0	0,000000E+0	0,000000E+0
262	0,000000E+0	0,000000E+0	0,000000E+0	0,000000E+0
263	0,000000E+0	0,000000E+0	0,000000E+0	0,000000E+0
264	0,000000E+0	0,000000E+0	0,000000E+0	0,000000E+0
265	0,000000E+0	0,000000E+0	0,000000E+0	0,000000E+0
266	0,000000E+0	0,000000E+0	0,000000E+0	0,000000E+0
267	0,000000E+0	0,000000E+0	0,000000E+0	0,000000E+0
268	0,000000E+0	0,000000E+0	0,000000E+0	0,000000E+0
269	0,000000E+0	0,000000E+0	0,000000E+0	0,000000E+0
270	0,000000E+0	0,000000E+0	0,000000E+0	0,000000E+0
271	0,000000E+0	0,000000E+0	0,000000E+0	0,000000E+0
272	0,000000E+0	0,000000E+0	0,000000E+0	0,000000E+0
273	0,000000E+0	0,000000E+0	0,000000E+0	0,000000E+0
274	0,000000E+0	0,000000E+0	0,000000E+0	0,000000E+0
275	0,000000E+0	0,000000E+0	0,000000E+0	0,000000E+0
276	0,000000E+0	0,000000E+0	0,000000E+0	0,000000E+0
277	0,000000E+0	0,000000E+0	0,000000E+0	0,000000E+0
278	0,000000E+0	0,000000E+0	0,000000E+0	0,000000E+0
279	0,000000E+0	0,000000E+0	0,000000E+0	0,000000E+0
280	0,000000E+0	0,000000E+0	0,000000E+0	0,000000E+0
281	0,000000E+0	0,000000E+0	0,000000E+0	0,000000E+0
282	0,000000E+0	0,000000E+0	0,000000E+0	0,000000E+0
283	0,000000E+0	0,000000E+0	0,000000E+0	0,000000E+0
284	0,000000E+0	0,000000E+0	0,000000E+0	0,000000E+0
285	0,000000E+0	0,000000E+0	0,000000E+0	0,000000E+0
286	0,000000E+0	0,000000E+0	0,000000E+0	0,000000E+0
287	0,000000E+0	0,000000E+0	0,000000E+0	0,000000E+0
288	0,000000E+0	0,000000E+0	0,000000E+0	0,000000E+0
289	0,000000E+0	0,000000E+0	0,000000E+0	0,000000E+0
290	0,000000E+0	0,000000E+0	0,000000E+0	0,000000E+0
291	0,000000E+0	0,000000E+0	0,000000E+0	0,000000E+0
292	0,000000E+0	0,000000E+0	0,000000E+0	0,000000E+0
293	0,000000E+0	0,000000E+0	0,000000E+0	0,000000E+0
294	0,000000E+0	0,000000E+0	0,000000E+0	0,000000E+0
295	0,000000E+0	0,000000E+0	0,000000E+0	0,000000E+0
296	0,000000E+0	0,000000E+0	0,000000E+0	0,000000E+0
297	0,000000E+0	0,000000E+0	0,000000E+0	0,000000E+0
298	0,000000E+0	0,000000E+0	0,000000E+0	0,000000E+0
299	0,000000E+0	0,000000E+0	0,000000E+0	0,000000E+0
300	0,000000E+0	0,000000E+0	0,000000E+0	0,000000E+0
301	0,000000E+0	0,000000E+0	0,000000E+0	0,000000E+0
302	0,000000E+0	0,000000E+0	0,000000E+0	0,000000E+0
303	0,000000E+0	0,000000E+0	0,000000E+0	0,000000E+0
304	0,000000E+0	0,000000E+0	0,000000E+0	0,000000E+0
305	0,000000E+0	0,000000E+0	0,000000E+0	0,000000E+0
306	0,000000E+0	0,000000E+0	0,000000E+0	0,000000E+0
307	0,000000E+0	0,000000E+0	0,000000E+0	0,000000E+0
308	0,000000E+0	0,000000E+0	0,000000E+0	0,000000E+0
309	0,000000E+0	0,000000E+0	0,000000E+0	0,000000E+0
310	0,000000E+0	0,000000E+0	0,000000E+0	0,000000E+0
311	0,000000E+0	0,000000E+0	0,000000E+0	0,000000E+0
312	0,000000E+0	0,000000E+0	0,000000E+0	0,000000E+0
313	0,000000E+0	0,000000E+0	0,000000E+0	0,000000E+0
314	0,000000E+0	0,000000E+0	0,000000E+0	0,000000E+0
315	0,000000E+0	0,000000E+0	0,000000E+0	0,000000E+0
316	0,000000E+0	0,000000E+0	0,000000E+0	0,000000E+0
317	0,000000E+0	0,000000E+0	0,000000E+0	0,000000E+0
318	0,000000E+0	0,000000E+0	0,000000E+0	0,000000E+0
319	0,000000E+0	0,000000E+0	0,000000E+0	0,000000E+0
320	0,000000E+0	0,000000E+0	0,000000E+0	0,000000E+0
321	0,000000E+0	0,000000E+0	0,000000E+0	0,000000E+0
322	0,000000E+0	0,000000E+0	0,000000E+0	0,000000E+0
323	0,000000E+0	0,000000E+0	0,000000E+0	0,000000E+0
324	0,000000E+0	0,000000E+0	0,000000E+0	0,000000E+0
325	0,000000E+0	0,000000E+0	0,000000E+0	0,000000E+0
326	0,000000E+0	0,000000E+0	0,000000E+0	0,000000E+0
327	0,000000E+0	0,000000E+0	0,000000E+0	0,000000E+0
328	0,000000E+0	0,000000E+0	0,000000E+0	0,000000E+0
329	0,000000E+0	0,000000E+0	0,000000E+0	0,000000E+0
330	0,000000E+0	0,000000E+0	0,000000E+0	0,000000E+0
331	0,000000E+0	0,000000E+0	0,000000E+0	0,000000E+0
332	0,000000E+0	0,000000E+0	0,000000E+0	0,000000E+0
333	0,000000E+0	0,000000E+0	0,000000E+0	0,000000E+0
334	0,000000E+0	0,000000E+0	0,000000E+0	0,000000E+0
335	0,000000E+0	0,000000E+0	0,000000E+0	0,000000E+0
336	0,000000E+0	0,000000E+0	0,000000E+0	0,000000E+0
337	0,000000E+0	0,000000E+0	0,000000E+0	0,000000E+0
338	0,000000E+0	0,000000E+0	0,000000E+0	0,000000E+0
339	0,000000E+0	0,000000E+0	0,000000E+0	0,000000E+0
340	0,000000E+0	0,000000E+0	0,000000E+0	0,000000E+0
341	0,000000E+0	0,000000E+0	0,000000E+0	0,000000E+0
342	0,000000E+0	0,000000E+0	0,000000E+0	0,000000E+0
343	0,000000E+0	0,000000E+0	0,000000E+0	0,000000E+0
344	0,000000E+0	0,000000E+0	0,000000E+0	0,000000E+0
345	0,000000E+0	0,000000E+0	0,000000E+0	0,000000E+0
346	0,000000E+0	0,000000E+0	0,000000E+0	0,000000E+0
347	0,000000E+0	0,000000E+0	0,000000E+0	0,000000E+0
348	0,000000E+0	0,000000E+0	0,000000E+0	0,000000E+0
349	0,000000E+0	0,000000E+0	0,000000E+0	0,000000E+0
350	0,000000E+0	0,000000E+0	0,000000E+0	0,000000E+0
351	0,000000E+0	0,000000E+0	0,000000E+0	0,000000E+0
352	0,000000E+0	0,000000E+0	0,000000E+0	0,000000E+0
353	0,000000E+0	0,000000E+0	0,000000E+0	0,000000E+0
354	0,000000E+0	0,000000E+0	0,000000E+0	0,000000E+0
355	0,000000E+0	0,000000E+0	0,000000E+0	0,000000E+0
356	0,000000E+0	0,000000E+0	0,000000E+0	0,000000E+0
357	0,000000E+0	0,000000E+0	0,000000E+0	0,000000E+0
358	0,000000E+0	0,000000E+0	0,000000E+0	0,000000E+0
359	0,000000E+0	0,000000E+0	0,000000E+0	0,000000E+0
360	0,000000E+0	0,000000E+0	0,000000E+0	0,000000E+0
361	0,000000E+0	0,000000E+0	0,000000E+0	0,000000E+0
362	0,000000E+0	0,000000E+0	0,000000E+0	0,000000E+0
363	0,000000E+0	0,000000E+0	0,000000E+0	0,000000E+0
364	0,000000E+0	0,000000E+0	0,000000E+0	0,000000E+0
365	0,000000E+0	0,000000E+0	0,000000E+0	0,000000E+0
366	0,000000E+0	0,000000E+0	0,000000E+0	0,000000E+0
367	0,000000E+0	0,000000E+0	0,000000E+0	0,000000E+0
368	0,000000E+0	0,000000E+0	0,000000E+0	0,000000E+0
369	0,000000E+0	0,000000E+0	0,000000E+0	0,000000E+0
370	0,000000E+0	0,000000E+0	0,000000E+0	0,000000E+0
371	0,000000E+0	0,000000E+0	0,000000E+0	0,000000E+0
372	0,000000E+0	0,000000E+0	0,000000E+0	0,000000E+0
373	0,000000E+0	0,000000E+0	0,000000E+0	0,000000E+0
374	0,000000E+0	0,000000E+0	0,000000E+0	0,000000E+0
375	0,000000E+0	0,000000E+0	0,000000E+0	0,000000E+0
376	0,000000E+0	0,000000E+0	0,000000E+0	0,000000E+0
377	0,000000E+0	0,000000E+0	0,000000E+0	0,000000E+0
378	0,000000E+0	0,000000E+0	0,000000E+0	0,000000E+0
379	0,000000E+0	0,000000E+0	0,000000E+0	0,000000E+0
380	0,000000E+0	0,000000E+0	0,000000E+0	0,000000E+0
381	0,000000E+0	0,000000E+0	0,000000E+0	0,000000E+0
382	0,000000E+0	0,000000E+0	0,000000E+0	0,000000E+0
383	0,000000E+0	0,000000E+0	0,000000E+0	0,000000E+0
384	0,000000E+0	0,000000E+0	0,000000E+0	0,000000E+0
385	0,000000E+0	0,000000E+0	0,000000E+0	0,000000E+0
386	0,000000E+0	0,000000E+0	0,000000E+0	0,000000E+0
387	0,000000E+0	0,000000E+0	0,000000E+0	0,000000E+0
388	0,000000E+0	0,000000E+0	0,000000E+0	0,000000E+0
389	0,000000E+0	0,000000E+0	0,000000E+0	0,000000E+0
390	0,000000E+0	0,000000E+0	0,000000E+0	0,000000E+0
391	0,000000E+0	0,000000E+0	0,000000E+0	0,000000E+0
392	0,000000E+0	0,000000E+0	0,000000E+0	0,000000E+0
393	0,000000E+0	0,000000E+0	0,000000E+0	0,000000E+0
394	0,000000E+0	0,000000E+0	0,000000E+0	0,000000E+0
395	0,000000E+0	0,000000E+0	0,000000E+0	0,000000E+0
396	0,000000E+0	0,000000E+0	0,000000E+0	0,000000E+0
397	0,000000E+0	0,000000E+0	0,000000E+0	0,000000E+0
398	0,000000E+0	0,000000E+0	0,000000E+0	0,000000E+0
399	0,000000E+0	0,000000E+0	0,000000E+0	0,000000E+0
400	0,000000E+0	0,000000E+0	0,000000E+0	0,000000E+0
401	0,000000E+0	0,000000E+0	0,000000E+0	0,000000E+0
402	0,000000E+0	0,000000E+0	0,000000E+0	0,000000E+0
403	0,000000E+0	0,000000E+0	0,000000E+0	0,000000E+0
404	0,000000E+0	0,000000E+0	0,000000E+0	0,000000E+0
405	0,000000E+0	0,000000E+0	0,000000E+0	0,000000E+0
406	0,000000E+0	0,000000E+0	0,000000E+0	0,000000E+0
407	0,000000E+0	0,000000E+0	0,000000E+0	0,000000E+0
408	0,000000E+0	0,000000E+0	0,000000E+0	0,000000E+0
409	0,000000E+0	0,000000E+0	0,000000E+0	0,000000E+0
410	0,000000E+0	0,000000E+0	0,000000E+0	0,000000E+0
411	0,000000E+0	0,000000E+0	0,000000E+0	0,000000E+0
412	0,000000E+0	0,000000E+0	0,000000E+0	0,000000E+0
413	0,000000E+0	0,000000E+0	0,000000E+0	0,000000E+0
414	0,000000E+0	0,000000E+0	0,000000E+0	0,000000E+0
415	0,000000E+0	0,000000E+0	0,000000E+0	0,000000E+0
416	0,000000E+0	0,000000E+0	0,000000E+0	0,000000E+0
417	0,000000E+0	0,000000E+0	0,000000E+0	0,000000E+0
418	0,000000E+0	0,000000E+0	0,000000E+0	0,000000E+0
419	0,000000E+0	0,000000E+0	0,000000E+0	0,000000E+0
420	0,000000E+0	0,000000E+0	0,000000E+0	0,000000E+0
421	0,000000E+0	0,000000E+0	0,000000E+0	0,000000E+0
422	0,000000E+0	0,000000E+0	0,000000E+0	0,000000E+0
423	0,000000E+0	0,000000E+0	0,000000E+0	0,000000E+0
424	0,000000E+0	0,000000E+0	0,000000E+0	0,000000E+0
425	0,000000E+0	0,000000E+0	0,000000E+0	0,000000E+0
426	0,000000E+0	0,000000E+0	0,000000E+0	0,000000E+0
427	0,000000E+0	0,000000E+0	0,000000E+0	0,000000E+0
428	0,000000E+0	0,000000E+0	0,000000E+0	0,000000E+0
429	0,000000E+0	0,000000E+0	0,000000E+0	0,000000E+0
430	0,000000E+0	0,000000E+0	0,000000E+0	0,000000E+0
431	0,000000E+0	0,000000E+0	0,000000E+0	0,000000E+0
432	0,000000E+0	0,000000E+0	0,000000E+0	0,000000E+0
433	0,000000E+0	0,000000E+0	0,000000E+0	0,000000E+0
434	0,000000E+0	0,000000E+0	0,000000E+0	0,000000E+0
435	0,000000E+0	0,000000E+0	0,000000E+0	0,000000E+0
436	0,000000E+0	0,000000E+0	0,000000E+0	0,000000E+0
437	0,000000E+0	0,000000E+0	0,000000E+0	0,000000E+0
438	0,000000E+0	0,000000E+0	0,000000E+0	0,000000E+0
439	0,000000E+0	0,000000E+0	0,000000E+0	0,000000E+0
440	0,000000E+0	0,000000E+0	0,000000E+0	0,000000E+0
441	0,000000E+0	0,000000E+0	0,000000E+0	0,000000E+0
442	0,000000E+0	0,000000E+0	0,000000E+0	0,000000E+0
443	0,000000E+0	0,000000E+0	0,000000E+0	0,000000E+0
444	0,000000E+0	0,000000E+0	0,000000E+0	0,000000E+0
445	0,000000E+0	0,000000E+0	0,000000E+0	0,000000E+0
446	0,000000E+0	0,000000E+0	0,000000E+0	0,000000E+0
447	0,000000E+0	0,000000E+0	0,000000E+0	0,000000E+0
448	0,000000E+0	0,000000E+0	0,000000E+0	0,000000E+0
449	0,000000E+0	0,000000E+0	0,000000E+0	0,000000E+0
450	0,000000E+0	0,000000E+0	0,000000E+0	0,000000E+0
451	0,000000E+0	0,000000E+0	0,000000E+0	0,000000E+0
452	0,000000E+0	0,000000E+0	0,000000E+0	0,000000E+0
453	0,000000E+0	0,000000E+0	0,000000E+0	0,000000E+0
454	0,000000E+0	0,000000E+0	0,000000E+0	0,000000E+0
455	0,000000E+0	0,000000E+0	0,000000E+0	0,000000E+0
456	0,000000E+0	0,000000E+0	0,000000E+0	0,000000E+0
457	0,000000E+0	0,000000E+0	0,000000E+0	0,000000E+0
458	0,000000E+0	0,000000E+0	0,000000E+0	0,000000E+0
459	0,000000E+0	0,000000E+0	0,000000E+0	0,000000E+0
460	0,000000E+0	0,000000E+0	0,000000E+0	0,000000E+0
461	0,000000E+0	0,000000E+0	0,000000E+0	0,000000E+0
462	0,000000E+0	0,000000E+0	0,000000E+0	0,000000E+0
463	0,000000E+0	0,000000E+0	0,000000E+0	0,000000E+0
464	0,000000E+0	0,000000E+0	0,000000E+0	0,000000E+0
465	0,000000E+0	0,000000E+0	0,000000E+0	0,000000E+0
466	0,000000E+0	0,000000E+0	0,000000E+0	0,000000E+0
467	0,000000E+0	0,000000E+0	0,000000E+0	0,000000E+0
468	0,000000E+0	0,000000E+0	0,000000E+0	0,000000E+0
469	0,000000E+0	0,000000E+0	0,000000E+0	0,000000E+0
470	0,000000E+0	0,000000E+0	0,000000E+0	0,000000E+0
471	0,000000E+0	0,000000E+0	0,000000E+0	0,000000E+0
472	0,000000E+0	0,000000E+0	0,000000E+0	0,000000E+0
473	0,000000E+0	0,000000E+0	0,000000E+0	0,000000E+0
474	0,000000E+0	0,000000E+0	0,000000E+0	0,000000E+0
475	0,000000E+0	0,000000E+0	0,000000E+0	0,000000E+0
476	0,000000E+0	0,000000E+0	0,000000E+0	0,000000E+0
477	0,000000E+0	0,000000E+0	0,000000E+0	0,000000E+0
478	0,000000E+0	0,000000E+0	0,000000E+0	0,000000E+0
479	0,000000E+0	0,000000E+0	0,000000E+0	0,000000E+0
480	0,000000E+0	0,000000E+0	0,000000E+0	0,000000E+0
481	0,000000E+0	0,000000E+0	0,000000E+0	0,000000E+0
482	0,000000E+0	0,000000E+0	0,000000E+0	0,000000E+0
483	0,000000E+0	0,000000E+0	0,000000E+0	0,000000E+0
484	0,000000E+0	0,000000E+0	0,000000E+0	0,000000E+0
485	0,000000E+0	0,000000E+0	0,000000E+0	0,000000E+0
486	0,000000E+0	0,000000E+0	0,000000E+0	0,000000E+0
487	0,000000E+0	0,000000E+0	0,000000E+0	0,000000E+0
488	0,000000E+0	0,000000E+0	0,000000E+0	0,000000E+0
489	0,000000E+0	0,000000E+0	0,000000E+0	0,000000E+0
490	0,000000E+0	0,000000E+0	0,000000E+0	0,000000E+0
491	0,000000E+0	0,000000E+0	0,000000E+0	0,000000E+0
492	0,000000E+0	0,000000E+0	0,000000E+0	0,000000E+0
493	0,000000E+0	0,000000E+0	0,000000E+0	0,000000E+0
494	0,000000E+0	0,000000E+0	0,000000E+0	0,000000E+0
495	0,000000E+0	0,000000E+0	0,000000E+0	0,000000E+0
496	0,000000E+0	0,000000E+0	0,000000E+0	0,000000E+0
497	0,000000E+0	0,000000E+0	0,000000E+0	0,000000E+0
498	0,000000E+0	0,000000E+0	0,000000E+0	0,000000E+0
499	0,000000E+0	0,000000E+0	0,000000E+0	0,000000E+0
500	0,000000E+0	0,000000E+0	0,000000E+0	0,000000E+0
501	0,000000E+0	0,000000E+0	0,000000E+0	0,000000E+0
502	0,000000E+0	0,000000E+0	0,000000E+0	0,000000E+0
503	0,000000E+0	0,000000E+0	0,000000E+0	0,000000E+0
504	0,000000E+0	0,000000E+0	0,000000E+0	0,000000E+0
505	0,000000E+0	0,000000E+0	0,000000E+0	0,000000E+0
506	0,000000E+0	0,000000E+0	0,000000E+0	0,000000E+0
507	0,000000E+0	0,000000E+0	0,000000E+0	0,000000E+0
508	0,000000E+0	0,000000E+0	0,000000E+0	0,000000E+0
509	0,000000E+0	0,000000E+0	0,000000E+0	0,000000E+0
510	0,000000E+0	0,000000E+0	0,000000E+0	0,000000E+0
511	0,000000E+0	0,000000E+0	0,000000E+0	0,000000E+0
512	0,000000E+0	0,000000E+0	0,000000E+0	0,000000E+0
513	0,000000E+0	0,000000E+0	0,000000E+0	0,000000E+0
514	0,000000E+0	0,000000E+0	0,000000E+0	0,000000E+0
515	0,000000E+0	0,000000E+0	0,000000E+0	0,000000E+0
516	0,000000E+0	0,000000E+0	0,000000E+0	0,000000E+0
517	0,000000E+0	0,000000E+0	0,000000E+0	0,000000E+0
518	0,000000E+0	0,000000E+0	0,000000E+0	0,000000E+0
519	0,000000E+0	0,000000E+0	0,000000E+0	0,000000E+0
520	0,000000E+0	0,000000E+0	0,000000E+0	0,000000E+0
521	0,000000E+0	0,000000E+0	0,000000E+0	0,000000E+0
522	0,000000E+0	0,000000E+0	0,000000E+0	0,000000E+0
523	0,000000E+0	0,000000E+0	0,000000E+0	0,000000E+0
524	0,000000E+0	0,000000E+0	0,000000E+0	0,000000E+0
525	0,000000E+0	0,000000E+0	0,000000E+0	0,000000E+0
526	0,000000E+0	0,000000E+0	0,000000E+0	0,000000E+0
527	0,000000E+0	0,000000E+0	0,000000E+0	0,000000E+0
528	0,000000E+0	0,000000E+0	0,000000E+0	0,000000E+0
529	0,000000E+0	0,000000E+0	0,000000E+0	0,000000E+0
530	0,000000E+0	0,000000E+0	0,000000E+0	0,000000E+0
531	0,000000E+0	0,000000E+0	0,000000E+0	0,000000E+0
532	0,000000E+0	0,000000E+0	0,000000E+0	0,000000E+0
533	0,000000E+0	0,000000E+0	0,000000E+0	0,000000E+0
534	0,000000E+0	0,000000E+0	0,000000E+0	0,000000E+0
535	0,000000E+0	0,000000E+0	0,000000E+0	0,000000E+0
536	0,000000E+0	0,000000E+0	0,000000E+0	0,000000E+0
537	0,000000E+0	0,000000E+0	0,000000E+0	0,000000E+0
538	0,000000E+0	0,000000E+0	0,000000E+0	0,000000E+0
539	1,000000E+0	0,000000E+0	0,000000E+0	0,000000E+0
540	1,000000E+0	0,000000E+0	0,000000E+0	0,000000E+0
541	1,000000E+0	0,000000E+0	0,000000E+0	0,000000E+0
542	2,000000E+0	0,000000E+0	0,000000E+0	0,000000E+0
543	1,000000E+0	0,000000E+0	0,000000E+0	0,000000E+0
544	2,000000E+0	0,000000E+0	0,000000E+0	0,000000E+0
545	4,000000E+0	0,000000E+0	0,000000E+0	0,000000E+0
546	6,000000E+0	0,000000E+0	0,000000E+0	0,000000E+0
547	8,000000E+0	0,000000E+0	0,000000E+0	0,000000E+0
548	10,000000E+0	0,000000E+0	0,000000E+0	0,000000E+0
549	12,000000E+0	65,535000E+3	0,000000E+0	0,000000E+0
550	14,000000E+0	65,534000E+3	0,000000E+0	0,000000E+0
551	16,000000E+0	65,532000E+3	0,000000E+0	0,000000E+0
552	19,000000E+0	65,529000E+3	0,000000E+0	0,000000E+0
553	21,000000E+0	65,526000E+3	0,000000E+0	0,000000E+0
554	25,000000E+0	65,523000E+3	0,000000E+0	0,000000E+0
555	27,000000E+0	65,523000E+3	0,000000E+0	0,000000E+0
556	27,000000E+0	65,526000E+3	0,000000E+0	0,000000E+0
557	25,000000E+0	65,532000E+3	0,000000E+0	0,000000E+0
558	20,000000E+0	6,000000E+0	0,000000E+0	0,000000E+0
559	14,000000E+0	18,000000E+0	0,000000E+0	0,000000E+0
560	7,000000E+0	34,000000E+0	0,000000E+0	0,000000E+0
561	1,000000E+0	46,000000E+0	0,000000E+0	0,000000E+0
562	65,529000E+3	61,000000E+0	0,000000E+0	0,000000E+0
563	65,522000E+3	69,000000E+0	0,000000E+0	0,000000E+0
564	65,514000E+3	80,000000E+0	0,000000E+0	0,000000E+0
565	65,507000E+3	83,000000E+0	0,000000E+0	0,000000E+0
566	65,499000E+3	88,000000E+0	0,000000E+0	0,000000E+0
567	65,494000E+3	86,000000E+0	0,000000E+0	0,000000E+0
568	65,490000E+3	87,000000E+0	0,000000E+0	0,000000E+0
569	65,488000E+3	82,000000E+0	0,000000E+0	0,000000E+0
570	65,485000E+3	81,000000E+0	0,000000E+0	0,000000E+0
571	65,485000E+3	75,000000E+0	0,000000E+0	0,000000E+0
572	65,485000E+3	72,000000E+0	0,000000E+0	0,000000E+0
573	65,486000E+3	64,000000E+0	0,000000E+0	0,000000E+0
574	65,486000E+3	58,000000E+0	0,000000E+0	0,000000E+0
575	65,488000E+3	50,000000E+0	0,000000E+0	0,000000E+0
576	65,490000E+3	43,000000E+0	0,000000E+0	0,000000E+0
577	65,492000E+3	33,000000E+0	0,000000E+0	0,000000E+0
578	65,494000E+3	24,000000E+0	0,000000E+0	0,000000E+0
579	65,497000E+3	15,000000E+0	0,000000E+0	0,000000E+0
580	65,500000E+3	6,000000E+0	0,000000E+0	0,000000E+0
581	65,504000E+3	65,535000E+3	0,000000E+0	0,000000E+0
582	65,508000E+3	65,525000E+3	0,000000E+0	0,000000E+0
583	65,512000E+3	65,517000E+3	0,000000E+0	0,000000E+0
584	65,517000E+3	65,505000E+3	0,000000E+0	0,000000E+0
585	65,522000E+3	65,497000E+3	0,000000E+0	0,000000E+0
586	65,527000E+3	65,485000E+3	0,000000E+0	0,000000E+0
587	65,531000E+3	65,480000E+3	0,000000E+0	0,000000E+0
588	65,535000E+3	65,470000E+3	0,000000E+0	0,000000E+0
589	1,000000E+0	65,468000E+3	0,000000E+0	0,000000E+0
590	5,000000E+0	65,460000E+3	0,000000E+0	0,000000E+0
591	8,000000E+0	65,459000E+3	0,000000E+0	0,000000E+0
592	15,000000E+0	65,451000E+3	0,000000E+0	0,000000E+0
593	19,000000E+0	65,452000E+3	0,000000E+0	0,000000E+0
594	24,000000E+0	65,446000E+3	0,000000E+0	0,000000E+0
595	27,000000E+0	65,451000E+3	0,000000E+0	0,000000E+0
596	30,000000E+0	65,450000E+3	0,000000E+0	0,000000E+0
597	31,000000E+0	65,458000E+3	0,000000E+0	0,000000E+0
598	33,000000E+0	65,463000E+3	0,000000E+0	0,000000E+0
599	32,000000E+0	65,475000E+3	0,000000E+0	0,000000E+0
600	32,000000E+0	65,487000E+3	0,000000E+0	0,000000E+0
601	30,000000E+0	65,503000E+3	0,000000E+0	0,000000E+0
602	29,000000E+0	65,517000E+3	0,000000E+0	0,000000E+0
603	26,000000E+0	65,529000E+3	0,000000E+0	0,000000E+0
604	25,000000E+0	1,000000E+0	0,000000E+0	0,000000E+0
605	22,000000E+0	6,000000E+0	0,000000E+0	0,000000E+0
606	21,000000E+0	8,000000E+0	0,000000E+0	0,000000E+0
607	19,000000E+0	8,000000E+0	0,000000E+0	0,000000E+0
608	18,000000E+0	7,000000E+0	0,000000E+0	0,000000E+0
609	16,000000E+0	6,000000E+0	0,000000E+0	0,000000E+0
610	13,000000E+0	4,000000E+0	0,000000E+0	0,000000E+0
611	12,000000E+0	3,000000E+0	0,000000E+0	0,000000E+0
612	10,000000E+0	2,000000E+0	0,000000E+0	0,000000E+0
613	10,000000E+0	1,000000E+0	0,000000E+0	0,000000E+0
614	9,000000E+0	1,000000E+0	0,000000E+0	0,000000E+0
615	9,000000E+0	1,000000E+0	0,000000E+0	0,000000E+0
616	8,000000E+0	0,000000E+0	0,000000E+0	0,000000E+0
617	6,000000E+0	0,000000E+0	0,000000E+0	0,000000E+0
618	4,000000E+0	0,000000E+0	0,000000E+0	0,000000E+0
619	2,000000E+0	0,000000E+0	0,000000E+0	0,000000E+0
620	2,000000E+0	0,000000E+0	0,000000E+0	0,000000E+0
621	2,000000E+0	0,000000E+0	0,000000E+0	0,000000E+0
622	3,000000E+0	0,000000E+0	0,000000E+0	0,000000E+0
623	4,000000E+0	0,000000E+0	0,000000E+0	0,000000E+0
624	4,000000E+0	0,000000E+0	0,000000E+0	0,000000E+0
625	4,000000E+0	0,000000E+0	0,000000E+0	0,000000E+0
626	4,000000E+0	0,000000E+0	0,000000E+0	0,000000E+0
627	3,000000E+0	0,000000E+0	0,000000E+0	0,000000E+0
628	3,000000E+0	0,000000E+0	0,000000E+0	0,000000E+0
629	3,000000E+0	0,000000E+0	0,000000E+0	0,000000E+0
630	2,000000E+0	0,000000E+0	0,000000E+0	0,000000E+0
631	1,000000E+0	0,000000E+0	0,000000E+0	0,000000E+0
632	1,000000E+0	0,000000E+0	0,000000E+0	0,000000E+0
633	0,000000E+0	0,000000E+0	0,000000E+0	0,000000E+0
634	0,000000E+0	0,000000E+0	0,000000E+0	0,000000E+0
635	0,000000E+0	0,000000E+0	0,000000E+0	0,000000E+0
636	0,000000E+0	0,000000E+0	0,000000E+0	0,000000E+0
637	1,000000E+0	0,000000E+0	0,000000E+0	0,000000E+0
638	2,000000E+0	0,000000E+0	0,000000E+0	0,000000E+0
639	3,000000E+0	0,000000E+0	0,000000E+0	0,000000E+0
640	5,000000E+0	0,000000E+0	0,000000E+0	0,000000E+0
641	6,000000E+0	0,000000E+0	0,000000E+0	0,000000E+0
642	7,000000E+0	0,000000E+0	0,000000E+0	0,000000E+0
643	7,000000E+0	0,000000E+0	0,000000E+0	0,000000E+0
644	7,000000E+0	0,000000E+0	0,000000E+0	0,000000E+0
645	8,000000E+0	0,000000E+0	0,000000E+0	0,000000E+0
646	9,000000E+0	0,000000E+0	0,000000E+0	0,000000E+0
647	10,000000E+0	65,535000E+3	0,000000E+0	0,000000E+0
648	13,000000E+0	65,533000E+3	0,000000E+0	0,000000E+0
649	15,000000E+0	65,532000E+3	0,000000E+0	0,000000E+0
650	19,000000E+0	65,528000E+3	0,000000E+0	0,000000E+0
651	22,000000E+0	65,525000E+3	0,000000E+0	0,000000E+0
652	26,000000E+0	65,523000E+3	0,000000E+0	0,000000E+0
653	27,000000E+0	65,523000E+3	0,000000E+0	0,000000E+0
654	28,000000E+0	65,526000E+3	0,000000E+0	0,000000E+0
655	26,000000E+0	65,532000E+3	0,000000E+0	0,000000E+0
656	21,000000E+0	6,000000E+0	0,000000E+0	0,000000E+0
657	15,000000E+0	18,000000E+0	0,000000E+0	0,000000E+0
658	8,000000E+0	34,000000E+0	0,000000E+0	0,000000E+0
659	1,000000E+0	46,000000E+0	0,000000E+0	0,000000E+0
660	65,530000E+3	61,000000E+0	0,000000E+0	0,000000E+0
661	65,522000E+3	70,000000E+0	0,000000E+0	0,000000E+0
662	65,513000E+3	80,000000E+0	0,000000E+0	0,000000E+0
663	65,506000E+3	82,000000E+0	0,000000E+0	0,000000E+0
664	65,499000E+3	87,000000E+0	0,000000E+0	0,000000E+0
665	65,494000E+3	85,000000E+0	0,000000E+0	0,000000E+0
666	65,489000E+3	87,000000E+0	0,000000E+0	0,000000E+0
667	65,487000E+3	82,000000E+0	0,000000E+0	0,000000E+0
668	65,485000E+3	82,000000E+0	0,000000E+0	0,000000E+0
669	65,485000E+3	75,000000E+0	0,000000E+0	0,000000E+0
670	65,484000E+3	72,000000E+0	0,000000E+0	0,000000E+0
671	65,486000E+3	64,000000E+0	0,000000E+0	0,000000E+0
672	65,486000E+3	59,000000E+0	0,000000E+0	0,000000E+0
673	65,488000E+3	50,000000E+0	0,000000E+0	0,000000E+0
674	65,490000E+3	43,000000E+0	0,000000E+0	0,000000E+0
675	65,492000E+3	33,000000E+0	0,000000E+0	0,000000E+0
676	65,494000E+3	25,000000E+0	0,000000E+0	0,000000E+0
677	65,497000E+3	15,000000E+0	0,000000E+0	0,000000E+0
678	65,504000E+3	65,535000E+3	0,000000E+0	0,000000E+0
679	65,504000E+3	65,535000E+3	0,000000E+0	0,000000E+0
680	65,508000E+3	65,525000E+3	0,000000E+0	0,000000E+0
681	65,512000E+3	65,517000E+3	0,000000E+0	0,000000E+0
682	65,517000E+3	65,505000E+3	0,000000E+0	0,000000E+0
683	65,522000E+3	65,497000E+3	0,000000E+0	0,000000E+0
684	65,526000E+3	65,485000E+3	0,000000E+0	0,000000E+0
685	65,530000E+3	65,480000E+3	0,000000E+0	0,000000E+0
686	65,534000E+3	65,470000E+3	0,000000E+0	0,000000E+0
687	1,000000E+0	65,468000E+3	0,000000E+0	0,000000E+0
688	5,000000E+0	65,460000E+3	0,000000E+0	0,000000E+0
689	9,000000E+0	65,459000E+3	0,000000E+0	0,000000E+0
690	15,000000E+0	65,451000E+3	0,000000E+0	0,000000E+0
691	19,000000E+0	65,452000E+3	0,000000E+0	0,000000E+0
692	24,000000E+0	65,446000E+3	0,000000E+0	0,000000E+0
693	27,000000E+0	65,451000E+3	0,000000E+0	0,000000E+0
694	30,000000E+0	65,451000E+3	0,000000E+0	0,000000E+0
695	31,000000E+0	65,458000E+3	0,000000E+0	0,000000E+0
696	33,000000E+0	65,462000E+3	0,000000E+0	0,000000E+0
697	32,000000E+0	65,475000E+3	0,000000E+0	0,000000E+0
698	32,000000E+0	65,487000E+3	0,000000E+0	0,000000E+0
699	30,000000E+0	65,502000E+3	0,000000E+0	0,000000E+0
700	29,000000E+0	65,517000E+3	0,000000E+0	0,000000E+0
701	26,000000E+0	65,529000E+3	0,000000E+0	0,000000E+0
702	25,000000E+0	1,000000E+0	0,000000E+0	0,000000E+0
703	23,000000E+0	6,000000E+0	0,000000E+0	0,000000E+0
704	21,000000E+0	8,000000E+0	0,000000E+0	0,000000E+0
705	19,000000E+0	8,000000E+0	0,000000E+0	0,000000E+0
706	17,000000E+0	7,000000E+0	0,000000E+0	0,000000E+0
707	16,000000E+0	6,000000E+0	0,000000E+0	0,000000E+0
708	13,000000E+0	4,000000E+0	0,000000E+0	0,000000E+0
709	12,000000E+0	3,000000E+0	0,000000E+0	0,000000E+0
710	10,000000E+0	1,000000E+0	0,000000E+0	0,000000E+0
711	10,000000E+0	1,000000E+0	0,000000E+0	0,000000E+0
712	9,000000E+0	1,000000E+0	0,000000E+0	0,000000E+0
713	9,000000E+0	1,000000E+0	0,000000E+0	0,000000E+0
714	7,000000E+0	0,000000E+0	0,000000E+0	0,000000E+0
715	6,000000E+0	0,000000E+0	0,000000E+0	0,000000E+0
716	4,000000E+0	0,000000E+0	0,000000E+0	0,000000E+0
717	2,000000E+0	0,000000E+0	0,000000E+0	0,000000E+0
718	2,000000E+0	0,000000E+0	0,000000E+0	0,000000E+0
719	2,000000E+0	0,000000E+0	0,000000E+0	0,000000E+0
720	3,000000E+0	0,000000E+0	0,000000E+0	0,000000E+0
721	4,000000E+0	0,000000E+0	0,000000E+0	0,000000E+0
722	4,000000E+0	0,000000E+0	0,000000E+0	0,000000E+0
723	4,000000E+0	0,000000E+0	0,000000E+0	0,000000E+0
724	4,000000E+0	0,000000E+0	0,000000E+0	0,000000E+0
725	3,000000E+0	0,000000E+0	0,000000E+0	0,000000E+0
726	2,000000E+0	0,000000E+0	0,000000E+0	0,000000E+0
727	2,000000E+0	0,000000E+0	0,000000E+0	0,000000E+0
728	2,000000E+0	0,000000E+0	0,000000E+0	0,000000E+0
729	2,000000E+0	0,000000E+0	0,000000E+0	0,000000E+0
730	1,000000E+0	0,000000E+0	0,000000E+0	0,000000E+0
731	1,000000E+0	0,000000E+0	0,000000E+0	0,000000E+0
732	0,000000E+0	0,000000E+0	0,000000E+0	0,000000E+0
733	0,000000E+0	0,000000E+0	0,000000E+0	0,000000E+0
734	0,000000E+0	0,000000E+0	0,000000E+0	0,000000E+0
735	1,000000E+0	0,000000E+0	0,000000E+0	0,000000E+0
736	2,000000E+0	0,000000E+0	0,000000E+0	0,000000E+0
737	3,000000E+0	0,000000E+0	0,000000E+0	0,000000E+0
738	5,000000E+0	0,000000E+0	0,000000E+0	0,000000E+0
739	6,000000E+0	0,000000E+0	0,000000E+0	0,000000E+0
740	7,000000E+0	0,000000E+0	0,000000E+0	0,000000E+0
741	7,000000E+0	0,000000E+0	0,000000E+0	0,000000E+0
742	7,000000E+0	0,000000E+0	0,000000E+0	0,000000E+0
743	7,000000E+0	0,000000E+0	0,000000E+0	0,000000E+0
744	8,000000E+0	0,000000E+0	0,000000E+0	0,000000E+0
745	10,000000E+0	65,535000E+3	0,000000E+0	0,000000E+0
746	13,000000E+0	65,533000E+3	0,000000E+0	0,000000E+0
747	15,000000E+0	65,532000E+3	0,000000E+0	0,000000E+0
748	19,000000E+0	65,528000E+3	0,000000E+0	0,000000E+0
749	22,000000E+0	65,526000E+3	0,000000E+0	0,000000E+0
750	26,000000E+0	65,523000E+3	0,000000E+0	0,000000E+0
751	27,000000E+0	65,523000E+3	0,000000E+0	0,000000E+0
752	28,000000E+0	65,526000E+3	0,000000E+0	0,000000E+0
753	26,000000E+0	65,532000E+3	0,000000E+0	0,000000E+0
754	21,000000E+0	6,000000E+0	0,000000E+0	0,000000E+0
755	15,000000E+0	17,000000E+0	0,000000E+0	0,000000E+0
756	8,000000E+0	33,000000E+0	0,000000E+0	0,000000E+0
757	1,000000E+0	46,000000E+0	0,000000E+0	0,000000E+0
758	65,529000E+3	61,000000E+0	0,000000E+0	0,000000E+0
759	65,522000E+3	69,000000E+0	0,000000E+0	0,000000E+0
760	65,512000E+3	80,000000E+0	0,000000E+0	0,000000E+0
761	65,506000E+3	82,000000E+0	0,000000E+0	0,000000E+0
762	65,499000E+3	87,000000E+0	0,000000E+0	0,000000E+0
763	65,494000E+3	85,000000E+0	0,000000E+0	0,000000E+0
764	65,489000E+3	87,000000E+0	0,000000E+0	0,000000E+0
765	65,487000E+3	83,000000E+0	0,000000E+0	0,000000E+0
766	65,485000E+3	82,000000E+0	0,000000E+0	0,000000E+0
767	65,485000E+3	75,000000E+0	0,000000E+0	0,000000E+0
768	65,485000E+3	72,000000E+0	0,000000E+0	0,000000E+0
769	65,486000E+3	64,000000E+0	0,000000E+0	0,000000E+0
770	65,487000E+3	59,000000E+0	0,000000E+0	0,000000E+0
771	65,489000E+3	50,000000E+0	0,000000E+0	0,000000E+0
772	65,489000E+3	43,000000E+0	0,000000E+0	0,000000E+0
773	65,492000E+3	34,000000E+0	0,000000E+0	0,000000E+0
774	65,494000E+3	25,000000E+0	0,000000E+0	0,000000E+0
775	65,497000E+3	15,000000E+0	0,000000E+0	0,000000E+0
776	65,500000E+3	6,000000E+0	0,000000E+0	0,000000E+0
777	65,504000E+3	65,535000E+3	0,000000E+0	0,000000E+0
778	65,508000E+3	65,525000E+3	0,000000E+0	0,000000E+0
779	65,513000E+3	65,516000E+3	0,000000E+0	0,000000E+0
780	65,517000E+3	65,505000E+3	0,000000E+0	0,000000E+0
781	65,522000E+3	65,497000E+3	0,000000E+0	0,000000E+0
782	65,526000E+3	65,485000E+3	0,000000E+0	0,000000E+0
783	65,530000E+3	65,480000E+3	0,000000E+0	0,000000E+0
784	65,534000E+3	65,470000E+3	0,000000E+0	0,000000E+0
785	1,000000E+0	65,468000E+3	0,000000E+0	0,000000E+0
786	5,000000E+0	65,459000E+3	0,000000E+0	0,000000E+0
787	9,000000E+0	65,458000E+3	0,000000E+0	0,000000E+0
788	15,000000E+0	65,451000E+3	0,000000E+0	0,000000E+0
789	19,000000E+0	65,452000E+3	0,000000E+0	0,000000E+0
790	24,000000E+0	65,446000E+3	0,000000E+0	0,000000E+0
791	27,000000E+0	65,451000E+3	0,000000E+0	0,000000E+0
792	30,000000E+0	65,451000E+3	0,000000E+0	0,000000E+0
793	31,000000E+0	65,458000E+3	0,000000E+0	0,000000E+0
794	33,000000E+0	65,463000E+3	0,000000E+0	0,000000E+0
795	32,000000E+0	65,475000E+3	0,000000E+0	0,000000E+0
796	32,000000E+0	65,487000E+3	0,000000E+0	0,000000E+0
797	30,000000E+0	65,502000E+3	0,000000E+0	0,000000E+0
798	29,000000E+0	65,517000E+3	0,000000E+0	0,000000E+0
799	26,000000E+0	65,529000E+3	0,000000E+0	0,000000E+0
800	25,000000E+0	1,000000E+0	0,000000E+0	0,000000E+0
801	23,000000E+0	6,000000E+0	0,000000E+0	0,000000E+0
802	21,000000E+0	8,000000E+0	0,000000E+0	0,000000E+0
803	19,000000E+0	8,000000E+0	0,000000E+0	0,000000E+0
804	17,000000E+0	7,000000E+0	0,000000E+0	0,000000E+0
805	16,000000E+0	6,000000E+0	0,000000E+0	0,000000E+0
806	14,000000E+0	4,000000E+0	0,000000E+0	0,000000E+0
807	12,000000E+0	3,000000E+0	0,000000E+0	0,000000E+0
808	11,000000E+0	1,000000E+0	0,000000E+0	0,000000E+0
809	10,000000E+0	1,000000E+0	0,000000E+0	0,000000E+0
810	9,000000E+0	1,000000E+0	0,000000E+0	0,000000E+0
811	9,000000E+0	1,000000E+0	0,000000E+0	0,000000E+0
812	7,000000E+0	0,000000E+0	0,000000E+0	0,000000E+0
813	6,000000E+0	0,000000E+0	0,000000E+0	0,000000E+0
814	4,000000E+0	0,000000E+0	0,000000E+0	0,000000E+0
815	2,000000E+0	0,000000E+0	0,000000E+0	0,000000E+0
816	2,000000E+0	0,000000E+0	0,000000E+0	0,000000E+0
817	2,000000E+0	0,000000E+0	0,000000E+0	0,000000E+0
818	3,000000E+0	0,000000E+0	0,000000E+0	0,000000E+0
819	4,000000E+0	0,000000E+0	0,000000E+0	0,000000E+0
820	4,000000E+0	0,000000E+0	0,000000E+0	0,000000E+0
821	4,000000E+0	0,000000E+0	0,000000E+0	0,000000E+0
822	4,000000E+0	0,000000E+0	0,000000E+0	0,000000E+0
823	3,000000E+0	0,000000E+0	0,000000E+0	0,000000E+0
824	3,000000E+0	0,000000E+0	0,000000E+0	0,000000E+0
825	2,000000E+0	0,000000E+0	0,000000E+0	0,000000E+0
826	2,000000E+0	0,000000E+0	0,000000E+0	0,000000E+0
827	1,000000E+0	0,000000E+0	0,000000E+0	0,000000E+0
828	1,000000E+0	0,000000E+0	0,000000E+0	0,000000E+0
829	1,000000E+0	0,000000E+0	0,000000E+0	0,000000E+0
830	0,000000E+0	0,000000E+0	0,000000E+0	0,000000E+0
831	0,000000E+0	0,000000E+0	0,000000E+0	0,000000E+0
832	0,000000E+0	0,000000E+0	0,000000E+0	0,000000E+0
833	1,000000E+0	0,000000E+0	0,000000E+0	0,000000E+0
834	2,000000E+0	0,000000E+0	0,000000E+0	0,000000E+0
835	3,000000E+0	0,000000E+0	0,000000E+0	0,000000E+0
836	5,000000E+0	0,000000E+0	0,000000E+0	0,000000E+0
837	6,000000E+0	0,000000E+0	0,000000E+0	0,000000E+0
838	8,000000E+0	0,000000E+0	0,000000E+0	0,000000E+0
839	7,000000E+0	0,000000E+0	0,000000E+0	0,000000E+0
840	7,000000E+0	0,000000E+0	0,000000E+0	0,000000E+0
841	7,000000E+0	0,000000E+0	0,000000E+0	0,000000E+0
842	8,000000E+0	0,000000E+0	0,000000E+0	0,000000E+0
843	10,000000E+0	65,535000E+3	0,000000E+0	0,000000E+0
844	13,000000E+0	65,533000E+3	0,000000E+0	0,000000E+0
845	15,000000E+0	65,532000E+3	0,000000E+0	0,000000E+0
846	19,000000E+0	65,528000E+3	0,000000E+0	0,000000E+0
847	22,000000E+0	65,526000E+3	0,000000E+0	0,000000E+0
848	26,000000E+0	65,523000E+3	0,000000E+0	0,000000E+0
849	27,000000E+0	65,523000E+3	0,000000E+0	0,000000E+0
850	28,000000E+0	65,526000E+3	0,000000E+0	0,000000E+0
851	26,000000E+0	65,532000E+3	0,000000E+0	0,000000E+0
852	21,000000E+0	6,000000E+0	0,000000E+0	0,000000E+0
853	15,000000E+0	18,000000E+0	0,000000E+0	0,000000E+0
854	8,000000E+0	34,000000E+0	0,000000E+0	0,000000E+0
855	1,000000E+0	46,000000E+0	0,000000E+0	0,000000E+0
856	65,529000E+3	62,000000E+0	0,000000E+0	0,000000E+0
857	65,522000E+3	69,000000E+0	0,000000E+0	0,000000E+0
858	65,512000E+3	80,000000E+0	0,000000E+0	0,000000E+0
859	65,506000E+3	82,000000E+0	0,000000E+0	0,000000E+0
860	65,499000E+3	87,000000E+0	0,000000E+0	0,000000E+0
861	65,494000E+3	85,000000E+0	0,000000E+0	0,000000E+0
862	65,489000E+3	87,000000E+0	0,000000E+0	0,000000E+0
863	65,487000E+3	83,000000E+0	0,000000E+0	0,000000E+0
864	65,485000E+3	82,000000E+0	0,000000E+0	0,000000E+0
865	65,485000E+3	75,000000E+0	0,000000E+0	0,000000E+0
866	65,485000E+3	72,000000E+0	0,000000E+0	0,000000E+0
867	65,486000E+3	64,000000E+0	0,000000E+0	0,000000E+0
868	65,487000E+3	59,000000E+0	0,000000E+0	0,000000E+0
869	65,489000E+3	50,000000E+0	0,000000E+0	0,000000E+0
870	65,490000E+3	43,000000E+0	0,000000E+0	0,000000E+0
871	65,492000E+3	34,000000E+0	0,000000E+0	0,000000E+0
872	65,494000E+3	25,000000E+0	0,000000E+0	0,000000E+0
873	65,497000E+3	15,000000E+0	0,000000E+0	0,000000E+0
874	65,500000E+3	6,000000E+0	0,000000E+0	0,000000E+0
875	65,504000E+3	65,535000E+3	0,000000E+0	0,000000E+0
876	65,508000E+3	65,525000E+3	0,000000E+0	0,000000E+0
877	65,512000E+3	65,517000E+3	0,000000E+0	0,000000E+0
878	65,517000E+3	65,505000E+3	0,000000E+0	0,000000E+0
879	65,521000E+3	65,497000E+3	0,000000E+0	0,000000E+0
880	65,526000E+3	65,486000E+3	0,000000E+0	0,000000E+0
881	65,530000E+3	65,480000E+3	0,000000E+0	0,000000E+0
882	65,534000E+3	65,470000E+3	0,000000E+0	0,000000E+0
883	1,000000E+0	65,468000E+3	0,000000E+0	0,000000E+0
884	5,000000E+0	65,459000E+3	0,000000E+0	0,000000E+0
885	9,000000E+0	65,458000E+3	0,000000E+0	0,000000E+0
886	15,000000E+0	65,450000E+3	0,000000E+0	0,000000E+0
887	19,000000E+0	65,452000E+3	0,000000E+0	0,000000E+0
888	24,000000E+0	65,447000E+3	0,000000E+0	0,000000E+0
889	27,000000E+0	65,452000E+3	0,000000E+0	0,000000E+0
890	30,000000E+0	65,451000E+3	0,000000E+0	0,000000E+0
891	31,000000E+0	65,458000E+3	0,000000E+0	0,000000E+0
892	33,000000E+0	65,462000E+3	0,000000E+0	0,000000E+0
893	33,000000E+0	65,475000E+3	0,000000E+0	0,000000E+0
894	32,000000E+0	65,487000E+3	0,000000E+0	0,000000E+0
895	30,000000E+0	65,503000E+3	0,000000E+0	0,000000E+0
896	28,000000E+0	65,517000E+3	0,000000E+0	0,000000E+0
897	26,000000E+0	65,529000E+3	0,000000E+0	0,000000E+0
898	24,000000E+0	1,000000E+0	0,000000E+0	0,000000E+0
899	23,000000E+0	6,000000E+0	0,000000E+0	0,000000E+0
900	21,000000E+0	8,000000E+0	0,000000E+0	0,000000E+0
901	19,000000E+0	8,000000E+0	0,000000E+0	0,000000E+0
902	18,000000E+0	7,000000E+0	0,000000E+0	0,000000E+0
903	16,000000E+0	6,000000E+0	0,000000E+0	0,000000E+0
904	14,000000E+0	4,000000E+0	0,000000E+0	0,000000E+0
905	12,000000E+0	3,000000E+0	0,000000E+0	0,000000E+0
906	11,000000E+0	2,000000E+0	0,000000E+0	0,000000E+0
907	10,000000E+0	1,000000E+0	0,000000E+0	0,000000E+0
908	9,000000E+0	1,000000E+0	0,000000E+0	0,000000E+0
909	9,000000E+0	1,000000E+0	0,000000E+0	0,000000E+0
910	7,000000E+0	0,000000E+0	0,000000E+0	0,000000E+0
911	6,000000E+0	0,000000E+0	0,000000E+0	0,000000E+0
912	4,000000E+0	0,000000E+0	0,000000E+0	0,000000E+0
913	2,000000E+0	0,000000E+0	0,000000E+0	0,000000E+0
914	2,000000E+0	0,000000E+0	0,000000E+0	0,000000E+0
915	2,000000E+0	0,000000E+0	0,000000E+0	0,000000E+0
916	3,000000E+0	0,000000E+0	0,000000E+0	0,000000E+0
917	4,000000E+0	0,000000E+0	0,000000E+0	0,000000E+0
918	5,000000E+0	0,000000E+0	0,000000E+0	0,000000E+0
919	5,000000E+0	0,000000E+0	0,000000E+0	0,000000E+0
920	4,000000E+0	0,000000E+0	0,000000E+0	0,000000E+0
921	3,000000E+0	0,000000E+0	0,000000E+0	0,000000E+0
922	3,000000E+0	0,000000E+0	0,000000E+0	0,000000E+0
923	2,000000E+0	0,000000E+0	0,000000E+0	0,000000E+0
924	2,000000E+0	0,000000E+0	0,000000E+0	0,000000E+0
925	1,000000E+0	0,000000E+0	0,000000E+0	0,000000E+0
926	1,000000E+0	0,000000E+0	0,000000E+0	0,000000E+0
927	1,000000E+0	0,000000E+0	0,000000E+0	0,000000E+0
928	0,000000E+0	0,000000E+0	0,000000E+0	0,000000E+0
929	0,000000E+0	0,000000E+0	0,000000E+0	0,000000E+0
930	0,000000E+0	0,000000E+0	0,000000E+0	0,000000E+0
931	1,000000E+0	0,000000E+0	0,000000E+0	0,000000E+0
932	2,000000E+0	0,000000E+0	0,000000E+0	0,000000E+0
933	3,000000E+0	0,000000E+0	0,000000E+0	0,000000E+0
934	5,000000E+0	0,000000E+0	0,000000E+0	0,000000E+0
935	6,000000E+0	0,000000E+0	0,000000E+0	0,000000E+0
936	7,000000E+0	0,000000E+0	0,000000E+0	0,000000E+0
937	7,000000E+0	0,000000E+0	0,000000E+0	0,000000E+0
938	7,000000E+0	0,000000E+0	0,000000E+0	0,000000E+0
939	7,000000E+0	0,000000E+0	0,000000E+0	0,000000E+0
940	8,000000E+0	0,000000E+0	0,000000E+0	0,000000E+0
941	10,000000E+0	65,535000E+3	0,000000E+0	0,000000E+0
942	13,000000E+0	65,533000E+3	0,000000E+0	0,000000E+0
943	15,000000E+0	65,531000E+3	0,000000E+0	0,000000E+0
944	19,000000E+0	65,528000E+3	0,000000E+0	0,000000E+0
945	22,000000E+0	65,526000E+3	0,000000E+0	0,000000E+0
946	26,000000E+0	65,523000E+3	0,000000E+0	0,000000E+0
947	27,000000E+0	65,523000E+3	0,000000E+0	0,000000E+0
948	28,000000E+0	65,526000E+3	0,000000E+0	0,000000E+0
949	26,000000E+0	65,532000E+3	0,000000E+0	0,000000E+0
950	21,000000E+0	6,000000E+0	0,000000E+0	0,000000E+0
951	15,000000E+0	17,000000E+0	0,000000E+0	0,000000E+0
952	8,000000E+0	34,000000E+0	0,000000E+0	0,000000E+0
953	1,000000E+0	46,000000E+0	0,000000E+0	0,000000E+0
954	65,530000E+3	61,000000E+0	0,000000E+0	0,000000E+0
955	65,522000E+3	69,000000E+0	0,000000E+0	0,000000E+0
956	65,513000E+3	80,000000E+0	0,000000E+0	0,000000E+0
957	65,506000E+3	82,000000E+0	0,000000E+0	0,000000E+0
958	65,499000E+3	88,000000E+0	0,000000E+0	0,000000E+0
959	65,494000E+3	85,000000E+0	0,000000E+0	0,000000E+0
960	65,489000E+3	87,000000E+0	0,000000E+0	0,000000E+0
961	65,487000E+3	82,000000E+0	0,000000E+0	0,000000E+0
962	65,485000E+3	81,000000E+0	0,000000E+0	0,000000E+0
963	65,485000E+3	75,000000E+0	0,000000E+0	0,000000E+0
964	65,485000E+3	72,000000E+0	0,000000E+0	0,000000E+0
965	65,486000E+3	64,000000E+0	0,000000E+0	0,000000E+0
966	65,486000E+3	59,000000E+0	0,000000E+0	0,000000E+0
967	65,488000E+3	50,000000E+0	0,000000E+0	0,000000E+0
968	65,489000E+3	43,000000E+0	0,000000E+0	0,000000E+0
969	65,492000E+3	34,000000E+0	0,000000E+0	0,000000E+0
970	65,494000E+3	24,000000E+0	0,000000E+0	0,000000E+0
971	65,497000E+3	15,000000E+0	0,000000E+0	0,000000E+0
972	65,500000E+3	6,000000E+0	0,000000E+0	0,000000E+0
973	65,504000E+3	65,535000E+3	0,000000E+0	0,000000E+0
974	65,508000E+3	65,525000E+3	0,000000E+0	0,000000E+0
975	65,512000E+3	65,517000E+3	0,000000E+0	0,000000E+0
976	65,517000E+3	65,505000E+3	0,000000E+0	0,000000E+0
977	65,522000E+3	65,497000E+3	0,000000E+0	0,000000E+0
978	65,526000E+3	65,485000E+3	0,000000E+0	0,000000E+0
979	65,531000E+3	65,480000E+3	0,000000E+0	0,000000E+0
980	65,534000E+3	65,470000E+3	0,000000E+0	0,000000E+0
981	1,000000E+0	65,468000E+3	0,000000E+0	0,000000E+0
982	5,000000E+0	65,460000E+3	0,000000E+0	0,000000E+0
983	8,000000E+0	65,459000E+3	0,000000E+0	0,000000E+0
984	14,000000E+0	65,451000E+3	0,000000E+0	0,000000E+0
985	19,000000E+0	65,451000E+3	0,000000E+0	0,000000E+0
986	24,000000E+0	65,446000E+3	0,000000E+0	0,000000E+0
987	27,000000E+0	65,450000E+3	0,000000E+0	0,000000E+0
988	30,000000E+0	65,450000E+3	0,000000E+0	0,000000E+0
989	31,000000E+0	65,458000E+3	0,000000E+0	0,000000E+0
990	33,000000E+0	65,463000E+3	0,000000E+0	0,000000E+0
991	32,000000E+0	65,475000E+3	0,000000E+0	0,000000E+0
992	32,000000E+0	65,487000E+3	0,000000E+0	0,000000E+0
993	30,000000E+0	65,503000E+3	0,000000E+0	0,000000E+0
994	29,000000E+0	65,517000E+3	0,000000E+0	0,000000E+0
995	26,000000E+0	65,529000E+3	0,000000E+0	0,000000E+0
996	24,000000E+0	1,000000E+0	0,000000E+0	0,000000E+0
997	22,000000E+0	6,000000E+0	0,000000E+0	0,000000E+0
998	21,000000E+0	8,000000E+0	0,000000E+0	0,000000E+0
999	19,000000E+0	8,000000E+0	0,000000E+0	0,000000E+0
1000	17,000000E+0	7,000000E+0	0,000000E+0	0,000000E+0
