0.0 0.0 0.0 0.0 0.0
0.05 -0.052830508474576265 0.18228884567146528 0.12245762711864411 -0.09531820342564265
0.1 -0.1271995555330658 0.08951217336854783 0.19559866659919745 0.0
0.15 0.0 -0.032207921147091256 0.08128207896110667 0.051165459798037216
0.2 0.0 -0.1002210247419677 0.08066807517213859 0.028617515512083247
0.25 0.0 -0.1002210247419677 0.042562545959441644 0.02824824477506882
0.3 0.01015315274478068 -0.21296074617173782 0.0044570167467447575 0.051165459798037216
0.35 0.04764467816850948 -0.19041280188578374 0.08066807517213859 0.051165459798037216
0.4 0.04703067437954139 -0.2355086904576918 0.08066807517213859 0.07408267482100583
0.45 0.04703067437954139 -0.2355086904576918 0.11815960059586739 0.07371340408399124
0.5 0.04703067437954139 -0.2580566347436459 0.11877360438483542 0.050796189061022845
0.55 0.046416670590573306 -0.21185293396069438 0.08066807517213859 0.005331029752100258
0.6 0.046416670590573306 -0.27949676681855645 0.08066807517213859 0.05042691832400831
0.65 0.008311141377876474 -0.32533119686449347 0.19375665523229307 0.0275097033010398
0.7 0.0 -0.3475098704134329 0.11815960059586739 0.0726055918729478
0.75 0.0 -0.3245926553904645 0.11815960059586739 0.1177014804448559
0.8 -0.05098849710767195 -0.35036173457441194 0.15565112601959624 0.1631666397537784
0.85 0.0 -0.27875822534452743 0.23124818065602176 0.1857145840397324
0.9 -0.04914648574076763 -0.28161008950550637 0.3068452352924476 0.20789325758867194
0.95 -0.12412953658822523 -0.28161008950550637 0.38305629371784145 0.27627563192056304
1.0 -0.12412953658822523 -0.3041580337914604 0.42054781914157024 0.32422338465344996
1.05 -0.12474354037719337 -0.28161008950550637 0.41993381535260216 0.30130616963048146
1.1 -0.20034059501361912 -0.28161008950550637 0.49491686620005976 0.3464020582023895
1.15 -0.23783212043734792 -0.2586928744825379 0.5705139208364858 0.391128676037283
1.2 -0.23783212043734792 -0.28124081876849194 0.6454969716839432 0.3907594053002686
1.25 -0.31281517128480557 -0.23577565945956946 0.6454969716839432 0.4133073495862226
1.3 -0.35092070049750246 -0.23577565945956946 0.7204800225314008 0.41293807884920825
1.35 -0.38841222592123126 -0.23577565945956946 0.7198660187424326 0.4354860231351622
1.4 -0.38779822213226317 -0.257954333008509 0.7948490695898904 0.4580339674211162
1.45 -0.38779822213226317 -0.257954333008509 0.7192520149534647 0.4351167523981478
1.5 -0.38718421834329514 -0.23503711798554044 0.6817604895297356 0.4802126409700557
1.55 -0.34969269291956623 -0.23466784724852596 0.6811464857407676 0.4572954259470872
1.6 -0.38718421834329514 -0.2575850622714945 0.7192520149534647 0.4572954259470872
1.65 -0.38718421834329514 -0.28050227729446303 0.7192520149534647 0.5027605852560098
1.7 -0.34969269291956623 -0.2575850622714945 0.7192520149534647 0.4572954259470872
1.75 -0.35030669670853437 -0.21138136148854297 0.7198660187424326 0.3881745101411673
1.8 -0.31281517128480557 -0.16591620217962053 0.6823744933187039 0.38780523940415274
1.85 -0.2753236458610768 -0.18846414646557458 0.644882967894975 0.41072245442712124
1.9 -0.2759376496500448 -0.21101209075152855 0.6073914424712463 0.43363966945008975
1.95 -0.2759376496500448 -0.21138136148854297 0.6080054462602145 0.4110917251641358
2.0 -0.238446124226316 -0.233929305774497 0.6080054462602145 0.4561876137360437
2.05 -0.238446124226316 -0.16554693144260602 0.5705139208364858 0.36525729511819877
2.1 -0.238446124226316 -0.16517766070559153 0.6461109754729113 0.34234008009523026
2.15 -0.23906012801528415 -0.16517766070559153 0.5705139208364858 0.36488802438118423
2.2 -0.20156860259155535 -0.16517766070559153 0.6086194500491826 0.38743596866713825
2.25 -0.20156860259155535 -0.16517766070559153 0.5711279246254537 0.36488802438118423
2.3 -0.16407707716782655 -0.16517766070559153 0.533636399201725 0.3645187536441698
2.35 -0.2021826063805235 -0.14189117494560852 0.5717419284144218 0.3416015386212013
2.4 -0.2021826063805235 -0.11897395992264004 0.5342504029906929 0.3186843235982328
2.45 -0.1646910809567946 -0.11897395992264004 0.5342504029906929 0.27321916428931026
2.5 -0.20279661016949152 -0.07350880061371753 0.5723559322033898 0.27321916428931026
2.55 -0.20279661016949152 -0.09605674489967153 0.5723559322033898 0.27321916428931026
2.6 -0.20279661016949152 -0.07350880061371753 0.5723559322033898 0.27321916428931026
2.65 -0.20279661016949152 -0.09605674489967153 0.5723559322033898 0.2957671085752643
2.7 -0.20279661016949152 -0.09605674489967153 0.5723559322033898 0.27321916428931026
2.75 -0.20279661016949152 -0.07350880061371753 0.5723559322033898 0.27321916428931026
2.8 -0.20279661016949152 -0.07350880061371753 0.5723559322033898 0.27321916428931026
2.85 -0.20279661016949152 -0.07350880061371753 0.5723559322033898 0.27321916428931026
2.9 -0.20279661016949152 -0.09605674489967153 0.5723559322033898 0.27321916428931026
2.95 -0.20279661016949152 -0.09605674489967153 0.5723559322033898 0.27321916428931026
3.0 -0.20279661016949152 -0.09605674489967153 0.5723559322033898 0.27321916428931026
3.05 -0.20279661016949152 -0.09605674489967153 0.5723559322033898 0.27321916428931026
3.1 -0.20279661016949152 -0.09605674489967153 0.5723559322033898 0.27321916428931026
3.15 -0.20279661016949152 -0.09605674489967153 0.5723559322033898 0.27321916428931026
3.2 -0.20279661016949152 -0.07350880061371753 0.5723559322033898 0.27321916428931026
3.25 -0.20279661016949152 -0.09605674489967153 0.5723559322033898 0.27321916428931026
3.3 -0.20279661016949152 -0.09605674489967153 0.5723559322033898 0.27321916428931026
3.35 -0.20279661016949152 -0.07350880061371753 0.5723559322033898 0.27321916428931026
3.4 -0.20279661016949152 -0.07350880061371753 0.5723559322033898 0.27321916428931026
3.45 -0.20279661016949152 -0.07350880061371753 0.5723559322033898 0.27321916428931026
3.5 -0.20279661016949152 -0.07350880061371753 0.5723559322033898 0.27321916428931026
3.55 -0.20279661016949152 -0.07350880061371753 0.5723559322033898 0.27321916428931026
3.6 -0.20279661016949152 -0.09605674489967153 0.5723559322033898 0.27321916428931026
3.65 -0.20279661016949152 -0.09605674489967153 0.5723559322033898 0.27321916428931026
3.7 -0.16530508474576272 -0.07350880061371753 0.5723559322033898 0.27321916428931026
3.75 -0.20279661016949152 -0.09605674489967153 0.5723559322033898 0.27321916428931026
3.8 -0.20279661016949152 -0.07350880061371753 0.5723559322033898 0.27321916428931026
3.85 -0.20279661016949152 -0.07350880061371753 0.5723559322033898 0.27321916428931026
3.9 -0.20279661016949152 -0.09605674489967153 0.5723559322033898 0.27321916428931026
3.95 -0.20279661016949152 -0.07350880061371753 0.5723559322033898 0.2957671085752643
4.0 -0.20279661016949152 -0.09605674489967153 0.5723559322033898 0.27321916428931026
4.05 -0.20279661016949152 -0.09605674489967153 0.5723559322033898 0.27321916428931026
4.1 -0.20279661016949152 -0.07350880061371753 0.5723559322033898 0.2957671085752643
4.15 -0.20279661016949152 -0.07350880061371753 0.5723559322033898 0.27321916428931026
4.2 -0.20279661016949152 -0.07350880061371753 0.5723559322033898 0.27321916428931026
4.25 -0.20279661016949152 -0.09605674489967153 0.5723559322033898 0.27321916428931026
4.3 -0.20279661016949152 -0.09605674489967153 0.5723559322033898 0.27321916428931026
4.35 -0.20279661016949152 -0.07350880061371753 0.5723559322033898 0.27321916428931026
4.4 -0.20279661016949152 -0.09605674489967153 0.5723559322033898 0.27321916428931026
4.45 -0.20279661016949152 -0.07350880061371753 0.5723559322033898 0.27321916428931026
4.5 -0.20279661016949152 -0.07350880061371753 0.5723559322033898 0.2957671085752643
4.55 -0.20279661016949152 -0.09605674489967153 0.5723559322033898 0.27321916428931026
4.6 -0.20279661016949152 -0.07350880061371753 0.5723559322033898 0.27321916428931026
4.65 -0.20279661016949152 -0.09605674489967153 0.5723559322033898 0.2957671085752643
4.7 -0.16530508474576272 -0.07350880061371753 0.5723559322033898 0.27321916428931026
4.75 -0.20279661016949152 -0.09605674489967153 0.5723559322033898 0.27321916428931026
4.8 -0.20279661016949152 -0.09605674489967153 0.5723559322033898 0.27321916428931026
4.85 -0.20279661016949152 -0.07350880061371753 0.5723559322033898 0.27321916428931026
4.9 -0.20279661016949152 -0.09605674489967153 0.5723559322033898 0.2957671085752643
4.95 -0.16530508474576272 -0.09605674489967153 0.5723559322033898 0.27321916428931026
5.0 -0.20279661016949152 -0.07350880061371753 0.5723559322033898 0.27321916428931026
5.05 -0.20279661016949152 -0.07350880061371753 0.6473389830508474 0.1830273871454942
5.1 -0.05221650468560815 -0.39065710356513167 1.9224947493492721 -0.8592611122538412
5.15 -0.01472497926187935 -0.8674873702032966 1.304654130792213 0.049870550992182794
5.2 -0.09032203389830507 -0.7976279129233474 0.6144565784408917 1.2596824276283243
5.25 -0.09032203389830507 -0.659755352048522 -0.1614800696182805 1.5039148056685374
5.3 -0.015338983050847466 -0.637207407762568 -1.0205450335218793 1.6726463636384468
5.35 -0.05405851605251247 -0.659755352048522 -0.8157251984148057 0.4697707585985135
5.4 -0.01243906600333003 -0.6855244312324695 -1.5203559322033902 0.0
5.45 -0.053614614160867546 -0.7531682640903317 -0.6697542137446955 -1.2447868670845375
5.5 0.26075765682316526 -0.6389514597125034 -0.25410731324151564 -1.466471300838797
5.55 -0.026731255046919367 0.2588974779528116 0.07053292025765229 0.04062127569135826
5.6 -2.05707346202331 1.768195027695277 0.29057004248828017 0.3837432612969935
5.65 -1.4722562404698802 -0.21619938794519328 -0.11184946080886321 0.49869860714885045
5.7 -1.2305588837280448 -1.7463807024307432 -0.5697298151501944 0.49869860714885045
5.75 -0.31189825799786547 -1.9181687280319055 -0.9876626289119241 0.49869860714885045
5.8 0.7638004915538135 -1.924633427155963 -0.9120655742754984 0.49869860714885045
5.85 1.0893880464796561 -0.35508238174853407 -0.760257461213679 0.49869860714885045
5.9 1.8992954129691328 0.18995873628909482 -0.7590294536357427 0.5212465514348046
5.95 0.7104858600105883 1.585323957531072 -0.7988068923180209 0.5888903842926665
6.0 -0.03471330430350433 3.0052705733388865 -1.3568817471511765 0.9754265720518784
6.05 -0.1822233908425474 0.7104926034107844 -0.3710500179328013 0.20077481185025997
6.1 -0.17792536431977085 -0.4157899430101872 1.9404709611266702 -1.6106263866954766
6.15 0.10894954376134597 -0.8915123974373085 1.654971939174103 0.30427784240205996
6.2 0.6405849413721985 -0.7303533508025 1.677557271765274 1.7631226166596026
6.25 0.6411989451611666 -0.501919742046844 0.9136046761444314 1.8675337784047814
6.3 -0.2459842715912562 -0.5244676863327979 -0.7685424199682358 1.711833920418123
6.35 -0.24291425264641575 -0.5695635749047061 -1.281587602012722 0.2149941964516217
6.4 -0.24230024885744783 -0.5921115191906599 -2.4348886333081166 -0.44489996570272655
6.45 -0.09417615852943673 -0.6855244312324695 -0.8621238711750847 -1.6081388708189037
6.5 0.3749041425639332 -0.17997091951424155 0.06869090889074786 -1.0025879393242092
6.55 -0.10338621536395814 0.8912454284354308 0.669783323248345 0.4302139310818226
6.6 -2.0907108628159072 1.4202725225084532 0.7415262532536395 0.659755352048522
6.65 -1.5392572420607527 -0.8349641935653431 0.20436482154207392 0.6339862728645747
6.7 -1.1893833355705086 -2.3831599017575367 -0.19849858364671485 0.659755352048522
6.75 -0.19758167035977475 -1.798310560863724 0.0 0.659755352048522
6.8 1.6648251093012416 -1.3941117432594208 0.3881384259269093 0.659755352048522
6.85 1.646234893734876 0.0 0.2779497629142722 0.659755352048522
6.9 1.856107751547368 0.8534501597441375 0.08513620359223828 0.7048512406204299
6.95 0.3269745527277465 1.6256193265217922 0.0 0.8172216913131858
7.0 0.0 0.7446925440144607 -0.2290659654944715 0.13017681309628204
7.05 -0.10724033999508958 -0.31821275112608144 1.0752659593333902 -0.7085439479905749
7.1 -0.21893081057998537 -0.6153980049506431 2.379761099901635 -1.147748535656796
7.15 0.0 -0.6153980049506431 1.187267524209282 0.8313737879303353
7.2 0.6436549603170387 -0.7517934828774104 1.710136766877258 2.125633777184803
7.25 0.8329545988025875 -0.568825033430677 0.76548058581642 1.6095360813598951
7.3 0.0026150053798402184 -0.637207407762568 -1.3665648153809924 1.2955290408994085
7.35 -0.3209673224387139 -0.659755352048522 -1.805070848469666 -0.11851989432595061
7.4 0.22879216550014952 -0.7080723755184235 -1.9339907194423434 -1.0167225290658957
7.45 0.37446024067228817 -0.8433600412341475 -0.027486251229560776 -1.8113373383943665
7.5 0.2194120067683049 -0.27016269665805753 0.17993747758399875 -1.405763739577143
7.55 -1.3871380347079363 1.1831585902066526 0.0 0.16047944285954022
7.6 -2.537983050847458 0.5948835109445729 0.023047232313110733 0.5692966059028284
7.65 -1.075850853618709 -1.452518885239312 -0.19235854575703387 0.5227236343828625
7.7 -0.3500037872105625 -2.353965084205322 -0.27102561933829994 0.43105477429098843
7.75 0.34665178347837505 -1.4479054622529353 -0.15977905064504982 0.43105477429098843
7.8 1.6984625100938386 -1.1571849075524316 0.0 0.43105477429098843
7.85 1.2625534845547113 0.4609033384575571 0.04948668953541391 0.4536027185769424
7.9 1.4338769112628618 1.4696300702051863 0.0 0.5212465514348046
7.95 0.28702701214814547 1.93860334963091 -0.3023771068723477 0.7270299141693697
8.0 0.0 0.6473823211322327 0.1379778237401698 -0.12203042755389268
8.05 0.0 -0.3681091592791777 1.5249941625208128 -1.064408235249514
8.1 0.0 -0.8223914816313884 2.450276022328993 -0.253238608286995
8.15 0.5643738829468046 -0.6612324349965801 1.3733270418526664 1.0383672646110802
8.2 0.8733460412738334 -0.501919742046844 1.400380502863937 2.3728203211211305
8.25 0.5668298981026771 -0.5244676863327979 0.195295757101225 1.2386963611501034
8.3 -0.016737092526106723 -0.5921115191906599 -1.7745034666219097 0.9490836186606426
8.35 -0.13043967637522935 -0.5695635749047061 -1.4879465389887292 -0.5572704163954825
8.4 0.33881072661546346 -0.7080723755184235 -1.2099856644011018 -1.5855909265329498
8.45 0.673608338375828 -0.9324440061669201 0.14183194837130148 -1.8714934547768025
8.5 -0.29698388037228346 0.530847590597181 0.13876192942646076 -0.5341710272303113
8.55 -1.7147377028980064 1.1276208192632025 0.06360877668168013 0.36525729511819877
8.6 -2.1864372348876326 -0.30639116508900915 0.0 0.6598576537836589
8.65 -0.8107840585994115 -1.7911073202656373 -0.26979761176036376 0.4994371486228794
8.7 -0.04884357624279673 -2.4178139079579015 -0.34846468534163005 0.4994371486228794
8.75 0.686361425550484 -1.0770657420431433 -0.12290152901028917 0.4536027185769424
8.8 1.9535351425923233 -0.6506882508899006 0.16134726201763216 0.4536027185769424
8.85 1.483034508676984 0.8530808890071233 0.04887268574644571 0.4761506628628965
8.9 0.97292653797669 2.0592000582731202 -0.1942005571239383 0.6339862728645747
8.95 0.022130319026170964 1.3411763743505338 -0.19096043628177445 0.5895266240315586
9.0 -0.10785434378405795 0.0 1.3051271421875077 -1.0057292018151365
9.05 0.07067391265132578 -0.6641866008926958 1.8198442337015754 -0.8303332637035039
9.1 0.18516060218673974 -0.8907738559632794 2.1386777469487686 0.23737255101822624
9.15 0.8692181166483799 -0.5699328456417205 1.372099034274731 1.7398361308996193
9.2 0.7186380111644965 -0.5470156306187519 0.195295757101225 2.2290394284540733
9.25 0.22633615034427718 -0.5470156306187519 -0.8416834594487885 0.9330178803742086
9.3 0.0 -0.5695635749047061 -2.1873541481745717 0.530665416454978
9.35 0.22817816171118133 -0.5921115191906599 -1.295406779661017 -0.9003924020011178
9.4 0.7190819130561417 -0.7757162083762856 -0.4847526017819241 -2.063426703647021
9.45 0.8198904173369341 -0.8152730358929765 0.17870947000606224 -1.3148334209592982
9.5 -1.3866941328162916 1.4596422534303326 0.1750254472722536 0.0
9.55 -1.7827966101694916 0.45637471033085547 0.0 0.5700351473768575
9.6 -1.7236448502345565 -1.0865819863458444 -0.11553348354267173 0.6594883830466445
9.65 -0.5815368795342617 -1.993936517104086 -0.4597112540348804 0.5219850929088334
9.7 0.2722827364198856 -2.2496387173198187 -0.3865702145543269 0.499067877885865
9.75 0.9813815986285697 -0.7058567510963365 -0.008584941372198396 0.4761506628628965
9.8 2.062155594232378 -0.1420782715404198 0.16196126580660036 0.49869860714885045
9.85 1.2470332879331854 1.3339731337524472 0.0 0.5212465514348046
9.9 0.32574654514981044 2.511902995942137 -0.30299111066131584 0.7950430177642462
9.95 0.06207785960577289 0.6033942447713683 -0.18789041733693396 0.27016269665805753
10.0 -0.06852080699342461 -0.2076886541183982 1.9816465092842077 -1.6377078815607409
10.05 0.1487269824436241 -0.8685951824143399 1.8831612125586392 -0.2325370176861134
10.1 0.4125657698849851 -0.8442008844433135 1.9455239838320897 0.9920612620929918
10.15 0.9073236458610767 -0.5695635749047061 1.179115373055374 1.9873919455729623
10.2 0.4543553218314906 -0.5695635749047061 -0.27763866862327585 2.0175124011940175
10.25 0.11447557786205886 -0.5921115191906599 -1.096756091947273 0.5854646459243995
10.3 0.0 -0.614659463476614 -2.17507407239521 0.11335502646035661
10.35 0.30316121255863904 -0.659755352048522 -1.0213000297045216 -1.247002491506624
10.4 0.979066575866371 -1.02374359552178 0.06684889752384365 -2.556158041304879
10.45 0.25260550566925705 -0.20389364501311652 0.0 -0.5578267837273088
10.5 -2.476848287151945 1.953009830827083 0.21603089353246813 0.22812327571740226
10.55 -1.6996614081681258 -0.1012440420933371 -0.07558594296307047 0.6835134102806564
10.6 -1.3436474637881997 -1.7234634874077748 -0.3066751333951247 0.5907367379777391
10.65 -0.42972876647244224 -1.9869203731008116 -0.6496248963093969 0.5219850929088334
10.7 0.7209530339266945 -1.9017162121329947 -0.38595621076535896 0.4761506628628965
10.75 1.2043186379067152 -0.33216516672556545 -0.007970937583230142 0.49869860714885045
10.8 2.2832506221436195 0.25760256914695695 0.0 0.5212465514348046
10.85 0.7479773854343175 1.6758850054119019 0.0 0.5888903842926665
10.9 0.021516315237203265 2.6430263818155644 -0.6070512386765998 0.93033068347997
10.95 0.0 0.20937034053672998 0.44282205744174513 -0.054755865433045225
11.0 -0.06545078804858434 -0.4823259636570057 2.50574375953012 -1.677900948816324
11.05 0.26014365303419734 -0.9591562302951706 1.7262709672877514 0.2591819538301516
11.1 0.7161819960086242 -0.6616017057335946 1.5995042019729753 1.7405746723736484
11.15 0.6799184781628314 -0.5470156306187519 0.5737249321750011 1.661011874196186
11.2 0.19007263249848433 -0.5695635749047061 -0.9566140508758472 1.7122031911551376
11.25 0.0 -0.5921115191906599 -1.2791315868568498 0.23791141147459033
11.3 0.04010653080356913 -0.614659463476614 -2.0181838271243224 -0.3278312971639212
11.35 0.14951108812991515 -0.7080723755184235 -0.5234721347835893 -1.6317946273159007
11.4 0.8241884438597111 -0.9549919504528745 0.10495442673654093 -2.0969728976363426
11.45 -0.6731271421875078 0.6672430685239483 0.02505934557733841 0.0
11.5 -2.5823987198471587 1.5818008398802759 0.13859182752913773 0.47799701654796883
11.55 -1.4237126468447256 -0.9026080264232048 -0.1911305381790977 0.6365711680236759
11.6 -1.0363472149307524 -2.1318090779789123 -0.42099172103321536 0.6580113000985865
11.65 -0.4303427702614097 -1.8899794209555976 -0.8008190055822484 0.6350940850756182
11.7 1.0981542014225334 -1.4624941175913115 -0.34846468534163005 0.5663424400067125
11.75 1.6093573721001149 0.0 0.0 0.5663424400067125
11.8 2.0847409268235495 0.8763673747671059 -0.08295398843068774 0.6114383285786205
11.85 0.2507634943023526 2.012996357490169 -0.19235854575703387 0.7499471291923381
11.9 -0.11215237030683495 1.9300078209444398 -0.45401511803684474 0.7259221019583262
11.95 -0.03102928156969592 -0.050222314853734545 1.0771079707002944 -0.6641866008926958
12.0 0.0 -0.8689644531513545 2.7602023882396365 -1.3092768530286185
12.05 0.488776828310379 -0.8449394259173424 1.52837527575665 0.8317430586673491
12.1 0.756129536588225 -0.5924807899276745 1.182185392000214 2.1714682072307387
12.15 0.49184684725521927 -0.5695635749047061 0.005996118615677781 1.4960578184560962
12.2 0.03949252701460115 -0.5695635749047061 -1.4771973802852754 1.3413634709453452
12.25 -0.09479016231840487 -0.5921115191906599 -1.3115409800715108 -0.07342400575404245
12.3 0.15196710328578755 -0.637207407762568 -1.707813559322034 -0.9032442661620972
12.35 0.33635471145959134 -0.7982641526622396 -0.06559178044225805 -1.8797197127262584
12.4 0.29500906140473043 -0.2930799116810261 0.10434042294757256 -1.2915469351993152
12.45 -1.3490325054952395 1.1824200487326237 0.023217334210433982 0.16047944285954022
12.5 -2.537983050847458 0.5945142402075589 0.0 0.6373097094977049
12.55 -1.075850853618709 -1.40705372593039 -0.3054471258171884 0.5452715786688165
12.6 -0.6958534671723515 -2.444895402823166 -0.6858884141551895 0.6583805708356012
12.65 0.0073860432979113155 -1.4475361915159208 -0.6871164217331256 0.5437944957207586
12.7 1.7384100506734401 -1.0429681031746034 -0.19542856470187425 0.5437944957207586
12.75 1.7173638199512014 0.41506890841162075 -0.006742930005294079 0.5663424400067125
12.8 1.5844570167467449 1.4696300702051863 -0.3447806626078216 0.6339862728645747
12.85 -0.03655531567040854 2.1426426604155386 -0.5320681878291424 0.8626868506221084
12.9 -0.1090823513619949 1.078008886987446 0.0 0.06437933392349249
12.95 -0.027959262624855652 -0.233929305774497 1.3750280608258976 -0.9986107560767246
13.0 0.03151047775801602 -0.9824427160551537 2.4127844969052643 -0.4362070577337291
13.05 0.6030934159484698 -0.6390537614476404 1.2620804731594166 1.4699993409422
13.1 0.7186380111644965 -0.5244676863327979 0.6517780019672972 2.347051241937183
13.15 0.3412667417713359 -0.5470156306187519 -0.27579665725637165 1.1928619311041664
13.2 0.0 -0.5470156306187519 -1.6995204157744523 0.9941795072325508
13.25 -0.13043967637522935 -0.5470156306187519 -1.4135774919302395 -0.5118052570865608
13.3 0.11447557786205886 -0.6855244312324695 -1.359951766096017 -1.5852216557959344
13.35 0.33679861335123645 -0.9328132769039348 0.10556843052550885 -1.7788190842090221
13.4 -0.5588105545494173 0.6650274441018615 0.02628735315527425 -0.39888336151458725
13.45 -1.790334757534432 1.2643855679269842 0.0 0.5012835023079518
13.5 -2.2251567678892976 -0.19180508997416673 0.0 0.7282400281155501
13.55 -0.811398062388379 -1.678736869572881 -0.27041161554933196 0.6580113000985865
13.6 -0.3881093164232587 -2.4861962822897934 -0.6877304255220937 0.7031071886704945
13.65 0.41856481538099194 -0.9399317226423469 -0.3853422069763907 0.6114383285786205
13.7 2.1809403102905685 -0.6052230915809782 0.012609167900653084 0.6114383285786205
13.75 1.559245567102378 0.8985460483160459 0.0 0.6339862728645747
13.8 0.8604519617055035 2.0813787318220602 -0.2691836079713958 0.7950430177642462
13.85 0.0 1.5448464143981486 -0.37841806340041856 0.8604712262000214
13.9 -0.10724033999508958 0.18682239625077596 1.1920385621273535 -0.8929894803853664
13.95 0.07067391265132578 -0.6652944131037393 1.8960552921269693 -0.8532504787264725
14.0 0.2982491822468944 -0.9595255010321848 2.1386777469487686 0.30427784240205996
14.05 0.7936210620119541 -0.5699328456417205 1.069710815729028 1.7627533459225886
14.1 0.6055494311043419 -0.5470156306187519 0.0 2.1148226240762455
14.15 0.22695015413324526 -0.5695635749047061 -0.8404554518708527 0.9784830396831312
14.2 0.0013869978019042661 -0.5695635749047061 -1.9545930482729368 0.5757613050268862
14.25 0.22817816171118133 -0.614659463476614 -1.257915254237288 -0.9003924020011178
14.3 0.49229074914686427 -0.7982641526622396 -0.560963660207318 -2.108522592218929
14.35 0.6699243156420189 -0.8611074659389135 0.0 -1.3152026916963129
14.4 -1.616385213773086 1.4138078233843956 0.13753392184852448 -0.006705810965021375
14.45 -1.8577796610169495 0.641825753201553 0.0 0.5700351473768575
14.5 -1.7236448502345565 -1.1087606598947848 -0.2286220636028266 0.6365711680236759
14.55 -0.6952394633833845 -1.9713885728181322 -0.6109053633077317 0.5678195229547705
14.6 0.15735214499282696 -2.3187596331257385 -0.6883444293110619 0.5219850929088334
14.65 1.0194871278412667 -0.7054874803593223 -0.27163962312726814 0.49869860714885045
14.7 2.213963707294198 -0.1198995979914807 -0.044848459217990966 0.5212465514348046
14.75 1.2470332879331854 1.2437813566086309 -0.23292009012560294 0.5437944957207586
14.8 0.1376749142421984 2.670107876680829 -0.722595833892627 0.7950430177642462
14.85 0.0 1.1707855592903633 -0.5253141461504935 0.6105974853694549
14.9 -0.18099538326461112 -0.07313952987670302 1.9078914660146862 -1.434037841513126
14.95 0.10649352860547362 -0.9384546396942888 1.960600278561969 -0.3925882521098782
15.0 0.5268823575230759 -0.8223914816313884 1.833049407560902 1.2633751349984694
15.05 0.8317265912246512 -0.5244676863327979 0.9535522167240331 1.9641054598129792
15.1 0.4162497926187935 -0.5470156306187519 -0.3520077156817653 2.017881671931032
15.15 0.07637004864936198 -0.5470156306187519 -0.9830535080981502 0.6080125902103535
15.2 -0.09540416610737296 -0.5695635749047061 -2.099477017758784 0.022424707842512326
15.25 0.15258110707475564 -0.614659463476614 -1.0975110881299153 -1.3150155951015017
15.3 0.7916089487477269 -1.0011956512358258 0.028743368311147266 -2.6044750647747805
15.35 0.0 -0.041359817165387 0.0 -0.4661579236354348
15.4 -2.28632064108846 1.952271289353054 0.1356919104816205 0.27321916428931026
15.45 -1.6615558789554288 -0.19254363144819692 0.0 0.614761765211751
15.5 -1.2680504091517744 -1.632163898052916 -0.1929725495460019 0.5907367379777391
15.55 -0.5827648871121975 -1.98765891457484 -0.6883444293110619 0.613284682263693
15.6 0.6869754293394523 -1.9933850722248687 -0.5002727984034496 0.544163766457773
15.65 1.4323378093939283 -0.28633073667962866 -0.006742930005294079 0.49869860714885045
15.7 2.2791226975181655 0.2801505134329107 -0.006742930005294079 0.5437944957207586
15.75 0.7473633816453489 1.675515734674888 -0.23169208254766688 0.6114383285786205
15.8 0.021516315237203265 2.687383728913444 -0.7576313441604834 0.9754265720518784
15.85 -0.03287129293660057 0.3224793327035145 0.3303474811705586 -0.033685004095149074
15.9 -0.14043383889604216 -0.4139435893251147 2.4682522341063913 -1.6786394902903532
15.95 0.26014365303419734 -0.9366082860092164 1.6881654380750546 0.30427784240205996
16.0 0.7590294536357427 -0.616136546424672 1.6744872528204335 1.786039831682571
16.05 0.8304985836467149 -0.5244676863327979 0.6861995084461867 1.6606426034591715
16.1 0.30377521634760724 -0.5470156306187519 -0.9566140508758472 1.6892859761321688
16.15 0.0 -0.5470156306187519 -1.2785175830678819 0.2604593557605445
16.2 0.11508958165102673 -0.5921115191906599 -1.9806923017005937 -0.44453069496571235
16.25 0.26321367197903783 -0.6855244312324695 -0.5615776639962862 -1.676890515887809
16.3 1.0122600747673232 -1.0684702133566737 0.14183194837130148 -2.278464264135019
16.35 -0.6006001064959223 0.48253056712727943 0.02505934557733841 -0.006705810965021375
16.4 -2.657995774483585 1.6050873256402594 0.13859182752913773 0.5467486616168744
16.45 -1.3481155922083008 -0.8342256520913138 -0.26672759281552355 0.6824055980696129
16.5 -0.9994696932959921 -2.1550955637388944 -0.42099172103321536 0.567450252217756
16.55 -0.19942368172667985 -1.8674314766696434 -0.7633274801585195 0.5445330371947874
16.6 1.2487343069064158 -1.4624941175913115 -0.3853422069763907 0.5212465514348046
16.65 1.4962687920399609 0.0 -0.044848459217990966 0.5212465514348046
16.7 2.0091438721871238 0.8309022154581833 -0.27041161554933196 0.5663424400067125
16.75 0.2507634943023526 2.013365628227184 -0.37920216908670984 0.7048512406204299
16.8 -0.14902989194159505 2.132939319518026 -0.7914388468504039 0.7931966640791737
16.85 -0.10601233241715374 0.0 0.8152812965231606 -0.5743640944858943
16.9 -0.03024517588340475 -0.8013206202934924 2.64772781196845 -1.2408944786967275
16.95 0.5643738829468046 -0.822022210894374 1.4908837503329204 0.8542910029533037
17.0 0.9864346213339878 -0.5022890127838584 1.6695752225086888 2.194016151516693
17.05 0.7542875252213213 -0.47937179776088995 0.3856533012673879 1.518236492005036
17.1 0.11447557786205886 -0.5244676863327979 -1.4771973802852754 1.3642806859683139
17.15 0.0 -0.5695635749047061 -1.4621210855553939 -0.07268546428001338
17.2 0.26505568334594204 -0.5921115191906599 -1.707813559322034 -0.9487094254710193
17.25 0.49044873777995995 -0.7531682640903317 -0.06620578423122575 -1.8793504419892435
17.3 0.6324327902182902 -0.3643141501738961 0.17809546621709366 -1.4050251981031143
17.35 -1.1574469537511418 1.0922282715888079 0.060708859634163115 0.1379314985735862
17.4 -2.463 0.6636351560134783 0.02243322852414259 0.6373097094977049
17.45 -1.0383593281949794 -1.452518885239312 -0.3816581842425823 0.544902307931802
17.5 -0.657133934170687 -2.4227167292742267 -0.6483968887314606 0.567450252217756
17.55 0.0829830979343375 -1.4704534065388892 -0.6502389000983648 0.49869860714885045
17.6 1.6990765138828068 -1.0658853181975718 -0.23476210149250754 0.5212465514348046
17.65 1.6411527615258077 0.4605340677205431 -0.04546246300695894 0.5212465514348046
17.7 1.5844570167467449 1.4241649108962628 -0.34539466639678945 0.5888903842926665
17.75 -0.1502578995195311 2.3026938948393045 -0.5326821916181108 0.8175909620502002
17.8 -0.1471878805746913 1.2391679336222543 -0.03853831943098668 0.08914290263153327
17.85 -0.027959262624855652 -0.32522889512935654 1.526836173887717 -1.0662545889345865
17.9 0.06900200318174471 -1.0741115761470275 2.6414176721814457 -0.550793132848572
17.95 0.8304985836467149 -0.661970976470609 1.5275911700703588 1.4707378824162296
18.0 0.9448151712848056 -0.5244676863327979 0.8416916442418145 2.3248725683882436
18.05 0.37753025961712844 -0.5244676863327979 -0.38888523731652475 1.2154098753901204
18.1 0.0007729940129361235 -0.5470156306187519 -1.813837003412543 0.9716315629465968
18.15 0.11447557786205886 -0.5470156306187519 -1.4141914957192074 -0.46670936851465233
18.2 0.4893908320993467 -0.659755352048522 -1.1712661313994368 -1.5855909265329498
18.25 0.7873109222249499 -0.9328132769039348 0.06746290131281202 -1.916958614085725
18.3 -0.36845301038325545 0.3686830334864659 0.06377887857900316 -0.601445589351159
18.35 -1.7147377028980064 1.127990090000217 0.020761319054561633 0.36599583659222773
18.4 -2.1489457094639035 -0.23763952002010486 -0.07558594296307047 0.7056920838295959
18.45 -0.8869951170248056 -1.7911073202656373 -0.495974771880673 0.5452715786688165
18.5 -0.27686274773000935 -2.4407311229808704 -0.7633274801585195 0.5907367379777391
18.55 0.6488699001267544 -0.9853968819512693 -0.4609392616128167 0.4761506628628965
18.6 2.1821683178685047 -0.6052230915809782 -0.044848459217990966 0.4761506628628965
18.65 1.4408010548388337 0.9210939926019996 -0.12044551385441665 0.49869860714885045
18.7 0.7848549070690778 2.0817480025590744 -0.4941327605137686 0.659755352048522
18.75 0.0 1.8623639880865777 -0.6801922781571532 0.838661823388096
18.8 -0.1441178616298508 0.367944492012437 0.8152812965231606 -0.7111288431496763
18.85 0.0 -0.6434850102918142 1.8972832997049058 -0.8994541795094242
18.9 0.2982491822468944 -1.005359931078122 2.2529943345868593 0.2584434123561227
18.95 0.9495570996992273 -0.5248369570698124 1.2958879758493373 1.8078492344944965
19.0 0.7186380111644965 -0.5244676863327979 0.11969870246480013 2.1373705683621993
19.05 0.22695015413324526 -0.5244676863327979 -0.7648583972344278 0.91010066535124
19.1 0.0 -0.5470156306187519 -2.0349320313237844 0.553213360740932
19.15 0.19007263249848433 -0.5695635749047061 -1.25730125044832 -0.9003924020011178
19.2 0.6059933329959868 -0.7531682640903317 -0.5234721347835893 -2.153987751527852
19.25 0.7449073664894768 -0.9302283817448336 0.14121794458233378 -1.4515981696230802
19.3 -1.5753797675128716 1.2774123454576283 0.136919918059557 -0.006336540228006837
19.35 -1.8202881355932203 0.5480435704227298 0.0 0.6158695774227945
19.4 -1.7611363756582852 -1.0858434448718164 -0.1911305381790977 0.6824055980696129
19.45 -0.8089420472325077 -1.993936517104086 -0.6109053633077317 0.5678195229547705
19.5 0.11863261199116154 -2.2958424181027697 -0.6514669076763013 0.5219850929088334
19.55 1.171909244692055 -0.6145571617414771 -0.19604256849084234 0.499067877885865
19.6 2.3663858241449853 -0.11953032725446583 0.0 0.49869860714885045
19.65 1.1714362332967594 1.3343424044894618 -0.15732303548917748 0.5212465514348046
19.7 0.13706091045323027 2.692655820966783 -0.7607013631053241 0.7950430177642462
19.75 0.0 1.0336515398895672 -0.44971709151406775 0.5418458403005495
19.8 -0.21848690868834025 -0.050222314853734545 1.8703999405909575 -1.4569550565360945
19.85 0.10649352860547362 -0.8926202096483518 1.8850032239255434 -0.3238366070409732
19.9 0.6018654083705335 -0.8674873702032966 1.9836295130447859 1.127348927808716
19.95 0.9067096420721088 -0.501919742046844 1.1403958400537082 1.9186403005040567
20.0 0.4543553218314906 -0.5244676863327979 -0.35262171947073323 1.9720472418850954
