0.0 0.0 0.0 0.0 0.0
0.02 0.0 0.0 0.0 0.0
0.04 0.0 0.0 0.0 0.0
0.06 0.0 0.03504456421272985 0.0 -0.023363042808486563
0.08 0.0 0.005840760702121641 0.0 0.0
0.1 0.0 0.017522282106364924 0.0 -0.017522282106364924
0.12 0.0 0.0 0.0 0.0
0.14 0.0 0.011681521404243281 0.019423414 -0.023363042808486563
0.16 0.0 0.0 0.009711707 0.0
0.18 0.0 0.017522282106364924 0.048558535 -0.011681521404243281
0.2 0.019423414 0.0 0.029135121 0.0
0.22 0.0 0.017522282106364924 0.08740536300000001 0.0
0.24 0.019423414 0.0 0.067981949 0.0
0.26 0.0 0.005840760702121641 0.058270242 -0.017522282106364924
0.28 0.0 0.0 0.038846828 -0.005840760702121641
0.3 0.0 0.011681521404243281 0.048558535 -0.029203803510608202
0.32 0.0 0.0 0.029135121 -0.029203803510608202
0.34 0.0 0.011681521404243281 0.038846828 -0.046726085616973126
0.36 0.009711707 0.0 0.029135121 -0.03504456421272985
0.38 0.0 0.029203803510608202 0.038846828 -0.058407607021216404
0.4 0.019423414 0.005840760702121641 0.019423414 -0.03504456421272985
0.42 0.0 0.04088532491485148 0.038846828 -0.046726085616973126
0.44 0.019423414 0.005840760702121641 0.0 -0.023363042808486563
0.46 0.0 0.029203803510608202 0.038846828 -0.03504456421272985
0.48 0.009711707 0.005840760702121641 0.029135121 -0.005840760702121641
0.5 0.0 0.017522282106364924 0.038846828 -0.029203803510608202
0.52 0.0 0.0 0.029135121 -0.005840760702121641
0.54 0.0 0.017522282106364924 0.058270242 -0.017522282106364924
0.56 0.0 0.0 0.048558535 0.0
0.58 0.0 0.023363042808486563 0.058270242 -0.005840760702121641
0.6 0.0 0.0 0.048558535 0.0
0.62 0.0 0.029203803510608202 0.067981949 -0.005840760702121641
0.64 0.0 0.0 0.038846828 0.0
0.66 0.0 0.023363042808486563 0.048558535 -0.029203803510608202
0.68 0.0 0.0 0.029135121 0.0
0.7 0.0 0.03504456421272985 0.058270242 -0.023363042808486563
0.72 0.009711707 0.005840760702121641 0.019423414 0.0
0.74 0.0 0.029203803510608202 0.048558535 -0.023363042808486563
0.76 0.0 0.011681521404243281 0.029135121 0.0
0.78 0.0 0.04088532491485148 0.048558535 -0.017522282106364924
0.8 0.0 0.011681521404243281 0.029135121 0.0
0.82 0.0 0.04088532491485148 0.058270242 -0.03504456421272985
0.84 0.0 0.011681521404243281 0.048558535 -0.005840760702121641
0.86 0.0 0.023363042808486563 0.077693656 -0.029203803510608202
0.88 0.0 0.011681521404243281 0.058270242 -0.011681521404243281
0.9 0.0 0.03504456421272985 0.077693656 -0.029203803510608202
0.92 0.0 0.005840760702121641 0.058270242 -0.017522282106364924
0.94 0.0 0.029203803510608202 0.067981949 -0.04088532491485148
0.96 0.0 0.005840760702121641 0.058270242 -0.023363042808486563
0.98 0.0 0.03504456421272985 0.067981949 -0.05256684631909477
1.0 0.0 0.011681521404243281 0.038846828 -0.023363042808486563
1.02 0.0 0.03504456421272985 0.058270242 -0.04088532491485148
1.04 0.0 0.011681521404243281 0.048558535 -0.011681521404243281
1.06 0.0 0.029203803510608202 0.058270242 -0.029203803510608202
1.08 0.0 0.011681521404243281 0.048558535 -0.005840760702121641
1.1 0.0 0.03504456421272985 0.058270242 -0.03504456421272985
1.12 0.0 0.017522282106364924 0.048558535 -0.005840760702121641
1.14 0.0 0.03504456421272985 0.048558535 -0.023363042808486563
1.16 0.0 0.023363042808486563 0.038846828 -0.005840760702121641
1.18 0.0 0.04088532491485148 0.058270242 -0.017522282106364924
1.2 0.0 0.023363042808486563 0.048558535 -0.005840760702121641
1.22 0.0 0.03504456421272985 0.077693656 -0.023363042808486563
1.24 0.0 0.017522282106364924 0.067981949 -0.005840760702121641
1.26 -0.009711707 0.03504456421272985 0.067981949 -0.023363042808486563
1.28 0.0 0.011681521404243281 0.058270242 -0.005840760702121641
1.3 0.0 0.04088532491485148 0.09711707 -0.023363042808486563
1.32 0.0 0.017522282106364924 0.077693656 -0.005840760702121641
1.34 0.0 0.029203803510608202 0.08740536300000001 -0.029203803510608202
1.36 0.0 0.023363042808486563 0.067981949 -0.017522282106364924
1.38 0.0 0.04088532491485148 0.077693656 -0.04088532491485148
1.4 0.0 0.023363042808486563 0.058270242 -0.017522282106364924
1.42 0.0 0.04088532491485148 0.08740536300000001 -0.04088532491485148
1.44 0.0 0.029203803510608202 0.058270242 -0.011681521404243281
1.46 0.0 0.046726085616973126 0.077693656 -0.023363042808486563
1.48 0.0 0.023363042808486563 0.067981949 -0.011681521404243281
1.5 0.0 0.04088532491485148 0.077693656 -0.04088532491485148
1.52 0.0 0.023363042808486563 0.077693656 -0.017522282106364924
1.54 -0.009711707 0.046726085616973126 0.09711707 -0.046726085616973126
1.56 0.0 0.023363042808486563 0.067981949 -0.023363042808486563
1.58 -0.009711707 0.03504456421272985 0.08740536300000001 -0.04088532491485148
1.6 0.0 0.029203803510608202 0.077693656 -0.046726085616973126
1.62 0.0 0.04088532491485148 0.09711707 -0.06424836772333804
1.64 0.0 0.023363042808486563 0.077693656 -0.03504456421272985
1.66 0.0 0.046726085616973126 0.09711707 -0.07592988912758133
1.68 0.0 0.029203803510608202 0.09711707 -0.03504456421272985
1.7 0.0 0.04088532491485148 0.116540484 -0.058407607021216404
1.72 0.0 0.023363042808486563 0.09711707 -0.04088532491485148
1.74 -0.009711707 0.046726085616973126 0.09711707 -0.05256684631909477
1.76 -0.009711707 0.029203803510608202 0.067981949 -0.046726085616973126
1.78 -0.009711707 0.04088532491485148 0.09711707 -0.06424836772333804
1.8 -0.009711707 0.029203803510608202 0.08740536300000001 -0.03504456421272985
1.82 -0.009711707 0.046726085616973126 0.106828777 -0.046726085616973126
1.84 -0.009711707 0.03504456421272985 0.08740536300000001 -0.029203803510608202
1.86 -0.009711707 0.05256684631909477 0.09711707 -0.046726085616973126
1.88 0.0 0.03504456421272985 0.077693656 -0.023363042808486563
1.9 -0.019423414 0.05256684631909477 0.09711707 -0.04088532491485148
1.92 -0.009711707 0.03504456421272985 0.08740536300000001 -0.03504456421272985
1.94 -0.019423414 0.058407607021216404 0.09711707 -0.029203803510608202
1.96 -0.009711707 0.023363042808486563 0.077693656 -0.023363042808486563
1.98 -0.019423414 0.046726085616973126 0.09711707 -0.046726085616973126
2.0 0.0 0.03504456421272985 0.08740536300000001 -0.023363042808486563
2.02 -0.019423414 0.046726085616973126 0.09711707 -0.04088532491485148
2.04 -0.009711707 0.03504456421272985 0.08740536300000001 -0.023363042808486563
2.06 -0.009711707 0.05256684631909477 0.09711707 -0.04088532491485148
2.08 -0.009711707 0.04088532491485148 0.077693656 -0.023363042808486563
2.1 -0.019423414 0.06424836772333804 0.09711707 -0.046726085616973126
2.12 -0.009711707 0.046726085616973126 0.106828777 -0.03504456421272985
2.14 -0.009711707 0.058407607021216404 0.106828777 -0.046726085616973126
2.16 -0.009711707 0.04088532491485148 0.116540484 -0.03504456421272985
2.18 -0.019423414 0.0700891284254597 0.09711707 -0.058407607021216404
2.2 -0.009711707 0.03504456421272985 0.09711707 -0.03504456421272985
2.22 -0.019423414 0.05256684631909477 0.116540484 -0.046726085616973126
2.24 -0.009711707 0.03504456421272985 0.106828777 -0.046726085616973126
2.26 -0.029135121 0.05256684631909477 0.116540484 -0.046726085616973126
2.28 -0.019423414 0.04088532491485148 0.09711707 -0.029203803510608202
2.3 -0.038846828 0.058407607021216404 0.116540484 -0.046726085616973126
2.32 -0.029135121 0.03504456421272985 0.09711707 -0.04088532491485148
2.34 -0.038846828 0.05256684631909477 0.116540484 -0.058407607021216404
2.36 -0.019423414 0.04088532491485148 0.106828777 -0.046726085616973126
2.38 -0.038846828 0.058407607021216404 0.116540484 -0.058407607021216404
2.4 -0.019423414 0.046726085616973126 0.09711707 -0.04088532491485148
2.42 -0.019423414 0.06424836772333804 0.116540484 -0.0700891284254597
2.44 -0.009711707 0.04088532491485148 0.106828777 -0.05256684631909477
2.46 -0.019423414 0.0700891284254597 0.126252191 -0.07592988912758133
2.48 -0.019423414 0.04088532491485148 0.106828777 -0.06424836772333804
2.5 -0.038846828 0.05256684631909477 0.116540484 -0.09345217123394625
2.52 -0.029135121 0.04088532491485148 0.09711707 -0.06424836772333804
2.54 -0.029135121 0.046726085616973126 0.106828777 -0.08177064982970296
2.56 -0.009711707 0.046726085616973126 0.106828777 -0.058407607021216404
2.58 -0.019423414 0.06424836772333804 0.106828777 -0.06424836772333804
2.6 -0.019423414 0.05256684631909477 0.106828777 -0.05256684631909477
2.62 -0.019423414 0.058407607021216404 0.135963898 -0.0700891284254597
2.64 -0.029135121 0.046726085616973126 0.106828777 -0.046726085616973126
2.66 -0.029135121 0.06424836772333804 0.116540484 -0.06424836772333804
2.68 -0.019423414 0.058407607021216404 0.106828777 -0.05256684631909477
2.7 -0.019423414 0.07592988912758133 0.135963898 -0.07592988912758133
2.72 -0.029135121 0.05256684631909477 0.126252191 -0.05256684631909477
2.74 -0.038846828 0.07592988912758133 0.135963898 -0.0700891284254597
2.76 -0.029135121 0.058407607021216404 0.116540484 -0.05256684631909477
2.78 -0.038846828 0.05256684631909477 0.116540484 -0.07592988912758133
2.8 -0.029135121 0.05256684631909477 0.106828777 -0.046726085616973126
2.82 -0.058270242 0.06424836772333804 0.126252191 -0.06424836772333804
2.84 -0.019423414 0.06424836772333804 0.126252191 -0.04088532491485148
2.86 -0.019423414 0.07592988912758133 0.145675605 -0.058407607021216404
2.88 -0.019423414 0.05256684631909477 0.135963898 -0.05256684631909477
2.9 -0.038846828 0.0700891284254597 0.126252191 -0.06424836772333804
2.92 -0.048558535 0.058407607021216404 0.106828777 -0.05256684631909477
2.94 -0.067981949 0.06424836772333804 0.116540484 -0.0700891284254597
2.96 -0.048558535 0.05256684631909477 0.116540484 -0.05256684631909477
2.98 -0.048558535 0.0700891284254597 0.126252191 -0.0700891284254597
3.0 -0.058270242 0.06424836772333804 0.126252191 -0.05256684631909477
3.02 -0.048558535 0.0700891284254597 0.155387312 -0.058407607021216404
3.04 -0.058270242 0.06424836772333804 0.116540484 -0.05256684631909477
3.06 -0.058270242 0.06424836772333804 0.126252191 -0.07592988912758133
3.08 -0.048558535 0.06424836772333804 0.126252191 -0.058407607021216404
3.1 -0.038846828 0.0700891284254597 0.135963898 -0.07592988912758133
3.12 -0.029135121 0.058407607021216404 0.116540484 -0.058407607021216404
3.14 -0.048558535 0.0700891284254597 0.135963898 -0.0700891284254597
3.16 -0.038846828 0.06424836772333804 0.126252191 -0.058407607021216404
3.18 -0.058270242 0.07592988912758133 0.126252191 -0.0700891284254597
3.2 -0.058270242 0.058407607021216404 0.126252191 -0.058407607021216404
3.22 -0.058270242 0.07592988912758133 0.135963898 -0.0700891284254597
3.24 -0.048558535 0.06424836772333804 0.116540484 -0.058407607021216404
3.26 -0.058270242 0.0700891284254597 0.126252191 -0.07592988912758133
3.28 -0.058270242 0.06424836772333804 0.126252191 -0.05256684631909477
3.3 -0.058270242 0.0700891284254597 0.126252191 -0.07592988912758133
3.32 -0.058270242 0.06424836772333804 0.135963898 -0.0700891284254597
3.34 -0.048558535 0.07592988912758133 0.145675605 -0.07592988912758133
3.36 -0.038846828 0.06424836772333804 0.135963898 -0.07592988912758133
3.38 -0.067981949 0.07592988912758133 0.155387312 -0.08761141053182461
3.4 -0.048558535 0.07592988912758133 0.116540484 -0.0700891284254597
3.42 -0.08740536300000001 0.08177064982970296 0.135963898 -0.09929293193606789
3.44 -0.058270242 0.06424836772333804 0.126252191 -0.08177064982970296
3.46 -0.067981949 0.08177064982970296 0.135963898 -0.08177064982970296
3.48 -0.058270242 0.06424836772333804 0.135963898 -0.07592988912758133
3.5 -0.058270242 0.08177064982970296 0.155387312 -0.09929293193606789
3.52 -0.058270242 0.058407607021216404 0.155387312 -0.08177064982970296
3.54 -0.077693656 0.07592988912758133 0.145675605 -0.08177064982970296
3.56 -0.067981949 0.06424836772333804 0.126252191 -0.07592988912758133
3.58 -0.08740536300000001 0.08177064982970296 0.155387312 -0.08761141053182461
3.6 -0.067981949 0.06424836772333804 0.135963898 -0.07592988912758133
3.62 -0.077693656 0.07592988912758133 0.135963898 -0.08761141053182461
3.64 -0.058270242 0.06424836772333804 0.135963898 -0.08177064982970296
3.66 -0.077693656 0.06424836772333804 0.155387312 -0.08761141053182461
3.68 -0.067981949 0.0700891284254597 0.135963898 -0.07592988912758133
3.7 -0.077693656 0.08177064982970296 0.145675605 -0.07592988912758133
3.72 -0.077693656 0.06424836772333804 0.135963898 -0.08177064982970296
3.74 -0.09711707 0.07592988912758133 0.165099019 -0.09929293193606789
3.76 -0.08740536300000001 0.06424836772333804 0.145675605 -0.08761141053182461
3.78 -0.106828777 0.07592988912758133 0.155387312 -0.09929293193606789
3.8 -0.09711707 0.0700891284254597 0.145675605 -0.07592988912758133
3.82 -0.09711707 0.07592988912758133 0.165099019 -0.09929293193606789
3.84 -0.077693656 0.0700891284254597 0.145675605 -0.08177064982970296
3.86 -0.08740536300000001 0.09929293193606789 0.17481072600000003 -0.07592988912758133
3.88 -0.08740536300000001 0.0700891284254597 0.155387312 -0.07592988912758133
3.9 -0.08740536300000001 0.08761141053182461 0.165099019 -0.07592988912758133
3.92 -0.077693656 0.06424836772333804 0.145675605 -0.07592988912758133
3.94 -0.077693656 0.07592988912758133 0.17481072600000003 -0.08177064982970296
3.96 -0.08740536300000001 0.0700891284254597 0.145675605 -0.0700891284254597
3.98 -0.08740536300000001 0.08177064982970296 0.155387312 -0.0700891284254597
4.0 -0.077693656 0.0700891284254597 0.135963898 -0.0700891284254597
4.02 -0.077693656 0.08761141053182461 0.165099019 -0.08177064982970296
4.04 -0.077693656 0.0700891284254597 0.155387312 -0.07592988912758133
4.06 -0.08740536300000001 0.07592988912758133 0.17481072600000003 -0.08761141053182461
4.08 -0.08740536300000001 0.06424836772333804 0.17481072600000003 -0.0700891284254597
4.1 -0.077693656 0.0700891284254597 0.184522433 -0.08177064982970296
4.12 -0.077693656 0.07592988912758133 0.155387312 -0.06424836772333804
4.14 -0.08740536300000001 0.08177064982970296 0.184522433 -0.07592988912758133
4.16 -0.077693656 0.08177064982970296 0.17481072600000003 -0.0700891284254597
4.18 -0.077693656 0.09929293193606789 0.17481072600000003 -0.07592988912758133
4.2 -0.077693656 0.07592988912758133 0.17481072600000003 -0.06424836772333804
4.22 -0.08740536300000001 0.08761141053182461 0.165099019 -0.09345217123394625
4.24 -0.077693656 0.0700891284254597 0.155387312 -0.0700891284254597
4.26 -0.08740536300000001 0.08177064982970296 0.145675605 -0.06424836772333804
4.28 -0.08740536300000001 0.07592988912758133 0.145675605 -0.07592988912758133
4.3 -0.077693656 0.08761141053182461 0.155387312 -0.08761141053182461
4.32 -0.067981949 0.08761141053182461 0.155387312 -0.0700891284254597
4.34 -0.08740536300000001 0.08761141053182461 0.165099019 -0.07592988912758133
4.36 -0.08740536300000001 0.08177064982970296 0.165099019 -0.07592988912758133
4.38 -0.077693656 0.09345217123394625 0.17481072600000003 -0.08177064982970296
4.4 -0.08740536300000001 0.08177064982970296 0.17481072600000003 -0.08177064982970296
4.42 -0.08740536300000001 0.09345217123394625 0.184522433 -0.0700891284254597
4.44 -0.077693656 0.07592988912758133 0.17481072600000003 -0.0700891284254597
4.46 -0.08740536300000001 0.08761141053182461 0.17481072600000003 -0.0700891284254597
4.48 -0.08740536300000001 0.08761141053182461 0.184522433 -0.06424836772333804
4.5 -0.08740536300000001 0.09929293193606789 0.184522433 -0.08761141053182461
4.52 -0.077693656 0.09345217123394625 0.184522433 -0.0700891284254597
4.54 -0.09711707 0.10513369263818954 0.184522433 -0.07592988912758133
4.56 -0.08740536300000001 0.09929293193606789 0.184522433 -0.08177064982970296
4.58 -0.09711707 0.09929293193606789 0.19423414 -0.09345217123394625
4.6 -0.08740536300000001 0.08177064982970296 0.184522433 -0.08761141053182461
4.62 -0.077693656 0.09345217123394625 0.184522433 -0.08761141053182461
4.64 -0.08740536300000001 0.09345217123394625 0.19423414 -0.08177064982970296
4.66 -0.09711707 0.08177064982970296 0.184522433 -0.07592988912758133
4.68 -0.09711707 0.08177064982970296 0.184522433 -0.07592988912758133
4.7 -0.09711707 0.08177064982970296 0.19423414 -0.08177064982970296
4.72 -0.08740536300000001 0.08761141053182461 0.184522433 -0.07592988912758133
4.74 -0.08740536300000001 0.10513369263818954 0.184522433 -0.08177064982970296
4.76 -0.077693656 0.09345217123394625 0.19423414 -0.08177064982970296
4.78 -0.09711707 0.08761141053182461 0.184522433 -0.08761141053182461
4.8 -0.09711707 0.08761141053182461 0.184522433 -0.08761141053182461
4.82 -0.09711707 0.09345217123394625 0.184522433 -0.08761141053182461
4.84 -0.08740536300000001 0.09345217123394625 0.184522433 -0.08177064982970296
4.86 -0.08740536300000001 0.09345217123394625 0.184522433 -0.09345217123394625
4.88 -0.08740536300000001 0.09345217123394625 0.184522433 -0.09345217123394625
4.9 -0.08740536300000001 0.09929293193606789 0.19423414 -0.09345217123394625
4.92 -0.08740536300000001 0.09929293193606789 0.19423414 -0.09345217123394625
4.94 -0.08740536300000001 0.11681521404243281 0.184522433 -0.09345217123394625
4.96 -0.08740536300000001 0.11681521404243281 0.19423414 -0.08761141053182461
4.98 -0.08740536300000001 0.11097445334031117 0.19423414 -0.08761141053182461
5.0 -0.08740536300000001 0.09345217123394625 0.184522433 -0.08761141053182461
5.02 -0.08740536300000001 0.08761141053182461 0.184522433 -0.08761141053182461
5.04 -0.08740536300000001 0.09345217123394625 0.19423414 -0.08177064982970296
5.06 -0.08740536300000001 0.09345217123394625 0.184522433 -0.08761141053182461
5.08 -0.08740536300000001 0.09345217123394625 0.184522433 -0.08761141053182461
5.1 -0.08740536300000001 0.09345217123394625 0.184522433 -0.08761141053182461
5.12 -0.08740536300000001 0.09345217123394625 0.184522433 -0.08761141053182461
5.14 -0.08740536300000001 0.09345217123394625 0.184522433 -0.08761141053182461
5.16 -0.08740536300000001 0.09345217123394625 0.184522433 -0.08761141053182461
5.18 -0.08740536300000001 0.09345217123394625 0.184522433 -0.08761141053182461
5.2 -0.08740536300000001 0.09345217123394625 0.184522433 -0.08761141053182461
5.22 -0.08740536300000001 0.09345217123394625 0.184522433 -0.08177064982970296
5.24 -0.08740536300000001 0.09345217123394625 0.184522433 -0.08761141053182461
5.26 -0.08740536300000001 0.09345217123394625 0.184522433 -0.08177064982970296
5.28 -0.08740536300000001 0.09345217123394625 0.184522433 -0.08761141053182461
5.3 -0.08740536300000001 0.09345217123394625 0.19423414 -0.08761141053182461
5.32 -0.08740536300000001 0.09345217123394625 0.184522433 -0.08761141053182461
5.34 -0.08740536300000001 0.09345217123394625 0.184522433 -0.08761141053182461
5.36 -0.08740536300000001 0.09345217123394625 0.184522433 -0.08761141053182461
5.38 -0.08740536300000001 0.09345217123394625 0.19423414 -0.08761141053182461
5.4 -0.08740536300000001 0.09345217123394625 0.184522433 -0.08761141053182461
5.42 -0.08740536300000001 0.09345217123394625 0.184522433 -0.08761141053182461
5.44 -0.08740536300000001 0.09345217123394625 0.19423414 -0.08761141053182461
5.46 -0.08740536300000001 0.09345217123394625 0.19423414 -0.08177064982970296
5.48 -0.08740536300000001 0.09345217123394625 0.184522433 -0.08761141053182461
5.5 -0.08740536300000001 0.09345217123394625 0.184522433 -0.08761141053182461
5.52 -0.08740536300000001 0.09345217123394625 0.184522433 -0.08761141053182461
5.54 -0.08740536300000001 0.09345217123394625 0.184522433 -0.08761141053182461
5.56 -0.08740536300000001 0.08761141053182461 0.184522433 -0.07592988912758133
5.58 -0.08740536300000001 0.09345217123394625 0.184522433 -0.08177064982970296
5.6 -0.08740536300000001 0.09345217123394625 0.184522433 -0.08761141053182461
5.62 -0.08740536300000001 0.09345217123394625 0.184522433 -0.08761141053182461
5.64 -0.08740536300000001 0.09345217123394625 0.184522433 -0.08761141053182461
5.66 -0.08740536300000001 0.09345217123394625 0.184522433 -0.08177064982970296
5.68 -0.08740536300000001 0.09345217123394625 0.184522433 -0.08177064982970296
5.7 -0.08740536300000001 0.09345217123394625 0.184522433 -0.08177064982970296
5.72 -0.08740536300000001 0.09345217123394625 0.184522433 -0.08177064982970296
5.74 -0.08740536300000001 0.09345217123394625 0.184522433 -0.08177064982970296
5.76 -0.08740536300000001 0.09345217123394625 0.184522433 -0.08177064982970296
5.78 -0.08740536300000001 0.09345217123394625 0.184522433 -0.08761141053182461
5.8 -0.08740536300000001 0.09345217123394625 0.184522433 -0.08761141053182461
5.82 -0.08740536300000001 0.09345217123394625 0.184522433 -0.08761141053182461
5.84 -0.08740536300000001 0.09345217123394625 0.184522433 -0.08177064982970296
5.86 -0.08740536300000001 0.09345217123394625 0.184522433 -0.08177064982970296
5.88 -0.08740536300000001 0.09345217123394625 0.184522433 -0.08177064982970296
5.9 -0.08740536300000001 0.09345217123394625 0.184522433 -0.08761141053182461
5.92 -0.08740536300000001 0.09345217123394625 0.184522433 -0.08761141053182461
5.94 -0.09711707 0.09345217123394625 0.184522433 -0.08177064982970296
5.96 -0.08740536300000001 0.09345217123394625 0.184522433 -0.08761141053182461
5.98 -0.08740536300000001 0.09345217123394625 0.184522433 -0.08177064982970296
6.0 -0.08740536300000001 0.09345217123394625 0.184522433 -0.08177064982970296
6.02 -0.08740536300000001 0.09345217123394625 0.184522433 -0.08761141053182461
6.04 -0.08740536300000001 0.09345217123394625 0.184522433 -0.08177064982970296
6.06 -0.08740536300000001 0.09345217123394625 0.184522433 -0.08177064982970296
6.08 -0.08740536300000001 0.09345217123394625 0.184522433 -0.08761141053182461
6.1 -0.08740536300000001 0.09345217123394625 0.184522433 -0.08761141053182461
6.12 -0.08740536300000001 0.09345217123394625 0.184522433 -0.08177064982970296
6.14 -0.08740536300000001 0.09345217123394625 0.184522433 -0.08177064982970296
6.16 -0.08740536300000001 0.09345217123394625 0.184522433 -0.08761141053182461
6.18 -0.08740536300000001 0.09345217123394625 0.184522433 -0.08761141053182461
6.2 -0.08740536300000001 0.09345217123394625 0.184522433 -0.08761141053182461
6.22 -0.08740536300000001 0.09345217123394625 0.184522433 -0.08761141053182461
6.24 -0.08740536300000001 0.09345217123394625 0.184522433 -0.08177064982970296
6.26 -0.08740536300000001 0.09345217123394625 0.184522433 -0.08761141053182461
6.28 -0.08740536300000001 0.09345217123394625 0.184522433 -0.08177064982970296
6.3 -0.08740536300000001 0.09345217123394625 0.184522433 -0.08761141053182461
6.32 -0.08740536300000001 0.09345217123394625 0.184522433 -0.08177064982970296
6.34 -0.08740536300000001 0.09345217123394625 0.184522433 -0.08761141053182461
6.36 -0.08740536300000001 0.09345217123394625 0.184522433 -0.08761141053182461
6.38 -0.08740536300000001 0.09345217123394625 0.184522433 -0.08761141053182461
6.4 -0.08740536300000001 0.09345217123394625 0.184522433 -0.08761141053182461
6.42 -0.08740536300000001 0.09345217123394625 0.184522433 -0.08177064982970296
6.44 -0.08740536300000001 0.09345217123394625 0.184522433 -0.08177064982970296
6.46 -0.08740536300000001 0.09345217123394625 0.184522433 -0.08761141053182461
6.48 -0.08740536300000001 0.09345217123394625 0.184522433 -0.08761141053182461
6.5 -0.08740536300000001 0.09345217123394625 0.184522433 -0.08177064982970296
6.52 -0.08740536300000001 0.09345217123394625 0.184522433 -0.08761141053182461
6.54 -0.08740536300000001 0.09345217123394625 0.184522433 -0.08177064982970296
6.56 -0.08740536300000001 0.08761141053182461 0.184522433 -0.08177064982970296
6.58 -0.08740536300000001 0.08761141053182461 0.184522433 -0.08761141053182461
6.6 -0.08740536300000001 0.08761141053182461 0.184522433 -0.08177064982970296
6.62 -0.08740536300000001 0.08761141053182461 0.184522433 -0.08761141053182461
6.64 -0.08740536300000001 0.08761141053182461 0.184522433 -0.08761141053182461
6.66 -0.08740536300000001 0.08761141053182461 0.184522433 -0.08177064982970296
6.68 -0.08740536300000001 0.08761141053182461 0.184522433 -0.08177064982970296
6.7 -0.08740536300000001 0.08761141053182461 0.184522433 -0.08761141053182461
6.72 -0.08740536300000001 0.08761141053182461 0.184522433 -0.08761141053182461
6.74 -0.08740536300000001 0.09345217123394625 0.184522433 -0.09345217123394625
6.76 -0.08740536300000001 0.08761141053182461 0.184522433 -0.08761141053182461
6.78 -0.09711707 0.08761141053182461 0.184522433 -0.08177064982970296
6.8 -0.09711707 0.08761141053182461 0.184522433 -0.08177064982970296
6.82 -0.08740536300000001 0.08761141053182461 0.184522433 -0.08177064982970296
6.84 -0.08740536300000001 0.08761141053182461 0.184522433 -0.08177064982970296
6.86 -0.08740536300000001 0.08761141053182461 0.184522433 -0.08761141053182461
6.88 -0.08740536300000001 0.08761141053182461 0.184522433 -0.08177064982970296
6.9 -0.08740536300000001 0.08761141053182461 0.184522433 -0.08761141053182461
6.92 -0.08740536300000001 0.08761141053182461 0.184522433 -0.08177064982970296
6.94 -0.08740536300000001 0.08761141053182461 0.184522433 -0.08761141053182461
6.96 -0.08740536300000001 0.08761141053182461 0.184522433 -0.08761141053182461
6.98 -0.08740536300000001 0.08761141053182461 0.184522433 -0.08761141053182461
7.0 -0.08740536300000001 0.08761141053182461 0.184522433 -0.08761141053182461
7.02 -0.08740536300000001 0.08761141053182461 0.184522433 -0.08177064982970296
7.04 -0.08740536300000001 0.08761141053182461 0.184522433 -0.08177064982970296
7.06 -0.08740536300000001 0.08761141053182461 0.184522433 -0.08177064982970296
7.08 -0.08740536300000001 0.09345217123394625 0.184522433 -0.08177064982970296
7.1 -0.08740536300000001 0.09345217123394625 0.184522433 -0.08177064982970296
7.12 -0.08740536300000001 0.09345217123394625 0.184522433 -0.08177064982970296
7.14 -0.08740536300000001 0.09345217123394625 0.184522433 -0.08177064982970296
7.16 -0.08740536300000001 0.09345217123394625 0.184522433 -0.08761141053182461
7.18 -0.08740536300000001 0.08761141053182461 0.184522433 -0.08177064982970296
7.2 -0.08740536300000001 0.08761141053182461 0.184522433 -0.08761141053182461
7.22 -0.08740536300000001 0.08761141053182461 0.184522433 -0.08761141053182461
7.24 -0.08740536300000001 0.08761141053182461 0.184522433 -0.08177064982970296
7.26 -0.08740536300000001 0.08761141053182461 0.184522433 -0.08177064982970296
7.28 -0.08740536300000001 0.08761141053182461 0.184522433 -0.08177064982970296
7.3 -0.08740536300000001 0.08761141053182461 0.184522433 -0.08761141053182461
7.32 -0.08740536300000001 0.08761141053182461 0.184522433 -0.08761141053182461
7.34 -0.08740536300000001 0.08761141053182461 0.184522433 -0.08761141053182461
7.36 -0.08740536300000001 0.08761141053182461 0.184522433 -0.08761141053182461
7.38 -0.08740536300000001 0.08761141053182461 0.184522433 -0.08177064982970296
7.4 -0.08740536300000001 0.08761141053182461 0.184522433 -0.08761141053182461
7.42 -0.08740536300000001 0.08761141053182461 0.184522433 -0.08761141053182461
7.44 -0.08740536300000001 0.08761141053182461 0.184522433 -0.07592988912758133
7.46 -0.08740536300000001 0.08761141053182461 0.184522433 -0.08761141053182461
7.48 -0.08740536300000001 0.08761141053182461 0.184522433 -0.08177064982970296
7.5 -0.08740536300000001 0.08761141053182461 0.184522433 -0.08177064982970296
7.52 -0.08740536300000001 0.08761141053182461 0.184522433 -0.08761141053182461
7.54 -0.08740536300000001 0.08761141053182461 0.184522433 -0.08177064982970296
7.56 -0.08740536300000001 0.08761141053182461 0.184522433 -0.08761141053182461
7.58 -0.08740536300000001 0.08761141053182461 0.184522433 -0.08177064982970296
7.6 -0.08740536300000001 0.08761141053182461 0.184522433 -0.08177064982970296
7.62 -0.08740536300000001 0.08761141053182461 0.184522433 -0.08177064982970296
7.64 -0.08740536300000001 0.08761141053182461 0.184522433 -0.08177064982970296
7.66 -0.08740536300000001 0.08761141053182461 0.184522433 -0.08177064982970296
7.68 -0.08740536300000001 0.08761141053182461 0.184522433 -0.08177064982970296
7.7 -0.08740536300000001 0.08761141053182461 0.184522433 -0.08177064982970296
7.72 -0.08740536300000001 0.08761141053182461 0.184522433 -0.08761141053182461
7.74 -0.08740536300000001 0.08761141053182461 0.184522433 -0.08761141053182461
7.76 -0.08740536300000001 0.08761141053182461 0.184522433 -0.08177064982970296
7.78 -0.08740536300000001 0.08761141053182461 0.184522433 -0.08177064982970296
7.8 -0.08740536300000001 0.08761141053182461 0.184522433 -0.08761141053182461
7.82 -0.08740536300000001 0.08761141053182461 0.184522433 -0.08761141053182461
7.84 -0.08740536300000001 0.08761141053182461 0.184522433 -0.08761141053182461
7.86 -0.08740536300000001 0.08761141053182461 0.184522433 -0.08177064982970296
7.88 -0.08740536300000001 0.09345217123394625 0.184522433 -0.08761141053182461
7.9 -0.08740536300000001 0.09345217123394625 0.184522433 -0.08177064982970296
7.92 -0.08740536300000001 0.09345217123394625 0.184522433 -0.07592988912758133
7.94 -0.08740536300000001 0.09345217123394625 0.184522433 -0.08761141053182461
7.96 -0.08740536300000001 0.08761141053182461 0.184522433 -0.08761141053182461
7.98 -0.08740536300000001 0.08761141053182461 0.184522433 -0.08761141053182461
8.0 -0.08740536300000001 0.08761141053182461 0.184522433 -0.08761141053182461
8.02 -0.08740536300000001 0.08761141053182461 0.184522433 -0.08761141053182461
8.04 -0.08740536300000001 0.08761141053182461 0.184522433 -0.08177064982970296
8.06 -0.08740536300000001 0.08761141053182461 0.184522433 -0.08761141053182461
8.08 -0.08740536300000001 0.08761141053182461 0.184522433 -0.08761141053182461
8.1 -0.08740536300000001 0.08761141053182461 0.184522433 -0.08761141053182461
8.12 -0.08740536300000001 0.08761141053182461 0.184522433 -0.08761141053182461
8.14 -0.08740536300000001 0.08761141053182461 0.184522433 -0.08177064982970296
8.16 -0.08740536300000001 0.08761141053182461 0.184522433 -0.08761141053182461
8.18 -0.08740536300000001 0.08761141053182461 0.184522433 -0.08177064982970296
8.2 -0.08740536300000001 0.08761141053182461 0.184522433 -0.08177064982970296
8.22 -0.08740536300000001 0.08761141053182461 0.184522433 -0.08761141053182461
8.24 -0.08740536300000001 0.08761141053182461 0.184522433 -0.08761141053182461
8.26 -0.08740536300000001 0.08761141053182461 0.184522433 -0.08761141053182461
8.28 -0.08740536300000001 0.08761141053182461 0.184522433 -0.08761141053182461
8.3 -0.08740536300000001 0.09345217123394625 0.184522433 -0.08177064982970296
8.32 -0.08740536300000001 0.09345217123394625 0.184522433 -0.08761141053182461
8.34 -0.08740536300000001 0.09345217123394625 0.184522433 -0.08761141053182461
8.36 -0.08740536300000001 0.09345217123394625 0.184522433 -0.08177064982970296
8.38 -0.08740536300000001 0.09345217123394625 0.184522433 -0.08761141053182461
8.4 -0.08740536300000001 0.09345217123394625 0.184522433 -0.08761141053182461
8.42 -0.08740536300000001 0.09345217123394625 0.184522433 -0.08177064982970296
8.44 -0.08740536300000001 0.09345217123394625 0.184522433 -0.08177064982970296
8.46 -0.08740536300000001 0.09345217123394625 0.184522433 -0.08177064982970296
8.48 -0.08740536300000001 0.08761141053182461 0.184522433 -0.08177064982970296
8.5 -0.08740536300000001 0.08761141053182461 0.184522433 -0.08761141053182461
8.52 -0.08740536300000001 0.09345217123394625 0.184522433 -0.08761141053182461
8.54 -0.08740536300000001 0.09345217123394625 0.184522433 -0.09345217123394625
8.56 -0.08740536300000001 0.09345217123394625 0.184522433 -0.08761141053182461
8.58 -0.08740536300000001 0.09345217123394625 0.184522433 -0.08761141053182461
8.6 -0.08740536300000001 0.08761141053182461 0.184522433 -0.08177064982970296
8.62 -0.08740536300000001 0.08761141053182461 0.184522433 -0.08177064982970296
8.64 -0.08740536300000001 0.08761141053182461 0.184522433 -0.08177064982970296
8.66 -0.08740536300000001 0.08761141053182461 0.184522433 -0.08177064982970296
8.68 -0.08740536300000001 0.08761141053182461 0.184522433 -0.08177064982970296
8.7 -0.08740536300000001 0.08761141053182461 0.184522433 -0.08177064982970296
8.72 -0.08740536300000001 0.08761141053182461 0.184522433 -0.08761141053182461
8.74 -0.08740536300000001 0.08761141053182461 0.184522433 -0.08177064982970296
8.76 -0.08740536300000001 0.08761141053182461 0.184522433 -0.08761141053182461
8.78 -0.08740536300000001 0.08761141053182461 0.184522433 -0.08177064982970296
8.8 -0.08740536300000001 0.08761141053182461 0.184522433 -0.08177064982970296
8.82 -0.08740536300000001 0.08761141053182461 0.184522433 -0.08761141053182461
8.84 -0.08740536300000001 0.08761141053182461 0.184522433 -0.08177064982970296
8.86 -0.08740536300000001 0.08761141053182461 0.184522433 -0.08761141053182461
8.88 -0.08740536300000001 0.08761141053182461 0.184522433 -0.08761141053182461
8.9 -0.08740536300000001 0.08761141053182461 0.184522433 -0.08177064982970296
8.92 -0.08740536300000001 0.08761141053182461 0.184522433 -0.08761141053182461
8.94 -0.08740536300000001 0.08761141053182461 0.184522433 -0.08761141053182461
8.96 -0.08740536300000001 0.08761141053182461 0.184522433 -0.08761141053182461
8.98 -0.08740536300000001 0.08761141053182461 0.184522433 -0.08177064982970296
9.0 -0.08740536300000001 0.08761141053182461 0.184522433 -0.08761141053182461
9.02 -0.08740536300000001 0.08761141053182461 0.184522433 -0.08177064982970296
9.04 -0.08740536300000001 0.08761141053182461 0.184522433 -0.08177064982970296
9.06 -0.08740536300000001 0.08761141053182461 0.184522433 -0.08177064982970296
9.08 -0.08740536300000001 0.08761141053182461 0.184522433 -0.08177064982970296
9.1 -0.08740536300000001 0.08761141053182461 0.184522433 -0.08177064982970296
9.12 -0.08740536300000001 0.08761141053182461 0.184522433 -0.08761141053182461
9.14 -0.08740536300000001 0.08761141053182461 0.184522433 -0.08761141053182461
9.16 -0.08740536300000001 0.08761141053182461 0.184522433 -0.08761141053182461
9.18 -0.08740536300000001 0.08761141053182461 0.184522433 -0.08761141053182461
9.2 -0.09711707 0.09345217123394625 0.184522433 -0.08761141053182461
9.22 -0.09711707 0.09345217123394625 0.184522433 -0.08177064982970296
9.24 -0.08740536300000001 0.09345217123394625 0.184522433 -0.08761141053182461
9.26 -0.08740536300000001 0.09345217123394625 0.184522433 -0.08177064982970296
9.28 -0.08740536300000001 0.08761141053182461 0.184522433 -0.08177064982970296
9.3 -0.08740536300000001 0.08761141053182461 0.184522433 -0.08177064982970296
9.32 -0.08740536300000001 0.08761141053182461 0.184522433 -0.08761141053182461
9.34 -0.08740536300000001 0.08761141053182461 0.184522433 -0.08761141053182461
9.36 -0.08740536300000001 0.08761141053182461 0.184522433 -0.08177064982970296
9.38 -0.08740536300000001 0.08761141053182461 0.184522433 -0.08761141053182461
9.4 -0.08740536300000001 0.08761141053182461 0.184522433 -0.08177064982970296
9.42 -0.08740536300000001 0.08761141053182461 0.184522433 -0.08761141053182461
9.44 -0.08740536300000001 0.08761141053182461 0.184522433 -0.08177064982970296
9.46 -0.08740536300000001 0.08761141053182461 0.184522433 -0.08761141053182461
9.48 -0.08740536300000001 0.08761141053182461 0.184522433 -0.08177064982970296
9.5 -0.08740536300000001 0.08761141053182461 0.184522433 -0.08761141053182461
9.52 -0.08740536300000001 0.08761141053182461 0.184522433 -0.08177064982970296
9.54 -0.08740536300000001 0.08761141053182461 0.184522433 -0.08177064982970296
9.56 -0.08740536300000001 0.08761141053182461 0.184522433 -0.08177064982970296
9.58 -0.08740536300000001 0.08761141053182461 0.184522433 -0.08761141053182461
9.6 -0.08740536300000001 0.08761141053182461 0.184522433 -0.08761141053182461
9.62 -0.08740536300000001 0.08761141053182461 0.184522433 -0.08177064982970296
9.64 -0.08740536300000001 0.08761141053182461 0.17481072600000003 -0.08761141053182461
9.66 -0.08740536300000001 0.08761141053182461 0.17481072600000003 -0.08177064982970296
9.68 -0.08740536300000001 0.08761141053182461 0.17481072600000003 -0.08177064982970296
9.7 -0.08740536300000001 0.08761141053182461 0.184522433 -0.08761141053182461
9.72 -0.08740536300000001 0.08761141053182461 0.184522433 -0.08761141053182461
9.74 -0.08740536300000001 0.08761141053182461 0.184522433 -0.08177064982970296
9.76 -0.08740536300000001 0.08761141053182461 0.184522433 -0.08761141053182461
9.78 -0.08740536300000001 0.08761141053182461 0.184522433 -0.08177064982970296
9.8 -0.08740536300000001 0.08761141053182461 0.184522433 -0.08177064982970296
9.82 -0.08740536300000001 0.08761141053182461 0.184522433 -0.08177064982970296
9.84 -0.08740536300000001 0.08761141053182461 0.184522433 -0.08177064982970296
9.86 -0.08740536300000001 0.08761141053182461 0.184522433 -0.08761141053182461
9.88 -0.08740536300000001 0.08761141053182461 0.184522433 -0.08177064982970296
9.9 -0.08740536300000001 0.08761141053182461 0.184522433 -0.08177064982970296
9.92 -0.08740536300000001 0.08761141053182461 0.184522433 -0.08761141053182461
9.94 -0.08740536300000001 0.08761141053182461 0.184522433 -0.08761141053182461
9.96 -0.08740536300000001 0.08761141053182461 0.184522433 -0.08761141053182461
9.98 -0.08740536300000001 0.08761141053182461 0.184522433 -0.08177064982970296
10.0 -0.08740536300000001 0.08761141053182461 0.184522433 -0.08177064982970296
10.02 -0.08740536300000001 0.08761141053182461 0.184522433 -0.08177064982970296
10.04 -0.08740536300000001 0.08761141053182461 0.184522433 -0.08177064982970296
10.06 -0.08740536300000001 0.08761141053182461 0.184522433 -0.08177064982970296
10.08 -0.08740536300000001 0.08761141053182461 0.184522433 -0.08761141053182461
10.1 -0.08740536300000001 0.08761141053182461 0.233080968 -0.11681521404243281
10.12 -0.08740536300000001 0.08761141053182461 0.213657554 -0.09929293193606789
10.14 -0.077693656 0.08177064982970296 0.252504382 -0.1401782568509194
10.16 -0.038846828 0.08177064982970296 0.203945847 -0.029203803510608202
10.18 -0.019423414 0.08177064982970296 0.252504382 -0.10513369263818954
10.2 -0.038846828 0.08761141053182461 0.165099019 0.005840760702121641
10.22 -0.048558535 0.08761141053182461 0.213657554 -0.10513369263818954
10.24 -0.048558535 0.023363042808486563 0.135963898 -0.03504456421272985
10.26 -0.009711707 0.11681521404243281 0.29135121 -0.08177064982970296
10.28 -0.009711707 0.07592988912758133 0.203945847 0.046726085616973126
10.3 -0.019423414 0.06424836772333804 0.233080968 -0.08761141053182461
10.32 -0.038846828 0.0700891284254597 0.077693656 0.0
10.34 -0.038846828 0.06424836772333804 0.155387312 -0.12265597474455446
10.36 -0.038846828 0.06424836772333804 0.048558535 0.0
10.38 -0.048558535 0.06424836772333804 0.184522433 -0.12849673544667609
10.4 -0.048558535 0.06424836772333804 0.116540484 0.005840760702121641
10.42 -0.019423414 0.06424836772333804 0.19423414 -0.11681521404243281
10.44 -0.019423414 0.06424836772333804 0.126252191 0.0
10.46 -0.019423414 0.06424836772333804 0.203945847 -0.10513369263818954
10.48 -0.019423414 0.06424836772333804 0.17481072600000003 -0.017522282106364924
10.5 -0.019423414 0.06424836772333804 0.213657554 -0.10513369263818954
10.52 -0.019423414 0.06424836772333804 0.165099019 -0.06424836772333804
10.54 -0.019423414 0.06424836772333804 0.213657554 -0.08761141053182461
10.56 -0.029135121 0.06424836772333804 0.22336926099999999 -0.10513369263818954
10.58 -0.019423414 0.06424836772333804 0.262216089 -0.04088532491485148
10.6 -0.019423414 0.06424836772333804 0.242792675 -0.046726085616973126
10.62 -0.019423414 0.06424836772333804 0.242792675 0.0
10.64 -0.029135121 0.06424836772333804 0.262216089 -0.07592988912758133
10.66 -0.019423414 0.06424836772333804 0.262216089 0.0
10.68 -0.019423414 0.06424836772333804 0.262216089 -0.12849673544667609
10.7 0.0 0.06424836772333804 0.077693656 -0.011681521404243281
10.72 -0.009711707 0.06424836772333804 0.106828777 -0.1577005389572843
10.74 -0.029135121 0.046726085616973126 0.038846828 -0.005840760702121641
10.76 -0.048558535 0.046726085616973126 0.116540484 -0.24531194948910892
10.78 -0.048558535 0.046726085616973126 0.029135121 -0.005840760702121641
10.8 -0.048558535 0.046726085616973126 0.145675605 -0.25115271019123053
10.82 -0.029135121 0.046726085616973126 0.067981949 0.011681521404243281
10.84 -0.019423414 0.046726085616973126 0.155387312 -0.2861972744039604
10.86 -0.009711707 0.029203803510608202 0.067981949 0.005840760702121641
10.88 -0.009711707 0.029203803510608202 0.17481072600000003 -0.24531194948910892
10.9 0.0 0.011681521404243281 0.08740536300000001 0.0
10.92 -0.009711707 0.023363042808486563 0.19423414 -0.23947118878698725
10.94 0.0 0.011681521404243281 0.067981949 -0.011681521404243281
10.96 -0.019423414 0.011681521404243281 0.184522433 -0.2044266245742574
10.98 0.0 0.04088532491485148 0.077693656 -0.029203803510608202
11.0 -0.048558535 0.046726085616973126 0.155387312 -0.10513369263818954
11.02 0.0 0.029203803510608202 0.08740536300000001 -0.06424836772333804
11.04 -0.029135121 0.06424836772333804 0.116540484 -0.029203803510608202
11.06 0.019423414 0.046726085616973126 0.077693656 -0.058407607021216404
11.08 -0.019423414 0.07592988912758133 0.116540484 -0.029203803510608202
11.1 0.0 0.06424836772333804 0.067981949 -0.03504456421272985
11.12 -0.009711707 0.058407607021216404 0.106828777 -0.029203803510608202
11.14 -0.038846828 0.1401782568509194 0.048558535 -0.04088532491485148
11.16 -0.029135121 0.029203803510608202 0.058270242 -0.046726085616973126
11.18 -0.08740536300000001 0.13433749614879772 0.038846828 -0.046726085616973126
11.2 -0.029135121 -0.023363042808486563 0.048558535 -0.06424836772333804
11.22 -0.116540484 0.10513369263818954 0.0 -0.06424836772333804
11.24 -0.029135121 -0.13433749614879772 0.029135121 -0.07592988912758133
11.26 -0.155387312 0.10513369263818954 0.009711707 -0.058407607021216404
11.28 0.0 -0.17522282106364923 0.048558535 -0.06424836772333804
11.3 -0.135963898 0.24531194948910892 0.029135121 -0.06424836772333804
11.32 0.009711707 -0.1869043424678925 0.048558535 -0.058407607021216404
11.34 -0.19423414 0.2803565137018388 0.0 0.0
11.36 0.0 -0.19274510317001414 0.009711707 -0.04088532491485148
11.38 -0.145675605 0.29787879580820364 0.0 -0.04088532491485148
11.4 0.038846828 -0.1401782568509194 0.0 -0.05256684631909477
11.42 -0.077693656 0.24531194948910892 0.0 -0.05256684631909477
11.44 0.067981949 -0.07592988912758133 0.029135121 -0.046726085616973126
11.46 -0.048558535 0.2803565137018388 0.009711707 -0.046726085616973126
11.48 0.009711707 -0.023363042808486563 0.029135121 -0.046726085616973126
11.5 -0.038846828 0.1577005389572843 0.009711707 -0.046726085616973126
11.52 -0.019423414 0.08177064982970296 0.038846828 -0.046726085616973126
11.54 -0.126252191 0.07592988912758133 0.029135121 -0.046726085616973126
11.56 -0.067981949 0.08761141053182461 0.029135121 -0.04088532491485148
11.58 -0.135963898 0.046726085616973126 0.029135121 -0.04088532491485148
11.6 -0.126252191 0.058407607021216404 0.019423414 -0.046726085616973126
11.62 -0.126252191 0.017522282106364924 0.019423414 -0.046726085616973126
11.64 -0.135963898 0.11681521404243281 0.009711707 -0.046726085616973126
11.66 -0.116540484 0.017522282106364924 0.0 -0.046726085616973126
11.68 -0.135963898 0.18106358176577086 0.009711707 -0.046726085616973126
11.7 -0.106828777 0.023363042808486563 0.0 -0.046726085616973126
11.72 -0.19423414 0.2044266245742574 0.009711707 -0.046726085616973126
11.74 -0.038846828 0.023363042808486563 0.0 -0.046726085616973126
11.76 -0.116540484 0.26283423159547387 0.0 -0.046726085616973126
11.78 -0.029135121 0.011681521404243281 0.0 -0.03504456421272985
11.8 -0.165099019 0.29787879580820364 0.019423414 -0.03504456421272985
11.82 -0.029135121 -0.046726085616973126 0.0 -0.03504456421272985
11.84 -0.19423414 0.36212716353154173 0.038846828 -0.023363042808486563
11.86 -0.058270242 -0.09345217123394625 0.0 -0.017522282106364924
11.88 -0.242792675 0.33876412072305523 0.0 -0.011681521404243281
11.9 -0.08740536300000001 -0.046726085616973126 0.0 -0.023363042808486563
11.92 -0.242792675 0.27451575299971714 0.0 -0.023363042808486563
11.94 -0.058270242 0.0 -0.009711707 -0.023363042808486563
11.96 -0.252504382 0.19858586387213578 0.0 -0.03504456421272985
11.98 -0.077693656 0.046726085616973126 -0.09711707 -0.029203803510608202
12.0 -0.213657554 0.09345217123394625 -0.019423414 -0.046726085616973126
12.02 -0.077693656 0.07592988912758133 -0.08740536300000001 -0.04088532491485148
12.04 -0.126252191 0.03504456421272985 0.0 -0.06424836772333804
12.06 -0.08740536300000001 0.058407607021216404 -0.077693656 -0.05256684631909477
12.08 -0.116540484 0.029203803510608202 -0.019423414 -0.06424836772333804
12.1 -0.116540484 0.04088532491485148 -0.019423414 -0.10513369263818954
12.12 -0.116540484 0.04088532491485148 0.0 -0.058407607021216404
12.14 -0.09711707 0.05256684631909477 0.019423414 -0.09929293193606789
12.16 -0.116540484 0.046726085616973126 0.0 0.0
12.18 -0.106828777 0.03504456421272985 0.135963898 -0.08761141053182461
12.2 -0.126252191 0.046726085616973126 0.08740536300000001 0.03504456421272985
12.22 -0.038846828 0.058407607021216404 0.233080968 -0.09345217123394625
12.24 -0.038846828 0.0700891284254597 0.126252191 0.09345217123394625
12.26 -0.019423414 0.05256684631909477 0.203945847 -0.15185977825516267
12.28 -0.038846828 0.06424836772333804 0.009711707 0.06424836772333804
12.3 -0.058270242 0.06424836772333804 0.077693656 -0.09345217123394625
12.32 -0.038846828 0.058407607021216404 -0.009711707 0.0
12.34 -0.019423414 0.05256684631909477 0.067981949 -0.12849673544667609
12.36 -0.019423414 0.07592988912758133 -0.019423414 0.0
12.38 -0.019423414 0.04088532491485148 0.058270242 -0.16938206036152761
12.4 -0.009711707 0.09929293193606789 0.019423414 0.011681521404243281
12.42 0.0 0.058407607021216404 0.106828777 -0.10513369263818954
12.44 -0.009711707 0.06424836772333804 0.077693656 0.0
12.46 -0.038846828 0.06424836772333804 0.09711707 -0.11097445334031117
12.48 -0.077693656 0.058407607021216404 0.029135121 -0.05256684631909477
12.5 -0.067981949 0.058407607021216404 0.09711707 -0.10513369263818954
12.52 -0.067981949 0.058407607021216404 0.08740536300000001 -0.09345217123394625
12.54 -0.038846828 0.058407607021216404 0.155387312 -0.09345217123394625
12.56 -0.038846828 0.058407607021216404 0.126252191 -0.10513369263818954
12.58 -0.019423414 0.058407607021216404 0.165099019 -0.023363042808486563
12.6 -0.019423414 0.058407607021216404 0.145675605 -0.08761141053182461
12.62 -0.009711707 0.058407607021216404 0.155387312 -0.017522282106364924
12.64 -0.019423414 0.058407607021216404 0.17481072600000003 -0.12265597474455446
12.66 0.0 0.058407607021216404 0.165099019 -0.017522282106364924
12.68 -0.009711707 0.058407607021216404 0.22336926099999999 -0.16354129965940592
12.7 0.0 0.04088532491485148 0.08740536300000001 -0.023363042808486563
12.72 -0.009711707 0.04088532491485148 0.067981949 -0.19274510317001414
12.74 -0.019423414 0.04088532491485148 0.0 0.005840760702121641
12.76 -0.038846828 0.03504456421272985 0.077693656 -0.2861972744039604
12.78 -0.067981949 0.03504456421272985 0.0 0.0
12.8 -0.058270242 0.03504456421272985 0.106828777 -0.2803565137018388
12.82 -0.038846828 0.017522282106364924 0.019423414 -0.005840760702121641
12.84 -0.019423414 0.023363042808486563 0.145675605 -0.25115271019123053
12.86 0.0 0.011681521404243281 0.038846828 -0.011681521404243281
12.88 0.0 0.03504456421272985 0.126252191 -0.25699347089335217
12.9 0.0 0.023363042808486563 0.048558535 -0.03504456421272985
12.92 -0.009711707 0.017522282106364924 0.126252191 -0.19858586387213578
12.94 0.029135121 0.04088532491485148 0.058270242 -0.05256684631909477
12.96 -0.029135121 0.03504456421272985 0.126252191 -0.09929293193606789
12.98 0.038846828 0.029203803510608202 0.067981949 -0.0700891284254597
13.0 -0.009711707 0.07592988912758133 0.116540484 -0.046726085616973126
13.02 0.048558535 0.046726085616973126 0.067981949 -0.0700891284254597
13.04 -0.019423414 0.06424836772333804 0.126252191 -0.04088532491485148
13.06 0.0 0.06424836772333804 0.048558535 -0.04088532491485148
13.08 -0.048558535 0.06424836772333804 0.08740536300000001 -0.023363042808486563
13.1 -0.08740536300000001 0.12265597474455446 0.048558535 -0.03504456421272985
13.12 -0.058270242 0.011681521404243281 0.058270242 -0.046726085616973126
13.14 -0.116540484 0.12849673544667609 0.019423414 -0.046726085616973126
13.16 -0.067981949 -0.06424836772333804 0.048558535 -0.058407607021216404
13.18 -0.165099019 0.10513369263818954 0.019423414 -0.05256684631909477
13.2 -0.038846828 -0.12849673544667609 0.038846828 -0.0700891284254597
13.22 -0.145675605 0.09345217123394625 0.019423414 -0.05256684631909477
13.24 0.009711707 -0.15185977825516267 0.058270242 -0.058407607021216404
13.26 -0.116540484 0.19274510317001414 0.038846828 -0.04088532491485148
13.28 0.067981949 -0.16354129965940592 0.038846828 -0.06424836772333804
13.3 -0.09711707 0.26867499229759545 0.0 -0.05256684631909477
13.32 0.067981949 -0.1577005389572843 0.009711707 -0.06424836772333804
13.34 -0.106828777 0.30371955651032534 0.0 -0.046726085616973126
13.36 0.09711707 -0.1401782568509194 0.009711707 -0.058407607021216404
13.38 -0.048558535 0.2861972744039604 0.0 -0.05256684631909477
13.4 0.058270242 -0.08177064982970296 0.029135121 -0.03504456421272985
13.42 -0.145675605 0.2102673852763791 0.0 -0.023363042808486563
13.44 -0.08740536300000001 -0.0700891284254597 0.0 -0.029203803510608202
13.46 -0.19423414 0.1869043424678925 0.0 -0.04088532491485148
13.48 -0.116540484 0.0 0.029135121 -0.046726085616973126
13.5 -0.116540484 0.13433749614879772 0.029135121 -0.04088532491485148
13.52 -0.009711707 0.1577005389572843 0.048558535 -0.029203803510608202
13.54 -0.038846828 0.05256684631909477 0.048558535 -0.03504456421272985
13.56 -0.058270242 0.0700891284254597 0.038846828 -0.04088532491485148
13.58 -0.116540484 0.0 0.019423414 -0.04088532491485148
13.6 -0.155387312 0.11681521404243281 0.0 -0.03504456421272985
13.62 -0.135963898 0.011681521404243281 0.0 -0.04088532491485148
13.64 -0.135963898 0.18106358176577086 0.0 -0.04088532491485148
13.66 -0.116540484 0.005840760702121641 0.0 -0.046726085616973126
13.68 -0.213657554 0.2044266245742574 0.0 -0.04088532491485148
13.7 -0.058270242 0.023363042808486563 0.0 -0.04088532491485148
13.72 -0.135963898 0.25115271019123053 0.009711707 -0.03504456421272985
13.74 -0.019423414 0.0 0.0 -0.029203803510608202
13.76 -0.165099019 0.292038035106082 0.029135121 -0.023363042808486563
13.78 -0.009711707 -0.03504456421272985 0.019423414 -0.029203803510608202
13.8 -0.19423414 0.36796792423366337 0.038846828 -0.023363042808486563
13.82 -0.067981949 -0.10513369263818954 0.0 -0.017522282106364924
13.84 -0.242792675 0.3329233600209335 0.0 -0.005840760702121641
13.86 -0.08740536300000001 -0.05256684631909477 -0.019423414 -0.017522282106364924
13.88 -0.242792675 0.29787879580820364 0.0 -0.017522282106364924
13.9 -0.067981949 0.0 -0.038846828 -0.017522282106364924
13.92 -0.262216089 0.2044266245742574 -0.019423414 -0.03504456421272985
13.94 -0.077693656 0.046726085616973126 -0.106828777 -0.017522282106364924
13.96 -0.203945847 0.09345217123394625 -0.019423414 -0.04088532491485148
13.98 -0.067981949 0.07592988912758133 -0.077693656 -0.03504456421272985
14.0 -0.126252191 0.03504456421272985 0.0 -0.0700891284254597
14.02 -0.09711707 0.05256684631909477 -0.067981949 -0.046726085616973126
14.04 -0.135963898 0.023363042808486563 0.0 -0.058407607021216404
14.06 -0.126252191 0.04088532491485148 -0.009711707 -0.10513369263818954
14.08 -0.135963898 0.03504456421272985 0.0 -0.058407607021216404
14.1 -0.09711707 0.05256684631909477 0.019423414 -0.10513369263818954
14.12 -0.126252191 0.04088532491485148 0.0 0.0
14.14 -0.106828777 0.029203803510608202 0.145675605 -0.11097445334031117
14.16 -0.126252191 0.05256684631909477 0.08740536300000001 0.029203803510608202
14.18 -0.048558535 0.05256684631909477 0.242792675 -0.09929293193606789
14.2 -0.038846828 0.0700891284254597 0.116540484 0.09345217123394625
14.22 -0.019423414 0.058407607021216404 0.184522433 -0.13433749614879772
14.24 -0.048558535 0.06424836772333804 0.009711707 0.04088532491485148
14.26 -0.067981949 0.05256684631909477 0.08740536300000001 -0.12849673544667609
14.28 -0.048558535 0.06424836772333804 0.0 0.029203803510608202
14.3 -0.019423414 0.0700891284254597 0.077693656 -0.11097445334031117
14.32 -0.019423414 0.07592988912758133 0.0 0.0
14.34 -0.019423414 0.029203803510608202 0.067981949 -0.17522282106364923
14.36 0.0 0.09929293193606789 0.038846828 0.0
14.38 0.0 0.058407607021216404 0.135963898 -0.11097445334031117
14.4 -0.009711707 0.058407607021216404 0.09711707 0.0
14.42 -0.038846828 0.05256684631909477 0.116540484 -0.11097445334031117
14.44 -0.08740536300000001 0.058407607021216404 0.019423414 -0.05256684631909477
14.46 -0.067981949 0.05256684631909477 0.048558535 -0.11097445334031117
14.48 -0.08740536300000001 0.05256684631909477 0.077693656 -0.09345217123394625
14.5 -0.048558535 0.058407607021216404 0.145675605 -0.09929293193606789
14.52 -0.038846828 0.05256684631909477 0.126252191 -0.11097445334031117
14.54 -0.029135121 0.058407607021216404 0.17481072600000003 -0.023363042808486563
14.56 -0.029135121 0.058407607021216404 0.165099019 -0.08177064982970296
14.58 -0.009711707 0.05256684631909477 0.165099019 -0.005840760702121641
14.6 -0.019423414 0.05256684631909477 0.184522433 -0.12849673544667609
14.62 -0.019423414 0.05256684631909477 0.17481072600000003 -0.03504456421272985
14.64 -0.019423414 0.058407607021216404 0.233080968 -0.1577005389572843
14.66 -0.009711707 0.03504456421272985 0.08740536300000001 -0.005840760702121641
14.68 -0.009711707 0.03504456421272985 0.08740536300000001 -0.22194890668062234
14.7 -0.029135121 0.03504456421272985 0.0 0.011681521404243281
14.72 -0.038846828 0.03504456421272985 0.08740536300000001 -0.26867499229759545
14.74 -0.067981949 0.03504456421272985 0.0 0.0
14.76 -0.067981949 0.029203803510608202 0.09711707 -0.292038035106082
14.78 -0.048558535 0.023363042808486563 0.019423414 0.0
14.8 -0.029135121 0.017522282106364924 0.155387312 -0.25699347089335217
14.82 0.0 0.011681521404243281 0.048558535 -0.017522282106364924
14.84 -0.009711707 0.029203803510608202 0.135963898 -0.25115271019123053
14.86 0.0 0.023363042808486563 0.038846828 -0.03504456421272985
14.88 -0.009711707 0.017522282106364924 0.116540484 -0.19858586387213578
14.9 0.019423414 0.04088532491485148 0.058270242 -0.046726085616973126
14.92 -0.029135121 0.03504456421272985 0.126252191 -0.09345217123394625
14.94 0.038846828 0.03504456421272985 0.077693656 -0.06424836772333804
14.96 -0.019423414 0.07592988912758133 0.106828777 -0.046726085616973126
14.98 0.029135121 0.05256684631909477 0.067981949 -0.07592988912758133
15.0 -0.009711707 0.06424836772333804 0.116540484 -0.03504456421272985
15.02 0.0 0.06424836772333804 0.058270242 -0.04088532491485148
15.04 -0.048558535 0.058407607021216404 0.08740536300000001 -0.023363042808486563
15.06 -0.08740536300000001 0.11681521404243281 0.038846828 -0.03504456421272985
15.08 -0.077693656 0.011681521404243281 0.058270242 -0.046726085616973126
15.1 -0.116540484 0.12265597474455446 0.019423414 -0.046726085616973126
15.12 -0.058270242 -0.06424836772333804 0.048558535 -0.05256684631909477
15.14 -0.165099019 0.0700891284254597 0.009711707 -0.058407607021216404
15.16 -0.029135121 -0.12849673544667609 0.038846828 -0.0700891284254597
15.18 -0.145675605 0.08761141053182461 0.019423414 -0.058407607021216404
15.2 0.009711707 -0.146019017553041 0.058270242 -0.058407607021216404
15.22 -0.09711707 0.1577005389572843 0.019423414 -0.046726085616973126
15.24 0.067981949 -0.1577005389572843 0.038846828 -0.06424836772333804
15.26 -0.09711707 0.26867499229759545 0.009711707 -0.058407607021216404
15.28 0.067981949 -0.146019017553041 0.019423414 -0.0700891284254597
15.3 -0.077693656 0.292038035106082 0.0 -0.058407607021216404
15.32 0.08740536300000001 -0.13433749614879772 0.009711707 -0.06424836772333804
15.34 -0.058270242 0.292038035106082 0.0 -0.058407607021216404
15.36 0.048558535 -0.08761141053182461 0.019423414 -0.046726085616973126
15.38 -0.155387312 0.24531194948910892 0.0 -0.011681521404243281
15.4 -0.08740536300000001 -0.07592988912758133 0.0 -0.029203803510608202
15.42 -0.203945847 0.18106358176577086 0.0 -0.04088532491485148
15.44 -0.116540484 0.0 0.029135121 -0.046726085616973126
15.46 -0.126252191 0.1401782568509194 0.029135121 -0.046726085616973126
15.48 -0.009711707 0.1401782568509194 0.038846828 -0.04088532491485148
15.5 -0.019423414 0.058407607021216404 0.048558535 -0.04088532491485148
15.52 -0.058270242 0.0700891284254597 0.038846828 -0.03504456421272985
15.54 -0.116540484 0.011681521404243281 0.029135121 -0.03504456421272985
15.56 -0.135963898 0.08761141053182461 0.0 -0.04088532491485148
15.58 -0.116540484 -0.1401782568509194 0.0 -0.04088532491485148
15.6 -0.126252191 0.18106358176577086 0.009711707 -0.04088532491485148
15.62 -0.106828777 0.017522282106364924 0.0 -0.046726085616973126
15.64 -0.233080968 0.24531194948910892 0.0 -0.03504456421272985
15.66 -0.058270242 -0.058407607021216404 0.009711707 -0.04088532491485148
15.68 -0.155387312 0.30371955651032534 0.0 -0.04088532491485148
15.7 -0.009711707 -0.12265597474455446 0.029135121 -0.046726085616973126
15.72 -0.155387312 0.373808684935785 0.029135121 -0.017522282106364924
15.74 0.0 -0.04088532491485148 0.029135121 -0.023363042808486563
15.76 -0.17481072600000003 0.37964944563790665 0.048558535 -0.017522282106364924
15.78 -0.048558535 -0.09345217123394625 0.009711707 -0.017522282106364924
15.8 -0.242792675 0.3154010779145686 0.0 -0.011681521404243281
15.82 -0.08740536300000001 -0.017522282106364924 -0.019423414 -0.017522282106364924
15.84 -0.252504382 0.292038035106082 -0.009711707 -0.029203803510608202
15.86 -0.067981949 0.0 -0.048558535 -0.023363042808486563
15.88 -0.242792675 0.1869043424678925 -0.019423414 -0.04088532491485148
15.9 -0.067981949 0.046726085616973126 -0.08740536300000001 -0.03504456421272985
15.92 -0.184522433 0.10513369263818954 -0.009711707 -0.046726085616973126
15.94 -0.058270242 0.08761141053182461 -0.077693656 -0.03504456421272985
15.96 -0.106828777 0.046726085616973126 0.0 -0.0700891284254597
15.98 -0.08740536300000001 0.05256684631909477 -0.058270242 -0.058407607021216404
16.0 -0.135963898 0.023363042808486563 0.0 -0.06424836772333804
16.02 -0.135963898 0.03504456421272985 -0.019423414 -0.09929293193606789
16.04 -0.135963898 0.029203803510608202 0.0 -0.058407607021216404
16.06 -0.09711707 0.046726085616973126 0.0 -0.09929293193606789
16.08 -0.116540484 0.046726085616973126 0.0 0.0
16.1 -0.106828777 0.029203803510608202 0.126252191 -0.08177064982970296
16.12 -0.126252191 0.05256684631909477 0.09711707 0.04088532491485148
16.14 -0.038846828 0.05256684631909477 0.22336926099999999 -0.09929293193606789
16.16 -0.038846828 0.07592988912758133 0.116540484 0.08761141053182461
16.18 -0.019423414 0.06424836772333804 0.203945847 -0.1577005389572843
16.2 -0.038846828 0.0700891284254597 0.0 0.03504456421272985
16.22 -0.048558535 0.058407607021216404 0.067981949 -0.11681521404243281
16.24 -0.038846828 0.0700891284254597 0.0 0.029203803510608202
16.26 -0.009711707 0.0700891284254597 0.08740536300000001 -0.12849673544667609
16.28 -0.019423414 0.07592988912758133 -0.009711707 0.0
16.3 -0.019423414 0.046726085616973126 0.077693656 -0.18106358176577086
16.32 0.0 0.09929293193606789 0.029135121 0.005840760702121641
16.34 0.0 0.06424836772333804 0.116540484 -0.10513369263818954
16.36 -0.009711707 0.06424836772333804 0.09711707 0.0
16.38 -0.038846828 0.05256684631909477 0.09711707 -0.12265597474455446
16.4 -0.08740536300000001 0.058407607021216404 0.009711707 -0.058407607021216404
16.42 -0.067981949 0.05256684631909477 0.077693656 -0.11681521404243281
16.44 -0.058270242 0.058407607021216404 0.077693656 -0.09929293193606789
16.46 -0.019423414 0.058407607021216404 0.155387312 -0.08761141053182461
16.48 -0.038846828 0.058407607021216404 0.126252191 -0.09929293193606789
16.5 -0.009711707 0.058407607021216404 0.165099019 -0.011681521404243281
16.52 -0.019423414 0.058407607021216404 0.145675605 -0.08177064982970296
16.54 -0.009711707 0.058407607021216404 0.155387312 -0.017522282106364924
16.56 -0.019423414 0.058407607021216404 0.17481072600000003 -0.12265597474455446
16.58 -0.019423414 0.058407607021216404 0.155387312 0.0
16.6 -0.009711707 0.058407607021216404 0.233080968 -0.1577005389572843
16.62 -0.009711707 0.03504456421272985 0.077693656 0.0
16.64 0.0 0.03504456421272985 0.077693656 -0.21610814597850073
16.66 -0.009711707 0.04088532491485148 0.0 0.011681521404243281
16.68 -0.029135121 0.03504456421272985 0.077693656 -0.2803565137018388
16.7 -0.067981949 0.03504456421272985 0.0 -0.005840760702121641
16.72 -0.058270242 0.03504456421272985 0.106828777 -0.26867499229759545
16.74 -0.038846828 0.023363042808486563 0.019423414 -0.03504456421272985
16.76 -0.019423414 0.017522282106364924 0.135963898 -0.25699347089335217
16.78 0.0 0.023363042808486563 0.048558535 -0.011681521404243281
16.8 0.0 0.03504456421272985 0.126252191 -0.26867499229759545
16.82 0.0 0.029203803510608202 0.038846828 -0.05256684631909477
16.84 0.0 0.017522282106364924 0.135963898 -0.1869043424678925
16.86 0.029135121 0.046726085616973126 0.058270242 -0.04088532491485148
16.88 -0.009711707 0.03504456421272985 0.126252191 -0.10513369263818954
16.9 0.038846828 0.04088532491485148 0.067981949 -0.07592988912758133
16.92 -0.009711707 0.0700891284254597 0.116540484 -0.046726085616973126
16.94 0.048558535 0.058407607021216404 0.058270242 -0.08177064982970296
16.96 -0.009711707 0.058407607021216404 0.116540484 -0.03504456421272985
16.98 0.0 0.058407607021216404 0.048558535 -0.04088532491485148
17.0 -0.058270242 0.058407607021216404 0.08740536300000001 -0.023363042808486563
17.02 -0.08740536300000001 0.12849673544667609 0.058270242 -0.029203803510608202
17.04 -0.058270242 0.017522282106364924 0.058270242 -0.046726085616973126
17.06 -0.116540484 0.12265597474455446 0.019423414 -0.046726085616973126
17.08 -0.067981949 -0.058407607021216404 0.048558535 -0.058407607021216404
17.1 -0.165099019 0.13433749614879772 0.009711707 -0.058407607021216404
17.12 -0.019423414 -0.12849673544667609 0.038846828 -0.0700891284254597
17.14 -0.135963898 0.07592988912758133 0.019423414 -0.05256684631909477
17.16 0.019423414 -0.146019017553041 0.058270242 -0.058407607021216404
17.18 -0.106828777 0.16938206036152761 0.029135121 -0.046726085616973126
17.2 0.067981949 -0.15185977825516267 0.038846828 -0.0700891284254597
17.22 -0.08740536300000001 0.24531194948910892 0.0 -0.05256684631909477
17.24 0.08740536300000001 -0.15185977825516267 0.019423414 -0.0700891284254597
17.26 -0.08740536300000001 0.3154010779145686 0.0 -0.046726085616973126
17.28 0.077693656 -0.1401782568509194 0.009711707 -0.058407607021216404
17.3 -0.067981949 0.29787879580820364 0.0 -0.058407607021216404
17.32 0.048558535 -0.07592988912758133 0.019423414 -0.046726085616973126
17.34 -0.155387312 0.25699347089335217 0.0 -0.011681521404243281
17.36 -0.09711707 -0.07592988912758133 0.0 -0.03504456421272985
17.38 -0.22336926099999999 0.1577005389572843 0.0 -0.046726085616973126
17.4 -0.116540484 0.0 0.029135121 -0.05256684631909477
17.42 -0.126252191 0.1577005389572843 0.029135121 -0.046726085616973126
17.44 -0.009711707 0.1401782568509194 0.038846828 -0.04088532491485148
17.46 -0.009711707 0.046726085616973126 0.048558535 -0.046726085616973126
17.48 -0.038846828 0.0700891284254597 0.038846828 -0.04088532491485148
17.5 -0.106828777 0.0 0.029135121 -0.04088532491485148
17.52 -0.145675605 0.12265597474455446 0.0 -0.04088532491485148
17.54 -0.135963898 0.005840760702121641 0.0 -0.04088532491485148
17.56 -0.126252191 0.1869043424678925 0.009711707 -0.04088532491485148
17.58 -0.135963898 0.011681521404243281 0.0 -0.04088532491485148
17.6 -0.213657554 0.2102673852763791 0.009711707 -0.046726085616973126
17.62 -0.058270242 0.046726085616973126 0.0 -0.04088532491485148
17.64 -0.135963898 0.25699347089335217 0.0 -0.03504456421272985
17.66 -0.029135121 0.005840760702121641 0.0 -0.023363042808486563
17.68 -0.155387312 0.30371955651032534 0.029135121 -0.029203803510608202
17.7 -0.029135121 -0.017522282106364924 0.019423414 -0.029203803510608202
17.72 -0.203945847 0.37964944563790665 0.029135121 -0.023363042808486563
17.74 -0.067981949 -0.10513369263818954 0.0 -0.017522282106364924
17.76 -0.242792675 0.32708259931881184 0.0 -0.011681521404243281
17.78 -0.09711707 -0.005840760702121641 -0.009711707 -0.029203803510608202
17.8 -0.233080968 0.292038035106082 -0.009711707 -0.023363042808486563
17.82 -0.077693656 0.0 -0.029135121 -0.029203803510608202
17.84 -0.262216089 0.19858586387213578 0.0 -0.03504456421272985
17.86 -0.077693656 0.04088532491485148 -0.09711707 -0.017522282106364924
17.88 -0.213657554 0.09929293193606789 -0.019423414 -0.046726085616973126
17.9 -0.067981949 0.08177064982970296 -0.077693656 -0.04088532491485148
17.92 -0.116540484 0.04088532491485148 0.0 -0.0700891284254597
17.94 -0.09711707 0.058407607021216404 -0.067981949 -0.05256684631909477
17.96 -0.145675605 0.023363042808486563 -0.009711707 -0.06424836772333804
17.98 -0.135963898 0.04088532491485148 -0.009711707 -0.09929293193606789
18.0 -0.135963898 0.03504456421272985 -0.009711707 -0.06424836772333804
18.02 -0.09711707 0.05256684631909477 0.009711707 -0.10513369263818954
18.04 -0.116540484 0.046726085616973126 0.0 0.0
18.06 -0.106828777 0.029203803510608202 0.145675605 -0.09929293193606789
18.08 -0.135963898 0.05256684631909477 0.077693656 0.03504456421272985
18.1 -0.048558535 0.058407607021216404 0.233080968 -0.0700891284254597
18.12 -0.038846828 0.0700891284254597 0.116540484 0.09345217123394625
18.14 -0.019423414 0.06424836772333804 0.184522433 -0.11681521404243281
18.16 -0.048558535 0.07592988912758133 0.009711707 0.04088532491485148
18.18 -0.058270242 0.03504456421272985 0.08740536300000001 -0.12849673544667609
18.2 -0.019423414 0.011681521404243281 0.038846828 0.058407607021216404
18.22 0.0 0.03504456421272985 0.165099019 -0.08761141053182461
18.24 -0.009711707 0.06424836772333804 0.019423414 0.029203803510608202
18.26 -0.029135121 0.07592988912758133 0.08740536300000001 -0.11097445334031117
18.28 -0.019423414 0.06424836772333804 0.0 0.0
18.3 -0.019423414 0.0700891284254597 0.058270242 -0.12265597474455446
18.32 -0.067981949 0.06424836772333804 0.0 -0.03504456421272985
18.34 -0.077693656 0.06424836772333804 0.048558535 -0.12849673544667609
18.36 -0.08740536300000001 0.06424836772333804 0.029135121 -0.058407607021216404
18.38 -0.048558535 0.058407607021216404 0.135963898 -0.10513369263818954
18.4 -0.048558535 0.058407607021216404 0.135963898 -0.09345217123394625
18.42 -0.019423414 0.058407607021216404 0.203945847 -0.08761141053182461
18.44 -0.038846828 0.046726085616973126 0.145675605 -0.09345217123394625
18.46 -0.058270242 0.058407607021216404 0.165099019 -0.017522282106364924
18.48 -0.058270242 0.058407607021216404 0.135963898 -0.08761141053182461
18.5 -0.019423414 0.058407607021216404 0.135963898 -0.011681521404243281
18.52 -0.019423414 0.058407607021216404 0.165099019 -0.12849673544667609
18.54 0.0 0.058407607021216404 0.184522433 -0.017522282106364924
18.56 -0.009711707 0.058407607021216404 0.262216089 -0.1577005389572843
18.58 -0.009711707 0.04088532491485148 0.09711707 -0.017522282106364924
18.6 -0.009711707 0.04088532491485148 0.077693656 -0.19274510317001414
18.62 -0.029135121 0.03504456421272985 0.0 0.0
18.64 -0.038846828 0.03504456421272985 0.067981949 -0.2803565137018388
18.66 -0.077693656 0.029203803510608202 0.0 -0.005840760702121641
18.68 -0.058270242 0.029203803510608202 0.116540484 -0.2861972744039604
18.7 -0.048558535 0.017522282106364924 0.038846828 0.0
18.72 -0.038846828 0.017522282106364924 0.155387312 -0.25699347089335217
18.74 0.0 0.011681521404243281 0.058270242 -0.017522282106364924
18.76 -0.009711707 0.029203803510608202 0.145675605 -0.26867499229759545
18.78 0.0 0.029203803510608202 0.038846828 -0.04088532491485148
18.8 0.0 0.023363042808486563 0.135963898 -0.2102673852763791
18.82 0.019423414 0.04088532491485148 0.058270242 -0.046726085616973126
18.84 -0.019423414 0.03504456421272985 0.126252191 -0.09929293193606789
18.86 0.029135121 0.029203803510608202 0.067981949 -0.07592988912758133
18.88 0.0 0.07592988912758133 0.126252191 -0.04088532491485148
18.9 0.038846828 0.05256684631909477 0.067981949 -0.0700891284254597
18.92 -0.019423414 0.06424836772333804 0.116540484 -0.04088532491485148
18.94 0.0 0.06424836772333804 0.048558535 -0.05256684631909477
18.96 -0.067981949 0.06424836772333804 0.08740536300000001 -0.029203803510608202
18.98 -0.09711707 0.12265597474455446 0.048558535 -0.03504456421272985
19.0 -0.067981949 0.017522282106364924 0.058270242 -0.04088532491485148
19.02 -0.116540484 0.1401782568509194 0.019423414 -0.046726085616973126
19.04 -0.067981949 -0.06424836772333804 0.038846828 -0.058407607021216404
19.06 -0.17481072600000003 0.10513369263818954 0.009711707 -0.06424836772333804
19.08 -0.029135121 -0.12849673544667609 0.048558535 -0.0700891284254597
19.1 -0.135963898 0.11681521404243281 0.029135121 -0.05256684631909477
19.12 0.019423414 -0.146019017553041 0.058270242 -0.058407607021216404
19.14 -0.106828777 0.1869043424678925 0.029135121 -0.046726085616973126
19.16 0.058270242 -0.1577005389572843 0.038846828 -0.0700891284254597
19.18 -0.09711707 0.24531194948910892 0.0 -0.04088532491485148
19.2 0.038846828 -0.15185977825516267 0.009711707 -0.058407607021216404
19.22 -0.106828777 0.3154010779145686 0.0 -0.017522282106364924
19.24 0.067981949 -0.146019017553041 0.0 -0.05256684631909477
19.26 -0.08740536300000001 0.26867499229759545 0.0 -0.046726085616973126
19.28 0.029135121 -0.08177064982970296 0.0 -0.046726085616973126
19.3 -0.184522433 0.3212418386166902 -0.009711707 0.0
19.32 -0.106828777 -0.09929293193606789 0.0 -0.06424836772333804
19.34 -0.22336926099999999 0.16938206036152761 -0.029135121 -0.05256684631909477
19.36 -0.09711707 0.0 0.029135121 -0.05256684631909477
19.38 -0.106828777 0.16354129965940592 0.038846828 -0.04088532491485148
19.4 -0.009711707 0.12265597474455446 0.058270242 -0.04088532491485148
19.42 -0.009711707 0.05256684631909477 0.058270242 -0.03504456421272985
19.44 -0.038846828 0.07592988912758133 0.048558535 -0.03504456421272985
19.46 -0.09711707 0.0 0.009711707 -0.03504456421272985
19.48 -0.145675605 0.12265597474455446 0.0 -0.03504456421272985
19.5 -0.145675605 0.0 0.0 -0.03504456421272985
19.52 -0.155387312 0.19274510317001414 0.0 -0.03504456421272985
19.54 -0.116540484 0.017522282106364924 0.0 -0.04088532491485148
19.56 -0.213657554 0.21610814597850073 0.0 -0.03504456421272985
19.58 -0.038846828 0.017522282106364924 0.0 -0.04088532491485148
19.6 -0.135963898 0.26283423159547387 0.0 -0.03504456421272985
19.62 -0.009711707 0.0 0.0 -0.023363042808486563
19.64 -0.165099019 0.2861972744039604 0.029135121 -0.023363042808486563
19.66 -0.019423414 -0.06424836772333804 0.0 -0.029203803510608202
19.68 -0.19423414 0.373808684935785 0.029135121 -0.017522282106364924
19.7 -0.058270242 -0.09929293193606789 0.0 -0.017522282106364924
19.72 -0.242792675 0.3329233600209335 0.0 -0.011681521404243281
19.74 -0.08740536300000001 -0.029203803510608202 -0.019423414 -0.017522282106364924
19.76 -0.242792675 0.27451575299971714 0.0 -0.023363042808486563
19.78 -0.058270242 0.005840760702121641 -0.038846828 -0.029203803510608202
19.8 -0.252504382 0.19858586387213578 0.0 -0.04088532491485148
19.82 -0.077693656 0.04088532491485148 -0.106828777 -0.029203803510608202
19.84 -0.203945847 0.09345217123394625 -0.009711707 -0.046726085616973126
19.86 -0.067981949 0.08177064982970296 -0.077693656 -0.04088532491485148
19.88 -0.116540484 0.04088532491485148 0.0 -0.07592988912758133
19.9 -0.077693656 0.06424836772333804 -0.077693656 -0.058407607021216404
19.92 -0.126252191 0.023363042808486563 -0.009711707 -0.06424836772333804
19.94 -0.126252191 0.03504456421272985 -0.019423414 -0.10513369263818954
19.96 -0.126252191 0.03504456421272985 0.0 -0.058407607021216404
19.98 -0.08740536300000001 0.05256684631909477 0.0 -0.11681521404243281
20.0 -0.106828777 0.046726085616973126 0.0 0.0
