0.0 0.0 0.0 0.0 0.0
0.02 0.0 0.0 0.0 0.0
0.04 0.0 0.0 0.0 0.0
0.06 0.0 0.9082629676317023 0.0 0.0
0.08 0.0 0.38432045843553597 0.0 0.0
0.1 0.0 0.16277497957925585 0.0 0.0
0.12 0.0 0.0 0.0 0.0
0.14 -0.021353628283272724 0.0 0.018197594766364344 0.0
0.16 0.0 0.0 0.0 0.0
0.18 -0.017223009976634784 0.0 0.018197594766364344 0.0
0.2 0.0 0.0 0.0 0.0
0.22 -0.015157700823315912 0.0 0.01406697645972646 0.0
0.24 0.0 0.0 0.012001667306407504 0.0
0.26 0.0 0.0 0.046485756844679704 0.0
0.28 0.0 0.0 0.009936358153088604 0.0
0.3 0.0 0.0 0.046485756844679704 0.0
0.32 0.0 0.0 0.0 0.0
0.34 0.0 0.0 0.009936358153088604 0.0
0.36 0.0 0.0 0.0 0.0
0.38 0.0 0.0 0.0 0.0
0.4 0.0 0.0 0.0 0.0
0.42 0.0 0.0 0.0 0.0
0.44 0.0 0.0 0.0 0.0
0.46 0.0 0.0 0.0 0.0
0.48 0.0 0.0 0.0 0.0
0.5 0.0 0.0 0.0 0.0
0.52 0.0 0.0 0.0 0.0
0.54 0.0 0.0 0.0 0.0
0.56 0.0 0.0 0.0 0.0
0.58 -0.017223009976634784 0.0 0.0 0.0
0.6 0.0 0.0 0.0 0.0
0.62 0.0 0.0 0.04855106599799858 0.0
0.64 0.0 0.0 0.012001667306407504 0.0
0.66 0.0 0.0 0.0 0.0
0.68 0.0 0.0 0.0 0.0
0.7 0.0 0.0 0.0 0.0
0.72 0.0 0.0 0.0 0.0
0.74 0.0 0.0 0.0 0.0
0.76 0.0 0.0 0.0 0.0
0.78 0.0 0.0 0.0 0.0
0.8 0.0 0.0 0.0 0.0
0.82 0.0 0.0 0.0 0.0
0.84 0.0 0.0 0.0 0.0
0.86 0.0 0.0 0.0 0.0
0.88 0.0 0.0 0.0 0.0
0.9 0.0 0.0 0.009936358153088604 0.0
0.92 0.0 0.0 0.0 0.0
0.94 -0.05583771782154481 0.0 0.012001667306407504 0.0
0.96 -0.01928831912995374 0.0 0.0 0.0
0.98 0.0 0.0 0.0 0.0
1.0 0.0 0.0 0.0 0.0
1.02 0.0 0.0 0.0 0.0
1.04 0.0 0.0 0.0 0.0
1.06 0.0 0.0 0.012001667306407504 0.0
1.08 0.0 0.0 0.0 0.0
1.1 0.0 0.0 0.012001667306407504 0.0
1.12 0.0 0.0 0.0 0.0
1.14 0.0 0.0 0.0 0.0
1.16 0.0 0.0 0.0 0.0
1.18 0.0 0.0 0.0 0.0
1.2 0.0 0.0 0.0 0.0
1.22 0.0 0.0 0.012001667306407504 0.0
1.24 0.0 0.0 0.0 0.0
1.26 0.0 0.0 0.012001667306407504 0.0
1.28 0.0 0.0 0.0 0.0
1.3 0.0 0.0 0.012001667306407504 0.0
1.32 0.0 0.0 0.0 0.0
1.34 0.0 0.0 0.012001667306407504 0.0
1.36 0.0 0.0 0.012001667306407504 0.0
1.38 0.0 0.0 0.012001667306407504 0.0
1.4 0.0 0.0 0.0 0.0
1.42 0.0 0.0 0.0 0.0
1.44 0.0 0.0 0.0 0.0
1.46 0.0 0.0 0.012001667306407504 0.0
1.48 0.0 0.0 0.0 0.0
1.5 0.0 0.0 0.012001667306407504 0.0
1.52 0.0 0.0 0.0 0.0
1.54 0.0 0.0 0.012001667306407504 0.0
1.56 0.0 0.0 0.0 0.0
1.58 0.0 0.0 0.04855106599799858 0.0
1.6 0.0 0.0 0.012001667306407504 0.0
1.62 0.0 0.0 0.012001667306407504 0.0
1.64 0.0 0.0 0.012001667306407504 0.0
1.66 0.0 0.0 0.04855106599799858 0.0
1.68 0.0 0.0 0.012001667306407504 0.0
1.7 0.0 0.0 0.04855106599799858 0.0
1.72 0.0 0.0 0.0 0.0
1.74 0.0 0.0 0.012001667306407504 0.0
1.76 0.0 0.0 0.0 0.0
1.78 0.0 0.0 0.012001667306407504 0.0
1.8 0.0 0.0 0.0 0.0
1.82 0.0 0.0 0.012001667306407504 0.0
1.84 0.0 0.0 0.0 0.0
1.86 0.0 0.0 0.012001667306407504 0.0
1.88 0.0 0.0 0.0 0.0
1.9 0.0 0.0 0.012001667306407504 0.0
1.92 0.0 0.0 0.0 0.0
1.94 0.0 0.0 0.012001667306407504 0.0
1.96 0.0 0.0 0.0 0.0
1.98 0.0 0.0 0.012001667306407504 0.0
2.0 0.0 0.0 0.0 0.0
2.02 0.0 0.0 0.012001667306407504 0.0
2.04 0.0 0.0 0.0 0.0
2.06 0.0 0.0 0.012001667306407504 0.0
2.08 0.0 0.0 0.0 0.0
2.1 0.0 0.0 0.04855106599799858 0.0
2.12 0.0 0.0 0.0 0.0
2.14 0.0 0.0 0.04855106599799858 0.0
2.16 0.0 0.0 0.0 0.0
2.18 0.0 0.0 0.012001667306407504 0.0
2.2 0.0 0.0 0.0 0.0
2.22 0.0 0.0 0.012001667306407504 0.0
2.24 0.0 0.0 0.05061637515131748 0.0
2.26 0.0 0.0 0.0871657738429086 0.0
2.28 0.0 0.0 0.01406697645972646 0.0
2.3 0.0 0.0 0.0 0.0
2.32 0.0 0.0 0.01406697645972646 0.0
2.34 0.0 0.0 0.05061637515131748 0.0
2.36 0.0 0.0 0.01406697645972646 0.0
2.38 0.0 0.0 0.05061637515131748 0.0
2.4 0.0 0.0 0.05061637515131748 0.0
2.42 0.0 0.0 0.05061637515131748 0.0
2.44 0.0 0.0 0.05061637515131748 0.0
2.46 0.0 0.0 0.05061637515131748 0.0
2.48 0.0 0.0 0.0 0.0
2.5 0.0 0.0 0.012001667306407504 0.0
2.52 0.0 0.0 0.01406697645972646 0.0
2.54 0.0 0.0 0.05061637515131748 0.0
2.56 0.0 0.0 0.05061637515131748 0.0
2.58 0.0 0.0 0.05061637515131748 0.0
2.6 0.0 0.0 0.01406697645972646 0.0
2.62 0.0 0.0 0.0871657738429086 0.0
2.64 0.0 0.0 0.05061637515131748 0.0
2.66 0.0 0.0 0.05061637515131748 0.0
2.68 0.0 0.0 0.01406697645972646 0.0
2.7 0.0 0.0 0.05061637515131748 0.0
2.72 0.0 0.0 0.05061637515131748 0.0
2.74 0.0 0.0 0.0871657738429086 0.0
2.76 0.0 0.0 0.05061637515131748 0.0
2.78 0.0 0.0 0.05061637515131748 0.0
2.8 0.0 0.0 0.0871657738429086 0.0
2.82 0.0 0.0 0.05061637515131748 0.0
2.84 0.0 0.0 0.05061637515131748 0.0
2.86 0.0 0.0 0.05061637515131748 0.0
2.88 0.0 0.0 0.05061637515131748 0.0
2.9 0.0 0.0 0.0871657738429086 0.0
2.92 0.0 0.0 0.05061637515131748 0.0
2.94 0.0 0.0 0.05061637515131748 0.0
2.96 0.0 0.0 0.01406697645972646 0.0
2.98 0.0 0.0 0.05061637515131748 0.0
3.0 0.0 0.0 0.01406697645972646 0.0
3.02 0.0 0.0 0.01406697645972646 0.0
3.04 0.0 0.0 0.01406697645972646 0.0
3.06 0.0 0.0 0.0871657738429086 0.0
3.08 0.0 0.0 0.05061637515131748 0.0
3.1 0.0 0.0 0.05061637515131748 0.0
3.12 0.0 0.0 0.01406697645972646 0.0
3.14 0.0 0.0 0.05061637515131748 0.0
3.16 0.0 0.0 0.05061637515131748 0.0
3.18 0.0 0.0 0.05061637515131748 0.0
3.2 0.0 0.0 0.01406697645972646 0.0
3.22 0.0 0.0 0.05061637515131748 0.0
3.24 0.0 0.0 0.01406697645972646 0.0
3.26 0.0 0.0 0.05061637515131748 0.0
3.28 0.0 0.0 0.01406697645972646 0.0
3.3 0.0 0.0 0.05061637515131748 0.0
3.32 0.0 0.0 0.01406697645972646 0.0
3.34 0.0 0.0 0.052681684304636434 0.0
3.36 0.0 0.0 0.052681684304636434 0.0
3.38 0.0 0.0 0.08923108299622753 0.0
3.4 0.0 0.0 0.08923108299622753 0.0
3.42 0.0 0.0 0.08923108299622753 0.0
3.44 0.0 0.0 0.052681684304636434 0.0
3.46 -0.021353628283272724 0.0 0.08923108299622753 0.0
3.48 -0.021353628283272724 0.0 0.052681684304636434 0.0
3.5 0.0 0.0 0.052681684304636434 0.0
3.52 0.0 0.0 0.052681684304636434 0.0
3.54 0.0 0.0 0.08923108299622753 0.0
3.56 0.0 0.0 0.052681684304636434 0.0
3.58 -0.021353628283272724 0.0 0.08923108299622753 0.0
3.6 0.0 0.0 0.05061637515131748 0.0
3.62 0.0 0.0 0.05061637515131748 0.0
3.64 0.0 0.0 0.01406697645972646 0.0
3.66 0.0 0.0 0.08923108299622753 0.0
3.68 0.0 0.0 0.08923108299622753 0.0
3.7 0.0 0.0 0.08923108299622753 0.0
3.72 0.0 0.0 0.052681684304636434 0.0
3.74 -0.021353628283272724 0.0 0.08923108299622753 0.0
3.76 0.0 0.0 0.052681684304636434 0.0
3.78 -0.021353628283272724 0.0 0.08923108299622753 0.0
3.8 0.0 0.0 0.08923108299622753 0.0
3.82 -0.021353628283272724 0.0 0.08923108299622753 0.0
3.84 0.0 0.0 0.052681684304636434 0.0
3.86 -0.021353628283272724 0.0 0.08923108299622753 0.0
3.88 0.0 0.0 0.052681684304636434 0.0
3.9 -0.021353628283272724 0.0 0.08923108299622753 0.0
3.92 0.0 0.0 0.08923108299622753 0.0
3.94 -0.021353628283272724 0.0 0.08923108299622753 0.0
3.96 0.0 0.0 0.08923108299622753 0.0
3.98 -0.021353628283272724 0.0 0.08923108299622753 0.0
4.0 0.0 0.0 0.052681684304636434 0.0
4.02 -0.021353628283272724 0.0 0.052681684304636434 0.0
4.04 0.0 0.0 0.052681684304636434 0.0
4.06 -0.021353628283272724 0.0 0.08923108299622753 0.0
4.08 0.0 0.0 0.052681684304636434 0.0
4.1 -0.021353628283272724 0.0 0.08923108299622753 0.0
4.12 0.0 0.0 0.08923108299622753 0.0
4.14 0.0 0.0 0.08923108299622753 0.0
4.16 0.0 0.0 0.08923108299622753 0.0
4.18 0.0 0.0 0.08923108299622753 0.0
4.2 0.0 0.0 0.08923108299622753 0.0
4.22 -0.021353628283272724 0.0 0.08923108299622753 0.0
4.24 0.0 0.0 0.052681684304636434 0.0
4.26 0.0 0.0 0.08923108299622753 0.0
4.28 0.0 0.0 0.052681684304636434 0.0
4.3 -0.023418937436591625 0.0 0.08923108299622753 0.0
4.32 -0.023418937436591625 0.0 0.052681684304636434 0.0
4.34 -0.059968336128182725 0.0 0.052681684304636434 0.0
4.36 -0.023418937436591625 0.0 0.052681684304636434 0.0
4.38 -0.023418937436591625 0.0 0.09129639214954649 0.0
4.4 -0.023418937436591625 0.0 0.09129639214954649 0.0
4.42 -0.059968336128182725 0.0 0.09129639214954649 0.0
4.44 0.0 0.0 0.09129639214954649 0.0
4.46 0.0 0.0 0.09129639214954649 0.0
4.48 0.0 0.0 0.09129639214954649 0.0
4.5 -0.059968336128182725 0.0 0.09129639214954649 0.0
4.52 -0.023418937436591625 0.0 0.09129639214954649 0.0
4.54 -0.023418937436591625 0.010637751925922256 0.12784579084113756 0.0
4.56 0.0 0.0 0.12784579084113756 0.0
4.58 -0.023418937436591625 0.0 0.12784579084113756 0.0
4.6 -0.023418937436591625 0.0 0.09129639214954649 0.0
4.62 0.0 0.0 0.12784579084113756 0.0
4.64 0.0 0.0 0.12784579084113756 0.0
4.66 -0.023418937436591625 0.0 0.12784579084113756 0.0
4.68 -0.023418937436591625 0.0 0.09129639214954649 0.0
4.7 -0.023418937436591625 0.0 0.09129639214954649 0.0
4.72 -0.023418937436591625 0.0 0.09129639214954649 0.0
4.74 -0.023418937436591625 0.0 0.12784579084113756 0.0
4.76 -0.023418937436591625 0.0 0.12784579084113756 0.0
4.78 -0.023418937436591625 0.0038880140622166437 0.12784579084113756 0.0
4.8 0.0 0.0 0.09129639214954649 0.0
4.82 -0.023418937436591625 0.0038880140622166437 0.09129639214954649 0.0
4.84 -0.023418937436591625 0.0 0.09129639214954649 0.0
4.86 -0.023418937436591625 0.0 0.09129639214954649 0.0
4.88 -0.023418937436591625 0.0 0.09129639214954649 0.0
4.9 0.0 0.0 0.12784579084113756 0.0
4.92 0.0 0.0 0.12784579084113756 0.0
4.94 0.0 0.0038880140622166437 0.09129639214954649 0.0
4.96 0.0 0.0038880140622166437 0.12784579084113756 0.0
4.98 -0.023418937436591625 0.0038880140622166437 0.09129639214954649 0.0
5.0 0.0 0.0 0.09129639214954649 0.0
5.02 0.0 0.0 0.09129639214954649 0.0
5.04 0.0 0.0 0.09129639214954649 0.0
5.06 0.0 0.0 0.09129639214954649 0.0
5.08 0.0 0.0 0.09129639214954649 0.0
5.1 0.0 0.0 0.09129639214954649 0.0
5.12 0.0 0.0 0.09129639214954649 0.0
5.14 0.0 0.0 0.09129639214954649 0.0
5.16 0.0 0.0 0.09129639214954649 0.0
5.18 0.0 0.0 0.09129639214954649 0.0
5.2 -0.023418937436591625 0.0 0.09129639214954649 0.0
5.22 0.0 0.0 0.09129639214954649 0.0
5.24 0.0 0.0 0.09129639214954649 0.0
5.26 0.0 0.0 0.09129639214954649 0.0
5.28 0.0 0.0 0.09129639214954649 0.0
5.3 0.0 0.0 0.09129639214954649 0.0
5.32 0.0 0.0 0.09129639214954649 0.0
5.34 0.0 0.0 0.09129639214954649 0.0
5.36 0.0 0.0 0.09129639214954649 0.0
5.38 -0.023418937436591625 0.0 0.09129639214954649 0.0
5.4 0.0 0.0 0.09129639214954649 0.0
5.42 0.0 0.0 0.09129639214954649 0.0
5.44 0.0 0.0 0.09129639214954649 0.0
5.46 0.0 0.0 0.09129639214954649 0.0
5.48 0.0 0.0 0.09129639214954649 0.0
5.5 0.0 0.0 0.09129639214954649 0.0
5.52 0.0 0.0 0.09129639214954649 0.0
5.54 0.0 0.0 0.09129639214954649 0.0
5.56 0.0 0.0 0.09129639214954649 0.0
5.58 0.0 0.0 0.09129639214954649 0.0
5.6 0.0 0.0 0.09129639214954649 0.0
5.62 0.0 0.0 0.09129639214954649 0.0
5.64 0.0 0.0 0.09129639214954649 0.0
5.66 -0.023418937436591625 0.0 0.09129639214954649 0.0
5.68 0.0 0.0 0.09129639214954649 0.0
5.7 0.0 0.0 0.09129639214954649 0.0
5.72 -0.023418937436591625 0.0 0.09129639214954649 0.0
5.74 0.0 0.0 0.09129639214954649 0.0
5.76 0.0 0.0 0.09129639214954649 0.0
5.78 0.0 0.0 0.09129639214954649 0.0
5.8 0.0 0.0 0.09129639214954649 0.0
5.82 0.0 0.0 0.09129639214954649 0.0
5.84 0.0 0.0 0.09129639214954649 0.0
5.86 0.0 0.0 0.09129639214954649 0.0
5.88 0.0 0.0 0.09129639214954649 0.0
5.9 0.0 0.0 0.09129639214954649 0.0
5.92 0.0 0.0 0.09129639214954649 0.0
5.94 0.0 0.0 0.09129639214954649 0.0
5.96 0.0 0.0 0.09129639214954649 0.0
5.98 0.0 0.0 0.09129639214954649 0.0
6.0 0.0 0.0 0.09129639214954649 0.0
6.02 0.0 0.0 0.09129639214954649 0.0
6.04 0.0 0.0 0.09129639214954649 0.0
6.06 0.0 0.0 0.09129639214954649 0.0
6.08 0.0 0.0 0.09129639214954649 0.0
6.1 0.0 0.0 0.12784579084113756 0.0
6.12 0.0 0.0 0.09129639214954649 0.0
6.14 0.0 0.0 0.09129639214954649 0.0
6.16 0.0 0.0 0.09129639214954649 0.0
6.18 0.0 0.0 0.09129639214954649 0.0
6.2 0.0 0.0 0.09129639214954649 0.0
6.22 0.0 0.0 0.09129639214954649 0.0
6.24 0.0 0.0 0.09129639214954649 0.0
6.26 0.0 0.0 0.09129639214954649 0.0
6.28 0.0 0.0 0.09129639214954649 0.0
6.3 0.0 0.0 0.09129639214954649 0.0
6.32 0.0 0.0 0.09129639214954649 0.0
6.34 0.0 0.0 0.09129639214954649 0.0
6.36 0.0 0.0 0.09129639214954649 0.0
6.38 -0.023418937436591625 0.0 0.09129639214954649 0.0
6.4 0.0 0.0 0.09129639214954649 0.0
6.42 0.0 0.0 0.09129639214954649 0.0
6.44 0.0 0.0 0.09129639214954649 0.0
6.46 0.0 0.0 0.09129639214954649 0.0
6.48 0.0 0.0 0.09129639214954649 0.0
6.5 0.0 0.0 0.09129639214954649 0.0
6.52 0.0 0.0 0.09129639214954649 0.0
6.54 0.0 0.0 0.09129639214954649 0.0
6.56 0.0 0.0 0.09129639214954649 0.0
6.58 0.0 0.0 0.09129639214954649 0.0
6.6 -0.023418937436591625 0.0 0.09129639214954649 0.0
6.62 0.0 0.0 0.09129639214954649 0.0
6.64 0.0 0.0 0.09129639214954649 0.0
6.66 0.0 0.0 0.09129639214954649 0.0
6.68 -0.023418937436591625 0.0 0.09129639214954649 0.0
6.7 0.0 0.0 0.09129639214954649 0.0
6.72 0.0 0.0 0.09129639214954649 0.0
6.74 0.0 0.0 0.09129639214954649 0.0
6.76 0.0 0.0 0.09129639214954649 0.0
6.78 0.0 0.0 0.09129639214954649 0.0
6.8 0.0 0.0 0.09129639214954649 0.0
6.82 0.0 0.0 0.09129639214954649 0.0
6.84 0.0 0.0 0.09129639214954649 0.0
6.86 0.0 0.0 0.09129639214954649 0.0
6.88 0.0 0.0 0.09129639214954649 0.0
6.9 0.0 0.0 0.09129639214954649 0.0
6.92 0.0 0.0 0.09129639214954649 0.0
6.94 0.0 0.0 0.09129639214954649 0.0
6.96 0.0 0.0 0.09129639214954649 0.0
6.98 0.0 0.0 0.09129639214954649 0.0
7.0 0.0 0.0 0.09129639214954649 0.0
7.02 0.0 0.0 0.09129639214954649 0.0
7.04 0.0 0.0 0.09129639214954649 0.0
7.06 0.0 0.0 0.09129639214954649 0.0
7.08 0.0 0.0 0.09129639214954649 0.0
7.1 0.0 0.0 0.09129639214954649 0.0
7.12 0.0 0.0 0.09129639214954649 0.0
7.14 0.0 0.0 0.09129639214954649 0.0
7.16 0.0 0.0 0.09129639214954649 0.0
7.18 0.0 0.0 0.09129639214954649 0.0
7.2 0.0 0.0 0.09129639214954649 0.0
7.22 0.0 0.0 0.09129639214954649 0.0
7.24 -0.023418937436591625 0.0 0.09129639214954649 0.0
7.26 0.0 0.0 0.09129639214954649 0.0
7.28 0.0 0.0 0.09129639214954649 0.0
7.3 0.0 0.0 0.09129639214954649 0.0
7.32 0.0 0.0 0.09129639214954649 0.0
7.34 0.0 0.0 0.09129639214954649 0.0
7.36 0.0 0.0 0.09129639214954649 0.0
7.38 0.0 0.0 0.09129639214954649 0.0
7.4 0.0 0.0 0.09129639214954649 0.0
7.42 0.0 0.0 0.09129639214954649 0.0
7.44 0.0 0.0 0.09129639214954649 0.0
7.46 0.0 0.0 0.09129639214954649 0.0
7.48 0.0 0.0 0.09129639214954649 0.0
7.5 0.0 0.0 0.09129639214954649 0.0
7.52 0.0 0.0 0.09129639214954649 0.0
7.54 0.0 0.0 0.09129639214954649 0.0
7.56 -0.023418937436591625 0.0 0.09129639214954649 0.0
7.58 0.0 0.0 0.09129639214954649 0.0
7.6 0.0 0.0 0.09129639214954649 0.0
7.62 0.0 0.0 0.09129639214954649 0.0
7.64 0.0 0.0 0.09129639214954649 0.0
7.66 0.0 0.0 0.09129639214954649 0.0
7.68 0.0 0.0 0.09129639214954649 0.0
7.7 0.0 0.0 0.09129639214954649 0.0
7.72 0.0 0.0 0.09129639214954649 0.0
7.74 0.0 0.0 0.09129639214954649 0.0
7.76 0.0 0.0 0.09129639214954649 0.0
7.78 0.0 0.0 0.09129639214954649 0.0
7.8 0.0 0.0 0.09129639214954649 0.0
7.82 -0.023418937436591625 0.0 0.09129639214954649 0.0
7.84 0.0 0.0 0.09129639214954649 0.0
7.86 -0.023418937436591625 0.0 0.09129639214954649 0.0
7.88 0.0 0.0 0.09129639214954649 0.0
7.9 0.0 0.0 0.09129639214954649 0.0
7.92 0.0 0.0 0.09129639214954649 0.0
7.94 -0.023418937436591625 0.0 0.09129639214954649 0.0
7.96 0.0 0.0 0.09129639214954649 0.0
7.98 0.0 0.0 0.09129639214954649 0.0
8.0 0.0 0.0 0.09129639214954649 0.0
8.02 0.0 0.0 0.09129639214954649 0.0
8.04 -0.023418937436591625 0.0 0.09129639214954649 0.0
8.06 0.0 0.0 0.09129639214954649 0.0
8.08 0.0 0.0 0.09129639214954649 0.0
8.1 0.0 0.0 0.09129639214954649 0.0
8.12 0.0 0.0 0.09129639214954649 0.0
8.14 0.0 0.0 0.09129639214954649 0.0
8.16 0.0 0.0 0.09129639214954649 0.0
8.18 0.0 0.0 0.09129639214954649 0.0
8.2 0.0 0.0 0.09129639214954649 0.0
8.22 0.0 0.0 0.09129639214954649 0.0
8.24 0.0 0.0 0.09129639214954649 0.0
8.26 0.0 0.0 0.09129639214954649 0.0
8.28 -0.023418937436591625 0.0 0.09129639214954649 0.0
8.3 0.0 0.0 0.09129639214954649 0.0
8.32 0.0 0.0 0.09129639214954649 0.0
8.34 0.0 0.0 0.09129639214954649 0.0
8.36 0.0 0.0 0.09129639214954649 0.0
8.38 0.0 0.0 0.09129639214954649 0.0
8.4 0.0 0.0 0.09129639214954649 0.0
8.42 0.0 0.0 0.09129639214954649 0.0
8.44 0.0 0.0 0.09129639214954649 0.0
8.46 0.0 0.0 0.09129639214954649 0.0
8.48 0.0 0.0 0.09129639214954649 0.0
8.5 0.0 0.0 0.09129639214954649 0.0
8.52 0.0 0.0 0.09129639214954649 0.0
8.54 0.0 0.0 0.09129639214954649 0.0
8.56 0.0 0.0 0.09129639214954649 0.0
8.58 0.0 0.0 0.09129639214954649 0.0
8.6 0.0 0.0 0.09129639214954649 0.0
8.62 0.0 0.0 0.09129639214954649 0.0
8.64 0.0 0.0 0.09129639214954649 0.0
8.66 0.0 0.0 0.09129639214954649 0.0
8.68 0.0 0.0 0.09129639214954649 0.0
8.7 0.0 0.0 0.09129639214954649 0.0
8.72 0.0 0.0 0.09129639214954649 0.0
8.74 0.0 0.0 0.09129639214954649 0.0
8.76 0.0 0.0 0.09129639214954649 0.0
8.78 0.0 0.0 0.09129639214954649 0.0
8.8 0.0 0.0 0.09129639214954649 0.0
8.82 0.0 0.0 0.09129639214954649 0.0
8.84 0.0 0.0 0.09129639214954649 0.0
8.86 0.0 0.0 0.09129639214954649 0.0
8.88 0.0 0.0 0.09129639214954649 0.0
8.9 0.0 0.0 0.09129639214954649 0.0
8.92 0.0 0.0 0.09129639214954649 0.0
8.94 0.0 0.0 0.09129639214954649 0.0
8.96 0.0 0.0 0.09129639214954649 0.0
8.98 0.0 0.0 0.09129639214954649 0.0
9.0 0.0 0.0 0.09129639214954649 0.0
9.02 0.0 0.0 0.09129639214954649 0.0
9.04 0.0 0.0 0.09129639214954649 0.0
9.06 0.0 0.0 0.09129639214954649 0.0
9.08 0.0 0.0 0.09129639214954649 0.0
9.1 0.0 0.0 0.09129639214954649 0.0
9.12 0.0 0.0 0.09129639214954649 0.0
9.14 0.0 0.0 0.09129639214954649 0.0
9.16 -0.023418937436591625 0.0 0.09129639214954649 0.0
9.18 0.0 0.0 0.09129639214954649 0.0
9.2 0.0 0.0 0.09129639214954649 0.0
9.22 0.0 0.0 0.09129639214954649 0.0
9.24 0.0 0.0 0.09129639214954649 0.0
9.26 0.0 0.0 0.09129639214954649 0.0
9.28 0.0 0.0 0.09129639214954649 0.0
9.3 0.0 0.0 0.09129639214954649 0.0
9.32 0.0 0.0 0.09129639214954649 0.0
9.34 0.0 0.0 0.09129639214954649 0.0
9.36 0.0 0.0 0.09129639214954649 0.0
9.38 0.0 0.0 0.09129639214954649 0.0
9.4 0.0 0.0 0.09129639214954649 0.0
9.42 0.0 0.0 0.09129639214954649 0.0
9.44 0.0 0.0 0.09129639214954649 0.0
9.46 0.0 0.0 0.09129639214954649 0.0
9.48 0.0 0.0 0.09129639214954649 0.0
9.5 0.0 0.0 0.09129639214954649 0.0
9.52 0.0 0.0 0.09129639214954649 0.0
9.54 0.0 0.0 0.09129639214954649 0.0
9.56 0.0 0.0 0.09129639214954649 0.0
9.58 0.0 0.0 0.09129639214954649 0.0
9.6 0.0 0.0 0.09129639214954649 0.0
9.62 0.0 0.0 0.09129639214954649 0.0
9.64 0.0 0.0 0.09129639214954649 0.0
9.66 0.0 0.0 0.09129639214954649 0.0
9.68 0.0 0.0 0.09129639214954649 0.0
9.7 0.0 0.0 0.09129639214954649 0.0
9.72 0.0 0.0 0.09129639214954649 0.0
9.74 0.0 0.0 0.09129639214954649 0.0
9.76 0.0 0.0 0.09129639214954649 0.0
9.78 0.0 0.0 0.09129639214954649 0.0
9.8 0.0 0.0 0.09129639214954649 0.0
9.82 0.0 0.0 0.09129639214954649 0.0
9.84 0.0 0.0 0.09129639214954649 0.0
9.86 0.0 0.0 0.09129639214954649 0.0
9.88 0.0 0.0 0.09129639214954649 0.0
9.9 0.0 0.0 0.09129639214954649 0.0
9.92 0.0 0.0 0.09129639214954649 0.0
9.94 0.0 0.0 0.09129639214954649 0.0
9.96 0.0 0.0 0.09129639214954649 0.0
9.98 0.0 0.0 0.09129639214954649 0.0
10.0 0.0 0.0 0.09129639214954649 0.0
10.02 0.0 0.0 0.09129639214954649 0.0
10.04 0.0 0.0 0.09129639214954649 0.0
10.06 0.0 0.0 0.09129639214954649 0.0
10.08 0.0 0.0 0.09129639214954649 0.0
10.1 0.0 0.0 0.09129639214954649 0.0
10.12 0.0 0.0 0.09129639214954649 -0.007028204873221783
10.14 0.0 0.0 0.271978076454183 -0.1439338347132249
10.16 0.0 0.0 0.12164986338118078 0.0
10.18 0.0 0.0 0.40578381630063365 -0.19273537136511215
10.2 0.0 0.0 0.10512739015462927 0.0
10.22 0.0 0.0 0.3903520674376715 -0.07384402918950239
10.24 0.0 0.0 0.0 0.13161871714739387
10.26 0.0 0.0 0.3352148863662102 0.0
10.28 0.0 0.0 0.0 0.3228797508569844
10.3 0.0 0.0 0.32075772229297783 0.0
10.32 0.0 0.0 0.0 0.3720387884688141
10.34 0.0 0.0 0.19871767129829082 0.0
10.36 0.0 0.0 -0.13420332607380425 0.38052064841843913
10.38 0.0 0.0 0.005644132073740676 0.0
10.4 0.0 0.0 -0.2134980509169434 0.35680719065548394
10.42 0.0 0.0 0.0 0.008715366875606367
10.44 0.0 0.0 -0.20936743261030577 0.3381113486703149
10.46 0.0 0.0 0.0 0.03225007415859055
10.48 0.0 0.0 -0.16662210645875764 0.25848911543182396
10.5 0.0 0.0 0.0 0.01323017881258845
10.52 0.0 0.0 -0.09048341513252703 0.13317208875334186
10.54 0.0 0.0 0.0 0.0
10.56 0.0 0.0 -0.0801568693659323 0.0
10.58 0.0 0.0 0.0 0.0
10.6 0.0 0.0 0.0 0.0
10.62 0.0 0.0 0.0 0.0
10.64 0.0 0.0 0.0 0.0
10.66 0.0 0.0 0.0 0.04767193493631755
10.68 0.0 0.0 0.04235513853804179 -0.03799420434068729
10.7 0.0 0.0 0.0 0.0
10.72 0.0 0.0 0.018197594766364344 -0.18702468878212486
10.74 0.0 0.0 -0.05583771782154481 0.0
10.76 0.0 0.0 0.0 -0.33432305113764327
10.78 0.0 0.0 -0.11034873282485655 0.0
10.8 0.0 0.0 0.007406490704329971 -0.4291768821894645
10.82 0.0 0.0 -0.01659684390848498 0.0
10.84 0.0 0.0 0.21080657569547478 -0.537530188968697
10.86 0.0 0.0 0.0 -0.0035524482169580207
10.88 0.0 0.0 0.4080107332266626 -0.6136881780353495
10.9 0.007871048999769703 0.0 0.0 -0.05599697952065519
10.92 0.0 0.0 0.4162719698399384 -0.5984565802220189
10.94 0.0 0.0 0.04968725856043796 -0.12695860232955009
10.96 -0.00230128760796261 0.0 0.4935013855297582 -0.5730110003731443
10.98 0.0 0.0 0.1645567973054386 -0.3142525880264974
11.0 -0.00849721506791934 0.0 0.45282136853152954 -0.4544437115583676
11.02 0.09686615354135353 0.0 0.19491026853707305 -0.3088774712887687
11.04 0.0 0.0 0.44662544107157254 -0.24950445164139468
11.06 0.23480251169444222 0.0 0.25768252015366033 -0.2304845562953925
11.08 0.0 0.0 0.4342335861516592 -0.06293698034875728
11.1 0.0 0.0 0.17425717700388377 -0.07297221190433012
11.12 -0.14705973928915783 0.024315978133304772 0.27770944561870015 0.0
11.14 -0.21602791836570212 0.18147082156442468 0.12944654169901693 0.0
11.16 -0.24431608044401742 0.0 0.23496411946715207 0.0
11.18 -0.5295407577270599 0.3111239096999177 0.048086507702558956 0.0
11.2 -0.3344019093491907 0.0 0.11705468677910313 0.0
11.22 -0.6813081138852309 0.1466830769651784 0.005341181551011043 0.0
11.24 -0.19170876682131438 -0.25834381255096195 0.11292406847246533 0.0
11.26 -0.27146804995989304 0.0 0.0 0.0
11.28 0.0 -0.45133696834647175 0.033629343629326375 0.0
11.3 -0.3280443741165238 0.0 0.0 0.0
11.32 0.12594208946052865 -0.5359768173627492 0.06811343316759855 0.0
11.34 -0.04948018258887793 -0.007016692388796458 0.0 0.0
11.36 0.28344081478321714 -0.5579581530397851 0.0 0.0
11.38 -0.03915363682228323 -0.06447883947027977 0.0 0.0
11.4 0.3282514500880838 -0.5409944331405355 -0.01928831912995374 0.0
11.42 0.0 -0.08974566883918339 -0.01928831912995374 0.0
11.44 0.5171943710059961 -0.4326411263613028 0.0 0.0
11.46 0.007568098477039986 -0.08281718049550643 0.0 0.0
11.48 0.5902931683891783 -0.3005743618191149 0.025368107016050634 0.0
11.5 0.07653627755358378 -0.062065163063585005 0.06191750570764171 0.0
11.52 0.47238373570112924 -0.166775475191008 0.06507353922455006 0.0
11.54 0.0662097317869898 -0.022941357007328023 0.0 0.0
11.56 0.39417973522158 0.0 0.0 0.0
11.58 0.05175256771375722 0.0 0.0 0.0
11.6 0.26800906592025525 0.0 0.0 0.0
11.62 0.0 0.0 0.0 0.0
11.64 0.10528899792733953 0.0 0.0 0.0
11.66 0.0 0.0 0.0 0.0
11.68 0.015667727317605684 0.17193839384965637 0.0 0.0
11.7 0.007406490704329971 0.0 0.0 0.0
11.72 0.0 0.33620047610442444 0.0 0.0
11.74 0.023302797862731678 0.0 0.0 0.0
11.76 0.0 0.5207117719503094 0.0 0.0
11.78 0.0851004646895897 0.0 0.0 0.0
11.8 0.0 0.607083743052506 0.0 0.0
11.82 0.06444737315640037 0.022393593082989077 0.0 0.0
11.84 -0.08985724906437736 0.7221867876954441 0.027433416169369562 0.0
11.86 0.0 0.06307077074519421 0.0 0.0
11.88 -0.25257731705729314 0.7459002454583991 0.0 0.0
11.9 0.0 0.15099611345333847 0.0 0.0
11.92 -0.4111667667435711 0.7441681233724801 0.0 0.0
11.94 -0.08635279682588903 0.2489566877170557 -0.11654466028481342 0.0
11.96 -0.4518467837418 0.6712956279976947 0.0 0.0
11.98 -0.15945159420907107 0.37359216007476215 -0.21999692889962985 0.0
12.0 -0.4863308732800722 0.5272827593340438 0.0 0.0
12.02 -0.19187037459402462 0.4118556613302723 -0.0958915687516241 0.0
12.04 -0.4049708392836142 0.22059462762068172 0.017733036470924612 0.0
12.06 -0.14499443013583868 0.18320294365034395 -0.049015624293438115 0.0
12.08 -0.3236108052871563 0.010637751925922256 0.06460898092911035 0.0
12.1 -0.13879850267588212 0.0 0.0 -0.06293698034875728
12.12 -0.28086547913560855 0.0 0.13357716000565473 0.0
12.14 -0.16708666475419726 0.0 0.2694482090054243 -0.26733998882581655
12.16 -0.23605484383074166 0.0 0.18602286585564748 0.0
12.18 -0.1243413386026494 0.0 0.6174451379050543 -0.21092840950947678
12.2 -0.1933095176791937 0.0 0.349207492144003 0.07069232589407207
12.22 -0.04504661375951044 0.0 0.7367937136782724 -0.041469960996950994
12.24 -0.07746539414446371 0.0 0.17203026007785466 0.29588079940216194
12.26 -0.00230128760796261 0.0 0.5607072059757131 0.0
12.28 -0.0367853771462347 0.0 0.0 0.41271596613101924
12.3 0.0 0.0 0.2759470869881111 0.0
12.32 -0.03265475883959684 0.0 -0.20936743261030577 0.43642942389397466
12.34 0.0 0.0 0.03806291245869381 0.0
12.36 0.0 0.0 -0.29485808491340126 0.43642942389397466
12.38 0.0 0.0 0.0 0.022393593082989077
12.4 0.0 0.0 -0.3720875006032215 0.4025019840954752
12.42 0.0 0.0 0.0 0.008715366875606367
12.44 0.0 0.0 -0.3334727927583112 0.3228797508569844
12.46 0.0 0.0 0.0 0.09285241205107919
12.48 0.0 0.0 -0.29279277576008234 0.22629379771924385
12.5 0.0 0.0 0.0 0.03174727031778607
12.52 0.0 0.0 -0.2865968483001258 0.07051357541410067
12.54 0.0 0.0 0.0 0.0
12.56 0.0 0.0 -0.24494224651216712 0.0
12.58 0.0 0.0 -0.01422858423243653 0.0
12.6 0.0 0.0 -0.1573862850557523 0.0
12.62 0.0 0.0 -0.002927453676112274 0.027422721345200685
12.64 0.0 0.0 -0.06776501444601865 -0.03626208225476801
12.66 0.0 0.0 0.0 0.0
12.68 0.0 0.0 0.0 -0.19377442664583044
12.7 0.0 0.0 0.0 0.0
12.72 0.0 0.0 0.04855106599799858 -0.33432305113764327
12.74 0.0 0.0 0.0 0.0
12.76 0.0 0.0 0.0 -0.4071955465124283
12.78 0.0 0.0 -0.08206057074654127 0.0
12.8 0.0 0.0 0.0 -0.5612436467316523
12.82 0.0 0.0 -0.024858080521760584 0.0
12.84 0.0 0.0 0.165995940390608 -0.6306518979345991
12.86 0.0 0.0 0.0 -0.13215496858730763
12.88 0.0 0.0 0.2901013005386137 -0.6678648314249658
12.9 0.04235513853804179 0.0 0.0039020384658419727 -0.2250979270732385
12.92 0.0 0.0 0.3328466266901617 -0.5747431224590634
12.94 0.2209715136893594 0.0 0.04251674631075186 -0.3159847101124169
12.96 0.0 0.0 0.4080107332266626 -0.46292557150799263
12.98 0.1334155522329447 0.0 0.15216494238552508 -0.33259092905172394
13.0 0.0 0.0 0.3673307162284337 -0.27321790940435
13.02 0.15866382036821136 0.0 0.2535519018470225 -0.2237348184316869
13.04 -0.07189563275265665 0.007676311594888352 0.3935535691534302 -0.07141884029838214
13.06 0.0 0.0009265737311827393 0.13357716000565473 -0.06622247404062451
13.08 -0.18567444713406767 0.024315978133304772 0.2756441364653813 0.0
13.1 -0.32980673274711325 0.20345215724146082 0.09083183385410681 0.0
13.12 -0.46980840005352065 0.0 0.19634941162224206 0.0
13.14 -0.718483678644972 0.2640210475348403 0.048086507702558956 0.0
13.16 -0.4461154145772829 -0.022941357007328023 0.15360408547069426 0.0
13.18 -0.6813081138852309 0.12470174128814226 0.005341181551011043 0.0
13.2 -0.15102874982308556 -0.28032514822799803 0.11292406847246533 0.0
13.22 -0.4279921904928523 0.0 0.0012105632443731307 0.0
13.24 0.0 -0.495299639700544 0.10879345016582748 0.0
13.26 -0.17771616104352117 0.0 0.0 0.0
13.28 0.23765559468862058 -0.5799394887168213 0.06811343316759855 0.0
13.3 -0.012930783897286802 0.0 0.0 0.0
13.32 0.4317037187029006 -0.5799394887168213 0.0 0.0
13.34 0.0 -0.027265905979913574 0.0 0.0
13.36 0.43789964616285715 -0.525762835327205 0.0 0.0
13.38 0.0 -0.015319801858450083 0.0 0.0
13.4 0.4785796631610858 -0.476603797715375 0.0 0.0
13.42 0.0 -0.008391313514773235 0.0 0.0
13.44 0.401350247471266 -0.2785930261420788 0.0 0.0
13.46 0.0 -0.062065163063585005 0.0 0.0
13.48 0.3220555226281274 -0.20398840868137458 0.0 0.0
13.5 0.0 -0.06015429049769461 0.0 0.0
13.52 0.3158595951681705 -0.01774499074957031 0.0 0.0
13.54 0.05588318602039469 -0.01254862449181271 0.0 0.0
13.56 0.3473037907633938 0.0 0.02439352222632113 0.0
13.58 0.11974616200057212 0.0 0.0 0.0
13.6 0.2190678123087504 0.014426049458593992 0.0 0.0
13.62 0.06254367177579145 0.0 0.0 0.0
13.64 0.0522171260091967 0.17193839384965637 0.0 0.0
13.66 0.005341181551011043 0.0 0.0 0.0
13.68 0.0 0.33620047610442444 0.0 0.0
13.7 0.0 0.0 0.0 0.0
13.72 0.0 0.5207117719503094 0.0 0.0
13.74 0.12164986338118078 0.0 0.0 0.0
13.76 0.0 0.607083743052506 0.0 0.0
13.78 0.10306208100131037 0.0 0.0 0.0
13.8 -0.08985724906437736 0.7441681233724801 0.0 0.0
13.82 0.0 0.06307077074519421 0.0 0.0
13.84 -0.25257731705729314 0.7459002454583991 0.0 0.0
13.86 0.0 0.15099611345333847 -0.011027082516678055 0.0
13.88 -0.3746173680519801 0.7221867876954441 0.0 0.0
13.9 -0.049803398134298016 0.27093802339409184 -0.15309405897640443 0.0
13.92 -0.4132320758968899 0.6712956279976947 -0.004831155056721215 0.0
13.94 -0.15945159420907107 0.3583605622614317 -0.1813822210547199 0.0
13.96 -0.4863308732800722 0.5053014236570076 0.0 0.0
13.98 -0.19187037459402462 0.4118556613302723 -0.0958915687516241 0.0
14.0 -0.4049708392836142 0.22059462762068172 0.056347744315834725 0.0
14.02 -0.1836091379807488 0.18320294365034395 0.0 0.0
14.04 -0.3622255131320664 0.0 0.10115837962070157 0.0
14.06 -0.17534790136747314 0.0 0.0 -0.07816857816208778
14.08 -0.28086547913560855 0.0 0.1315118508523359 0.0
14.1 -0.16915197390751624 0.0 0.30599760769701545 -0.26733998882581655
14.12 -0.27466955167565166 0.0 0.18602286585564748 0.0
14.14 -0.1243413386026494 0.0 0.6174451379050543 -0.24814134299984336
14.16 -0.1933095176791937 0.0 0.31265809345241186 0.07069232589407207
14.18 -0.04504661375951044 0.0 0.6981790058333623 -0.056701558810281494
14.2 -0.07746539414446371 0.0 0.13548086138626353 0.3398434707562342
14.22 0.0 0.0 0.5607072059757131 0.0
14.24 -0.0367853771462347 0.0 0.0 0.39073463045398316
14.26 0.0 0.0 0.2759470869881111 0.0
14.28 -0.03265475883959684 0.0 -0.1728180339187146 0.41444808821693857
14.3 0.0 0.0 0.07461231115028505 0.0
14.32 0.0 0.0 -0.3314074836049923 0.45841075957101063
14.34 0.0 0.0 0.0 0.022393593082989077
14.36 0.0 0.0 -0.33553810191163036 0.4025019840954752
14.38 0.0 0.0 0.0 0.04592830036597326
14.4 0.0 0.0 -0.3334727927583112 0.3381113486703149
14.42 0.0 0.0 0.0 0.07087107637404311
14.44 0.0 0.0 -0.32934217445167335 0.21954405985553826
14.46 0.0 0.0 0.0 0.009765934640750124
14.48 -0.02645883137964003 0.0 -0.32521155614503555 0.055281977600770194
14.5 0.0 0.0 0.0 0.0
14.52 0.0 0.0 -0.24178621299525876 0.0
14.54 0.0 0.0 0.0 0.0
14.56 0.0 0.0 -0.1573862850557523 0.17973869947850546
14.58 0.0 0.0 -0.002927453676112274 0.027422721345200685
14.6 0.0 0.0 -0.029150306601108733 -0.03626208225476801
14.62 0.0 0.0 -0.02088906998783291 0.001798391016355011
14.64 0.0 0.0 0.0 -0.1717930909687943
14.66 0.0 0.0 0.0 0.0
14.68 0.0 0.0 0.04855106599799858 -0.34955464895097355
14.7 0.0 0.0 0.0 0.0
14.72 0.0 0.0 0.0 -0.4444084800027951
14.74 0.0 0.0 -0.1206752785914513 0.0
14.76 0.0 0.0 0.0 -0.5460120489183219
14.78 0.0 0.0 -0.06347278836667072 0.0
14.8 0.0 0.0 0.1273812325456979 -0.6306518979345991
14.82 0.0 0.0 0.0 -0.09494203509694094
14.84 0.0 0.0 0.2535519018470225 -0.6458834957479296
14.86 0.07890453722963287 0.0 0.0 -0.20311659139620253
14.88 0.0 0.0 0.3328466266901617 -0.5899747202723941
14.9 0.2209715136893594 0.0 0.04251674631075186 -0.2940033744353808
14.92 0.0 0.0 0.3714613345350715 -0.478157169321323
14.94 0.1334155522329447 0.0 0.1156155436939339 -0.33259092905172394
14.96 0.0 0.0 0.40388011492002474 -0.27321790940435
14.98 0.15866382036821136 0.0 0.2535519018470225 -0.23896641624501747
15.0 -0.03328092490774673 0.007676311594888352 0.3935535691534302 -0.056187242485051664
15.02 0.0 0.0009265737311827393 0.13357716000565473 -0.06622247404062451
15.04 -0.18567444713406767 0.024315978133304772 0.2756441364653813 0.0
15.06 -0.32980673274711325 0.20345215724146082 0.09083183385410681 0.0
15.08 -0.46980840005352065 0.0 0.19634941162224206 0.0
15.1 -0.755033077336563 0.24878944972150974 0.048086507702558956 0.0
15.12 -0.4461154145772829 0.0 0.1556693946240132 0.0
15.14 -0.7178575125768222 0.12470174128814226 0.0 0.0
15.16 -0.15102874982308556 -0.25834381255096195 0.07637466978087426 0.0
15.18 -0.4279921904928523 0.0 0.0012105632443731307 0.0
15.2 0.0 -0.47331830402350794 0.10879345016582748 0.0
15.22 -0.21633086888843156 0.0 0.0 0.0
15.24 0.2011061959970296 -0.5579581530397851 0.06811343316759855 0.0
15.26 0.0 0.0 0.0 0.0
15.28 0.35860492131971844 -0.513995481685713 0.0 0.0
15.3 0.0 -0.027265905979913574 0.0 0.0
15.32 0.401350247471266 -0.525762835327205 0.0 0.0
15.34 0.0 -0.03055139967178061 0.0 0.0
15.36 0.44203026446949467 -0.4918353955287058 0.0 0.0
15.38 0.0 -0.023622911328103846 0.0 0.0
15.4 0.3992849383179473 -0.2785930261420788 0.0 0.0
15.42 0.0 -0.04008382738654884 0.0 0.0
15.44 0.2793101964765794 -0.21247026863099944 0.0 0.0
15.46 0.0 -0.06863615044731941 0.0 0.0
15.48 0.39417973522158 -0.01774499074957031 0.10368824706946012 0.0
15.5 0.16966200040180612 0.0 0.1391469213974617 0.0
15.52 0.46314791429812396 0.0 0.14230295491437006 0.0
15.54 0.19904088684371068 0.0 0.023302797862731678 0.0
15.56 0.2597478293069796 0.029657647271924437 0.0 0.0
15.58 0.06460898092911035 0.0 0.0 0.0
15.6 0.0522171260091967 0.15670679603632587 0.0 0.0
15.62 0.0 0.0 0.0 0.0
15.64 0.0 0.3142191404273883 0.0 0.0
15.66 0.0 0.0 0.0 0.0
15.68 0.0 0.5207117719503094 0.0 0.0
15.7 0.16026457122609084 0.0 0.0 0.0
15.72 0.0 0.6003340051888002 0.0 0.0
15.74 0.10306208100131037 0.01564385521928341 0.0 0.0
15.76 -0.08779193991105838 0.7593997211858107 0.0 0.0
15.78 0.0 0.08505210642223018 0.0 0.0
15.8 -0.25257731705729314 0.7459002454583991 0.0 0.0
15.82 0.0 0.15099611345333847 0.0 0.0
15.84 -0.4111667667435711 0.7289365255591497 0.0 0.0
15.86 -0.049803398134298016 0.2489566877170557 -0.15309405897640443 0.0
15.88 -0.4883961824333909 0.6932769636747309 0.0 0.0
15.9 -0.15945159420907107 0.37359216007476215 -0.1813822210547199 0.0
15.92 -0.44771616543516224 0.5053014236570076 0.0 0.0
15.94 -0.1532556667491145 0.3966240635169419 -0.0958915687516241 0.0
15.96 -0.4049708392836142 0.20536302980735127 0.056347744315834725 0.0
15.98 -0.14499443013583868 0.18320294365034395 -0.049015624293438115 0.0
16.0 -0.39877491182365754 0.010637751925922256 0.025994273084200242 0.0
16.02 -0.17534790136747314 0.0 0.0 -0.07816857816208778
16.04 -0.31741487782719957 0.0 0.1315118508523359 0.0
16.06 -0.16915197390751624 0.0 0.2694482090054243 -0.26733998882581655
16.08 -0.27466955167565166 0.0 0.18602286585564748 0.0
16.1 -0.1243413386026494 0.0 0.6174451379050543 -0.24814134299984336
16.12 -0.1933095176791937 0.0 0.349207492144003 0.07069232589407207
16.14 -0.04504661375951044 0.0 0.7367937136782724 -0.06345129667398719
16.16 -0.04091599545287267 0.0 0.17203026007785466 0.31111239721549233
16.18 0.0 0.0 0.5220924981308033 0.0
16.2 -0.0367853771462347 0.0 0.0 0.41271596613101924
16.22 0.0 0.0 0.23939768829651986 0.0
16.24 -0.03265475883959684 0.0 -0.1707527247653955 0.43642942389397466
16.26 0.0 0.0 0.07461231115028505 0.0
16.28 0.0 0.0 -0.36795688229658335 0.4803920952480468
16.3 0.0 0.0 0.0 0.06635626443706122
16.32 0.0 0.0 -0.3720875006032215 0.4025019840954752
16.34 0.0 0.0 0.0 0.02394696468893709
16.36 0.0 0.0 -0.3314074836049923 0.3228797508569844
16.38 0.0 0.0 0.0 0.07087107637404311
16.4 -0.030589449686277914 0.0 -0.29072746660676346 0.2415253955325743
16.42 -0.10575355622277899 0.0 0.0 0.009765934640750124
16.44 -0.14230295491437006 0.0 -0.32521155614503555 0.055281977600770194
16.46 -0.06507353922455006 0.0 0.0 0.0
16.48 0.0 0.0 -0.32217166220198695 0.0
16.5 0.0 0.0 -0.016293893385755404 0.0
16.52 0.0 0.0 -0.1573862850557523 0.0
16.54 0.0 0.0 0.0 0.042654319158531157
16.56 0.0 0.0 0.0 -0.02103048444143754
16.58 0.0 0.0 0.0 0.001798391016355011
16.6 0.0 0.0 0.0 -0.19377442664583044
16.62 0.0 0.0 0.0 0.0
16.64 0.0 0.0 0.009936358153088604 -0.34955464895097355
16.66 0.0 0.0 0.0 0.0
16.68 0.0 0.0 0.0 -0.4224271443257589
16.7 0.0 0.0 -0.1206752785914513 0.0
16.72 0.0 0.0 0.0 -0.5460120489183219
16.74 0.0 0.0 -0.06347278836667072 0.0
16.76 0.0 0.0 0.1273812325456979 -0.608670562257563
16.78 0.0 0.0 0.0 -0.11017363291027146
16.8 0.0 0.0 0.2901013005386137 -0.6526332336116353
16.82 0.040289829384722864 0.0 0.0 -0.20986632925990795
16.84 0.0 0.0 0.3328466266901617 -0.5747431224590634
16.86 0.2209715136893594 0.0 0.005967347619160679 -0.2940033744353808
16.88 0.0 0.0 0.3714613345350715 -0.478157169321323
16.9 0.17203026007785466 0.0 0.1156155436939339 -0.33259092905172394
16.92 0.0 0.0 0.3673307162284337 -0.25798631159101953
16.94 0.1168930790063932 0.0 0.2535519018470225 -0.23896641624501747
16.96 -0.07189563275265665 0.007676311594888352 0.3935535691534302 -0.056187242485051664
16.98 0.0 0.0009265737311827393 0.13357716000565473 -0.06622247404062451
17.0 -0.18567444713406767 0.039547575946635244 0.2756441364653813 0.0
17.02 -0.32980673274711325 0.21868375505479126 0.09083183385410681 0.0
17.04 -0.46980840005352065 0.0 0.19634941162224206 0.0
17.06 -0.718483678644972 0.24878944972150974 0.011537109010967939 0.0
17.08 -0.4461154145772829 0.0 0.1556693946240132 0.0
17.1 -0.6813081138852309 0.10272040561110612 0.043955889395921044 0.0
17.12 -0.18757814851467652 -0.28032514822799803 0.11292406847246533 0.0
17.14 -0.4279921904928523 0.0 0.0012105632443731307 0.0
17.16 0.0 -0.495299639700544 0.0722440514742364 0.0
17.18 -0.17771616104352117 0.0 0.0 0.0
17.2 0.23765559468862058 -0.5799394887168213 0.06811343316759855 0.0
17.22 0.0 0.0 0.0 0.0
17.24 0.39515432001130946 -0.5579581530397851 0.0 0.0
17.26 0.0 -0.005284570302877406 0.0 0.0
17.28 -0.5195171624831949 -0.5325125731909105 0.0 0.0
17.3 0.0 -0.015319801858450083 0.0 0.0
17.32 0.47651435400776754 -0.4918353955287058 0.0 0.0
17.34 0.0 -0.03885450914143421 0.0 0.0
17.36 0.43789964616285715 -0.2938246239554093 0.0 0.0
17.38 0.0 -0.05531542519987928 0.0 0.0
17.4 0.20414608994007838 -0.19723867081766894 0.0 0.0
17.42 0.0 -0.05340455263398891 0.0 0.0
17.44 0.35763033652998893 -0.01774499074957031 0.06191750570764171 0.0
17.46 0.17172730955512505 0.0 0.14121223055078064 0.0
17.48 0.5017626221430342 0.0 0.10053221355255171 0.0
17.5 0.27420499338021176 0.0 0.023302797862731678 0.0
17.52 0.3349119358434804 0.029657647271924437 0.0 0.0
17.54 0.10115837962070157 0.0 0.0 0.0
17.56 0.013602418164286784 0.17193839384965637 0.0 0.0
17.58 0.0 0.0 0.0 0.0
17.6 0.0 0.33620047610442444 0.0 0.0
17.62 0.023302797862731678 0.0 0.0 0.0
17.64 0.0 0.5207117719503094 0.0 0.0
17.66 0.16026457122609084 0.0 0.0 0.0
17.68 0.0 0.6003340051888002 0.0 0.0
17.7 0.10306208100131037 0.01564385521928341 0.0 0.0
17.72 -0.05124254121946725 0.7441681233724801 0.0 0.0
17.74 0.0 0.04783917293186368 0.0 0.0
17.76 -0.25257731705729314 0.7306686476450689 0.0 0.0
17.78 0.0 0.17297744913037466 0.0 0.0
17.8 -0.4111667667435711 0.7441681233724801 0.0 0.0
17.82 -0.08635279682588903 0.27093802339409184 -0.15309405897640443 0.0
17.84 -0.4518467837418 0.6712956279976947 -0.004831155056721215 0.0
17.86 -0.15945159420907107 0.37359216007476215 -0.1813822210547199 0.0
17.88 -0.4863308732800722 0.5053014236570076 0.0 0.0
17.9 -0.1532556667491145 0.4118556613302723 -0.05934217006003309 0.0
17.92 -0.3684214405920231 0.20536302980735127 0.056347744315834725 0.0
17.94 -0.1836091379807488 0.18320294365034395 -0.049015624293438115 0.0
17.96 -0.3622255131320664 0.010637751925922256 0.025994273084200242 0.0
17.98 -0.13879850267588212 0.0 0.0 -0.07816857816208778
18.0 -0.28086547913560855 0.0 0.1315118508523359 0.0
18.02 -0.13053726606260613 0.0 0.2694482090054243 -0.26733998882581655
18.04 -0.23605484383074166 0.0 0.18602286585564748 0.0
18.06 -0.1243413386026494 0.0 0.6174451379050543 -0.23290974518651286
18.08 -0.1933095176791937 0.0 0.349207492144003 0.055460728080741595
18.1 -0.006431905914600411 0.0 0.7367937136782724 -0.10066423016435383
18.12 -0.07746539414446371 0.0 0.17203026007785466 0.31786213507919814
18.14 0.0 0.0 0.5607072059757131 0.0
18.16 0.0 0.0 0.0 0.41271596613101924
18.18 0.0 0.0 0.23939768829651986 0.0
18.2 0.0 0.0 -0.13420332607380425 0.45166102170730504
18.22 0.0 0.0 0.0015135137671026255 0.0
18.24 0.0 0.0 -0.36795688229658335 0.44317916175768024
18.26 0.0 0.0 0.0 0.02914333094669458
18.28 0.0 0.0 -0.410702208448131 0.4025019840954752
18.3 0.0 0.0 0.0 0.030696702552642507
18.32 0.0 0.0 -0.3334727927583112 0.3228797508569844
18.34 0.0 0.0 0.0 0.09285241205107919
18.36 0.0 0.0 -0.32934217445167335 0.2415253955325743
18.38 0.0 0.0 0.0 0.03174727031778607
18.4 0.0 0.0 -0.2865968483001258 0.07051357541410067
18.42 0.0 0.0 0.0 0.0
18.44 0.0 0.0 -0.24494224651216712 0.0
18.46 0.0 0.0 -0.01422858423243653 0.0
18.48 0.0 0.0 -0.1573862850557523 0.0
18.5 0.0 0.0 -0.002927453676112274 0.027422721345200685
18.52 0.0 0.0 -0.029150306601108733 -0.03626208225476801
18.54 0.0 0.0 0.0 0.0
18.56 0.0 0.0 0.0 -0.19377442664583044
18.58 0.0 0.0 0.0 0.0
18.6 0.0 0.0 0.04855106599799858 -0.34955464895097355
18.62 0.0 0.0 0.0 0.0
18.64 0.0 0.0 0.0 -0.46638981567983107
18.66 0.0 0.0 -0.08206057074654127 0.0
18.68 0.0 0.0 0.0 -0.5832249824086885
18.7 0.0 0.0 -0.026923389675079873 -0.005284570302877406
18.72 0.0 0.0 0.1273812325456979 -0.6306518979345991
18.74 0.0 0.0 0.0 -0.1169233707739771
18.76 0.0 0.0 0.2901013005386137 -0.6526332336116353
18.78 0.07890453722963287 0.0 0.0039020384658419727 -0.20986632925990795
18.8 0.0 0.0 0.3328466266901617 -0.5899747202723941
18.82 0.18442211499776823 0.0 0.07906614500234288 -0.3159847101124169
18.84 0.0 0.0 0.4080107332266626 -0.478157169321323
18.86 0.1334155522329447 0.0 0.15216494238552508 -0.33259092905172394
18.88 0.0 0.0 0.40388011492002474 -0.27321790940435
18.9 0.15866382036821136 0.0 0.2535519018470225 -0.23896641624501747
18.92 -0.03328092490774673 0.007676311594888352 0.3935535691534302 -0.056187242485051664
18.94 0.0 0.0009265737311827393 0.13357716000565473 -0.08820380971766062
18.96 -0.18567444713406767 0.024315978133304772 0.2756441364653813 0.0
18.98 -0.32980673274711325 0.20345215724146082 0.0522171260091967 0.0
19.0 -0.46980840005352065 0.0 0.19634941162224206 0.0
19.02 -0.755033077336563 0.27391097620955107 0.048086507702558956 0.0
19.04 -0.4461154145772829 -0.007709759193997523 0.11705468677910313 0.0
19.06 -0.6813081138852309 0.10272040561110612 0.043955889395921044 0.0
19.08 -0.15102874982308556 -0.28032514822799803 0.11292406847246533 0.0
19.1 -0.4279921904928523 0.0 0.0012105632443731307 0.0
19.12 0.0 -0.495299639700544 0.10879345016582748 0.0
19.14 -0.17771616104352117 0.0 0.0 0.0
19.16 0.23765559468862058 -0.5799394887168213 0.06811343316759855 0.0
19.18 0.0 0.0 0.0 0.0
19.2 0.39515432001130946 -0.5579581530397851 0.0 0.0
19.22 0.0 0.0 0.0 0.0
19.24 0.43789964616285715 -0.5477441710042411 0.0 0.0
19.26 0.0 -0.008570063994744415 0.0 0.0
19.28 0.515129061852677 -0.4546224620383389 0.0 0.0
19.3 0.0 -0.023622911328103846 0.0 0.0
19.32 0.3992849383179473 -0.2633614283287483 0.0 0.0
19.34 0.0 -0.062065163063585005 0.0 0.0
19.36 0.24276079778498832 -0.19723867081766894 0.0 0.0
19.38 0.0 -0.06863615044731941 0.0 0.0
19.4 0.39417973522158 -0.01774499074957031 0.10368824706946012 0.0
19.42 0.16966200040180612 0.0 0.1391469213974617 0.0
19.44 0.46314791429812396 0.0 0.10368824706946012 0.0
19.46 0.23559028553530187 0.0 0.0 0.0
19.48 0.2597478293069796 0.0 0.0 0.0
19.5 0.13770777831229253 0.0 0.0 0.0
19.52 0.0522171260091967 0.15670679603632587 0.0 0.0
19.54 0.005341181551011043 0.0 0.0 0.0
19.56 0.0 0.3142191404273883 0.0 0.0
19.58 0.0 0.0 0.0 0.0
19.6 0.0 0.4987304362732733 0.0 0.0
19.62 0.0851004646895897 0.0 0.0 0.0
19.64 0.0 0.607083743052506 0.0 0.0
19.66 0.06651268230971935 0.01564385521928341 0.0 0.0
19.68 -0.1264066477559685 0.7221867876954441 0.0 0.0
19.7 0.0 0.06307077074519421 0.0 0.0
19.72 -0.25257731705729314 0.7459002454583991 0.0 0.0
19.74 0.0 0.15099611345333847 0.0 0.0
19.76 -0.4111667667435711 0.7069551898821137 0.0 0.0
19.78 -0.049803398134298016 0.2489566877170557 -0.15309405897640443 0.0
19.8 -0.4518467837418 0.6712956279976947 0.0 0.0
19.82 -0.12290219551748022 0.37359216007476215 -0.2179316197463108 0.0
19.84 -0.44771616543516224 0.4900698258436771 0.0 0.0
19.86 -0.1532556667491145 0.3966240635169419 -0.020727462215123116 0.0
19.88 -0.4049708392836142 0.20536302980735127 0.01979834562424368 0.0
19.9 -0.14499443013583868 0.18320294365034395 -0.049015624293438115 0.0
19.92 -0.3601602039787474 0.010637751925922256 0.06254367177579145 0.0
19.94 -0.13879850267588212 0.0 0.0 -0.07816857816208778
19.96 -0.31741487782719957 0.0 0.1315118508523359 0.0
19.98 -0.2057013725991073 0.0 0.2694482090054243 -0.26733998882581655
20.0 -0.23605484383074166 0.0 0.18602286585564748 0.0
