0.0 0.0 -0.025769079183947455 0.0 0.0
0.02 0.037491525423728814 -0.025769079183947455 0.0 0.0
0.04 0.037491525423728814 -0.025769079183947455 0.0 0.0
0.06 0.0 1.0629745163378324 -0.04284745762711865 -0.07086496775585549
0.08 0.037491525423728814 0.518233447839928 -0.04284745762711865 -0.025399808446932976
0.1 -0.04284745762711865 0.2690982484833903 0.11247457627118644 -0.06975715554481204
0.12 -0.04284745762711865 0.06579747917278966 0.037491525423728814 0.021173163073032963
0.14 -0.154708030109337 -0.025502110182069826 0.14996610169491525 -0.02318418402484612
0.16 -0.1166025008966401 -0.13824183161183995 0.07498305084745763 0.06737686385598443
0.18 -0.15348002253140078 -0.09351521377694634 0.14996610169491525 0.022650246021090864
0.2 -0.11598849710767198 -0.1611590466348084 0.07436904705848953 0.09029407887895291
0.22 -0.15286601874243272 -0.07096726949099233 0.14873809411697905 0.06811540533001342
0.24 -0.040391442471246264 -0.0931459430399319 0.1481240903280109 0.09029407887895291
0.26 -0.07788296789497506 -0.048419325205038305 0.1850016119627717 0.045198190307044916
0.28 -0.04100544626021432 -0.09351521377694634 0.14751008653904285 0.11284202316490693
0.3 -0.0035139208364855234 -0.048788595942052815 0.1850016119627717 0.045198190307044916
0.32 0.0714691300109721 -0.11606315806290038 0.110018561115314 0.08992480814193846
0.34 0.03459160837621139 -0.048419325205038305 0.14751008653904285 -0.00026696900187761496
0.36 0.10957465922366902 -0.11606315806290038 0.07252703569158522 0.06737686385598443
0.38 0.03459160837621139 -0.048419325205038305 0.110018561115314 -0.022814913287831667
0.4 0.07208313379994019 -0.0931459430399319 0.07252703569158522 0.022280975284076437
0.42 0.03459160837621139 -0.025502110182069826 0.110018561115314 -0.04536285757378569
0.44 0.10957465922366902 -0.07059799875397786 0.03503551026785645 0.044828919570030434
0.46 0.03459160837621139 -0.002954165896115829 0.03503551026785645 0.00010230173513681162
0.48 0.07208313379994019 -0.07059799875397786 -0.002456015155872404 0.06774613459299891
0.5 -0.040391442471246264 -0.048419325205038305 0.07252703569158522 0.00010230173513681162
0.52 -0.0028999170475174085 -0.11606315806290038 0.03503551026785645 0.09029407887895291
0.54 -0.07788296789497506 -0.07096726949099233 0.110018561115314 0.04556746104405937
0.56 -0.07788296789497506 -0.11606315806290038 0.07252703569158522 0.11321129390192142
0.58 -0.15348002253140078 -0.048419325205038305 0.110018561115314 0.04556746104405937
0.6 -0.11598849710767198 -0.0931459430399319 0.07314103948055337 0.11284202316490693
0.62 -0.11537449331870386 -0.025502110182069826 0.18561561575173977 0.06774613459299891
0.64 -0.040391442471246264 -0.0931459430399319 0.1481240903280109 0.09029407887895291
0.66 -0.07788296789497506 -0.07096726949099233 0.07252703569158522 0.022280975284076437
0.68 -0.0028999170475174085 -0.0931459430399319 0.07252703569158522 0.08992480814193846
0.7 -0.0028999170475174085 -0.025871380919084308 0.110018561115314 0.022280975284076437
0.72 0.1101886630126371 -0.09351521377694634 0.03503551026785645 0.08992480814193846
0.74 0.1101886630126371 -0.048419325205038305 0.110018561115314 0.00010230173513681162
0.76 0.10957465922366902 -0.09351521377694634 0.07252703569158522 0.09029407887895291
0.78 0.03459160837621139 -0.025871380919084308 0.07252703569158522 0.045198190307044916
0.8 0.0714691300109721 -0.07059799875397786 0.03503551026785645 0.09029407887895291
0.82 -0.0035139208364855234 -0.025502110182069826 0.110018561115314 0.022650246021090864
0.84 0.033977604587243276 -0.07059799875397786 0.11063256490428214 0.06737686385598443
0.86 -0.07849697168394318 -0.002954165896115829 0.11063256490428214 0.045198190307044916
0.88 -0.07849697168394318 -0.07059799875397786 0.11063256490428214 0.06737686385598443
0.9 -0.11598849710767198 -0.048419325205038305 0.14751008653904285 -0.00026696900187761496
0.92 -0.1166025008966401 -0.0931459430399319 0.07252703569158522 0.06737686385598443
0.94 -0.1915855517440977 -0.04805005446802385 0.1481240903280109 0.022280975284076437
0.96 -0.1540940263203689 -0.11569388732588591 0.11063256490428214 0.06737686385598443
0.98 -0.11598849710767198 -0.025502110182069826 0.11063256490428214 -0.0006362397388920693
1.0 -0.04100544626021432 -0.07059799875397786 0.11063256490428214 0.044459648833015925
1.02 -0.07849697168394318 -0.025502110182069826 0.110018561115314 -0.045732128310800174
1.04 -0.04100544626021432 -0.0931459430399319 0.11063256490428214 0.044828919570030434
1.06 -0.07849697168394318 -0.025502110182069826 0.1481240903280109 -0.00026696900187761496
1.08 -0.0035139208364855234 -0.07059799875397786 0.11063256490428214 0.044828919570030434
1.1 -0.0028999170475174085 -0.002954165896115829 0.1481240903280109 -0.00026696900187761496
1.12 0.03459160837621139 -0.07059799875397786 0.11063256490428214 0.06737686385598443
1.14 -0.040391442471246264 -0.025502110182069826 0.110018561115314 0.022280975284076437
1.16 -0.0028999170475174085 -0.07059799875397786 0.07314103948055337 0.06737686385598443
1.18 -0.0028999170475174085 -0.025502110182069826 0.11063256490428214 0.044828919570030434
1.2 -0.0028999170475174085 -0.0702287280169634 0.11063256490428214 0.044459648833015925
1.22 -0.0028999170475174085 -0.002584895159101319 0.1481240903280109 -0.0006362397388920693
1.24 -0.0035139208364855234 -0.0702287280169634 0.11063256490428214 0.06700759311896995
1.26 -0.11598849710767198 -0.002584895159101319 0.1481240903280109 -0.0006362397388920693
1.28 -0.04100544626021432 -0.0702287280169634 0.11063256490428214 0.044459648833015925
1.3 -0.07849697168394318 -0.025502110182069826 0.1481240903280109 -0.00026696900187761496
1.32 -0.04100544626021432 -0.0702287280169634 0.11063256490428214 0.06737686385598443
1.34 -0.04100544626021432 -0.025502110182069826 0.1481240903280109 0.022280975284076437
1.36 -0.0035139208364855234 -0.0702287280169634 0.1481240903280109 0.08992480814193846
1.38 -0.07849697168394318 0.019963049126852678 0.1481240903280109 0.021911704547061928
1.4 -0.04100544626021432 -0.047680783731009355 0.11063256490428214 0.044459648833015925
1.42 -0.07849697168394318 -0.025502110182069826 0.11063256490428214 -0.0006362397388920693
1.44 -0.04100544626021432 -0.047680783731009355 0.11063256490428214 0.044459648833015925
1.46 -0.04100544626021432 -0.002584895159101319 0.1481240903280109 -0.0006362397388920693
1.48 -0.0035139208364855234 -0.047680783731009355 0.11063256490428214 0.044459648833015925
1.5 -0.04100544626021432 -0.002584895159101319 0.1481240903280109 0.022280975284076437
1.52 -0.04100544626021432 -0.047680783731009355 0.11063256490428214 0.06737686385598443
1.54 -0.04100544626021432 -0.002584895159101319 0.1481240903280109 0.022280975284076437
1.56 -0.04100544626021432 -0.047680783731009355 0.11063256490428214 0.044459648833015925
1.58 -0.07849697168394318 -0.002584895159101319 0.18561561575173977 -0.0006362397388920693
1.6 -0.04100544626021432 -0.047680783731009355 0.1481240903280109 0.044459648833015925
1.62 -0.07849697168394318 0.019963049126852678 0.1481240903280109 -0.0006362397388920693
1.64 -0.04100544626021432 -0.047680783731009355 0.1481240903280109 0.021542433810047446
1.66 -0.07849697168394318 -0.002584895159101319 0.18561561575173977 -0.02355345476186055
1.68 -0.0035139208364855234 -0.047680783731009355 0.1481240903280109 -0.0010055104759065514
1.7 -0.07849697168394318 -0.025132839445055344 0.18561561575173977 -0.02318418402484612
1.72 -0.0035139208364855234 -0.047680783731009355 0.11063256490428214 0.021911704547061928
1.74 -0.07849697168394318 0.02033231986386716 0.1481240903280109 -0.02318418402484612
1.76 -0.0035139208364855234 -0.024763568708040876 0.11063256490428214 0.021911704547061928
1.78 -0.07849697168394318 -0.002215624422086865 0.1481240903280109 -0.02318418402484612
1.8 -0.04100544626021432 -0.024763568708040876 0.11063256490428214 0.021911704547061928
1.82 -0.07849697168394318 0.04288026414982116 0.1481240903280109 -0.0006362397388920693
1.84 -0.04100544626021432 -0.024763568708040876 0.11063256490428214 0.044459648833015925
1.86 -0.11598849710767198 0.02033231986386716 0.1481240903280109 -0.02318418402484612
1.88 -0.04100544626021432 -0.024763568708040876 0.11063256490428214 0.044459648833015925
1.9 -0.07849697168394318 0.019963049126852678 0.1481240903280109 -0.0006362397388920693
1.92 -0.07849697168394318 -0.047680783731009355 0.11063256490428214 0.044459648833015925
1.94 -0.07849697168394318 -0.002584895159101319 0.1481240903280109 -0.02318418402484612
1.96 -0.04100544626021432 -0.024763568708040876 0.11063256490428214 0.021911704547061928
1.98 -0.07849697168394318 0.019963049126852678 0.1481240903280109 -0.0006362397388920693
2.0 -0.04100544626021432 -0.047680783731009355 0.11063256490428214 0.044459648833015925
2.02 -0.07849697168394318 -0.002584895159101319 0.1481240903280109 -0.02318418402484612
2.04 -0.04100544626021432 -0.047680783731009355 0.11063256490428214 0.044459648833015925
2.06 -0.07849697168394318 -0.002584895159101319 0.1481240903280109 -0.0006362397388920693
2.08 -0.04100544626021432 -0.024763568708040876 0.11063256490428214 0.044459648833015925
2.1 -0.07849697168394318 0.04288026414982116 0.18561561575173977 -0.0006362397388920693
2.12 -0.04100544626021432 -0.024763568708040876 0.11063256490428214 0.021542433810047446
2.14 -0.04100544626021432 0.019963049126852678 0.18561561575173977 -0.02355345476186055
2.16 -0.0035139208364855234 -0.025132839445055344 0.11063256490428214 0.021542433810047446
2.18 -0.1166025008966401 -0.002584895159101319 0.1481240903280109 -0.02355345476186055
2.2 -0.07911097547291124 -0.047680783731009355 0.11063256490428214 0.021542433810047446
2.22 -0.1166025008966401 0.02033231986386716 0.1481240903280109 -0.0461013990478146
2.24 -0.07911097547291124 -0.024763568708040876 0.18622961954070782 0.021542433810047446
2.26 -0.07849697168394318 0.02033231986386716 0.22372114496443668 -0.0006362397388920693
2.28 -0.04100544626021432 -0.024763568708040876 0.14873809411697905 -0.0010055104759065514
2.3 -0.07849697168394318 0.02033231986386716 0.11063256490428214 -0.0010055104759065514
2.32 -0.07911097547291124 -0.024763568708040876 0.14873809411697905 -0.0013747812129210613
2.34 -0.1166025008966401 0.02033231986386716 0.18622961954070782 -0.046470669784829055
2.36 -0.1166025008966401 -0.024763568708040876 0.14873809411697905 -0.0013747812129210613
2.38 -0.1166025008966401 0.02033231986386716 0.18622961954070782 -0.02355345476186055
2.4 -0.04100544626021432 -0.024763568708040876 0.18622961954070782 0.021542433810047446
2.42 -0.04100544626021432 0.02033231986386716 0.18622961954070782 -0.02355345476186055
2.44 -0.04100544626021432 -0.002215624422086865 0.18622961954070782 0.021542433810047446
2.46 -0.1166025008966401 0.04288026414982116 0.18622961954070782 -0.02355345476186055
2.48 -0.07911097547291124 -0.002215624422086865 0.11063256490428214 -0.0013747812129210613
2.5 -0.1166025008966401 0.019963049126852678 0.1481240903280109 -0.06901861407078311
2.52 -0.07911097547291124 -0.025132839445055344 0.14873809411697905 -0.023922725498875058
2.54 -0.1166025008966401 -0.002584895159101319 0.18622961954070782 -0.046470669784829055
2.56 -0.07911097547291124 -0.024763568708040876 0.18622961954070782 -0.023922725498875058
2.58 -0.1166025008966401 -0.002215624422086865 0.18622961954070782 -0.0461013990478146
2.6 -0.07911097547291124 -0.0018463536850723689 0.14873809411697905 -0.0010055104759065514
2.62 -0.1166025008966401 0.06579747917278966 0.22372114496443668 -0.02355345476186055
2.64 -0.04161945004918244 -0.0018463536850723689 0.18622961954070782 -0.023922725498875058
2.66 -0.1166025008966401 0.02033231986386716 0.18622961954070782 -0.046470669784829055
2.68 -0.07911097547291124 0.020701590600881642 0.14873809411697905 -0.023922725498875058
2.7 -0.1166025008966401 0.04324953488683567 0.18622961954070782 -0.0461013990478146
2.72 -0.04161945004918244 -0.0018463536850723689 0.18622961954070782 -0.0010055104759065514
2.74 -0.1166025008966401 0.04324953488683567 0.22372114496443668 -0.046470669784829055
2.76 -0.07911097547291124 -0.0018463536850723689 0.18622961954070782 -0.0013747812129210613
2.78 -0.1166025008966401 0.04324953488683567 0.18622961954070782 -0.06901861407078311
2.8 -0.07911097547291124 -0.0018463536850723689 0.22372114496443668 -0.023922725498875058
2.82 -0.07911097547291124 0.06579747917278966 0.18622961954070782 -0.046470669784829055
2.84 -0.07911097547291124 -0.0018463536850723689 0.18622961954070782 -0.023922725498875058
2.86 -0.1166025008966401 0.04324953488683567 0.18622961954070782 -0.046470669784829055
2.88 -0.07911097547291124 -0.0018463536850723689 0.18622961954070782 -0.023922725498875058
2.9 -0.07911097547291124 0.06579747917278966 0.22372114496443668 -0.046470669784829055
2.92 -0.07911097547291124 -0.0018463536850723689 0.18622961954070782 -0.0013747812129210613
2.94 -0.1166025008966401 0.04324953488683567 0.18622961954070782 -0.023922725498875058
2.96 -0.07911097547291124 0.020701590600881642 0.14873809411697905 -0.024291996235889554
2.98 -0.1166025008966401 0.04324953488683567 0.18622961954070782 -0.046470669784829055
3.0 -0.07911097547291124 -0.0018463536850723689 0.14873809411697905 -0.0013747812129210613
3.02 -0.1166025008966401 0.06616674990980416 0.14873809411697905 -0.046470669784829055
3.04 -0.07911097547291124 0.043618805623850135 0.14873809411697905 -0.0013747812129210613
3.06 -0.07911097547291124 0.04324953488683567 0.22372114496443668 -0.046470669784829055
3.08 -0.07911097547291124 0.020701590600881642 0.18622961954070782 -0.04683994052184355
3.1 -0.1166025008966401 0.04324953488683567 0.18622961954070782 -0.04683994052184355
3.12 -0.07911097547291124 0.020701590600881642 0.14873809411697905 -0.024291996235889554
3.14 -0.07911097547291124 0.020701590600881642 0.18622961954070782 -0.06938788480779755
3.16 -0.07911097547291124 -0.0018463536850723689 0.18622961954070782 -0.024291996235889554
3.18 -0.1166025008966401 0.06616674990980416 0.18622961954070782 -0.06938788480779755
3.2 -0.1166025008966401 0.043618805623850135 0.14873809411697905 -0.024291996235889554
3.22 -0.1166025008966401 0.06616674990980416 0.18622961954070782 -0.06938788480779755
3.24 -0.07911097547291124 0.043618805623850135 0.14873809411697905 -0.024291996235889554
3.26 -0.07911097547291124 0.06616674990980416 0.18622961954070782 -0.06938788480779755
3.28 -0.07911097547291124 0.021070861337896124 0.14873809411697905 -0.024291996235889554
3.3 -0.1166025008966401 0.06616674990980416 0.18622961954070782 -0.046470669784829055
3.32 -0.07911097547291124 0.043618805623850135 0.14873809411697905 -0.024291996235889554
3.34 -0.1166025008966401 0.043618805623850135 0.18684362332967597 -0.06938788480779755
3.36 -0.07911097547291124 0.021070861337896124 0.18684362332967597 -0.024291996235889554
3.38 -0.07911097547291124 0.06616674990980416 0.22433514875340474 -0.06938788480779755
3.4 -0.07911097547291124 0.06653602064681863 0.22433514875340474 -0.04683994052184355
3.42 -0.11721650468560815 0.06616674990980416 0.22433514875340474 -0.04683994052184355
3.44 -0.11721650468560815 0.043618805623850135 0.18684362332967597 -0.04720921125885805
3.46 -0.154708030109337 0.06616674990980416 0.22433514875340474 -0.09230509983076604
3.48 -0.154708030109337 0.043618805623850135 0.18684362332967597 -0.04683994052184355
3.5 -0.1166025008966401 0.043618805623850135 0.18684362332967597 -0.06938788480779755
3.52 -0.07911097547291124 0.021070861337896124 0.18684362332967597 -0.04683994052184355
3.54 -0.1166025008966401 0.06616674990980416 0.22433514875340474 -0.06938788480779755
3.56 -0.11721650468560815 0.021070861337896124 0.18684362332967597 -0.04720921125885805
3.58 -0.154708030109337 0.043618805623850135 0.22433514875340474 -0.09230509983076604
3.6 -0.11721650468560815 0.04398807636086462 0.18622961954070782 -0.06975715554481204
3.62 -0.11721650468560815 0.08908396493277265 0.18622961954070782 -0.06938788480779755
3.64 -0.11721650468560815 0.06653602064681863 0.14873809411697905 -0.024291996235889554
3.66 -0.11721650468560815 0.08908396493277265 0.22433514875340474 -0.09230509983076604
3.68 -0.11721650468560815 0.04398807636086462 0.22433514875340474 -0.06975715554481204
3.7 -0.11721650468560815 0.06653602064681863 0.22433514875340474 -0.09230509983076604
3.72 -0.11721650468560815 0.04398807636086462 0.18684362332967597 -0.024291996235889554
3.74 -0.154708030109337 0.08908396493277265 0.22433514875340474 -0.06975715554481204
3.76 -0.11721650468560815 0.06653602064681863 0.18684362332967597 -0.06975715554481204
3.78 -0.154708030109337 0.06653602064681863 0.22433514875340474 -0.09230509983076604
3.8 -0.11721650468560815 0.04398807636086462 0.22433514875340474 -0.09267437056778055
3.82 -0.154708030109337 0.06653602064681863 0.22433514875340474 -0.09230509983076604
3.84 -0.11721650468560815 0.04398807636086462 0.18684362332967597 -0.06975715554481204
3.86 -0.154708030109337 0.06653602064681863 0.22433514875340474 -0.09230509983076604
3.88 -0.11721650468560815 0.08945323566978713 0.18684362332967597 -0.06975715554481204
3.9 -0.154708030109337 0.11200117995574116 0.22433514875340474 -0.09230509983076604
3.92 -0.11721650468560815 0.04398807636086462 0.22433514875340474 -0.06975715554481204
3.94 -0.154708030109337 0.08908396493277265 0.22433514875340474 -0.09230509983076604
3.96 -0.11721650468560815 0.04398807636086462 0.22433514875340474 -0.06975715554481204
3.98 -0.154708030109337 0.08908396493277265 0.22433514875340474 -0.06975715554481204
4.0 -0.11721650468560815 0.04398807636086462 0.18684362332967597 -0.04720921125885805
4.02 -0.154708030109337 0.08945323566978713 0.18684362332967597 -0.09267437056778055
4.04 -0.11721650468560815 0.06690529138383311 0.18684362332967597 -0.07012642628182655
4.06 -0.154708030109337 0.08945323566978713 0.22433514875340474 -0.07012642628182655
4.08 -0.11721650468560815 0.06690529138383311 0.18684362332967597 -0.07012642628182655
4.1 -0.154708030109337 0.06653602064681863 0.22433514875340474 -0.09267437056778055
4.12 -0.11721650468560815 0.04398807636086462 0.22433514875340474 -0.07012642628182655
4.14 -0.11721650468560815 0.06690529138383311 0.22433514875340474 -0.09267437056778055
4.16 -0.11721650468560815 0.06690529138383311 0.22433514875340474 -0.07012642628182655
4.18 -0.11721650468560815 0.08945323566978713 0.22433514875340474 -0.07012642628182655
4.2 -0.11721650468560815 0.08945323566978713 0.22433514875340474 -0.04757848199587252
4.22 -0.154708030109337 0.08945323566978713 0.22433514875340474 -0.09267437056778055
4.24 -0.11721650468560815 0.06690529138383311 0.18684362332967597 -0.07012642628182655
4.26 -0.11721650468560815 0.08945323566978713 0.22433514875340474 -0.09267437056778055
4.28 -0.11721650468560815 0.06690529138383311 0.18684362332967597 -0.07012642628182655
4.3 -0.15532203389830507 0.08945323566978713 0.22433514875340474 -0.09267437056778055
4.32 -0.15532203389830507 0.08945323566978713 0.18684362332967597 -0.07012642628182655
4.34 -0.19281355932203392 0.08945323566978713 0.18684362332967597 -0.07012642628182655
4.36 -0.15532203389830507 0.08945323566978713 0.18684362332967597 -0.07012642628182655
4.38 -0.15532203389830507 0.08945323566978713 0.22494915254237288 -0.09267437056778055
4.4 -0.15532203389830507 0.06690529138383311 0.22494915254237288 -0.07012642628182655
4.42 -0.19281355932203392 0.11237045069275563 0.22494915254237288 -0.07012642628182655
4.44 -0.11721650468560815 0.08982250640680162 0.22494915254237288 -0.07012642628182655
4.46 -0.11721650468560815 0.11237045069275563 0.22494915254237288 -0.07012642628182655
4.48 -0.07972497926187935 0.11237045069275563 0.22494915254237288 -0.07049569701884102
4.5 -0.19281355932203392 0.11237045069275563 0.22494915254237288 -0.09304364130479505
4.52 -0.15532203389830507 0.08982250640680162 0.22494915254237288 -0.09304364130479505
4.54 -0.15532203389830507 0.13491839497870964 0.26244067796610165 -0.09304364130479505
4.56 -0.11783050847457627 0.08945323566978713 0.26244067796610165 -0.09304364130479505
4.58 -0.15532203389830507 0.06690529138383311 0.26244067796610165 -0.09304364130479505
4.6 -0.15532203389830507 0.08982250640680162 0.22494915254237288 -0.09304364130479505
4.62 -0.11783050847457627 0.11237045069275563 0.26244067796610165 -0.11559158559074904
4.64 -0.11783050847457627 0.11237045069275563 0.26244067796610165 -0.09304364130479505
4.66 -0.15532203389830507 0.11237045069275563 0.26244067796610165 -0.11559158559074904
4.68 -0.15532203389830507 0.11237045069275563 0.22494915254237288 -0.09304364130479505
4.7 -0.15532203389830507 0.11237045069275563 0.22494915254237288 -0.09304364130479505
4.72 -0.15532203389830507 0.08982250640680162 0.22494915254237288 -0.07049569701884102
4.74 -0.15532203389830507 0.08982250640680162 0.26244067796610165 -0.11596085632776354
4.76 -0.15532203389830507 0.11273972142977011 0.26244067796610165 -0.11596085632776354
4.78 -0.15532203389830507 0.13528766571572412 0.26244067796610165 -0.11596085632776354
4.8 -0.11783050847457627 0.11273972142977011 0.22494915254237288 -0.11596085632776354
4.82 -0.15532203389830507 0.13528766571572412 0.22494915254237288 -0.11596085632776354
4.84 -0.15532203389830507 0.08982250640680162 0.22494915254237288 -0.11596085632776354
4.86 -0.15532203389830507 0.08982250640680162 0.22494915254237288 -0.11596085632776354
4.88 -0.15532203389830507 0.11273972142977011 0.22494915254237288 -0.09341291204180951
4.9 -0.11783050847457627 0.11273972142977011 0.26244067796610165 -0.11596085632776354
4.92 -0.11783050847457627 0.11273972142977011 0.26244067796610165 -0.11596085632776354
4.94 -0.11783050847457627 0.13528766571572412 0.22494915254237288 -0.11596085632776354
4.96 -0.11783050847457627 0.13528766571572412 0.26244067796610165 -0.11596085632776354
4.98 -0.15532203389830507 0.13528766571572412 0.22494915254237288 -0.11596085632776354
5.0 -0.11783050847457627 0.11273972142977011 0.22494915254237288 -0.11596085632776354
5.02 -0.11783050847457627 0.11273972142977011 0.22494915254237288 -0.11596085632776354
5.04 -0.11783050847457627 0.11273972142977011 0.22494915254237288 -0.09341291204180951
5.06 -0.11783050847457627 0.11273972142977011 0.22494915254237288 -0.11596085632776354
5.08 -0.11783050847457627 0.11273972142977011 0.22494915254237288 -0.09341291204180951
5.1 -0.11783050847457627 0.09019177714381607 0.22494915254237288 -0.11596085632776354
5.12 -0.11783050847457627 0.11273972142977011 0.22494915254237288 -0.11596085632776354
5.14 -0.11783050847457627 0.11273972142977011 0.22494915254237288 -0.11596085632776354
5.16 -0.11783050847457627 0.11273972142977011 0.22494915254237288 -0.11596085632776354
5.18 -0.11783050847457627 0.11273972142977011 0.22494915254237288 -0.11596085632776354
5.2 -0.15532203389830507 0.11273972142977011 0.22494915254237288 -0.09341291204180951
5.22 -0.11783050847457627 0.11273972142977011 0.22494915254237288 -0.09341291204180951
5.24 -0.11783050847457627 0.11273972142977011 0.22494915254237288 -0.09341291204180951
5.26 -0.11783050847457627 0.11273972142977011 0.22494915254237288 -0.09341291204180951
5.28 -0.11783050847457627 0.11273972142977011 0.22494915254237288 -0.09341291204180951
5.3 -0.11783050847457627 0.11273972142977011 0.22494915254237288 -0.11596085632776354
5.32 -0.11783050847457627 0.11273972142977011 0.22494915254237288 -0.11596085632776354
5.34 -0.11783050847457627 0.11273972142977011 0.22494915254237288 -0.09341291204180951
5.36 -0.11783050847457627 0.11273972142977011 0.22494915254237288 -0.11596085632776354
5.38 -0.15532203389830507 0.11273972142977011 0.22494915254237288 -0.09341291204180951
5.4 -0.11783050847457627 0.11273972142977011 0.22494915254237288 -0.09341291204180951
5.42 -0.11783050847457627 0.11273972142977011 0.22494915254237288 -0.11596085632776354
5.44 -0.11783050847457627 0.11273972142977011 0.22494915254237288 -0.09341291204180951
5.46 -0.11783050847457627 0.11273972142977011 0.22494915254237288 -0.09341291204180951
5.48 -0.11783050847457627 0.11273972142977011 0.22494915254237288 -0.11596085632776354
5.5 -0.11783050847457627 0.11273972142977011 0.22494915254237288 -0.09341291204180951
5.52 -0.11783050847457627 0.11273972142977011 0.22494915254237288 -0.09341291204180951
5.54 -0.11783050847457627 0.11273972142977011 0.22494915254237288 -0.09341291204180951
5.56 -0.11783050847457627 0.11273972142977011 0.22494915254237288 -0.09341291204180951
5.58 -0.11783050847457627 0.11273972142977011 0.22494915254237288 -0.09341291204180951
5.6 -0.11783050847457627 0.11273972142977011 0.22494915254237288 -0.09341291204180951
5.62 -0.11783050847457627 0.11273972142977011 0.22494915254237288 -0.09341291204180951
5.64 -0.11783050847457627 0.11273972142977011 0.22494915254237288 -0.11596085632776354
5.66 -0.15532203389830507 0.11273972142977011 0.22494915254237288 -0.09341291204180951
5.68 -0.11783050847457627 0.11273972142977011 0.22494915254237288 -0.09341291204180951
5.7 -0.11783050847457627 0.11273972142977011 0.22494915254237288 -0.11596085632776354
5.72 -0.15532203389830507 0.11273972142977011 0.22494915254237288 -0.09341291204180951
5.74 -0.11783050847457627 0.11273972142977011 0.22494915254237288 -0.11596085632776354
5.76 -0.11783050847457627 0.11273972142977011 0.22494915254237288 -0.09341291204180951
5.78 -0.11783050847457627 0.11273972142977011 0.22494915254237288 -0.11596085632776354
5.8 -0.11783050847457627 0.11273972142977011 0.22494915254237288 -0.11596085632776354
5.82 -0.11783050847457627 0.11273972142977011 0.22494915254237288 -0.09341291204180951
5.84 -0.11783050847457627 0.11273972142977011 0.22494915254237288 -0.09341291204180951
5.86 -0.11783050847457627 0.11273972142977011 0.22494915254237288 -0.09341291204180951
5.88 -0.11783050847457627 0.11273972142977011 0.22494915254237288 -0.09341291204180951
5.9 -0.11783050847457627 0.11273972142977011 0.22494915254237288 -0.11596085632776354
5.92 -0.11783050847457627 0.11273972142977011 0.22494915254237288 -0.09341291204180951
5.94 -0.11783050847457627 0.11273972142977011 0.22494915254237288 -0.09341291204180951
5.96 -0.11783050847457627 0.11273972142977011 0.22494915254237288 -0.09341291204180951
5.98 -0.11783050847457627 0.11273972142977011 0.22494915254237288 -0.11596085632776354
6.0 -0.11783050847457627 0.11273972142977011 0.22494915254237288 -0.09341291204180951
6.02 -0.11783050847457627 0.11273972142977011 0.22494915254237288 -0.11596085632776354
6.04 -0.11783050847457627 0.11273972142977011 0.22494915254237288 -0.09341291204180951
6.06 -0.11783050847457627 0.11273972142977011 0.22494915254237288 -0.09341291204180951
6.08 -0.11783050847457627 0.11273972142977011 0.22494915254237288 -0.09341291204180951
6.1 -0.11783050847457627 0.11273972142977011 0.26244067796610165 -0.09341291204180951
6.12 -0.11783050847457627 0.11273972142977011 0.22494915254237288 -0.09341291204180951
6.14 -0.11783050847457627 0.11273972142977011 0.22494915254237288 -0.09341291204180951
6.16 -0.11783050847457627 0.11273972142977011 0.22494915254237288 -0.11596085632776354
6.18 -0.11783050847457627 0.11273972142977011 0.22494915254237288 -0.11596085632776354
6.2 -0.11783050847457627 0.11273972142977011 0.22494915254237288 -0.09341291204180951
6.22 -0.11783050847457627 0.11273972142977011 0.22494915254237288 -0.11596085632776354
6.24 -0.11783050847457627 0.11273972142977011 0.22494915254237288 -0.09341291204180951
6.26 -0.11783050847457627 0.11273972142977011 0.22494915254237288 -0.09341291204180951
6.28 -0.11783050847457627 0.11273972142977011 0.22494915254237288 -0.09341291204180951
6.3 -0.11783050847457627 0.11273972142977011 0.22494915254237288 -0.11596085632776354
6.32 -0.11783050847457627 0.11273972142977011 0.22494915254237288 -0.09341291204180951
6.34 -0.11783050847457627 0.11273972142977011 0.22494915254237288 -0.09341291204180951
6.36 -0.11783050847457627 0.11273972142977011 0.22494915254237288 -0.11596085632776354
6.38 -0.15532203389830507 0.11273972142977011 0.22494915254237288 -0.11596085632776354
6.4 -0.11783050847457627 0.11273972142977011 0.22494915254237288 -0.11596085632776354
6.42 -0.11783050847457627 0.11273972142977011 0.22494915254237288 -0.09341291204180951
6.44 -0.11783050847457627 0.11273972142977011 0.22494915254237288 -0.09341291204180951
6.46 -0.11783050847457627 0.11273972142977011 0.22494915254237288 -0.09341291204180951
6.48 -0.11783050847457627 0.11273972142977011 0.22494915254237288 -0.11596085632776354
6.5 -0.11783050847457627 0.11273972142977011 0.22494915254237288 -0.09341291204180951
6.52 -0.11783050847457627 0.11273972142977011 0.22494915254237288 -0.09341291204180951
6.54 -0.11783050847457627 0.11273972142977011 0.22494915254237288 -0.09341291204180951
6.56 -0.11783050847457627 0.11273972142977011 0.22494915254237288 -0.11596085632776354
6.58 -0.11783050847457627 0.11273972142977011 0.22494915254237288 -0.09341291204180951
6.6 -0.15532203389830507 0.11273972142977011 0.22494915254237288 -0.09341291204180951
6.62 -0.11783050847457627 0.11273972142977011 0.22494915254237288 -0.09341291204180951
6.64 -0.11783050847457627 0.11273972142977011 0.22494915254237288 -0.09341291204180951
6.66 -0.11783050847457627 0.11273972142977011 0.22494915254237288 -0.11596085632776354
6.68 -0.15532203389830507 0.11273972142977011 0.22494915254237288 -0.11596085632776354
6.7 -0.11783050847457627 0.11273972142977011 0.22494915254237288 -0.11596085632776354
6.72 -0.11783050847457627 0.11273972142977011 0.22494915254237288 -0.09341291204180951
6.74 -0.11783050847457627 0.11273972142977011 0.22494915254237288 -0.09341291204180951
6.76 -0.11783050847457627 0.11273972142977011 0.22494915254237288 -0.09341291204180951
6.78 -0.11783050847457627 0.11273972142977011 0.22494915254237288 -0.09341291204180951
6.8 -0.11783050847457627 0.11273972142977011 0.22494915254237288 -0.09341291204180951
6.82 -0.11783050847457627 0.11273972142977011 0.22494915254237288 -0.09341291204180951
6.84 -0.11783050847457627 0.11273972142977011 0.22494915254237288 -0.09341291204180951
6.86 -0.11783050847457627 0.11273972142977011 0.22494915254237288 -0.09341291204180951
6.88 -0.11783050847457627 0.11273972142977011 0.22494915254237288 -0.09341291204180951
6.9 -0.11783050847457627 0.11273972142977011 0.22494915254237288 -0.11596085632776354
6.92 -0.11783050847457627 0.11273972142977011 0.22494915254237288 -0.09341291204180951
6.94 -0.11783050847457627 0.11273972142977011 0.22494915254237288 -0.09341291204180951
6.96 -0.11783050847457627 0.11273972142977011 0.22494915254237288 -0.11596085632776354
6.98 -0.11783050847457627 0.11273972142977011 0.22494915254237288 -0.11596085632776354
7.0 -0.11783050847457627 0.11273972142977011 0.22494915254237288 -0.11596085632776354
7.02 -0.11783050847457627 0.11273972142977011 0.22494915254237288 -0.09341291204180951
7.04 -0.11783050847457627 0.11273972142977011 0.22494915254237288 -0.09341291204180951
7.06 -0.11783050847457627 0.11273972142977011 0.22494915254237288 -0.09341291204180951
7.08 -0.11783050847457627 0.11273972142977011 0.22494915254237288 -0.09341291204180951
7.1 -0.11783050847457627 0.11273972142977011 0.22494915254237288 -0.11596085632776354
7.12 -0.11783050847457627 0.11273972142977011 0.22494915254237288 -0.11596085632776354
7.14 -0.11783050847457627 0.11273972142977011 0.22494915254237288 -0.09341291204180951
7.16 -0.11783050847457627 0.11273972142977011 0.22494915254237288 -0.09341291204180951
7.18 -0.11783050847457627 0.11273972142977011 0.22494915254237288 -0.11596085632776354
7.2 -0.11783050847457627 0.11273972142977011 0.22494915254237288 -0.09341291204180951
7.22 -0.11783050847457627 0.11273972142977011 0.22494915254237288 -0.09341291204180951
7.24 -0.15532203389830507 0.11273972142977011 0.22494915254237288 -0.09341291204180951
7.26 -0.11783050847457627 0.11273972142977011 0.22494915254237288 -0.11596085632776354
7.28 -0.11783050847457627 0.11273972142977011 0.22494915254237288 -0.09341291204180951
7.3 -0.11783050847457627 0.11273972142977011 0.22494915254237288 -0.11596085632776354
7.32 -0.11783050847457627 0.11273972142977011 0.22494915254237288 -0.11596085632776354
7.34 -0.11783050847457627 0.11273972142977011 0.22494915254237288 -0.09341291204180951
7.36 -0.11783050847457627 0.11273972142977011 0.22494915254237288 -0.11596085632776354
7.38 -0.11783050847457627 0.11273972142977011 0.22494915254237288 -0.11596085632776354
7.4 -0.11783050847457627 0.11273972142977011 0.22494915254237288 -0.09341291204180951
7.42 -0.11783050847457627 0.11273972142977011 0.22494915254237288 -0.09341291204180951
7.44 -0.11783050847457627 0.11273972142977011 0.22494915254237288 -0.09341291204180951
7.46 -0.11783050847457627 0.11273972142977011 0.22494915254237288 -0.09341291204180951
7.48 -0.11783050847457627 0.11273972142977011 0.22494915254237288 -0.09341291204180951
7.5 -0.11783050847457627 0.11273972142977011 0.22494915254237288 -0.11596085632776354
7.52 -0.11783050847457627 0.11273972142977011 0.22494915254237288 -0.09341291204180951
7.54 -0.11783050847457627 0.11273972142977011 0.22494915254237288 -0.11596085632776354
7.56 -0.15532203389830507 0.11273972142977011 0.22494915254237288 -0.11596085632776354
7.58 -0.11783050847457627 0.11273972142977011 0.22494915254237288 -0.11596085632776354
7.6 -0.11783050847457627 0.11273972142977011 0.22494915254237288 -0.09341291204180951
7.62 -0.11783050847457627 0.11273972142977011 0.22494915254237288 -0.11596085632776354
7.64 -0.11783050847457627 0.11273972142977011 0.22494915254237288 -0.09341291204180951
7.66 -0.11783050847457627 0.11273972142977011 0.22494915254237288 -0.09341291204180951
7.68 -0.11783050847457627 0.11273972142977011 0.22494915254237288 -0.09341291204180951
7.7 -0.11783050847457627 0.11273972142977011 0.22494915254237288 -0.11596085632776354
7.72 -0.11783050847457627 0.11273972142977011 0.22494915254237288 -0.11596085632776354
7.74 -0.11783050847457627 0.11273972142977011 0.22494915254237288 -0.11596085632776354
7.76 -0.11783050847457627 0.11273972142977011 0.22494915254237288 -0.09341291204180951
7.78 -0.11783050847457627 0.11273972142977011 0.22494915254237288 -0.09341291204180951
7.8 -0.11783050847457627 0.11273972142977011 0.22494915254237288 -0.11596085632776354
7.82 -0.15532203389830507 0.11273972142977011 0.22494915254237288 -0.09341291204180951
7.84 -0.11783050847457627 0.11273972142977011 0.22494915254237288 -0.09341291204180951
7.86 -0.15532203389830507 0.11273972142977011 0.22494915254237288 -0.09341291204180951
7.88 -0.11783050847457627 0.11273972142977011 0.22494915254237288 -0.09341291204180951
7.9 -0.11783050847457627 0.11273972142977011 0.22494915254237288 -0.09341291204180951
7.92 -0.11783050847457627 0.11273972142977011 0.22494915254237288 -0.11596085632776354
7.94 -0.15532203389830507 0.11273972142977011 0.22494915254237288 -0.09341291204180951
7.96 -0.11783050847457627 0.11273972142977011 0.22494915254237288 -0.11596085632776354
7.98 -0.11783050847457627 0.11273972142977011 0.22494915254237288 -0.09341291204180951
8.0 -0.11783050847457627 0.11273972142977011 0.22494915254237288 -0.09341291204180951
8.02 -0.11783050847457627 0.11273972142977011 0.22494915254237288 -0.09341291204180951
8.04 -0.15532203389830507 0.11273972142977011 0.22494915254237288 -0.09341291204180951
8.06 -0.11783050847457627 0.11273972142977011 0.22494915254237288 -0.09341291204180951
8.08 -0.11783050847457627 0.11273972142977011 0.22494915254237288 -0.09341291204180951
8.1 -0.11783050847457627 0.11273972142977011 0.22494915254237288 -0.11596085632776354
8.12 -0.11783050847457627 0.11273972142977011 0.22494915254237288 -0.09341291204180951
8.14 -0.11783050847457627 0.11273972142977011 0.22494915254237288 -0.11596085632776354
8.16 -0.11783050847457627 0.11273972142977011 0.22494915254237288 -0.09341291204180951
8.18 -0.11783050847457627 0.11273972142977011 0.22494915254237288 -0.09341291204180951
8.2 -0.11783050847457627 0.11273972142977011 0.22494915254237288 -0.09341291204180951
8.22 -0.11783050847457627 0.11273972142977011 0.22494915254237288 -0.11596085632776354
8.24 -0.11783050847457627 0.11273972142977011 0.22494915254237288 -0.09341291204180951
8.26 -0.11783050847457627 0.11273972142977011 0.22494915254237288 -0.09341291204180951
8.28 -0.15532203389830507 0.11273972142977011 0.22494915254237288 -0.09341291204180951
8.3 -0.11783050847457627 0.11273972142977011 0.22494915254237288 -0.09341291204180951
8.32 -0.11783050847457627 0.11273972142977011 0.22494915254237288 -0.09341291204180951
8.34 -0.11783050847457627 0.11273972142977011 0.22494915254237288 -0.09341291204180951
8.36 -0.11783050847457627 0.11273972142977011 0.22494915254237288 -0.09341291204180951
8.38 -0.11783050847457627 0.11273972142977011 0.22494915254237288 -0.09341291204180951
8.4 -0.11783050847457627 0.11273972142977011 0.22494915254237288 -0.09341291204180951
8.42 -0.11783050847457627 0.11273972142977011 0.22494915254237288 -0.09341291204180951
8.44 -0.11783050847457627 0.11273972142977011 0.22494915254237288 -0.11596085632776354
8.46 -0.11783050847457627 0.11273972142977011 0.22494915254237288 -0.09341291204180951
8.48 -0.11783050847457627 0.11273972142977011 0.22494915254237288 -0.09341291204180951
8.5 -0.11783050847457627 0.11273972142977011 0.22494915254237288 -0.09341291204180951
8.52 -0.11783050847457627 0.11273972142977011 0.22494915254237288 -0.09341291204180951
8.54 -0.11783050847457627 0.11273972142977011 0.22494915254237288 -0.09341291204180951
8.56 -0.11783050847457627 0.11273972142977011 0.22494915254237288 -0.09341291204180951
8.58 -0.11783050847457627 0.11273972142977011 0.22494915254237288 -0.09341291204180951
8.6 -0.11783050847457627 0.11273972142977011 0.22494915254237288 -0.11596085632776354
8.62 -0.11783050847457627 0.11273972142977011 0.22494915254237288 -0.11596085632776354
8.64 -0.11783050847457627 0.11273972142977011 0.22494915254237288 -0.09341291204180951
8.66 -0.11783050847457627 0.11273972142977011 0.22494915254237288 -0.09341291204180951
8.68 -0.11783050847457627 0.11273972142977011 0.22494915254237288 -0.09341291204180951
8.7 -0.11783050847457627 0.11273972142977011 0.22494915254237288 -0.09341291204180951
8.72 -0.11783050847457627 0.11273972142977011 0.22494915254237288 -0.09341291204180951
8.74 -0.11783050847457627 0.11273972142977011 0.22494915254237288 -0.11596085632776354
8.76 -0.11783050847457627 0.11273972142977011 0.22494915254237288 -0.11596085632776354
8.78 -0.11783050847457627 0.11273972142977011 0.22494915254237288 -0.09341291204180951
8.8 -0.11783050847457627 0.11273972142977011 0.22494915254237288 -0.11596085632776354
8.82 -0.11783050847457627 0.11273972142977011 0.22494915254237288 -0.09341291204180951
8.84 -0.11783050847457627 0.11273972142977011 0.22494915254237288 -0.09341291204180951
8.86 -0.11783050847457627 0.11273972142977011 0.22494915254237288 -0.09341291204180951
8.88 -0.11783050847457627 0.11273972142977011 0.22494915254237288 -0.09341291204180951
8.9 -0.11783050847457627 0.11273972142977011 0.22494915254237288 -0.09341291204180951
8.92 -0.11783050847457627 0.11273972142977011 0.22494915254237288 -0.11596085632776354
8.94 -0.11783050847457627 0.11273972142977011 0.22494915254237288 -0.09341291204180951
8.96 -0.11783050847457627 0.11273972142977011 0.22494915254237288 -0.11596085632776354
8.98 -0.11783050847457627 0.11273972142977011 0.22494915254237288 -0.09341291204180951
9.0 -0.11783050847457627 0.11273972142977011 0.22494915254237288 -0.09341291204180951
9.02 -0.11783050847457627 0.11273972142977011 0.22494915254237288 -0.09341291204180951
9.04 -0.11783050847457627 0.11273972142977011 0.22494915254237288 -0.11596085632776354
9.06 -0.11783050847457627 0.11273972142977011 0.22494915254237288 -0.11596085632776354
9.08 -0.11783050847457627 0.11273972142977011 0.22494915254237288 -0.11596085632776354
9.1 -0.11783050847457627 0.11273972142977011 0.22494915254237288 -0.09341291204180951
9.12 -0.11783050847457627 0.11273972142977011 0.22494915254237288 -0.09341291204180951
9.14 -0.11783050847457627 0.11273972142977011 0.22494915254237288 -0.09341291204180951
9.16 -0.15532203389830507 0.11273972142977011 0.22494915254237288 -0.09341291204180951
9.18 -0.11783050847457627 0.11273972142977011 0.22494915254237288 -0.09341291204180951
9.2 -0.11783050847457627 0.11273972142977011 0.22494915254237288 -0.09341291204180951
9.22 -0.11783050847457627 0.11273972142977011 0.22494915254237288 -0.09341291204180951
9.24 -0.11783050847457627 0.11273972142977011 0.22494915254237288 -0.11596085632776354
9.26 -0.11783050847457627 0.11273972142977011 0.22494915254237288 -0.09341291204180951
9.28 -0.11783050847457627 0.11273972142977011 0.22494915254237288 -0.09341291204180951
9.3 -0.11783050847457627 0.11273972142977011 0.22494915254237288 -0.09341291204180951
9.32 -0.11783050847457627 0.11273972142977011 0.22494915254237288 -0.09341291204180951
9.34 -0.11783050847457627 0.11273972142977011 0.22494915254237288 -0.11596085632776354
9.36 -0.11783050847457627 0.11273972142977011 0.22494915254237288 -0.09341291204180951
9.38 -0.11783050847457627 0.11273972142977011 0.22494915254237288 -0.09341291204180951
9.4 -0.11783050847457627 0.11273972142977011 0.22494915254237288 -0.09341291204180951
9.42 -0.11783050847457627 0.11273972142977011 0.22494915254237288 -0.09341291204180951
9.44 -0.11783050847457627 0.11273972142977011 0.22494915254237288 -0.09341291204180951
9.46 -0.11783050847457627 0.11273972142977011 0.22494915254237288 -0.09341291204180951
9.48 -0.11783050847457627 0.11273972142977011 0.22494915254237288 -0.11596085632776354
9.5 -0.11783050847457627 0.09019177714381607 0.22494915254237288 -0.09341291204180951
9.52 -0.11783050847457627 0.11273972142977011 0.22494915254237288 -0.11596085632776354
9.54 -0.11783050847457627 0.11273972142977011 0.22494915254237288 -0.09341291204180951
9.56 -0.11783050847457627 0.11273972142977011 0.22494915254237288 -0.09341291204180951
9.58 -0.11783050847457627 0.11273972142977011 0.22494915254237288 -0.11596085632776354
9.6 -0.11783050847457627 0.11273972142977011 0.22494915254237288 -0.09341291204180951
9.62 -0.11783050847457627 0.11273972142977011 0.22494915254237288 -0.09341291204180951
9.64 -0.11783050847457627 0.11273972142977011 0.22494915254237288 -0.11596085632776354
9.66 -0.11783050847457627 0.11273972142977011 0.22494915254237288 -0.09341291204180951
9.68 -0.11783050847457627 0.11273972142977011 0.22494915254237288 -0.09341291204180951
9.7 -0.11783050847457627 0.11273972142977011 0.22494915254237288 -0.11596085632776354
9.72 -0.11783050847457627 0.11273972142977011 0.22494915254237288 -0.09341291204180951
9.74 -0.11783050847457627 0.11273972142977011 0.22494915254237288 -0.09341291204180951
9.76 -0.11783050847457627 0.11273972142977011 0.22494915254237288 -0.09341291204180951
9.78 -0.11783050847457627 0.11273972142977011 0.22494915254237288 -0.11596085632776354
9.8 -0.11783050847457627 0.11273972142977011 0.22494915254237288 -0.09341291204180951
9.82 -0.11783050847457627 0.11273972142977011 0.22494915254237288 -0.09341291204180951
9.84 -0.11783050847457627 0.11273972142977011 0.22494915254237288 -0.09341291204180951
9.86 -0.11783050847457627 0.11273972142977011 0.22494915254237288 -0.11596085632776354
9.88 -0.11783050847457627 0.11273972142977011 0.22494915254237288 -0.09341291204180951
9.9 -0.11783050847457627 0.11273972142977011 0.22494915254237288 -0.11596085632776354
9.92 -0.11783050847457627 0.11273972142977011 0.22494915254237288 -0.11596085632776354
9.94 -0.11783050847457627 0.11273972142977011 0.22494915254237288 -0.09341291204180951
9.96 -0.11783050847457627 0.11273972142977011 0.22494915254237288 -0.09341291204180951
9.98 -0.11783050847457627 0.11273972142977011 0.22494915254237288 -0.09341291204180951
10.0 -0.11783050847457627 0.11273972142977011 0.22494915254237288 -0.09341291204180951
10.02 -0.11783050847457627 0.11273972142977011 0.22494915254237288 -0.09341291204180951
10.04 -0.11783050847457627 0.11273972142977011 0.22494915254237288 -0.09341291204180951
10.06 -0.11783050847457627 0.11273972142977011 0.22494915254237288 -0.09341291204180951
10.08 -0.11783050847457627 0.11273972142977011 0.22494915254237288 -0.09341291204180951
10.1 -0.11783050847457627 0.11273972142977011 0.22494915254237288 -0.11596085632776354
10.12 -0.11783050847457627 0.11273972142977011 0.22494915254237288 -0.13850880061371754
10.14 -0.11783050847457627 0.11273972142977011 0.4117927758720489 -0.24977143909542976
10.16 -0.11783050847457627 0.11273972142977011 0.2605986665991975 0.0004715724721512937
10.18 -0.11783050847457627 0.11273972142977011 0.5580748548331556 -0.17585000370832143
10.2 -0.11783050847457627 0.11273972142977011 0.25568663628745264 0.3464454222387657
10.22 -0.08033898305084747 0.09019177714381607 0.5572907491468643 0.09925887830243729
10.24 -0.08033898305084747 0.09019177714381607 0.09958049670285629 0.6236676269364745
10.26 -0.04223345383815055 0.06727456212084758 0.514273189622423 0.331385194428238
10.28 -0.004127924625453638 0.06727456212084758 0.057176940967382794 0.9219606929720793
10.3 -0.0047419284144217325 0.09019177714381607 0.5099751630996463 0.4707348382511214
10.32 -0.04284745762711865 0.09019177714381607 -0.016134200410493627 1.0380238510349797
10.34 -0.11844451226354438 0.09019177714381607 0.39381656409465116 0.5853209133659636
10.36 -0.11844451226354438 0.09019177714381607 -0.20727585026294637 1.0613103367949626
10.38 -0.08033898305084747 0.09019177714381607 0.20328891803116655 0.6525954754868115
10.4 -0.08033898305084747 0.09019177714381607 -0.2841009124773082 1.0151066360120113
10.42 -0.04284745762711865 0.09019177714381607 0.1283058671837085 0.650749121801739
10.44 -0.04284745762711865 0.09019177714381607 -0.2828729048993721 0.9448779079950479
10.46 -0.04284745762711865 0.09019177714381607 0.09204234933791589 0.6019605258596862
10.48 -0.04284745762711865 0.09019177714381607 -0.24353936810873922 0.7829803198862104
10.5 -0.04284745762711865 0.09019177714381607 0.0944983644937889 0.48764141974672137
10.52 -0.04284745762711865 0.09019177714381607 -0.17145623430879864 0.5523310867084676
10.54 0.0 0.09019177714381607 0.06007685801490026 0.3468146929757801
10.56 0.0 0.09019177714381607 -0.16838621536395815 0.2987646385077563
10.58 0.0 0.09019177714381607 0.020913423121589947 0.2056186954678244
10.6 -0.04284745762711865 0.09019177714381607 -0.01350808335729825 0.044828919570030434
10.62 0.0 0.09019177714381607 0.06393098264603203 0.1356569364527386
10.64 0.0 0.09019177714381607 0.10387852322563307 -0.09203813082888845
10.66 0.037491525423728814 0.09019177714381607 0.10633453838150547 0.08539125756262778
10.68 0.0 0.09019177714381607 0.18377360438483548 -0.3234259054806603
10.7 0.07498305084745763 0.09019177714381607 0.03564951405682451 -0.12455638501423327
10.72 0.03687752163476071 0.09019177714381607 0.14996610169491525 -0.6002788394413545
10.74 -0.001228007577936202 0.09019177714381607 -0.1915855517440977 -0.3076271361961038
10.76 -0.07682506221436193 0.09019177714381607 0.035819615954147566 -0.8534760169050517
10.78 -0.03933353679063312 0.06764383285786206 -0.26104256849084234 -0.4480845922300306
10.8 -0.07682506221436193 0.06764383285786206 0.11632870090231812 -1.0382908200368575
10.82 0.03564951405682451 0.06764383285786206 -0.17991947975370381 -0.6103514510758823
10.84 -0.03933353679063312 0.06764383285786206 0.30992636591064315 -1.2223670816946341
10.86 0.07314103948055337 0.045095888571908035 0.013064181465653135 -0.7256760676647538
10.88 -0.002456015155872404 0.045095888571908035 0.5016820195520639 -1.3369531568094768
10.9 0.1468960827500748 0.045095888571908035 0.010778268207104036 -0.794058441996645
10.92 -0.0036840227338086062 0.045095888571908035 0.5041380347079363 -1.3140359417865082
10.94 0.0700710205357129 0.022917215022968496 0.12509485584519453 -0.8376772476204951
10.96 -0.1186146141608675 0.04546515930892252 0.5803490931333299 -1.2441764845065593
10.98 0.14321206001626613 0.020065350861989538 0.24292536431977063 -0.9495761258410992
11.0 -0.12045662552777164 0.06875164506890549 0.5416295601316652 -1.0131579805918018
11.02 0.25323062113158024 -0.0017440519499355295 0.27857487837659534 -0.7836165596251026
11.04 -0.04792958983618656 0.11173421095386353 0.5397875487647608 -0.6206111593052218
11.06 0.4007407076706232 0.09066334961596742 0.35048791027921233 -0.5062920531922569
11.08 -0.05161361256999508 0.20377234178275205 0.5361035260309521 -0.25420268793960343
11.1 0.1340020031817447 0.20414161251976648 0.27243484048691446 -0.20615263347157964
11.12 -0.24152725484451154 0.22917215022968496 0.3830674053911966 -0.04683994052184355
11.14 -0.3152822981140331 0.3393269765003537 0.2324872999073132 -0.02318418402484612
11.16 -0.3503178083818895 0.08834542345874372 0.34373386860056326 0.021911704547061928
11.18 -0.6519219212413012 0.3118762108980747 0.1550482339039831 0.021911704547061928
11.2 -0.4607802713888485 -0.3274878835878195 0.22880327717350452 0.021542433810047446
11.22 -0.8301694915254236 -0.08288623481059254 0.11571469711334997 -0.024291996235889554
11.24 -0.33848163449417246 -0.8338822385152133 0.22757526959556834 -0.024661266972904022
11.26 -0.4458740785562909 -0.5889113190009718 0.03827563111001997 -0.09304364130479505
11.28 -0.028111366691884188 -1.1558310610478157 0.15075020738120642 -0.07049569701884102
11.3 -0.5159450990920038 -0.7046052063268573 0.07515315274478068 -0.09304364130479505
11.32 0.2048198351070738 -1.2937036219226412 0.18762772901596714 -0.07049569701884102
11.34 -0.24675037944725298 -0.7729875806587485 0.07392514516684445 -0.0021133226869499977
11.36 0.3543420349103441 -1.3162515662085954 0.035205612165179506 -0.00248259342396448
11.38 -0.2436803605024127 -0.8173449277566274 -0.11598849710767198 -0.047947752732887
11.4 0.39428957548994514 -1.2696785946886293 -0.1540940263203689 -0.09378218277882398
11.42 -0.05376671822789647 -0.7922120883115725 -0.1540940263203689 -0.07086496775585549
11.44 0.5835892139754935 -1.0856023330308524 -0.040391442471246264 -0.07086496775585549
11.46 0.05932186183225818 -0.6975890623235826 0.0726971375889083 -0.09341291204180951
11.48 0.6585722648229515 -0.8553223705901236 0.14829419222533402 -0.07086496775585549
11.5 0.1330769051017795 -0.5596141997136204 0.18578571764906285 -0.07086496775585549
11.52 0.5436416733958924 -0.601386651652398 0.19052764606348457 -0.07086496775585549
11.54 0.13000688615693945 -0.3955009871826961 0.10957465922366902 -0.07086496775585549
11.56 0.47094453580698437 -0.3019857734057497 0.07621105842539383 -0.07086496775585549
11.58 0.1257088596341629 -0.2081012888917888 0.03336360079827518 -0.07086496775585549
11.6 0.35355792922405294 -0.024763568708040876 0.03336360079827518 -0.07086496775585549
11.62 0.05116971067835019 -0.11522231485373455 0.03336360079827518 -0.07086496775585549
11.64 0.19867979721739304 0.1808551267597835 0.038105529212696915 -0.07086496775585549
11.66 0.08374920579033396 0.049629439151218646 -0.04223345383815055 -0.07086496775585549
11.68 0.11878471605819041 0.5264597057893834 -0.04223345383815055 -0.07086496775585549
11.7 0.11632870090231812 0.25994635246509423 -0.07972497926187935 -0.07086496775585549
11.72 0.03827563111001997 0.8262298547730462 -0.07972497926187935 -0.07086496775585549
11.74 0.14768018843636593 0.5339474222648095 -0.11721650468560815 -0.07086496775585549
11.76 -0.04223345383815055 1.1248921915456656 -0.07911097547291124 -0.07086496775585549
11.78 0.22310714117546862 0.6514876632757681 -0.1166025008966401 -0.07086496775585549
11.8 -0.04178955194650549 1.2864205089174887 0.03459160837621139 -0.07086496775585549
11.82 0.21696710328578755 0.7450028770527146 0.035819615954147566 -0.04831702346990147
11.84 -0.1978956915311018 1.470127499838251 0.1489081960143021 -0.04831702346990147
11.86 0.13645801833761706 0.8377795493556324 0.03643361974311565 -0.025769079183947455
11.88 -0.3527738235377619 1.516331200621202 0.11141667059057331 -0.025769079183947455
11.9 -0.05529763530380394 0.9279713264994482 -0.0760409565280708 -0.025769079183947455
11.92 -0.5064239479664857 1.492675444124205 -0.038549431104342 -0.04868629420691595
11.94 -0.17022822673086235 0.97011304917524 -0.2628845798577467 -0.023286485759982975
11.96 -0.5451434809681507 1.3304085852783532 -0.11230447437386337 -0.04583443004593699
11.98 -0.24521127757831995 0.9666873108069729 -0.37351714476202896 -0.0014770829480579145
12.0 -0.5820210026029115 1.0295306240836468 -0.07174293000529408 -0.09203813082888845
12.02 -0.2814747954241129 0.8017332550668829 -0.25674454196806573 -0.047680783731009355
12.04 -0.5045819365995813 0.503440189031278 0.11939871984715855 -0.16078977589779395
12.06 -0.2409132510555433 0.3629827329973512 -0.21618299759949633 -0.07133654022800681
12.08 -0.42714287059625133 0.13491839497870964 0.15996026421572784 -0.16152831737182288
12.1 -0.2390712396886392 0.06542820843577521 0.08497721336827035 -0.25420268793960343
12.12 -0.3878093338056183 -0.07096726949099233 0.23371530748524927 -0.11706866853880696
12.14 -0.2741067499564955 -0.048419325205038305 0.38061139023532403 -0.36177261905117075
12.16 -0.34786179322601707 -0.025132839445055344 0.30255832044302594 0.11616545979803722
12.18 -0.23477321316586242 -0.024763568708040876 0.754128534997353 -0.10699605690427927
12.2 -0.30852825643538384 -0.0014770829480579145 0.48800383429744265 0.5319987668446005
12.22 -0.1579481509515005 0.02144013207491058 0.896112587435683 0.2637413615703761
12.24 -0.1942116687972932 0.04435734709787908 0.328827675768006 0.9234377759201374
12.26 -0.1186146141608675 0.08982250640680162 0.7410643535316995 0.5635115105540387
12.28 -0.1554921357956281 0.11273972142977011 0.061918869381804464 1.1308005233378973
12.3 -0.11738660658293121 0.11273972142977011 0.47002762252004526 0.6559189121199418
12.32 -0.15426412821769192 0.09019177714381607 -0.2828729048993721 1.1770042241208487
12.34 -0.04117554815753738 0.11273972142977011 0.23955243587695896 0.7013840714288639
12.36 -0.07805306979229813 0.11273972142977011 -0.36153997848063835 1.1770042241208487
12.38 -0.04056154436856932 0.09019177714381607 0.1240078406609324 0.7450028770527146
12.4 -0.03994754057960122 0.06764383285786206 -0.43775103690603223 1.0838582810809165
12.42 0.03564951405682451 0.09019177714381607 0.12462184444990032 0.650749121801739
12.44 -0.0018420113669043031 0.09019177714381607 -0.3996455076933352 0.9219606929720793
12.46 0.03626351784579261 0.09019177714381607 0.05025279739141064 0.6495390078555586
12.48 -0.07682506221436193 0.09019177714381607 -0.3609259746916702 0.7134901333432762
12.5 -0.07682506221436193 0.09019177714381607 0.08958633418204376 0.46287785103868045
12.52 -0.11431658763809074 0.09019177714381607 -0.359083963324766 0.4370064701195962
12.54 -0.11431658763809074 0.06764383285786206 -0.020432226933270403 0.29839536777074177
12.56 -0.07621105842539383 0.09019177714381607 -0.3238783511595864 0.13723632113593334
12.58 -0.038719533001665016 0.09019177714381607 -0.09173125504691937 0.160051234423765
12.6 -0.038719533001665016 0.09019177714381607 -0.24459727378935203 -0.025769079183947455
12.62 -0.038719533001665016 0.09019177714381607 -0.09217515693856426 0.08649906977367133
12.64 -0.000614003788968101 0.09019177714381607 -0.1647021926301495 -0.2997701489836628
12.66 0.03687752163476071 0.09019177714381607 -0.08664912283785142 -0.12381784354020442
12.68 0.03687752163476071 0.09019177714381607 0.029509476167143445 -0.5999095687043401
12.7 0.07436904705848953 0.09019177714381607 -0.004912030311744808 -0.35272302476801176
12.72 -0.001228007577936202 0.09019177714381607 0.18561561575173977 -0.8534760169050517
12.74 -0.0018420113669043031 0.06764383285786206 -0.08033898305084747 -0.4480845922300306
12.76 -0.0018420113669043031 0.045095888571908035 0.03336360079827518 -1.0157428757509033
12.78 -0.002456015155872404 0.06764383285786206 -0.2260070582229861 -0.565624833240989
12.8 -0.07805306979229813 0.06764383285786206 0.11387268574644571 -1.2685707824775858
12.82 -0.0030700189448404636 0.045095888571908035 -0.18237549490957605 -0.7267838798757975
12.84 -0.11615859900499505 0.045095888571908035 0.269978825331042 -1.3835261283294429
12.86 0.033807502689920166 0.022547944285954018 -0.06498888832664507 -0.9086445171114879
12.88 -0.04117554815753738 0.045095888571908035 0.38675142812500507 -1.4289912876383655
12.9 0.18377360438483548 0.06801310359487653 0.0886612361020791 -0.9748112670212917
12.92 0.07068502432468099 0.06801310359487653 0.4260849649156384 -1.2678322410035567
12.94 0.3700032239255434 0.020065350861989538 0.12676676531477593 -0.9732318823380969
12.96 0.06822900916880853 0.06875164506890549 0.5016820195520639 -1.0364444663517849
12.98 0.29072214655530904 0.04372110735898699 0.23924134158596222 -0.829820260408054
13.0 -0.08603511904888339 0.16042050516077946 0.46296248655039896 -0.6668148600881733
13.02 0.32865757387068284 0.06811540533001342 0.34925990270127616 -0.5066613239292714
13.04 -0.1659302002080858 0.2266895568057205 0.4973839930292873 -0.2774891736995864
13.06 0.05779094475635094 0.227058827542735 0.23371530748524927 -0.2065219042085941
13.08 -0.2796327840572084 0.22917215022968496 0.38245340160222846 -0.04720921125885805
13.1 -0.42898488196315565 0.3618749207863078 0.19438177069461626 -0.0461013990478146
13.12 -0.5771089722911666 0.08834542345874372 0.30562833938786643 0.021911704547061928
13.14 -0.8412215597268495 0.2635591874281733 0.1550482339039831 0.021911704547061928
13.16 -0.5738688514490031 -0.3955009871826961 0.2662948025972333 0.021173163073032963
13.18 -0.8301694915254236 -0.10543417909654651 0.11571469711334997 -0.024291996235889554
13.2 -0.29976210149250754 -0.8564301828011673 0.22757526959556834 -0.024661266972904022
13.22 -0.5989101991960467 -0.47506378536015803 0.1144866895354138 -0.07012642628182655
13.24 0.048099691733509586 -1.2009269496197237 0.22634726201763217 -0.04757848199587252
13.26 -0.3647509898191521 -0.7046052063268573 0.11325868195747762 -0.07012642628182655
13.28 0.31790841516722823 -1.3387995104945494 0.18762772901596714 -0.07049569701884102
13.3 -0.2092588540235243 -0.7504396363727945 0.07392514516684445 -0.07049569701884102
13.32 0.5049221403942277 -1.3387995104945494 0.11080266680160522 -0.047947752732887
13.34 -0.09310025501852937 -0.7718797684477057 0.035205612165179506 -0.047947752732887
13.36 0.5067641517611319 -1.246761379665661 0.03459160837621139 -0.07086496775585549
13.38 -0.05438072201686439 -0.7012817696937272 -0.040391442471246264 -0.07086496775585549
13.4 0.5454836847627964 -1.1306982216027603 0.03459160837621139 -0.07086496775585549
13.42 0.020602328830592986 -0.6066587437057376 -0.04100544626021432 -0.047947752732887
13.44 0.46927262633740274 -0.8327744263041696 -0.07911097547291124 0.0
13.46 -0.018731207960039686 -0.5596141997136204 -0.1166025008966401 -0.07086496775585549
13.48 0.39244756412304116 -0.6468518109613206 -0.07911097547291124 -0.07086496775585549
13.5 -0.020573219326944114 -0.44096614649161864 -0.0035139208364855234 -0.07086496775585549
13.52 0.39060555275613695 -0.3245337176917037 0.11431658763809074 -0.07086496775585549
13.54 0.12693686721209874 -0.2535664482007114 0.11431658763809074 -0.07086496775585549
13.56 0.4303829914384145 -0.047311512993994914 0.15180811306181957 -0.07086496775585549
13.58 0.20297782374016982 -0.09230509983076604 0.11431658763809074 -0.04831702346990147
13.6 0.3123823810665155 0.22632028606870608 0.07621105842539383 -0.07086496775585549
13.62 0.15934626042675992 0.07254665417418721 -0.04223345383815055 -0.04831702346990147
13.64 0.1562762414819192 0.5264597057893834 -0.0047419284144217325 -0.07086496775585549
13.66 0.11571469711334997 0.23739840817914037 -0.04223345383815055 -0.04831702346990147
13.68 0.03827563111001997 0.8262298547730462 -0.004127924625453638 -0.07086496775585549
13.7 0.1101886630126371 0.5339474222648095 -0.04161945004918244 -0.07086496775585549
13.72 -0.04223345383815055 1.1248921915456656 -0.0035139208364855234 -0.07086496775585549
13.74 0.2605986665991975 0.6514876632757681 -0.04100544626021432 -0.07086496775585549
13.76 -0.04178955194650549 1.2864205089174887 0.03459160837621139 -0.07086496775585549
13.78 0.25507263249848444 0.6999069884808062 -0.03977743868227815 -0.04831702346990147
13.8 -0.1978956915311018 1.492675444124205 0.035205612165179506 -0.04831702346990147
13.82 0.13645801833761706 0.8377795493556324 -0.0016719094695812342 -0.025769079183947455
13.84 -0.3527738235377619 1.516331200621202 0.035819615954147566 -0.025769079183947455
13.86 -0.017806109880074805 0.9279713264994482 -0.1516380111644965 0.0
13.88 -0.468932422542757 1.470127499838251 -0.0760409565280708 -0.04868629420691595
13.9 -0.13273670130713366 0.9926609934611941 -0.3003761052814755 -0.023286485759982975
13.92 -0.5070379517554539 1.3304085852783532 -0.14979599979759228 -0.04583443004593699
13.94 -0.24521127757831995 0.9437700957840043 -0.3354116155493321 -0.024025027234011925
13.96 -0.5820210026029115 1.0069826797976926 0.0038541246311316613 -0.09203813082888845
13.98 -0.2814747954241129 0.8017332550668829 -0.25674454196806573 -0.0702287280169634
14.0 -0.5045819365995813 0.503440189031278 0.1575042490598555 -0.13824183161183995
14.02 -0.27901878026824023 0.3629827329973512 -0.1405859429630707 -0.09388448451396084
14.04 -0.4652483998089483 0.11200117995574116 0.19745178963945687 -0.16152831737182288
14.06 -0.276562765112368 0.06505893769876075 0.08497721336827035 -0.27711990296257194
14.08 -0.3878093338056183 -0.07096726949099233 0.23310130369628135 -0.11706866853880696
14.1 -0.2747207537454637 -0.048419325205038305 0.4181029156590529 -0.36177261905117075
14.12 -0.3859673224387139 -0.04805005446802385 0.30255832044302594 0.0707003004891148
14.14 -0.23477321316586242 -0.024763568708040876 0.754128534997353 -0.15246121621320174
14.16 -0.30852825643538384 -0.0014770829480579145 0.45051230887371385 0.5319987668446005
14.18 -0.1579481509515005 0.02144013207491058 0.8580070582229861 0.24082414654740747
14.2 -0.1942116687972932 0.04435734709787908 0.2913361503442772 0.9685336644920455
14.22 -0.08112308873713864 0.08982250640680162 0.7410643535316995 0.4729504626732084
14.24 -0.1554921357956281 0.11273972142977011 0.061918869381804464 1.1082525790519433
14.26 -0.07989508115920244 0.11273972142977011 0.47002762252004526 0.6108230235480341
14.28 -0.15426412821769192 0.09019177714381607 -0.24538137947564342 1.1544562798348945
14.3 -0.04117554815753738 0.11273972142977011 0.2770439613006881 0.6788361271429098
14.32 -0.0030700189448404636 0.11273972142977011 -0.39903150390436726 1.1995521684068025
14.34 0.03503551026785645 0.09019177714381607 0.162113369873629 0.7450028770527146
14.36 -0.03933353679063312 0.09019177714381607 -0.4002595114823031 1.0838582810809165
14.38 0.03626351784579261 0.09019177714381607 0.12462184444990032 0.6962142811106616
14.4 -0.038719533001665016 0.09019177714381607 -0.3996455076933352 0.9448779079950479
14.42 -0.0018420113669043031 0.09019177714381607 0.08835832660410747 0.6269910635696048
14.44 -0.07743906600333003 0.09019177714381607 -0.39841750011539867 0.7138594040802905
14.46 -0.11493059142705885 0.09019177714381607 0.013989279545618016 0.4403299067527266
14.48 -0.15242211685078766 0.09019177714381607 -0.3971894925374626 0.4140892550966277
14.5 -0.07682506221436193 0.09019177714381607 -0.021046230722238768 0.2754781527477734
14.52 -0.07621105842539383 0.09019177714381607 -0.31913642274516474 0.13723632113593334
14.54 0.03687752163476071 0.09019177714381607 -0.05423972962319046 0.1371340194007965
14.56 -0.000614003788968101 0.09019177714381607 -0.24459727378935203 0.3156712200033563
14.58 -0.000614003788968101 0.09019177714381607 -0.09217515693856426 0.08649906977367133
14.6 -0.000614003788968101 0.09019177714381607 -0.12659666341745257 -0.2997701489836628
14.62 0.03687752163476071 0.09019177714381607 -0.12414064826158022 -0.07835268423128183
14.64 0.03687752163476071 0.09019177714381607 -0.008596053045553442 -0.5773616244183861
14.66 0.07436904705848953 0.09019177714381607 -0.004912030311744808 -0.35272302476801176
14.68 -0.001228007577936202 0.09019177714381607 0.18561561575173977 -0.8763932319280201
14.7 -0.0018420113669043031 0.06764383285786206 -0.11783050847457627 -0.42553664794407664
14.72 -0.0018420113669043031 0.06764383285786206 0.03336360079827518 -1.061208035059826
14.74 0.03564951405682451 0.06764383285786206 -0.264112587435683 -0.565624833240989
14.76 -0.07743906600333003 0.06764383285786206 0.11387268574644571 -1.2456535674546172
14.78 -0.0030700189448404636 0.045095888571908035 -0.220481024122273 -0.7042359355898433
14.8 -0.11615859900499505 0.045095888571908035 0.23187329611834506 -1.3835261283294429
14.82 0.033807502689920166 0.022547944285954018 -0.10248041375037376 -0.8631793578025646
14.84 -0.04117554815753738 0.045095888571908035 0.34925990270127616 -1.4064433433524115
14.86 0.22126512980856428 0.04546515930892252 0.05116971067835019 -0.9522633227353378
14.88 0.10817654974840984 0.06801310359487653 0.4260849649156384 -1.2907494560265251
14.9 0.3700032239255434 0.020065350861989538 0.12676676531477593 -0.9506839380521429
14.92 0.10572053459253722 0.06875164506890549 0.46419049412833524 -1.0593616813747535
14.94 0.29072214655530904 0.04372110735898699 0.2017498161622333 -0.829820260408054
14.96 -0.08603511904888339 0.16042050516077946 0.5004540119741276 -0.6668148600881733
14.98 0.32865757387068284 0.06811540533001342 0.34925990270127616 -0.5295785389522399
15.0 -0.12782467099538897 0.2266895568057205 0.4973839930292873 -0.2545719586766179
15.02 0.05779094475635094 0.227058827542735 0.23371530748524927 -0.2065219042085941
15.04 -0.2796327840572084 0.22917215022968496 0.38245340160222846 -0.06975715554481204
15.06 -0.42898488196315565 0.3618749207863078 0.19438177069461626 -0.0461013990478146
15.08 -0.5771089722911666 0.08834542345874372 0.30562833938786643 0.021911704547061928
15.1 -0.8787130851505783 0.2406419724052048 0.1550482339039831 0.021911704547061928
15.12 -0.5738688514490031 -0.35003582787377363 0.26690880638620146 0.021542433810047446
15.14 -0.8676610169491525 -0.10543417909654651 0.07822317168962117 -0.024291996235889554
15.16 -0.29976210149250754 -0.8338822385152133 0.19008374417183949 -0.04720921125885805
15.18 -0.5989101991960467 -0.47469451462314405 0.1144866895354138 -0.07012642628182655
15.2 0.08559121715723828 -1.1783790053337697 0.22634726201763217 -0.04757848199587252
15.22 -0.40285651903184916 -0.6820572620409031 0.11325868195747762 -0.07012642628182655
15.24 0.28041688974349954 -1.3162515662085954 0.18762772901596714 -0.07049569701884102
15.26 -0.17115332481082723 -0.7508089071098094 0.07392514516684445 -0.07049569701884102
15.28 0.42993908954677007 -1.2711556776366875 0.07331114137787642 -0.07086496775585549
15.3 -0.13059178044225805 -0.7718797684477057 -0.03977743868227815 -0.07086496775585549
15.32 0.46927262633740274 -1.246761379665661 -0.040391442471246264 -0.07086496775585549
15.34 -0.12997777665329013 -0.7241989847166959 -0.11598849710767198 -0.07086496775585549
15.36 0.5079921593390677 -1.153615436625729 -0.07911097547291124 -0.07086496775585549
15.38 -0.016889196593135702 -0.6295759587287062 -0.07911097547291124 -0.0021133226869499977
15.4 0.46865862254843504 -0.8327744263041696 -0.08033898305084747 -0.047947752732887
15.42 -0.09494226638543357 -0.5370662554276663 -0.08033898305084747 -0.07086496775585549
15.44 0.3531140273324078 -0.6701382967213039 -0.04284745762711865 -0.11706866853880696
15.46 -0.021801226904879956 -0.4642526322516015 0.0714691300109721 -0.09415145351583847
15.48 0.47094453580698437 -0.3245337176917037 0.2286331752761815 -0.04831702346990147
15.5 0.2406394510612213 -0.2081012888917888 0.26199677607445665 -0.04831702346990147
15.52 0.5446995790765055 -0.0018463536850723689 0.2667387044888784 -0.04831702346990147
15.54 0.2798028859545314 -0.0919358290937516 0.14768018843636593 -0.04831702346990147
15.56 0.3511019140681808 0.24923750109167453 0.07621105842539383 -0.04831702346990147
15.58 0.15996026421572784 0.07254665417418721 -0.04223345383815055 -0.07086496775585549
15.6 0.1562762414819192 0.5035424907664148 -0.04223345383815055 -0.04831702346990147
15.62 0.07760916790065309 0.25994635246509423 -0.07972497926187935 -0.07086496775585549
15.64 -0.03793542731537386 0.8036819104870923 -0.07972497926187935 -0.04831702346990147
15.66 0.10957465922366902 0.5113994779788555 -0.07972497926187935 -0.04831702346990147
15.68 -0.04223345383815055 1.1248921915456656 -0.04161945004918244 -0.07086496775585549
15.7 0.2987041958118944 0.6514876632757681 -0.0035139208364855234 -0.04831702346990147
15.72 -0.04178955194650549 1.286789779654503 0.033977604587243276 -0.04831702346990147
15.74 0.25507263249848444 0.7453721477897288 -0.040391442471246264 -0.04831702346990147
15.76 -0.19728168774213367 1.5155926591471736 0.0726971375889083 -0.025769079183947455
15.78 0.13707202212658498 0.8603274936415861 -0.0016719094695812342 -0.025769079183947455
15.8 -0.3527738235377619 1.516331200621202 0.035819615954147566 -0.025769079183947455
15.82 -0.05529763530380394 0.9279713264994482 -0.11414648574076769 0.0
15.84 -0.5064239479664857 1.4697582291012365 -0.038549431104342 -0.04868629420691595
15.86 -0.13273670130713366 0.97011304917524 -0.3003761052814755 -0.023286485759982975
15.88 -0.5826350063918794 1.3529565295643071 -0.11230447437386337 -0.04583443004593699
15.9 -0.24521127757831995 0.9666873108069729 -0.3354116155493321 -0.024025027234011925
15.92 -0.5439154733902146 1.0069826797976926 -0.03363740079259714 -0.09203813082888845
15.94 -0.24336926621141586 0.7788160400439144 -0.25674454196806573 -0.047311512993994914
15.96 -0.5045819365995813 0.48052297400830946 0.1575042490598555 -0.13824183161183995
15.98 -0.2409132510555433 0.3629827329973512 -0.21618299759949633 -0.07133654022800681
16.0 -0.5027399252326772 0.13491839497870964 0.1218547350030309 -0.16152831737182288
16.02 -0.276562765112368 0.06542820843577521 0.08497721336827035 -0.27711990296257194
16.04 -0.425300859229347 -0.048419325205038305 0.23310130369628135 -0.13961661282476098
16.06 -0.2747207537454637 -0.025871380919084308 0.38061139023532403 -0.36177261905117075
16.08 -0.3859673224387139 -0.04805005446802385 0.30255832044302594 0.09361751551208325
16.1 -0.23477321316586242 -0.024763568708040876 0.754128534997353 -0.15246121621320174
16.12 -0.30852825643538384 -0.0014770829480579145 0.48800383429744265 0.5319987668446005
16.14 -0.1579481509515005 0.02144013207491058 0.896112587435683 0.2411934172844219
16.16 -0.15672014337356444 0.06690529138383311 0.328827675768006 0.9463549909431058
16.18 -0.08112308873713864 0.08982250640680162 0.7029588243190026 0.5409635662680847
16.2 -0.1554921357956281 0.11273972142977011 0.019071411754685963 1.1308005233378973
16.22 -0.11738660658293121 0.11273972142977011 0.43253609709631613 0.633370967833988
16.24 -0.15426412821769192 0.11273972142977011 -0.24476737568667506 1.1770042241208487
16.26 -0.07866707358126623 0.11273972142977011 0.2770439613006881 0.6788361271429098
16.28 -0.07805306979229813 0.09019177714381607 -0.4365230293280957 1.2221001126927566
16.3 -0.002456015155872404 0.09019177714381607 0.12462184444990032 0.7900987656246226
16.32 -0.001228007577936202 0.06727456212084758 -0.43775103690603223 1.0838582810809165
16.34 0.11247457627118644 0.06727456212084758 0.12462184444990032 0.6736663368247077
16.36 0.07498305084745763 0.09019177714381607 -0.39903150390436726 0.9219606929720793
16.38 0.03626351784579261 0.09019177714381607 0.12584985202783638 0.6269910635696048
16.4 -0.15365012442872386 0.09019177714381607 -0.36031197090270184 0.7364073483662446
16.42 -0.22924717906514958 0.09019177714381607 0.08958633418204376 0.4403299067527266
16.44 -0.2667387044888784 0.09019177714381607 -0.3971894925374626 0.4140892550966277
16.46 -0.19052764606348457 0.09019177714381607 -0.05915175993493582 0.2754781527477734
16.48 -0.11431658763809074 0.09019177714381607 -0.40008940958498007 0.11431910611296489
16.5 0.03687752163476071 0.09019177714381607 -0.09234525883588729 0.1371340194007965
16.52 0.037491525423728814 0.09019177714381607 -0.24459727378935203 -0.025769079183947455
16.54 0.037491525423728814 0.09019177714381607 -0.05406962772586743 0.10941628479663984
16.56 0.037491525423728814 0.09019177714381607 -0.08849113420475574 -0.2768529339606943
16.58 0.11247457627118644 0.09019177714381607 -0.08603511904888339 -0.07835268423128183
16.6 0.03687752163476071 0.09019177714381607 0.029509476167143445 -0.5999095687043401
16.62 0.07436904705848953 0.09019177714381607 -0.004912030311744808 -0.35272302476801176
16.64 -0.001228007577936202 0.09019177714381607 0.14751008653904285 -0.8763932319280201
16.66 0.03626351784579261 0.06764383285786206 -0.11783050847457627 -0.42553664794407664
16.68 -0.0018420113669043031 0.06764383285786206 0.03336360079827518 -1.038660090773872
16.7 0.03564951405682451 0.06764383285786206 -0.264112587435683 -0.5427076182180204
16.72 -0.07743906600333003 0.06764383285786206 0.11387268574644571 -1.2456535674546172
16.74 -0.0030700189448404636 0.045095888571908035 -0.220481024122273 -0.7267838798757975
16.76 -0.11615859900499505 0.045095888571908035 0.23187329611834506 -1.3609781840434887
16.78 0.033807502689920166 0.022547944285954018 -0.10248041375037376 -0.8860965728255337
16.8 -0.07928107737023427 0.045095888571908035 0.38675142812500507 -1.4060740726153969
16.82 0.1831596005958674 0.06801310359487653 0.05116971067835019 -0.9518940519983231
16.84 0.07068502432468099 0.06801310359487653 0.4260849649156384 -1.2678322410035567
16.86 0.3700032239255434 0.020065350861989538 0.08927523989104702 -0.9506839380521429
16.88 0.14382606380523416 0.06875164506890549 0.46419049412833524 -1.0593616813747535
16.9 0.328827675768006 0.04372110735898699 0.2017498161622333 -0.829820260408054
16.92 -0.08603511904888339 0.16042050516077946 0.46296248655039896 -0.6438976450652047
16.94 0.28581011624356434 0.06811540533001342 0.34925990270127616 -0.5295785389522399
16.96 -0.1659302002080858 0.2266895568057205 0.4973839930292873 -0.2545719586766179
16.98 0.05779094475635094 0.227058827542735 0.23371530748524927 -0.2065219042085941
17.0 -0.2796327840572084 0.2520893652526535 0.38245340160222846 -0.06975715554481204
17.02 -0.42898488196315565 0.38479213580927624 0.19438177069461626 -0.0461013990478146
17.04 -0.5771089722911666 0.08834542345874372 0.30562833938786643 0.021911704547061928
17.06 -0.8412215597268495 0.2406419724052048 0.11755670848025435 0.021911704547061928
17.08 -0.5738688514490031 -0.35003582787377363 0.26690880638620146 0.021542433810047446
17.1 -0.8301694915254236 -0.1279821233825007 0.15382022632604692 -0.024291996235889554
17.12 -0.3372536269162362 -0.8564301828011673 0.22757526959556834 -0.024661266972904022
17.14 -0.5989101991960467 -0.497242458909098 0.1144866895354138 -0.07012642628182655
17.16 0.08559121715723828 -1.2009269496197237 0.18885573659390337 -0.04757848199587252
17.18 -0.3647509898191521 -0.7046052063268573 0.11325868195747762 -0.07012642628182655
17.2 0.31790841516722823 -1.3387995104945494 0.18762772901596714 -0.07049569701884102
17.22 -0.17115332481082723 -0.7508089071098094 0.07392514516684445 -0.07049569701884102
17.24 0.46743061497049854 -1.3162515662085954 0.11080266680160522 -0.07086496775585549
17.26 -0.09310025501852937 -0.7493318241617515 -0.002285913258549349 -0.07086496775585549
17.28 -0.7364261232142768 -1.2463921089286463 -0.04100544626021432 -0.07086496775585549
17.3 -0.092486251229561 -0.7012817696937272 -0.1166025008966401 -0.07086496775585549
17.32 0.5448696809738289 -1.153615436625729 -0.04223345383815055 -0.07086496775585549
17.34 0.020602328830592986 -0.6524931737516746 -0.04223345383815055 -0.025030537709918498
17.36 0.5067641517611319 -0.8556916413271383 -0.04223345383815055 -0.00248259342396448
17.38 -0.09494226638543357 -0.5599834704506347 -0.11783050847457627 -0.07086496775585549
17.4 0.2775169726959825 -0.647221081698335 -0.08033898305084747 -0.11669939780179248
17.42 -0.0973982815413057 -0.4413354172286331 0.033977604587243276 -0.11706866853880696
17.44 0.43345301038325545 -0.3245337176917037 0.18578571764906285 -0.04831702346990147
17.46 0.24125345485018967 -0.23064923317774286 0.26261077986342474 -0.04831702346990147
17.48 0.5828051082892025 -0.024394297971026407 0.22389124686175974 -0.047947752732887
17.5 0.35539994059095714 -0.06938788480779755 0.14768018843636593 -0.025399808446932976
17.52 0.4266989687046062 0.24923750109167453 0.0714691300109721 -0.04831702346990147
17.54 0.19745178963945687 0.04999870988823324 -0.04223345383815055 -0.07086496775585549
17.56 0.11817071226922238 0.5264597057893834 -0.04223345383815055 -0.04831702346990147
17.58 0.07760916790065309 0.25994635246509423 -0.11783050847457627 -0.07086496775585549
17.6 -0.03793542731537386 0.8262298547730462 -0.07972497926187935 -0.04831702346990147
17.62 0.14768018843636593 0.5339474222648095 -0.07972497926187935 -0.07086496775585549
17.64 -0.04223345383815055 1.1248921915456656 -0.04161945004918244 -0.04831702346990147
17.66 0.2987041958118944 0.6514876632757681 -0.04100544626021432 -0.04831702346990147
17.68 -0.04178955194650549 1.286789779654503 0.033977604587243276 -0.07086496775585549
17.7 0.25507263249848444 0.7453721477897288 -0.040391442471246264 -0.04831702346990147
17.72 -0.15979016231840487 1.492675444124205 0.035205612165179506 -0.04831702346990147
17.74 0.09896649291388804 0.8148623343326633 -0.039163434893310034 -0.025769079183947455
17.76 -0.3527738235377619 1.493413985598234 0.035819615954147566 -0.025769079183947455
17.78 -0.05529763530380394 0.9505192707854024 -0.0760409565280708 0.0
17.8 -0.5064239479664857 1.492675444124205 -0.038549431104342 0.0
17.82 -0.17022822673086235 0.9926609934611941 -0.3003761052814755 -0.023286485759982975
17.84 -0.5451434809681507 1.3304085852783532 -0.14979599979759228 -0.04583443004593699
17.86 -0.24521127757831995 0.9666873108069729 -0.3354116155493321 -0.024025027234011925
17.88 -0.5820210026029115 1.0069826797976926 0.0038541246311316613 -0.09203813082888845
17.9 -0.24336926621141586 0.8017332550668829 -0.21925301654433704 -0.0702287280169634
17.92 -0.4670904111758525 0.48052297400830946 0.1575042490598555 -0.13824183161183995
17.94 -0.27901878026824023 0.3629827329973512 -0.21618299759949633 -0.09388448451396084
17.96 -0.4652483998089483 0.13491839497870964 0.1218547350030309 -0.16152831737182288
17.98 -0.2390712396886392 0.06542820843577521 0.04687168415557341 -0.27711990296257194
18.0 -0.3878093338056183 -0.04805005446802385 0.23310130369628135 -0.11706866853880696
18.02 -0.23661522453276662 -0.048419325205038305 0.38061139023532403 -0.36177261905117075
18.04 -0.34786179322601707 -0.04805005446802385 0.30255832044302594 0.09361751551208325
18.06 -0.23477321316586242 -0.024763568708040876 0.754128534997353 -0.12954400119023324
18.08 -0.30852825643538384 -0.0014770829480579145 0.48800383429744265 0.5090815518216323
18.1 -0.11984262173880361 0.02144013207491058 0.896112587435683 0.1957282579754991
18.12 -0.1942116687972932 0.04435734709787908 0.328827675768006 0.9459857202060915
18.14 -0.08050908494817055 0.08982250640680162 0.7410643535316995 0.49549840695916214
18.16 -0.11738660658293121 0.08982250640680162 0.019071411754685963 1.1308005233378973
18.18 -0.07928107737023427 0.11273972142977011 0.43253609709631613 0.656288182856956
18.2 -0.11615859900499505 0.08982250640680162 -0.20727585026294637 1.1999214391438173
18.22 -0.07866707358126623 0.11273972142977011 0.20206091045323027 0.7243012864518328
18.24 -0.11615859900499505 0.08982250640680162 -0.4365230293280957 1.176634953383834
18.26 -0.07805306979229813 0.08982250640680162 0.08651631523720371 0.7446336063156997
18.28 -0.07743906600333003 0.06727456212084758 -0.47585656611872884 1.0838582810809165
18.3 -0.0018420113669043031 0.09019177714381607 0.08651631523720371 0.673297066087693
18.32 -0.001228007577936202 0.11273972142977011 -0.3996455076933352 0.9219606929720793
18.34 0.03626351784579261 0.09019177714381607 0.05025279739141064 0.6495390078555586
18.36 -0.03933353679063312 0.09019177714381607 -0.39841750011539867 0.7364073483662446
18.38 -0.07682506221436193 0.09019177714381607 0.08958633418204376 0.46287785103868045
18.4 -0.07682506221436193 0.09019177714381607 -0.359083963324766 0.4370064701195962
18.42 -0.07682506221436193 0.09019177714381607 -0.058537756145967235 0.29839536777074177
18.44 -0.07621105842539383 0.09019177714381607 -0.3238783511595864 0.13723632113593334
18.46 -0.038719533001665016 0.09019177714381607 -0.09173125504691937 0.1371340194007965
18.48 -0.000614003788968101 0.09019177714381607 -0.24459727378935203 -0.04868629420691595
18.5 -0.000614003788968101 0.09019177714381607 -0.09217515693856426 0.08649906977367133
18.52 -0.000614003788968101 0.09019177714381607 -0.12659666341745257 -0.2997701489836628
18.54 0.03687752163476071 0.09019177714381607 -0.08664912283785142 -0.12381784354020442
18.56 0.03687752163476071 0.09019177714381607 -0.008596053045553442 -0.5999095687043401
18.58 0.07436904705848953 0.09019177714381607 -0.004912030311744808 -0.35272302476801176
18.6 -0.001228007577936202 0.09019177714381607 0.18561561575173977 -0.8763932319280201
18.62 -0.0018420113669043031 0.06764383285786206 -0.08033898305084747 -0.4480845922300306
18.64 -0.07743906600333003 0.06764383285786206 0.03336360079827518 -1.08375597934578
18.66 -0.002456015155872404 0.06764383285786206 -0.2260070582229861 -0.6107207218128969
18.68 -0.11554459521602695 0.06764383285786206 0.11387268574644571 -1.2911187267635398
18.7 -0.0030700189448404636 0.045095888571908035 -0.18298949869854442 -0.7493318241617515
18.72 -0.11615859900499505 0.045095888571908035 0.23187329611834506 -1.3835261283294429
18.74 0.033807502689920166 0.022547944285954018 -0.10248041375037376 -0.8857273020885188
18.76 -0.04117554815753738 0.045095888571908035 0.38675142812500507 -1.4060740726153969
18.78 0.22126512980856428 0.06801310359487653 0.0886612361020791 -0.9518940519983231
18.8 0.10817654974840984 0.06801310359487653 0.4260849649156384 -1.2907494560265251
18.82 0.3325116985018145 0.020065350861989538 0.16425829073850462 -0.9732318823380969
18.84 0.10572053459253722 0.06875164506890549 0.5016820195520639 -1.0593616813747535
18.86 0.29072214655530904 0.04372110735898699 0.23924134158596222 -0.829820260408054
18.88 -0.08603511904888339 0.16042050516077946 0.5004540119741276 -0.6668148600881733
18.9 0.32865757387068284 0.06811540533001342 0.34925990270127616 -0.5295785389522399
18.92 -0.12782467099538897 0.2266895568057205 0.4973839930292873 -0.2545719586766179
18.94 0.05779094475635094 0.227058827542735 0.23371530748524927 -0.22906984849454815
18.96 -0.2796327840572084 0.22917215022968496 0.38245340160222846 -0.06975715554481204
18.98 -0.42898488196315565 0.3618749207863078 0.1562762414819192 -0.0461013990478146
19.0 -0.5771089722911666 0.08834542345874372 0.30562833938786643 0.021911704547061928
19.02 -0.8787130851505783 0.2664110515891521 0.1550482339039831 0.021911704547061928
19.04 -0.5738688514490031 -0.3725837721597276 0.22880327717350452 0.021542433810047446
19.06 -0.8301694915254236 -0.1279821233825007 0.15382022632604692 -0.024291996235889554
19.08 -0.29976210149250754 -0.8564301828011673 0.22757526959556834 -0.04720921125885805
19.1 -0.5989101991960467 -0.497242458909098 0.1144866895354138 -0.07012642628182655
19.12 0.08559121715723828 -1.2009269496197237 0.22634726201763217 -0.04757848199587252
19.14 -0.3647509898191521 -0.6820572620409031 0.11325868195747762 -0.07012642628182655
19.16 0.31790841516722823 -1.3387995104945494 0.18762772901596714 -0.07049569701884102
19.18 -0.17115332481082723 -0.7508089071098094 0.07392514516684445 -0.07049569701884102
19.2 0.46743061497049854 -1.3162515662085954 0.07331114137787642 -0.07086496775585549
19.22 -0.1312057842312262 -0.7497010948987655 -0.002285913258549349 -0.07086496775585549
19.24 0.5067641517611319 -1.2693093239516147 -0.04100544626021432 -0.07086496775585549
19.26 -0.092486251229561 -0.7016510404307419 -0.11598849710767198 -0.07086496775585549
19.28 0.5829752101865255 -1.1081502773168064 -0.04161945004918244 -0.07086496775585549
19.3 0.020602328830592986 -0.6295759587287062 -0.04161945004918244 -0.025030537709918498
19.32 0.46865862254843504 -0.8098572112812013 -0.0047419284144217325 -0.025399808446932976
19.34 -0.05745074096170488 -0.5596141997136204 -0.11783050847457627 -0.07086496775585549
19.36 0.31562250190867935 -0.647221081698335 -0.08033898305084747 -0.11669939780179248
19.38 -0.021801226904879956 -0.4642526322516015 0.0714691300109721 -0.11669939780179248
19.4 0.47094453580698437 -0.3245337176917037 0.2286331752761815 -0.07086496775585549
19.42 0.2406394510612213 -0.23064923317774286 0.26199677607445665 -0.04831702346990147
19.44 0.5446995790765055 0.021070861337896124 0.2286331752761815 -0.04831702346990147
19.46 0.3172944113782603 -0.06938788480779755 0.10957465922366902 -0.04831702346990147
19.48 0.3511019140681808 0.20377234178275205 0.03336360079827518 -0.04831702346990147
19.5 0.23494331506318555 0.14019048703204934 -0.04223345383815055 -0.07086496775585549
19.52 0.1562762414819192 0.5035424907664148 -0.04223345383815055 -0.04831702346990147
19.54 0.11571469711334997 0.25994635246509423 -0.07972497926187935 -0.04831702346990147
19.56 0.00017010189732302727 0.8036819104870923 -0.07972497926187935 -0.07086496775585549
19.58 0.10957465922366902 0.48885153369290146 -0.07972497926187935 -0.04831702346990147
19.6 -0.04223345383815055 1.1023442472597114 -0.04161945004918244 -0.07086496775585549
19.62 0.22310714117546862 0.6060225039668456 -0.07911097547291124 -0.07086496775585549
19.64 -0.04178955194650549 1.2864205089174887 0.033977604587243276 -0.07086496775585549
19.66 0.21758110707475575 0.7453721477897288 -0.040391442471246264 -0.025769079183947455
19.68 -0.2353872169548306 1.470127499838251 0.035205612165179506 -0.025769079183947455
19.7 0.09896649291388804 0.8377795493556324 -0.0016719094695812342 -0.025769079183947455
19.72 -0.3527738235377619 1.516331200621202 0.035819615954147566 -0.025769079183947455
19.74 -0.05529763530380394 0.9279713264994482 -0.11414648574076769 0.0
19.76 -0.5064239479664857 1.4472102848152826 -0.038549431104342 -0.04868629420691595
19.78 -0.13273670130713366 0.97011304917524 -0.3003761052814755 -0.0007385414740289573
19.8 -0.5451434809681507 1.3304085852783532 -0.11230447437386337 -0.04583443004593699
19.82 -0.20771975215459149 0.9666873108069729 -0.37290314097306065 -0.024025027234011925
19.84 -0.5439154733902146 0.9840654647747243 0.0038541246311316613 -0.09203813082888845
19.86 -0.24336926621141586 0.7788160400439144 -0.1811474873316402 -0.047311512993994914
19.88 -0.5045819365995813 0.48052297400830946 0.1200127236361268 -0.16078977589779395
19.9 -0.2409132510555433 0.3629827329973512 -0.21618299759949633 -0.09388448451396084
19.92 -0.4646343960199802 0.13491839497870964 0.15934626042675992 -0.1840762616577769
19.94 -0.2390712396886392 0.04251099341280673 0.08497721336827035 -0.27711990296257194
19.96 -0.425300859229347 -0.07096726949099233 0.23310130369628135 -0.11706866853880696
19.98 -0.31221227916919253 -0.048419325205038305 0.38061139023532403 -0.36177261905117075
20.0 -0.34786179322601707 -0.04805005446802385 0.30255832044302594 0.09324824477506877
