0.0 0.0 0.020247291743949857 0.010123645871974929 0.010123645871974929
0.05 -0.03181717274049263 0.12050000280475875 0.050618229359874645 -0.08145165444142691
0.1 -0.05295371803944056 0.11199506306247999 0.07353328176881871 -0.07196296704020773
0.15 -0.016905402326531167 0.046334449535928496 0.04583010481788812 -0.03308708968200417
0.2 -0.008560263564552393 0.020533461026520983 0.04671935837288618 -0.04321073555397908
0.25 0.0006741287524244671 0.020533461026520983 0.03748496605590932 -0.0386407864474618
0.3 0.010797774624399402 -0.030084768333353665 0.02825057373893246 -0.03308708968200417
0.35 0.020921420496374323 -0.01996112246137873 0.04671935837288618 -0.03308708968200417
0.4 0.021810674051372384 -0.0402084142053286 0.04671935837288618 -0.0275333929165465
0.45 0.021810674051372384 -0.0402084142053286 0.05684300424486111 -0.02296344381002923
0.5 0.021810674051372384 -0.05033206007730352 0.05595375068986303 -0.028517140575486866
0.55 0.02269992760637046 -0.043794615652905475 0.04671935837288618 -0.044194483212919466
0.6 0.02269992760637046 -0.07416555326883026 0.04671935837288618 -0.0239471914689696
0.65 0.01346553528939361 -0.08527294679974556 0.0762010424338129 -0.02950088823442726
0.7 0.0033418894174186775 -0.09996654177823774 0.05684300424486111 -0.009253596490477413
0.75 -0.005892502899558188 -0.09441284501278012 0.05684300424486111 0.010993695253472454
0.8 -0.03448493340548683 -0.1059827260093229 0.06696665011683606 0.026671037890905035
0.85 -0.016905402326531167 -0.08330545148186479 0.08632468830578781 0.036794683762879955
0.9 -0.03715269407048104 -0.0893216357129499 0.10568272649473961 0.051488278741372163
0.95 -0.05739998581443088 -0.0893216357129499 0.12415151112869334 0.07271931814426241
1.0 -0.05739998581443088 -0.09944528158492484 0.13427515700066828 0.09898279411929738
1.05 -0.05651073225943284 -0.0893216357129499 0.13516441055566633 0.09342909735383971
1.1 -0.07586877044838461 -0.0893216357129499 0.15541170229961618 0.11367638909778958
1.15 -0.08599241632035955 -0.08376793894749227 0.174769740488568 0.1384936299482567
1.2 -0.08599241632035955 -0.0938915848194672 0.19501703223251782 0.14306357905477401
1.25 -0.1062397080643094 -0.07821424218203464 0.19501703223251782 0.1531872249267489
1.3 -0.11547410038128625 -0.07821424218203464 0.21526432397646766 0.15775717403326622
1.35 -0.12559774625326117 -0.07821424218203464 0.21615357753146575 0.16788081990524115
1.4 -0.12648699980825923 -0.09290783716052682 0.23640086927541565 0.17800446577721607
1.45 -0.12648699980825923 -0.09290783716052682 0.21704283108646383 0.17245076901175838
1.5 -0.12737625336325734 -0.08735414039506917 0.20691918521448888 0.19269806075570825
1.55 -0.11725260749128237 -0.09192408950158644 0.20780843876948699 0.1871443639902506
1.6 -0.12737625336325734 -0.0974777862670441 0.21704283108646383 0.1871443639902506
1.65 -0.12737625336325734 -0.10303148303250174 0.21704283108646383 0.20282170662768315
1.7 -0.11725260749128237 -0.0974777862670441 0.21704283108646383 0.1871443639902506
1.75 -0.11636335393628432 -0.09094034184264607 0.21615357753146575 0.17505322280039493
1.8 -0.1062397080643094 -0.07526299920521348 0.20602993165949082 0.17962317190691218
1.85 -0.09611606219233448 -0.08538664507718842 0.19590628578751593 0.18517686867236982
1.9 -0.0952268086373364 -0.09551029094916334 0.18578263991554098 0.1907305654378275
1.95 -0.0952268086373364 -0.09094034184264607 0.18489338636054292 0.18060691956585256
2.0 -0.08510316276536146 -0.10106398771462098 0.18489338636054292 0.2008542113098024
2.05 -0.08510316276536146 -0.07983294831173077 0.174769740488568 0.16949952603493726
2.1 -0.08510316276536146 -0.08440289741824802 0.19412777867751976 0.1639458292694796
2.15 -0.08421390921036342 -0.08440289741824802 0.174769740488568 0.17406947514145452
2.2 -0.07409026333838849 -0.08440289741824802 0.18400413280554487 0.18419312101342944
2.25 -0.07409026333838849 -0.08440289741824802 0.17388048693356992 0.17406947514145452
2.3 -0.06396661746641355 -0.08440289741824802 0.163756841061595 0.17863942424797183
2.35 -0.0732010097833904 -0.08341914975930764 0.17299123337857186 0.17308572748251416
2.4 -0.0732010097833904 -0.07786545299384999 0.16286758750659688 0.1675320307170565
2.45 -0.06307736391141548 -0.07786545299384999 0.16286758750659688 0.1518546880796239
2.5 -0.07231175622839234 -0.062188110356417414 0.17210197982357375 0.1518546880796239
2.55 -0.07231175622839234 -0.07231175622839234 0.17210197982357375 0.1518546880796239
2.6 -0.07231175622839234 -0.062188110356417414 0.17210197982357375 0.1518546880796239
2.65 -0.07231175622839234 -0.07231175622839234 0.17210197982357375 0.16197833395159886
2.7 -0.07231175622839234 -0.07231175622839234 0.17210197982357375 0.1518546880796239
2.75 -0.07231175622839234 -0.062188110356417414 0.17210197982357375 0.1518546880796239
2.8 -0.07231175622839234 -0.062188110356417414 0.17210197982357375 0.1518546880796239
2.85 -0.07231175622839234 -0.062188110356417414 0.17210197982357375 0.1518546880796239
2.9 -0.07231175622839234 -0.07231175622839234 0.17210197982357375 0.1518546880796239
2.95 -0.07231175622839234 -0.07231175622839234 0.17210197982357375 0.1518546880796239
3.0 -0.07231175622839234 -0.07231175622839234 0.17210197982357375 0.1518546880796239
3.05 -0.07231175622839234 -0.07231175622839234 0.17210197982357375 0.1518546880796239
3.1 -0.07231175622839234 -0.07231175622839234 0.17210197982357375 0.1518546880796239
3.15 -0.07231175622839234 -0.07231175622839234 0.17210197982357375 0.1518546880796239
3.2 -0.07231175622839234 -0.062188110356417414 0.17210197982357375 0.1518546880796239
3.25 -0.07231175622839234 -0.07231175622839234 0.17210197982357375 0.1518546880796239
3.3 -0.07231175622839234 -0.07231175622839234 0.17210197982357375 0.1518546880796239
3.35 -0.07231175622839234 -0.062188110356417414 0.17210197982357375 0.1518546880796239
3.4 -0.07231175622839234 -0.062188110356417414 0.17210197982357375 0.1518546880796239
3.45 -0.07231175622839234 -0.062188110356417414 0.17210197982357375 0.1518546880796239
3.5 -0.07231175622839234 -0.062188110356417414 0.17210197982357375 0.1518546880796239
3.55 -0.07231175622839234 -0.062188110356417414 0.17210197982357375 0.1518546880796239
3.6 -0.07231175622839234 -0.07231175622839234 0.17210197982357375 0.1518546880796239
3.65 -0.07231175622839234 -0.07231175622839234 0.17210197982357375 0.1518546880796239
3.7 -0.062188110356417414 -0.062188110356417414 0.17210197982357375 0.1518546880796239
3.75 -0.07231175622839234 -0.07231175622839234 0.17210197982357375 0.1518546880796239
3.8 -0.07231175622839234 -0.062188110356417414 0.17210197982357375 0.1518546880796239
3.85 -0.07231175622839234 -0.062188110356417414 0.17210197982357375 0.1518546880796239
3.9 -0.07231175622839234 -0.07231175622839234 0.17210197982357375 0.1518546880796239
3.95 -0.07231175622839234 -0.062188110356417414 0.17210197982357375 0.16197833395159886
4.0 -0.07231175622839234 -0.07231175622839234 0.17210197982357375 0.1518546880796239
4.05 -0.07231175622839234 -0.07231175622839234 0.17210197982357375 0.1518546880796239
4.1 -0.07231175622839234 -0.062188110356417414 0.17210197982357375 0.16197833395159886
4.15 -0.07231175622839234 -0.062188110356417414 0.17210197982357375 0.1518546880796239
4.2 -0.07231175622839234 -0.062188110356417414 0.17210197982357375 0.1518546880796239
4.25 -0.07231175622839234 -0.07231175622839234 0.17210197982357375 0.1518546880796239
4.3 -0.07231175622839234 -0.07231175622839234 0.17210197982357375 0.1518546880796239
4.35 -0.07231175622839234 -0.062188110356417414 0.17210197982357375 0.1518546880796239
4.4 -0.07231175622839234 -0.07231175622839234 0.17210197982357375 0.1518546880796239
4.45 -0.07231175622839234 -0.062188110356417414 0.17210197982357375 0.1518546880796239
4.5 -0.07231175622839234 -0.062188110356417414 0.17210197982357375 0.16197833395159886
4.55 -0.07231175622839234 -0.07231175622839234 0.17210197982357375 0.1518546880796239
4.6 -0.07231175622839234 -0.062188110356417414 0.17210197982357375 0.1518546880796239
4.65 -0.07231175622839234 -0.07231175622839234 0.17210197982357375 0.16197833395159886
4.7 -0.062188110356417414 -0.062188110356417414 0.17210197982357375 0.1518546880796239
4.75 -0.07231175622839234 -0.07231175622839234 0.17210197982357375 0.1518546880796239
4.8 -0.07231175622839234 -0.07231175622839234 0.17210197982357375 0.1518546880796239
4.85 -0.07231175622839234 -0.062188110356417414 0.17210197982357375 0.1518546880796239
4.9 -0.07231175622839234 -0.07231175622839234 0.17210197982357375 0.16197833395159886
4.95 -0.062188110356417414 -0.07231175622839234 0.17210197982357375 0.1518546880796239
5.0 -0.07231175622839234 -0.062188110356417414 0.17210197982357375 0.1518546880796239
5.05 -0.07231175622839234 -0.062188110356417414 0.19234927156752363 0.1113601045917242
5.1 -0.0327064262954907 -0.18563935613799729 0.5451134947792236 -0.5002210349174188
5.15 -0.02258278042351577 -0.3571063774908153 0.41837303104211915 -0.3888493887919102
5.2 -0.04194081861246756 -0.35415513451399416 0.2583787442215221 -0.03509412183793019
5.25 -0.04194081861246756 -0.32540290302776553 0.02430377884410462 0.1645412509021902
5.3 -0.021693526868517703 -0.3152792571557906 -0.2224358611058595 0.47235039434647175
5.35 -0.030038665630496494 -0.32540290302776553 -0.2061662484054813 0.3632324128214153
5.4 -0.016690277523957582 -0.3369727840243083 -0.42808559687208275 0.4308489801320633
5.45 -0.02147840206594412 -0.3673437216402331 -0.24271403699855307 0.09861092186354464
5.5 0.1080086303927376 -0.33500528870642754 -0.14524971730136968 -0.09090080500460099
5.55 0.013212071360548432 -0.001383615218954387 -0.021430478158104515 0.18002303946692622
5.6 -0.543471304415218 0.8183378367725876 0.04642542551372944 0.2298926120786022
5.65 -0.4425287785546254 0.42309269713798325 -0.07518505691439226 0.25309114679937317
5.7 -0.41524626642727386 -0.05556005072214481 -0.18510851116311652 0.25309114679937317
5.75 -0.1903961085852653 -0.2842338242310648 -0.28846533375985806 0.25309114679937317
5.8 0.13411754088750202 -0.5760168358497291 -0.2691072955709063 0.25309114679937317
5.85 0.25157568839979016 -0.37803970607735027 -0.23128047274800081 0.25309114679937317
5.9 0.5050875000227427 -0.3875168519447853 -0.23305897985799692 0.2632147926713481
5.95 0.23894189797598725 -0.016751705506247334 -0.24907512862953007 0.2935857302872729
6.0 0.024772367575523396 0.7107594877011367 -0.4071545915941404 0.46713394523541457
6.05 -0.019279230132368635 0.234525181090733 -0.1599463629127575 0.1808930888484237
6.1 -0.0255040050173552 -0.16377335826435133 0.5098756245647292 -0.7854781436454692
6.15 0.07018180756983215 -0.3489502269367212 0.4908115192349341 -0.3977541960942031
6.2 0.20213106067250233 -0.3192142477915521 0.531726767546413 0.09622710521517276
6.25 0.2012418071175043 -0.25453738192394104 0.34970668187187015 0.3325357690848743
6.3 -0.06498260298583418 -0.26466102779591594 -0.13645302956706798 0.5657168717946979
6.35 -0.06942887076082453 -0.28490831953986584 -0.30452940643923065 0.3767071692302253
6.4 -0.07031812431582263 -0.29503196541184074 -0.6497110124795273 0.32041000329366615
6.45 -0.027155780162928696 -0.3369727840243083 -0.28621823791844314 -0.03137776834243338
6.5 0.14516132446321864 -0.1904954745270857 -0.018762717493110436 -0.0483761062932069
6.55 -0.013816976837957656 0.31094439896001513 0.1414371093484922 0.2744358844797063
6.6 -0.5683799887367316 0.827877602545636 0.17558018598698294 0.32540290302776553
6.65 -0.47433636651355 0.27314288447062646 0.0516342148792953 0.31383302203122276
6.7 -0.41045814188528756 -0.313048675622907 -0.07853653111337881 0.32540290302776553
6.75 -0.16269293163433476 -0.36302040497824184 -0.001993631912569708 0.32540290302776553
6.8 0.3753065347049041 -0.5319871292860819 0.10758796556915834 0.32540290302776553
6.85 0.4114336584743967 -0.33239129338400686 0.08310953085279174 0.32540290302776553
6.9 0.5124166532653008 -0.21274979842696165 0.031045066368349247 0.3456501947717154
6.95 0.1501549890262109 0.06290492462242711 -0.024908684321513774 0.40083837323810734
7.0 0.05514330519144817 0.01782885049422576 -0.10789148320988298 0.1870817440846371
7.05 0.0009680616115812788 -0.2146777569067971 0.2720285201647457 -0.2999507037065427
7.1 -0.039741646678892156 -0.2960157130707811 0.6559262025829459 -0.7718193746977466
7.15 0.038032362843911184 -0.2960157130707811 0.3951161218661789 -0.27001917048867696
7.2 0.19768479289751203 -0.3430477409830789 0.5489644418583726 0.27793147071740854
7.25 0.2456352615923925 -0.2940482177529004 0.30654433771897616 0.3445642903691163
7.3 0.030918334403926637 -0.3152792571557906 -0.30109912418366097 0.5540255981648562
7.35 -0.08522989472978405 -0.32540290302776553 -0.45748847287642624 0.3296125214123141
7.4 0.08988170252578011 -0.34709642989628325 -0.5376671943538107 0.16785773683767294
7.45 0.13660106089866628 -0.4078383051281328 -0.07772608561496375 -0.16049640916691366
7.5 0.11267002297030153 -0.2309900580149854 0.013386727232810678 -0.30516715281759976
7.55 -0.35413165027968463 0.49883741969846435 -0.026560459467087315 0.10123645871974929
7.6 -0.7028702705399735 0.6325144680956779 -0.007876550030560035 0.2469024915631598
7.65 -0.3724161942598085 0.06690744740049476 -0.0874290666633595 0.24493499624527904
7.7 -0.1996305009022421 -0.3851841136682432 -0.10234083707732093 0.2227202091834484
7.75 0.020421947616211925 -0.36197403741368783 -0.07019139235140003 0.2227202091834484
7.8 0.40021521902641793 -0.5724190928683681 -0.020462416546523438 0.2227202091834484
7.85 0.33209626664417086 -0.2706030505876036 0.018253659831380137 0.23284385505542335
7.9 0.4152846055535457 -0.030810342013983905 -0.024019430766515724 0.2632147926713481
7.95 0.14358835737422823 0.2792013876589202 -0.12135701849927653 0.3603437897502076
8.0 0.043241152209477066 0.10673907711337759 0.01893737336537254 0.0012699169415115404
8.05 0.04536151608646931 -0.17551571026602236 0.40296178774799535 -0.5639141531260893
8.1 0.04425713772889772 -0.33685908574686546 0.6918477863314326 -0.5643650990579326
8.15 0.18366227603854865 -0.30712310660169645 0.4569623754556 -0.22917579781259284
8.2 0.26076215680892745 -0.25453738192394104 0.4822033317625419 0.44100725060539064
8.25 0.1801052618185564 -0.26466102779591594 0.15680042873477643 0.34855035937670725
8.3 -0.010465502638971112 -0.29503196541184074 -0.42813352077992217 0.5452855675118357
8.35 -0.039057933144899755 -0.28490831953986584 -0.40139840544057276 0.26522182482727424
8.4 0.12380965436169715 -0.34709642989628325 -0.3622137403312504 -0.021254122470458516
8.45 0.2279289985490143 -0.46204273593558437 0.004152334915833653 -0.3248421059964073
8.5 -0.05554267064785166 0.144396115901899 0.008598602690823976 -0.10326657394324354
8.55 -0.4594725200074281 0.6491244800202214 -0.002199171933575401 0.16949952603493726
8.6 -0.6322102894571549 0.3825981136500836 -0.02278832044452146 0.28282712594454223
8.65 -0.31455720449552654 -0.08037729157261213 -0.10411934418731705 0.24395124858633868
8.7 -0.12041984103643898 -0.5038303194325637 -0.11903111460127852 0.24395124858633868
8.75 0.1174272633635444 -0.3659601064212787 -0.05917849292442704 0.23284385505542335
8.8 0.48175178279021924 -0.5202332357506267 0.049513851002302975 0.23284385505542335
8.85 0.40851243388055725 -0.20817984932044434 0.019142913386378198 0.24296750092739827
8.9 0.30980741907981174 0.1912749086987086 -0.08476130599836533 0.31383302203122276
8.95 0.07627985049039593 0.19566084526631353 -0.0986570908929061 0.3270216091574617
9.0 0.0018573151665792107 -0.06345802729792892 0.3256563669566107 -0.3812886598705267
9.05 0.07039693237240574 -0.2705635137495583 0.5005145002833297 -0.6103623009394609
9.1 0.08865059220378588 -0.35809012514975574 0.6277544369005965 -0.4372650319231626
9.15 0.2575374145743635 -0.2803383704333486 0.4587408825655963 0.09524335755623231
9.2 0.21793208464146194 -0.27478467366789094 0.15680042873477643 0.48537420482343835
9.25 0.09343871674577237 -0.27478467366789094 -0.15936808197601196 0.3723212326626204
9.3 0.01422805687996909 -0.28490831953986584 -0.5480538889361988 0.5184382114378744
9.35 0.09077095608077816 -0.29503196541184074 -0.3673437216402331 0.21535225221559814
9.4 0.22649234820601427 -0.37746736751220805 -0.18853879341868615 -0.22158707358694807
9.45 0.27375910336690235 -0.4662638958539171 0.015165234342806637 -0.2738124675427347
9.5 -0.3455713867151323 0.547201984457887 0.020500755672795083 0.02545219932122288
9.55 -0.49895111797590713 0.5703263577392604 -0.028123841774509904 0.23776259335012523
9.6 -0.5294008636484151 0.16490649386085185 -0.06984953558440384 0.2873970750510595
9.65 -0.2600401041486635 -0.2140658815036095 -0.15118055932719945 0.2540748944583136
9.7 -0.0007145976827360173 -0.560923373311223 -0.1282655069182554 0.24852119769285594
9.75 0.20553045877932838 -0.37451612453538685 -0.03147531597349645 0.24296750092739827
9.8 0.5269077588556829 -0.45289129618876556 0.04862459744730493 0.25309114679937317
9.85 0.3637771226386729 -0.08698226813931635 -0.0028828854675678056 0.2632147926713481
9.9 0.151933496136207 0.4134738576888443 -0.12046776494427848 0.38614477825961513
9.95 0.08284648214237868 0.07278193804987593 -0.10310335866789647 0.2309900580149854
10.0 0.009313200373559994 -0.13663983290781878 0.5146637491067158 -0.6981866231560133
10.05 0.08619795634136529 -0.34339653017126354 0.5376576095722428 -0.5313917076533714
10.1 0.14583545321564315 -0.3561226298318749 0.5945890066552552 -0.19313746515376762
10.15 0.2667718068913404 -0.28490831953986584 0.41612593520070423 0.2537491883376971
10.2 0.14973432420263164 -0.28490831953986584 -0.0007316374418319014 0.5419459985087846
10.25 0.062178525574849534 -0.29503196541184074 -0.24090464573981327 0.37729104932915175
10.3 0.012449549769972942 -0.3051556112838157 -0.5658389600361601 0.47788100804436107
10.35 0.11101824782472801 -0.32540290302776553 -0.31337401808137194 0.12603061650264827
10.4 0.3009148835298311 -0.4888274721039323 -0.01609495682811626 -0.485436824729052
10.45 0.1290184437272629 -0.2249151010562149 -0.03278523435207378 -0.09968037249566664
10.5 -0.6441603663469653 0.8444876144701797 0.03473839733433209 0.13160739633567406
10.55 -0.49971363956648257 0.44629123185875397 -0.06328290393242114 0.2792409244969653
10.6 -0.44472795048820063 -0.050006353956687156 -0.1151322436142901 0.2707359847546866
10.65 -0.22221328132575796 -0.30089491452743783 -0.19824177446708185 0.2540748944583136
10.7 0.12254765989095924 -0.5704631390842715 -0.12915476047325347 0.24296750092739827
10.75 0.2783896117957227 -0.37248600931189263 -0.03236456952849449 0.25309114679937317
10.8 0.6024346725370713 -0.35714591432886056 -0.01300653133954274 0.2632147926713481
10.85 0.2490655438479622 0.019172928875134908 -0.024908684321513774 0.2935857302872729
10.9 0.07716910404539405 0.567060950175607 -0.20468167415464186 0.4468866534914646
10.95 0.04235189865447895 0.03320848231530308 0.09281251190118742 0.03621080366395356
11.0 0.004866932598569576 -0.2078541431998279 0.6667335619889131 -0.8204190303679112
11.05 0.1088978839477357 -0.379321164552646 0.5163943323088722 -0.418001487838153
11.1 0.22148909886145418 -0.3025531574951792 0.5159257435774535 0.08610345934319771
11.15 0.20958694587948307 -0.27478467366789094 0.2621508832440882 0.24454667021904905
11.2 0.08153656376380128 -0.28490831953986584 -0.18618200537194446 0.5611469226881807
11.25 0.021683942086949803 -0.29503196541184074 -0.3080864206592229 0.38226086599568293
11.3 0.04104198027590157 -0.3051556112838157 -0.5445756827727896 0.3587646204585565
11.35 0.07585918566681672 -0.34709642989628325 -0.19688393218066497 -0.02779156689485653
11.4 0.26753432848191594 -0.4721663818075593 -0.006860564511139236 -0.42607856471615657
11.45 -0.1550006222576048 0.1914281438141967 -0.019993827815104653 0.05582313693714766
11.5 -0.6937626101874192 0.8530436325842877 0.018048119810374418 0.2201177553948119
11.55 -0.4484116966726156 0.24277194685470166 -0.0892075737733556 0.2818433782856018
11.6 -0.3744098261723782 -0.24281811298983835 -0.14283542056522067 0.3056768714771286
11.65 -0.22132402777075977 -0.3852351920400724 -0.23695785084498536 0.30012317471167094
11.7 0.22967662151026677 -0.5532181686889721 -0.11903111460127852 0.28346208441529797
11.75 0.4004207590474236 -0.3314075457250665 -0.01300653133954274 0.28346208441529797
11.8 0.5678230071671619 -0.20719610166150398 -0.05261186127244433 0.3037093761592478
11.85 0.13168620439225717 0.1847374642743105 -0.0874290666633595 0.3658974865156652
11.9 0.008082090051565682 0.4268859941920406 -0.16863335844173258 0.3740536370697594
11.95 0.01943684624553495 -0.06120436269747703 0.2693607594997515 -0.2705635137495583
12.0 0.020667956567529167 -0.3388265810647463 0.7491593793077126 -0.7969854047363983
12.05 0.16430423784959688 -0.3469827316188404 0.48089341338396485 -0.2745891195951944
12.1 0.2280557305134368 -0.2904620163053235 0.41167966742571394 0.28903886424832376
12.15 0.15985797007460653 -0.28490831953986584 0.1088499600398962 0.3030859592222762
12.2 0.04193123383089967 -0.28490831953986584 -0.33413782246458007 0.5651329916957715
12.25 -0.02626652660793062 -0.29503196541184074 -0.3347736120907329 0.349859813156264
12.3 0.07230217144682445 -0.3152792571557906 -0.47870382623195734 0.20933606798451293
12.35 0.12736666858168944 -0.387591013384183 -0.08696047793194077 -0.1817274485698041
12.4 0.13202806115925333 -0.23654375478044307 -0.005971310956141305 -0.2728287198837943
12.45 -0.3448972579627078 0.5079773179114988 -0.01732606715011043 0.10123645871974929
12.5 -0.7028702705399735 0.6370844172021952 -0.018000195902534946 0.2727034800725673
12.55 -0.3724161942598085 0.08258479003792726 -0.11691075072428621 0.255058642117254
12.6 -0.28774328109959396 -0.416538798943108 -0.21014392744905291 0.3011069223706114
12.65 -0.06802310456656814 -0.3665439865202051 -0.20836542033905675 0.27333843854332307
12.7 0.4067818506784007 -0.5400806599345626 -0.08298279888836915 0.27333843854332307
12.75 0.4464659886678853 -0.2817104441185187 -0.03414307663849064 0.28346208441529797
12.8 0.45488993548644735 -0.030810342013983905 -0.12436663593126697 0.31383302203122276
12.85 0.02744012824051757 0.35660435318714256 -0.18443438241069204 0.4165157158755399
12.9 0.003635822276575264 0.2716686540417976 -0.025671205912089195 0.13386106093612593
12.95 0.014990578470544533 -0.10106398771462098 0.36246720426009565 -0.5106934699775783
13.0 0.053491530045874564 -0.38030491221158635 0.6817241404594577 -0.6133646222881113
13.05 0.19200741480052744 -0.29242951162320424 0.42481293072967913 -0.035380291120501395
13.1 0.21793208464146194 -0.26466102779591594 0.2779519072130474 0.4294373696088479
13.15 0.12025264014170489 -0.27478467366789094 -0.0033993981068260763 0.3374429658457919
13.2 0.0005473967880018601 -0.27478467366789094 -0.4078862290359723 0.5655328592557856
13.25 -0.039057933144899755 -0.27478467366789094 -0.38026186014162483 0.2808991674647066
13.3 0.062178525574849534 -0.3369727840243083 -0.40270832381915006 -0.025824071576975628
13.35 0.13592693214624185 -0.45747278682906706 -0.007749818066137358 -0.27376138917090526
13.4 -0.12729744530667425 0.2188478384533004 -0.021772334925100847 -0.04252469871139398
13.45 -0.47883055819637993 0.6915865588260018 -0.02389269880209314 0.22110150305375226
13.5 -0.6405554282191336 0.4103665974773719 -0.02278832044452146 0.30405816534743246
13.55 -0.3136679509405285 -0.025189113106220035 -0.10323009063231903 0.3056768714771286
13.6 -0.20886489321921886 -0.5250613588354541 -0.2074761667840587 0.3259241632210785
13.65 0.04511550713515207 -0.32806797672201554 -0.13004401402825153 0.3037093761592478
13.7 0.5389366438020765 -0.5045558931131943 0.007240760404407128 0.3037093761592478
13.75 0.426981218514511 -0.19250250668301175 -0.0028828854675678056 0.31383302203122276
13.8 0.279436481463887 0.20596850367720096 -0.10500859774231515 0.38614477825961513
13.85 0.06793471172841731 0.2776337599010532 -0.14927532025278073 0.4439354105146436
13.9 0.0009680616115812788 0.02308483644332815 0.2961746828956841 -0.33067043051065204
13.95 0.07039693237240574 -0.25685366643000646 0.5189832849172834 -0.6159159977049184
14.0 0.11813227626471255 -0.37475121544612866 0.6277544369005965 -0.3977541960942031
14.05 0.23817937638541176 -0.2803383704333486 0.38130872980978914 0.10079705432169006
14.1 0.18845040058053517 -0.27478467366789094 0.09783706061292302 0.45303577188963273
14.15 0.09254946319077431 -0.28490831953986584 -0.16114658908600812 0.38799857530005305
14.2 0.03269684151392281 -0.28490831953986584 -0.48942279279977363 0.5386855031818243
14.25 0.09077095608077816 -0.3051556112838157 -0.35722007576825815 0.21535225221559814
14.3 0.16841823363915887 -0.387591013384183 -0.20700757805263992 -0.241834365330898
14.35 0.2332645198790027 -0.4773712893848323 -0.03456374146206993 -0.26924251843621744
14.4 -0.40864875062654776 0.5360945909269718 0.010377109800820124 0.019898502555765234
14.45 -0.5191984097198571 0.6299120143070412 -0.04837113351845972 0.23776259335012523
14.5 -0.5294008636484151 0.15021289888235942 -0.09933121964533057 0.2818433782856018
14.55 -0.28863253465459227 -0.20394223563163455 -0.18989663570510304 0.2651822879892289
14.6 -0.027528521078668405 -0.5730145145010788 -0.20658691322906061 0.2540748944583136
14.65 0.2147648510963054 -0.3790860736419042 -0.10145158352232289 0.25309114679937317
14.7 0.5647345816785885 -0.43819770121027357 -0.04337746895546749 0.2632147926713481
14.75 0.3637771226386729 -0.127476851627216 -0.09310644476034406 0.27333843854332307
14.8 0.10220452033133047 0.47976942968615127 -0.23060634399557636 0.38614477825961513
14.85 0.045019659319473215 0.2801735937840763 -0.1942161715156708 0.3554250514555058
14.9 -0.021057737242364784 -0.06675805946293469 0.49263795025276974 -0.6162137085212738
14.95 0.07373882178982442 -0.34634777314808457 0.5543478870962004 -0.5748375341180921
15.0 0.17353863016657373 -0.33685908574686546 0.5642180690393301 -0.08079361290310272
15.05 0.2474137687023886 -0.26466102779591594 0.3562733135238528 0.25276544067875684
15.1 0.14049993188565477 -0.27478467366789094 -0.02186818274077975 0.5373760494022674
15.15 0.05294413325787268 -0.27478467366789094 -0.21231221523388455 0.38741469520112665
15.2 -0.02537727305293257 -0.28490831953986584 -0.5464809218472083 0.44652632276949605
15.25 0.07141291789182637 -0.3051556112838157 -0.3318428027153256 0.1002296279932406
15.3 0.25029665416995645 -0.47870382623195734 -0.025329349145093005 -0.5071303515975697
15.35 0.03701637732449055 -0.1708831412538916 -0.052143272541025534 -0.07746558543383604
15.4 -0.597988404762081 0.8536275126832142 0.013044870465814347 0.1518546880796239
15.45 -0.49047924724950576 0.4195064956904062 -0.04481411929846747 0.26257983420059233
15.5 -0.4253699122992489 -0.02322161778833932 -0.08653981310836142 0.2707359847546866
15.55 -0.2582615970386673 -0.29175501631440326 -0.20658691322906061 0.28085963062666147
15.6 0.11653800980854656 -0.5926779261461022 -0.15685793742418405 0.2687684894368058
15.65 0.33468521925258177 -0.36137861578097735 -0.03414307663849064 0.25309114679937317
15.7 0.5992099303025072 -0.34702226845688566 -0.03414307663849064 0.27333843854332307
15.75 0.24995479740296017 0.023742877981652304 -0.09488495187034018 0.3037093761592478
15.8 0.07716910404539405 0.5964481401325915 -0.2442870040875435 0.46713394523541457
15.85 0.02210460691052903 0.07925676256866046 0.06244157428526264 0.0646142459619976
15.9 -0.015380359145380244 -0.1866231037969377 0.6566099161169383 -0.8112791321548767
15.95 0.1088978839477357 -0.369197518680671 0.5071599399918955 -0.3977541960942031
16.0 0.23305897985799692 -0.2868758148577466 0.5361730353214034 0.10178080198063043
16.05 0.2491922758123848 -0.26466102779591594 0.29252182086001277 0.24911661932556636
16.1 0.11012899426972998 -0.27478467366789094 -0.18618200537194446 0.555593225922723
16.15 0.021683942086949803 -0.27478467366789094 -0.3089756742142211 0.3923845118676579
16.2 0.06128927201985142 -0.29503196541184074 -0.5344520369008148 0.31584005418714894
16.25 0.10445161617274537 -0.3369727840243083 -0.2061183244976418 -0.04803885863880644
16.3 0.31726330428679245 -0.5136447129543994 0.004152334915833653 -0.4933578843724043
16.35 -0.13119631629366268 0.12270258903338128 -0.019993827815104653 0.019898502555765234
16.4 -0.7131206483763711 0.8540273802432282 0.018048119810374418 0.23677884569118482
16.45 -0.429053658483664 0.2640029862575922 -0.10856561196230745 0.29295077181651713
16.5 -0.3633969267454052 -0.2438018606487787 -0.14283542056522067 0.26975223709574614
16.55 -0.16002517096934069 -0.37511154616809744 -0.22683420497301046 0.2641985403302885
16.6 0.2692819514431683 -0.5532181686889721 -0.13004401402825153 0.2632147926713481
16.65 0.37093907498649703 -0.34251493925598175 -0.04337746895546749 0.2632147926713481
16.7 0.5484649689782101 -0.2228734442989367 -0.10323009063231903 0.28346208441529797
16.75 0.13168620439225717 0.1801675151677935 -0.13893654957823223 0.3456501947717154
16.8 -0.002930809375407208 0.517998807039815 -0.2597461712895069 0.4089945237922014
16.85 -0.0008104454984149641 0.011107393530915307 0.19760598484092895 -0.22549898115514125
16.9 0.009098075570986434 -0.3084556434488215 0.7187884416917878 -0.7757543653335082
16.95 0.18366227603854865 -0.3414290348533828 0.4707697675119898 -0.2644654737232193
17.0 0.2902438408698542 -0.24996743281742378 0.543287063761388 0.2991625101202987
17.05 0.23072349117843102 -0.24441373605196615 0.21242190743921144 0.31777955420076837
17.1 0.062178525574849534 -0.26466102779591594 -0.33413782246458007 0.5706866884612292
17.15 0.0023259038979980317 -0.28490831953986584 -0.37437894202363453 0.3407199149432295
17.2 0.10178385550775115 -0.29503196541184074 -0.47870382623195734 0.1936587253470805
17.25 0.17108599430415308 -0.3673437216402331 -0.08607122437694256 -0.18629739767632122
17.3 0.22314087400702776 -0.26379097841441845 0.016054487897804663 -0.31430705103063444
17.35 -0.29105428636826924 0.4674827344235992 -0.0072024212781354735 0.09111281284777435
17.4 -0.6826229787960237 0.6491755583920509 -0.006987296475561962 0.2727034800725673
17.45 -0.3622925483878334 0.06690744740049476 -0.13537953535823993 0.25962859122377124
17.5 -0.27939814233761534 -0.4018452039646159 -0.20002028157707794 0.26975223709574614
17.55 -0.04866506637761644 -0.3720976832856628 -0.19735252091208375 0.25309114679937317
17.6 0.3993259654714198 -0.5456343567000203 -0.09043868409534989 0.2632147926713481
17.65 0.4279972040339316 -0.2660331014810862 -0.04248821540046942 0.2632147926713481
17.7 0.45488993548644735 -0.046487684651416714 -0.12347738237626885 0.2935857302872729
17.75 -0.0011523022654110597 0.4000501796518635 -0.18354512885569396 0.39626842413159
17.8 -0.005598570040401477 0.30140463318696653 -0.061719521624998656 0.11656501216899721
17.85 0.014990578470544533 -0.1278487238829689 0.40029402708300105 -0.541064407593503
17.9 0.06361517591784947 -0.4025196992734169 0.7371304943613188 -0.6411331061153996
17.95 0.2491922758123848 -0.2979832083886619 0.49123218405851343 -0.04452018933353562
18.0 0.27689545276331534 -0.26466102779591594 0.3250131223529299 0.4147437746303557
18.05 0.13215479312367592 -0.26466102779591594 -0.03288108216775264 0.34756661171776687
18.1 0.03358609506892086 -0.27478467366789094 -0.43558940598690293 0.5554092133838107
18.15 0.062178525574849534 -0.27478467366789094 -0.37937260658662675 0.3011464592086565
18.2 0.16341498429459878 -0.32540290302776553 -0.3538686015692716 -0.021254122470458516
18.25 0.2565214290549428 -0.45747278682906706 -0.016984210383114193 -0.34051944863383987
18.3 -0.07167596660223947 0.08579420699305848 -0.011648689053125891 -0.1382074606656856
18.35 -0.4594725200074281 0.6445545309137042 -0.013769052930118183 0.16035962782190272
18.4 -0.6220866435851798 0.3992592039464563 -0.06328290393242114 0.2939345194754575
18.45 -0.3330259891294804 -0.08037729157261213 -0.16308271230917049 0.255058642117254
18.5 -0.1767154484932982 -0.5093840161980215 -0.22683420497301046 0.2707359847546866
18.55 0.10730361749156944 -0.3437453193594481 -0.14940205221720335 0.24296750092739827
18.6 0.5371581366920803 -0.5045558931131943 -0.04337746895546749 0.24296750092739827
18.65 0.39605329932901645 -0.18237886081103688 -0.06273550714441929 0.25309114679937317
18.7 0.2600784432749351 0.20139855457068348 -0.1657504729741647 0.32540290302776553
18.75 0.05781106585644235 0.39651505657611585 -0.22759672656358584 0.424671866429634
18.8 -0.010044837815391847 0.09493410520609302 0.19760598484092895 -0.26796105996092173
18.85 0.030791602439504125 -0.2375901223449969 0.5172047778072874 -0.6224534421293165
18.9 0.11813227626471255 -0.385858608977044 0.6554576138515271 -0.40886158962511837
18.95 0.2792309414428812 -0.26009107868939874 0.4402720979316425 0.12104434606563998
19.0 0.21793208464146194 -0.26466102779591594 0.13744239054582483 0.46315941776160774
19.05 0.09254946319077431 -0.26466102779591594 -0.1417885508970565 0.36676753589716277
19.1 0.022573195641947874 -0.27478467366789094 -0.5111163196682914 0.5285618573098492
19.15 0.08153656376380128 -0.28490831953986584 -0.35810932932325623 0.21535225221559814
19.2 0.19701066414508758 -0.3673437216402331 -0.19688393218066497 -0.2575117079683306
19.25 0.25351181162295255 -0.48946243057468797 0.005041588470831774 -0.3162745463485151
19.3 -0.3944111089650108 0.489062563014674 0.011266363355818293 0.015328553449247946
19.35 -0.5090747638478821 0.5925411448010911 -0.038247487646484814 0.24886998688104056
19.4 -0.53952450952039 0.15576659564781706 -0.0892075737733556 0.29295077181651713
19.45 -0.3172249651605209 -0.2140658815036095 -0.18989663570510304 0.2651822879892289
19.5 -0.0358736598406474 -0.5674608177356211 -0.19557401380208764 0.2540748944583136
19.55 0.25170242036421286 -0.34773138836703904 -0.08209354533337107 0.24852119769285594
19.6 0.6016721509464958 -0.44276765031679066 -0.024019430766515724 0.25309114679937317
19.65 0.3444190844497211 -0.09155221724583365 -0.07374840657139232 0.2632147926713481
19.7 0.1030937738863285 0.4898930755581262 -0.23984073631255323 0.38614477825961513
19.75 0.06348844395342688 0.2422814640848132 -0.174858133326719 0.3387639611591328
19.8 -0.031181383114339743 -0.06120436269747703 0.4825143043807948 -0.6217674052867314
19.85 0.07373882178982442 -0.3352403796171693 0.5349898489072485 -0.5581764438217193
19.9 0.1937859219105236 -0.3571063774908153 0.6038233989722319 -0.13239558992191805
19.95 0.2676610604463385 -0.25453738192394104 0.40778079643872533 0.23708809804132425
20.0 0.14973432420263164 -0.26466102779591594 -0.02097892918578172 0.5262686558713522
