0.0 0.0 0.0 0.0 0.0
0.05 0.0 0.12729416817480843 0.054746993457955445 -0.042509016277669204
0.1 -0.05790302697486377 0.08661699051260346 0.12164986338118075 0.0
0.15 0.0 0.0 0.005805739846450719 0.0
0.2 0.0 0.0 0.0037404306931317632 0.0
0.25 0.0 0.0 0.0 0.0
0.3 0.0 -0.0007812708503207588 0.0 0.0
0.35 0.0 0.0 0.0037404306931317632 0.0
0.4 0.0 -0.022762606527356843 0.0037404306931317632 0.0
0.45 0.0 -0.022762606527356843 0.040289829384722864 0.0
0.5 0.0 -0.044743942204392956 0.04235513853804174 0.0
0.55 0.0 -0.021030484441437597 0.0037404306931317632 0.0
0.6 0.0 -0.08697449147254593 0.0037404306931317632 0.0
0.65 0.0 -0.11743768709920688 0.11545393592122397 0.0
0.7 0.0 -0.14616876063994855 0.040289829384722864 0.0
0.75 0.0 -0.13093716282661816 0.040289829384722864 0.0
0.8 0.0 -0.15605868931465938 0.07683922807631399 0.0
0.85 0.0 -0.10047396719995713 0.15200333461281496 0.0026586958171019026
0.9 0.0 -0.11036389587466791 0.22716744114931614 0.031389769357843655
0.95 -0.047576481208269045 -0.11036389587466791 0.3043968568391362 0.08383430066154074
1.0 -0.047576481208269045 -0.13234523155170402 0.3409462555307273 0.13768690069032374
1.05 -0.049641790361588084 -0.11036389587466791 0.3388809463774083 0.12245530287699324
1.1 -0.12480589689808907 -0.11036389587466791 0.41197974376059043 0.16641797423106547
1.15 -0.1613552955896802 -0.09513229806133744 0.48714385029709173 0.21713038344884328
1.2 -0.1613552955896802 -0.11711363373837361 0.5602426476802738 0.22388012131254903
1.25 -0.23445409297286235 -0.07990070024800702 0.5602426476802738 0.24586145698958506
1.3 -0.2730688008177724 -0.07990070024800702 0.6333414450634558 0.25261119485329075
1.35 -0.3096181995093634 -0.07990070024800702 0.6312761359101369 0.2745925305303269
1.4 -0.30755289035604444 -0.10863177378874875 0.7043749332933193 0.296573866207363
1.45 -0.30755289035604444 -0.10863177378874875 0.6292108267568179 0.2813422683940324
1.5 -0.3054875812027257 -0.09340017597541825 0.5926614280652269 0.3253049397481046
1.55 -0.26893818251113444 -0.10014991383912389 0.5905961189119081 0.3100733419347742
1.6 -0.3054875812027257 -0.11538151165245436 0.6292108267568179 0.3100733419347742
1.65 -0.3054875812027257 -0.13061310946578486 0.6292108267568179 0.3472862754251407
1.7 -0.26893818251113444 -0.11538151165245436 0.6292108267568179 0.3100733419347742
1.75 -0.27100349166445337 -0.09166805388949906 0.6312761359101369 0.27112828635848835
1.8 -0.23445409297286235 -0.05445512039913247 0.5947267372185457 0.277878024222194
1.85 -0.19790469428127128 -0.07643645607616859 0.5581773385269548 0.2931096220355244
1.9 -0.19997000343459026 -0.0984177917532047 0.5216279398353637 0.3083412198488549
1.95 -0.19997000343459026 -0.09166805388949906 0.5236932489886827 0.28635988417181885
2.0 -0.16342060474299913 -0.11364938956653514 0.5236932489886827 0.330322555525891
2.05 -0.16342060474299913 -0.06120485826283811 0.48714385029709173 0.25589668854515785
2.1 -0.16342060474299913 -0.0679545961265437 0.5623079568335928 0.2406650907318274
2.15 -0.16548591389631817 -0.0679545961265437 0.48714385029709173 0.26264642640886343
2.2 -0.12893651520472704 -0.0679545961265437 0.5257585581420018 0.2846277620858995
2.25 -0.12893651520472704 -0.0679545961265437 0.48920915945041066 0.26264642640886343
2.3 -0.09238711651313591 -0.0679545961265437 0.45265976075881953 0.2693961642725692
2.35 -0.13100182435804592 -0.05947273617691884 0.4912744686037295 0.25416456645923863
2.4 -0.13100182435804592 -0.04424113836358834 0.45472506991213824 0.23893296864590818
2.45 -0.09445242566645481 -0.04424113836358834 0.45472506991213824 0.20172003515554154
2.5 -0.13306713351136484 -0.007028204873221783 0.4933397777570483 0.20172003515554154
2.55 -0.13306713351136484 -0.029009540550257895 0.4933397777570483 0.20172003515554154
2.6 -0.13306713351136484 -0.007028204873221783 0.4933397777570483 0.20172003515554154
2.65 -0.13306713351136484 -0.029009540550257895 0.4933397777570483 0.22370137083257774
2.7 -0.13306713351136484 -0.029009540550257895 0.4933397777570483 0.20172003515554154
2.75 -0.13306713351136484 -0.007028204873221783 0.4933397777570483 0.20172003515554154
2.8 -0.13306713351136484 -0.007028204873221783 0.4933397777570483 0.20172003515554154
2.85 -0.13306713351136484 -0.007028204873221783 0.4933397777570483 0.20172003515554154
2.9 -0.13306713351136484 -0.029009540550257895 0.4933397777570483 0.20172003515554154
2.95 -0.13306713351136484 -0.029009540550257895 0.4933397777570483 0.20172003515554154
3.0 -0.13306713351136484 -0.029009540550257895 0.4933397777570483 0.20172003515554154
3.05 -0.13306713351136484 -0.029009540550257895 0.4933397777570483 0.20172003515554154
3.1 -0.13306713351136484 -0.029009540550257895 0.4933397777570483 0.20172003515554154
3.15 -0.13306713351136484 -0.029009540550257895 0.4933397777570483 0.20172003515554154
3.2 -0.13306713351136484 -0.007028204873221783 0.4933397777570483 0.20172003515554154
3.25 -0.13306713351136484 -0.029009540550257895 0.4933397777570483 0.20172003515554154
3.3 -0.13306713351136484 -0.029009540550257895 0.4933397777570483 0.20172003515554154
3.35 -0.13306713351136484 -0.007028204873221783 0.4933397777570483 0.20172003515554154
3.4 -0.13306713351136484 -0.007028204873221783 0.4933397777570483 0.20172003515554154
3.45 -0.13306713351136484 -0.007028204873221783 0.4933397777570483 0.20172003515554154
3.5 -0.13306713351136484 -0.007028204873221783 0.4933397777570483 0.20172003515554154
3.55 -0.13306713351136484 -0.007028204873221783 0.4933397777570483 0.20172003515554154
3.6 -0.13306713351136484 -0.029009540550257895 0.4933397777570483 0.20172003515554154
3.65 -0.13306713351136484 -0.029009540550257895 0.4933397777570483 0.20172003515554154
3.7 -0.0965177348197738 -0.007028204873221783 0.4933397777570483 0.20172003515554154
3.75 -0.13306713351136484 -0.029009540550257895 0.4933397777570483 0.20172003515554154
3.8 -0.13306713351136484 -0.007028204873221783 0.4933397777570483 0.20172003515554154
3.85 -0.13306713351136484 -0.007028204873221783 0.4933397777570483 0.20172003515554154
3.9 -0.13306713351136484 -0.029009540550257895 0.4933397777570483 0.20172003515554154
3.95 -0.13306713351136484 -0.007028204873221783 0.4933397777570483 0.22370137083257774
4.0 -0.13306713351136484 -0.029009540550257895 0.4933397777570483 0.20172003515554154
4.05 -0.13306713351136484 -0.029009540550257895 0.4933397777570483 0.20172003515554154
4.1 -0.13306713351136484 -0.007028204873221783 0.4933397777570483 0.22370137083257774
4.15 -0.13306713351136484 -0.007028204873221783 0.4933397777570483 0.20172003515554154
4.2 -0.13306713351136484 -0.007028204873221783 0.4933397777570483 0.20172003515554154
4.25 -0.13306713351136484 -0.029009540550257895 0.4933397777570483 0.20172003515554154
4.3 -0.13306713351136484 -0.029009540550257895 0.4933397777570483 0.20172003515554154
4.35 -0.13306713351136484 -0.007028204873221783 0.4933397777570483 0.20172003515554154
4.4 -0.13306713351136484 -0.029009540550257895 0.4933397777570483 0.20172003515554154
4.45 -0.13306713351136484 -0.007028204873221783 0.4933397777570483 0.20172003515554154
4.5 -0.13306713351136484 -0.007028204873221783 0.4933397777570483 0.22370137083257774
4.55 -0.13306713351136484 -0.029009540550257895 0.4933397777570483 0.20172003515554154
4.6 -0.13306713351136484 -0.007028204873221783 0.4933397777570483 0.20172003515554154
4.65 -0.13306713351136484 -0.029009540550257895 0.4933397777570483 0.22370137083257774
4.7 -0.0965177348197738 -0.007028204873221783 0.4933397777570483 0.20172003515554154
4.75 -0.13306713351136484 -0.029009540550257895 0.4933397777570483 0.20172003515554154
4.8 -0.13306713351136484 -0.029009540550257895 0.4933397777570483 0.20172003515554154
4.85 -0.13306713351136484 -0.007028204873221783 0.4933397777570483 0.20172003515554154
4.9 -0.13306713351136484 -0.029009540550257895 0.4933397777570483 0.22370137083257774
4.95 -0.0965177348197738 -0.029009540550257895 0.4933397777570483 0.20172003515554154
5.0 -0.13306713351136484 -0.007028204873221783 0.4933397777570483 0.20172003515554154
5.05 -0.13306713351136484 -0.007028204873221783 0.5664385751402305 0.11379469244739715
5.1 0.0 -0.2877679528969047 1.7978170000980032 -0.9010104259271922
5.15 0.0 -0.6886283613413122 1.1397662158766537 -0.42122085104949425
5.2 -0.023418937436591625 -0.6631827814924377 0.43024431059504076 0.21780042528519378
5.25 -0.023418937436591625 -0.5785429324761605 -0.21159434953633427 0.5909803279540035
5.3 0.0 -0.5565615967991244 -1.0285375339666913 1.1038485503138786
5.35 0.0 -0.5785429324761605 -0.7745954445061629 0.5781854315162182
5.4 0.0 -0.6036644589642018 -1.4175174303872802 0.5314515827955083
5.45 -0.0023012876079626376 -0.6696084659953102 -0.5266876747328808 -0.11796242605469509
5.5 0.16170371431125985 -0.5867007390649521 -0.10095130364914123 -0.4691609930464691
5.55 -0.01422858423243653 0.0 0.08479751416686054 0.17403952937994344
5.6 -1.9818163256922583 1.6520188335982295 0.287571433089855 0.3521251407229559
5.65 -1.3324913363796242 0.42259547217547155 -0.0062702981418904236 0.42153339192590267
5.7 -1.0440651573808224 -0.5003057429939054 -0.47171210143412956 0.42153339192590267
5.75 -0.11622144473939272 -0.8952882308597793 -0.8923432694215018 0.42153339192590267
5.8 0.8046459652150675 -1.3352839578448692 -0.8171791628850006 0.42153339192590267
5.85 1.0809832398166845 -0.5659152740339214 -0.6647856406586795 0.42153339192590267
5.9 1.822136151642391 -0.377079429215451 -0.6606550223520417 0.44351472760293875
5.95 0.5869300589007098 0.343296202443648 -0.6920992179472655 0.5094587346340471
6.0 -0.041077603225582376 1.8626457511293393 -1.2258830342478988 0.8862816319546661
6.05 -0.17901396137867115 0.4573717042902927 -0.2384231035067899 0.2235226203526064
6.1 -0.16455679730543893 -0.2625011235280015 1.8710774052538959 -1.555287577579627
6.15 0.00931019208493894 -0.683610745563526 1.512082296320671 -0.35805953386944883
6.2 0.543720174453722 -0.5904890365976239 1.4856978356229642 0.5663950529058756
6.25 0.5457854836070413 -0.4246735827369078 0.7072077512648077 0.9525716274612922
6.3 -0.2015707542924694 -0.4466549184139439 -0.8078019987319761 1.2558070274872404
6.35 -0.1912442085258747 -0.49061758976801617 -1.266886266791548 0.521773852199878
6.4 -0.18917889937255594 -0.5125989254450521 -2.34427041866512 0.19964192459410535
6.45 -0.04917723206614838 -0.6036644589642018 -0.7259571414173877 -0.4224156318413337
6.5 0.2641813981363468 -0.231680426941398 0.07860158670690326 -0.2657751047354435
6.55 -0.0801568693659323 0.6264726518428759 0.6675225840789981 0.43297669220656143
6.6 -1.9926074297542917 1.5616798144833899 0.7169283959859428 0.5785429324761605
6.65 -1.3787411147696598 0.01134233121554823 0.16393063123728902 0.5534214059881193
6.7 -0.9951239037693186 -1.0784249055796877 -0.11860996943813229 0.5785429324761605
6.75 -0.00037732120466288377 -0.977514403469362 0.0 0.5785429324761605
6.8 1.6859621521198909 -1.1095926804959748 0.33428576977533075 0.5785429324761605
6.85 1.6106364378106806 -0.3589198386701957 0.21953237060419017 0.5785429324761605
6.9 1.7536325308612866 0.0 0.03156403447600742 0.6225056038302328
6.95 0.19252174383833387 0.47500546602589344 0.0 0.7391620200791189
7.0 0.0 0.14233550302374254 -0.11907452773357216 0.21157651623114315
7.05 -0.10591516399548875 -0.30957053809396967 1.0334811292903492 -0.5550082251931765
7.1 -0.20013161120730039 -0.5210807853946771 2.2611934942369234 -1.3955403072618404
7.15 0.0 -0.5210807853946771 1.0135955465753286 -0.007732784162847561
7.2 0.554046720220317 -0.6327195858657768 1.5057247610880045 0.948235566004281
7.25 0.7429896411382292 -0.5041170654954275 0.5672060839583998 0.8930198573339466
7.3 0.0 -0.5565615967991244 -1.3863964503374762 1.1130234770687037
7.35 -0.27466955167565166 -0.5785429324761605 -1.7610807904575423 0.3116382260251475
7.4 0.1437420979995393 -0.6256457946412379 -1.82369143430142 0.0
7.45 0.27548252869267104 -0.7575338087034544 0.0 -0.6773857466553085
7.5 0.09939602099011194 -0.3196057696495424 0.1841191644750394 -0.7725751435523885
7.55 -1.34044962247017 0.9963670608198177 0.0 0.0918133567703611
7.6 -2.409572537730466 1.0200920310671981 0.0018367293125228779 0.4334794960473659
7.65 -0.8947115290975506 -0.22804785491984714 -0.09795687790494301 0.4165157761481162
7.7 -0.1548361525843025 -1.1779388514493534 -0.18344753020803867 0.3555893848947943
7.75 0.39944654609065744 -0.8705357178161058 -0.07792995243990336 0.3555893848947943
7.8 1.6967532561819256 -1.099021197500488 0.0 0.3555893848947943
7.85 1.2028616830386616 -0.12005313895472369 0.0012105632443732417 0.3775707205718305
7.9 1.3185441988006814 0.28738742696811215 0.0 0.44351472760293875
7.95 0.14771110853346708 0.8938801621346938 -0.1993438373664404 0.6512366773709745
8.0 0.0 0.24654301131036083 0.11974616200057212 0.0
8.05 0.0 -0.2657866172198686 1.458707473879799 -1.058344019838283
8.1 0.0 -0.6446656899872402 2.3064686878372296 -0.815007468269363
8.15 0.4664907587639022 -0.5515439810213381 1.1788454820170027 0.0
8.2 0.7764991458867716 -0.4246735827369078 1.1802846251021712 1.2674175657634454
8.25 0.47475199537717805 -0.4466549184139439 0.005482524301029579 0.7874492404057768
8.3 0.0 -0.5125989254450521 -1.760616232162103 0.9956855064990421
8.35 -0.08159601245110154 -0.49061758976801617 -1.4108569446318837 0.08298550834521923
8.4 0.2451290574610368 -0.6256457946412379 -1.0900119852481294 -0.4004342961642977
8.45 0.5524459693624378 -0.8657083650027159 0.14550445663012873 -0.9422123425448855
8.5 -0.2835569543570772 0.26802154314659243 0.13517791086353403 -0.20727390237324184
8.55 -1.636349264241387 1.205284881233859 0.048712673770708786 0.25589668854515785
8.6 -2.0331258389798115 0.3346701294673272 0.0 0.5146551008918048
8.65 -0.6172380619334935 -0.5510181522116837 -0.1793169119014008 0.4080339161984915
8.7 0.0 -1.3752680687018732 -0.26480756420449664 0.4080339161984915
8.75 0.7232859312186095 -0.7649651008879358 -0.04344586290163127 0.3775707205718305
8.8 1.9278153371832358 -0.8683123043738072 0.10879345016582748 0.3775707205718305
8.85 1.3943344714053318 0.0 0.0 0.3995520562488666
8.9 0.8427758497418473 0.7981545137976999 -0.1041528053648999 0.5534214059881193
8.95 0.0 0.5887454020272795 -0.08045981988866205 0.5598470904909917
9.0 -0.10798047314880818 0.0 1.2692999946664467 -0.7665184724938839
9.05 0.0 -0.49754607811169305 1.7212137504763327 -1.0576624655175073
9.1 0.08653960777475897 -0.6971102212909372 1.9748326243914414 -0.43750301662796875
9.15 0.7754084215231822 -0.4838678519043106 1.1747148637103657 0.5579131929562506
9.2 0.6271455176034993 -0.4686362540909801 0.005482524301029579 1.2907735225664578
9.25 0.13548086138626353 -0.4686362540909801 -0.8747048686552011 0.7311829639702985
9.3 0.0 -0.49061758976801617 -2.1513584872132805 0.8295125516783837
9.35 0.14167678884622031 -0.5125989254450521 -1.1982210382377336 0.0
9.4 0.6158443870471749 -0.6915898016723463 -0.3522019178882012 -0.8449333226019443
9.45 0.6862517092088883 -0.836798540982003 0.17998854616840088 -0.6981492765716556
9.5 -1.3517507530264945 1.152147283124961 0.16759669124848736 0.0
9.55 -1.6733632212284175 0.8850638261939764 0.0 0.41998002031995474
9.6 -1.5511615624610209 0.0 -0.018662153061803938 0.5214048387555104
9.65 -0.3834845057107148 -0.8127380048893639 -0.37032514197263194 0.4300152518755276
9.7 0.3284130578607941 -1.4103913791463785 -0.3034222720494067 0.4147836540621971
9.75 0.9991586475247868 -0.6661442218234717 0.0 0.3995520562488666
9.8 2.0117052386284526 -0.614214006845004 0.11085875931914652 0.42153339192590267
9.85 1.1378625144960446 0.16224915076960078 0.0 0.44351472760293875
9.9 0.1883911255316959 1.2679203696042505 -0.20140914651975939 0.7104309465383772
9.95 0.0 0.1823311263651718 -0.07013327412206746 0.3196057696495424
10.0 -0.0652351469972601 -0.1591654325265553 1.9200186588654002 -1.432384227307839
10.05 0.040754387680162735 -0.6683791477501955 1.7550716739464551 -0.7592774432737989
10.1 0.31409723653758104 -0.6801465013916874 1.7601314088439732 0.0
10.15 0.8140231293680924 -0.49061758976801617 0.9733800878725397 0.8703454548517092
10.2 0.36510379930240483 -0.49061758976801617 -0.33363440053102167 1.3120733039227184
10.25 0.027897974464809294 -0.5125989254450521 -1.1057669496565117 0.6340942069917538
10.3 0.0 -0.5345802611220883 -2.110052304146902 0.6430903832666081
10.35 0.2147755862294024 -0.5785429324761605 -0.9031343734835365 -0.07746399887246136
10.4 0.8634289412750369 -0.9333844941197434 0.07240565924694636 -1.3892703482700894
10.45 0.12148825560847037 -0.2905506427479675 0.0 -0.209006024459161
10.5 -2.408643421139587 1.7468726646500508 0.2031715051503491 0.15775736380146937
10.55 -1.560048965142446 0.49200372337841747 0.0 0.5163872229777239
10.6 -1.1557786626089146 -0.485074145180575 -0.21380100143967307 0.47571004531551897
10.65 -0.23109098348439333 -0.9409830242997709 -0.5613333720438632 0.4300152518755276
10.7 0.7628752238532491 -1.3200523600315388 -0.3013569628960878 0.3995520562488666
10.75 1.1988926725047335 -0.5506836762205909 0.0 0.42153339192590267
10.8 2.2052433361484423 -0.3111354221843427 0.0 0.44351472760293875
10.85 0.6234794575923011 0.4244718072880862 0.0 0.5094587346340471
10.9 0.0 1.5379433317515838 -0.49489506041607734 0.8423189606005937
10.95 0.0 0.004390817903021177 0.4286638247598522 0.0
11.0 -0.05490860123066571 -0.3486943441502266 2.4162784916847126 -1.627981322474441
11.05 0.15963840515794092 -0.7495547525946343 1.572789238783939 -0.40202220522352106
11.1 0.6188842809902233 -0.5447942431576326 1.402272492473187 0.5444137172288392
11.15 0.5864655006052699 -0.4686362540909801 0.3700019264272127 0.7583491534206669
11.2 0.10306208100131026 -0.49061758976801617 -0.9926143013432499 1.249057289623535
11.25 0.0 -0.5125989254450521 -1.2586250301782722 0.5370054500132085
11.3 0.0 -0.5345802611220883 -1.9277698689843858 0.2924395801991734
11.35 0.0561861365431246 -0.6256457946412379 -0.3928819348864302 -0.424147753927253
11.4 0.7007088732821212 -0.8876897006797521 0.11102036709185703 -1.1620256993152465
11.45 -0.6531815595796259 0.3796603436176921 0.02139909648212296 0.0
11.5 -2.482206776818209 1.648051785585586 0.12181147115389085 0.36580336693033844
11.55 -1.2587663729282919 0.0 -0.09382625959830498 0.5061732409421797
11.6 -0.8385997632363594 -0.8973778539056415 -0.3296451249744031 0.5484037902103328
11.65 -0.23315629263771187 -1.0384407947226837 -0.7116615851168653 0.5331721923970024
11.7 1.1232640076727929 -1.1620372117996718 -0.26480756420449664 0.4874773989570109
11.75 1.5761523482724078 -0.3504379787205708 0.0 0.4874773989570109
11.8 1.9853207779307458 0.0 0.0 0.5314400703110831
11.85 0.11529232814851384 0.7744410560347444 -0.09795687790494301 0.666468275184305
11.9 -0.12243763722204076 1.1130119645842784 -0.33837091988311874 0.6714858909620914
11.95 -0.028685748305668918 0.0 1.039677056750306 -0.49754607811169305
12.0 0.0 -0.6616294098864899 2.645275263532705 -1.481912278364037
12.05 0.39132665222740115 -0.6666470256642762 1.354931989719562 -0.01448252202655359
12.1 0.6636949162950901 -0.5058491875813467 0.9837066336391344 0.9786987616309416
12.15 0.4016531979939959 -0.49061758976801617 0.0 0.7966126546761773
12.2 0.0 -0.49061758976801617 -1.489848718952293 1.1434866726953645
12.25 -0.05124254121946725 -0.5125989254450521 -1.2652855159336691 0.3556008973792197
12.3 0.06444737315640037 -0.5565615967991244 -1.6002644238452355 0.0
12.35 0.23686782084776115 -0.7135711373493825 0.0 -0.7298302779590061
12.4 0.1745601275266132 -0.3348373674628729 0.10895505793853752 -0.6896674166220308
12.45 -1.30183491462526 1.009866536547229 0.015203169022166285 0.0918133567703611
12.5 -2.409572537730466 1.026841768930904 0.0 0.4926737652147686
12.55 -0.8947115290975506 -0.19083492142948077 -0.2096703831330351 0.4384971118251524
12.6 -0.4993286292454441 -1.2523647184300857 -0.5937521524288165 0.5416540523466273
12.65 0.06430603040638119 -0.8772854556798114 -0.5978827707354543 0.46549606327997495
12.7 1.741563891486793 -1.0161134705701298 -0.10828342367153765 0.46549606327997495
12.75 1.6579769405643052 -0.1505163345813842 0.0 0.4874773989570109
12.8 1.4668071027203644 0.28738742696811215 -0.2524157092845832 0.5534214059881193
12.85 -0.04727353068553927 1.0714629696369014 -0.4217962630328954 0.7763749535694856
12.9 -0.11211109145544643 0.6236899619918131 0.0 0.11188381988150667
12.95 -0.018359202539074526 -0.11364938956653514 1.3125098791134349 -0.9586513234886468
13.0 0.0 -0.7580366125442591 2.2699192891456383 -0.9436099886397128
13.05 0.5071707757621311 -0.5228129074805963 1.0733279042488673 0.280637689104406
13.1 0.6271455176034993 -0.4466549184139439 0.4534272695769883 1.2422960392754039
13.15 0.2533902940743125 -0.4686362540909801 -0.3274384730710648 0.7569860447791158
13.2 0.0 -0.4686362540909801 -1.6875174347789206 1.0396481778531141
13.25 -0.08159601245110154 -0.4686362540909801 -1.3398234564020202 0.12019844183558531
13.3 0.027897974464809294 -0.6036644589642018 -1.2362095800144934 -0.40718403402800296
13.35 0.22556669029143706 -0.8589586271390102 0.11308567624517576 -0.8376473332983246
13.4 -0.537337436044896 0.42015877079992603 0.02552971478876062 -0.07538588831102516
13.45 -1.711513370777888 1.310173943841253 0.0 0.37428522687996324
13.5 -2.07380585597804 0.4108281185339798 0.0 0.5670996321955017
13.55 -0.6193033710868127 -0.43436173596279715 -0.1813822210547199 0.5484037902103328
13.6 -0.193450860429212 -1.4277126000055707 -0.5999480798887733 0.5923664615644052
13.65 0.4622187977072446 -0.6668257761442475 -0.2992916537427688 0.5314400703110831
13.7 2.155372965946058 -0.8310993708834409 0.0 0.5314400703110831
13.75 1.4715638870951517 0.0 0.0 0.5534214059881193
13.8 0.7331276536670742 0.8268855873384421 -0.177251602748082 0.7104309465383772
13.85 0.0 0.7730779473931929 -0.26320681334661744 0.8168733807517194
13.9 -0.10591516399548875 0.0 1.157586489438355 -0.6566117941087034
13.95 0.0 -0.4772968645205762 1.798443166166153 -1.0728940633308381
14.0 0.19825311300285098 -0.7428050147309285 1.9748326243914414 -0.35805953386944883
14.05 0.7002443149866813 -0.4838678519043106 0.8740584375643611 0.5731447907695814
14.1 0.5154320123754069 -0.4686362540909801 0.0 1.2078657956360996
14.15 0.1375461705395825 -0.49061758976801617 -0.8705742503485634 0.7683958974606653
14.2 0.0 -0.49061758976801617 -1.9185795157802312 0.873475223032456
14.25 0.14167678884622031 -0.5345802611220883 -1.1616716395461424 0.0
14.3 0.3903520674376715 -0.7135711373493825 -0.42943133357802143 -0.8888959939560167
14.35 0.5400541144425243 -0.867261736608664 0.0 -0.69139953870795
14.4 -1.5742031786929491 1.1216840874982998 0.13104729255689618 0.0
14.45 -1.7464620186116 1.030306013102742 0.0 0.41998002031995474
14.5 -1.5511615624610209 0.0 -0.13037565828989622 0.5061732409421797
14.55 -0.49726332009212615 -0.7907566692123277 -0.5206533550456343 0.46047844750218847
14.6 0.21050362517274562 -1.4493364347226643 -0.6020133890420922 0.4300152518755276
14.65 1.0377733553696973 -0.6728939596871775 -0.1855128393613577 0.42153339192590267
14.7 2.1640987608547744 -0.5854829333042627 0.0 0.44351472760293875
14.75 1.1378625144960446 0.0743238080614565 -0.1448328223631286 0.46549606327997495
14.8 0.003578822920421748 1.4150399814797967 -0.6148698022574455 0.7104309465383772
14.85 0.0 0.664367139654018 -0.3990778623463872 0.6088273776228506
14.9 -0.17488334307203335 -0.013777942736927423 1.851050479788856 -1.2480516819419258
14.95 0.0010489554716631988 -0.6938247275990698 1.8364317079429129 -0.8726483658308176
15.0 0.4299413600723112 -0.6446656899872402 1.650483212769199 0.1503030466481381
15.05 0.7388590228315912 -0.4466549184139439 0.7520183865696743 0.8618635949020846
15.1 0.32648909145749483 -0.4686362540909801 -0.40466788876088466 1.305323566059013
15.15 0.0 -0.4686362540909801 -0.9919881352751002 0.6560755426687898
15.2 -0.053307850372786264 -0.49061758976801617 -2.0348881976104005 0.5686645162858753
15.25 0.06651268230971924 -0.5345802611220883 -0.9803637891733562 -0.13665826803986447
15.3 0.6806819478170815 -0.9114031584427075 0.033790951402036834 -1.4363732104351667
15.35 0.0 -0.16054005365253193 0.0 -0.1480796332058391
15.4 -2.215569881915037 1.760372140377462 0.1248513650969395 0.20172003515554154
15.45 -1.521434257297536 0.42432759426139033 0.0 0.4706924295377325
15.5 -1.0806145560724136 -0.41739801606354754 -0.10002218705826191 0.47571004531551897
15.55 -0.3876151240173522 -0.9274835485723597 -0.6020133890420922 0.49769138099255505
15.6 0.7253512403719294 -1.3809787512848608 -0.41720108643081777 0.45874632541626925
15.65 1.4285156104208743 -0.5202204805939301 0.0 0.42153339192590267
15.7 2.2041526117848527 -0.28915408650730673 0.0 0.46549606327997495
15.75 0.6214141484389818 0.43122154515179223 -0.1407022040564907 0.5314400703110831
15.8 0.0 1.5954054788330678 -0.6431579643357607 0.8862816319546661
15.85 -0.034881675765626174 0.10754775842449613 0.319015628685079 0.0
15.9 -0.12800739861384774 -0.2962498128465297 2.3797290929931223 -1.6144818467470294
15.95 0.15963840515794092 -0.727573416917598 1.5341745309390293 -0.35805953386944883
16.0 0.6606550223520417 -0.5075813096672659 1.4753712898563696 0.5816266507192062
16.05 0.7347284045249535 -0.4466549184139439 0.47965012250198524 0.7650988912843727
16.1 0.21684089538272155 -0.4686362540909801 -0.9926143013432499 1.2338256918102042
16.15 0.0 -0.4686362540909801 -1.2565597210249542 0.5589867856902446
16.2 0.029963283618128056 -0.5125989254450521 -1.8912204702927955 0.19289218673039987
16.25 0.16996495092453573 -0.6036644589642018 -0.43149664273134003 -0.4681104252813254
16.3 0.8855211758933953 -0.9840969033375214 0.14550445663012873 -1.3176271711404186
16.35 -0.5883439988097195 0.22091868098151501 0.02139909648212296 0.0
16.4 -2.5573708833547104 1.656533645535211 0.12181147115389085 0.4114981603703297
16.45 -1.1836022663917913 0.0 -0.16899036613480634 0.5366364365688409
16.5 -0.8041156736980872 -0.9058597138552663 -0.3296451249744031 0.46722818536589406
16.55 -0.006573248664620113 -1.0164594590456475 -0.6751121864252743 0.45199658755256356
16.6 1.2715269115924754 -1.1620372117996718 -0.2992916537427688 0.44351472760293875
16.65 1.464438843044316 -0.3809011743472318 0.0 0.44351472760293875
16.7 1.9101566713942448 0.0 -0.1813822210547199 0.4874773989570109
16.75 0.11529232814851384 0.7676913181710395 -0.2786385622095795 0.6225056038302328
16.8 -0.15692172676031246 1.3108439856776037 -0.6673155081074383 0.7441796358569052
16.85 -0.10178454568885129 0.0 0.7858965750624872 -0.4028709975398429
16.9 -0.013253999442706832 -0.5956854028553815 2.5356270674579315 -1.42946774706034
16.95 0.4664907587639022 -0.6514154278509457 1.3183825910279707 0.0
17.0 0.8882126511148639 -0.4179238448732022 1.4588488166298186 1.0006800973079777
17.05 0.6574989888351334 -0.4026922470598717 0.1851896238159375 0.8253437282169189
17.1 0.027897974464809294 -0.4466549184139439 -1.489848718952293 1.1587182705086954
17.15 0.0 -0.49061758976801617 -1.4135484198533521 0.3421014216518086
17.2 0.17616087838449246 -0.5125989254450521 -1.6002644238452355 0.0
17.25 0.3841561399777147 -0.6696084659953102 0.0 -0.7365800158227113
17.3 0.5035047157509333 -0.3971718274412809 0.17792323701508178 -0.7860746192798002
17.35 -1.1179971968037155 0.9219411938390848 0.05175256771375747 0.06983202109332495
17.4 -2.336473740347284 1.0657868245071898 0.0 0.4926737652147686
17.45 -0.8581621304059591 -0.22804785491984714 -0.2868997988228552 0.4452468496888581
17.5 -0.45864861224721576 -1.2236336448893441 -0.5572027537372253 0.46722818536589406
17.55 0.13947013694288196 -0.892517053493142 -0.5633986811971821 0.42153339192590267
17.6 1.6988185653352446 -1.0313450683834606 -0.15102874982308556 0.44351472760293875
17.65 1.5807475248744853 -0.11330340109101783 0.0 0.44351472760293875
17.7 1.4668071027203644 0.250174493477745 -0.25448101843790194 0.5094587346340471
17.75 -0.16105234506695026 1.1848338921939208 -0.42386157218621434 0.7324122822154133
17.8 -0.15072579930035596 0.716811670957715 0.0 0.09336672837630897
17.85 -0.018359202539074526 -0.18132551868356273 1.4649034013397557 -1.0245953305197553
17.9 0.0 -0.8189630037975811 2.501607536215098 -1.0197679777063655
17.95 0.7347284045249535 -0.5380445052939268 1.3395002408566006 0.2671382133769955
18.0 0.8505725280596835 -0.4466549184139439 0.6444354996482199 1.2135649657346623
18.05 0.2858090744592657 -0.4466549184139439 -0.4391519782991563 0.7789673804561519
18.1 0.0 -0.4686362540909801 -1.8033615583136506 1.0176668421760784
18.15 0.027897974464809294 -0.4686362540909801 -1.341888765555339 0.1641611131896576
18.2 0.39339196138071997 -0.5785429324761605 -1.0493319682499007 -0.4004342961642977
18.25 0.6662247837438484 -0.8589586271390102 0.07447096840026585 -0.9794252760352521
18.3 -0.35763033652998893 0.1312612161874514 0.062079113480351805 -0.2799676472680557
18.35 -1.636349264241387 1.1985351433701532 0.0069419324088904055 0.24239721281774662
18.4 -1.9965764402882198 0.38036492290731794 0.0 0.5451182965184657
18.45 -0.694467477623314 -0.5510181522116837 -0.40274392235758516 0.4384971118251524
18.5 -0.0879332826610777 -1.390499666515204 -0.6751121864252743 0.47571004531551897
18.55 0.6867365325270184 -0.704038709634614 -0.37445576027926997 0.3995520562488666
18.6 2.159503584252696 -0.8310993708834409 0.0 0.3995520562488666
18.65 1.354629039196833 0.0 -0.03518462628835545 0.42153339192590267
18.7 0.6579635471305728 0.8201358494747358 -0.3965479948976284 0.5785429324761605
18.75 0.0 1.0470679575531703 -0.5617979303393024 0.7813925693472719
18.8 -0.14039925353376143 0.14476069191486263 0.7858965750624872 -0.5077600601472371
18.85 0.0 -0.4418160531161287 1.802573784472791 -1.0966075210937931
18.9 0.19825311300285098 -0.7732682103575895 2.0906767479261714 -0.38852272949610966
18.95 0.8537285615765915 -0.4399051805502384 1.0974854480205454 0.6171074621236537
19.0 0.6271455176034993 -0.4466549184139439 0.0 1.2298471313131363
19.05 0.1375461705395825 -0.4466549184139439 -0.795410143812063 0.7159513661569681
19.1 0.0 -0.4686362540909801 -1.9968996558336407 0.8514938873554196
19.15 0.10306208100131026 -0.49061758976801617 -1.1596063303928235 0.0
19.2 0.5041308818190827 -0.6696084659953102 -0.3928819348864302 -0.9261089274463835
19.25 0.6131529118257064 -0.9062067921849496 0.14343914747681008 -0.8030383391790495
19.3 -1.5386283647910877 1.0100452870272 0.1289819834035777 0.0
19.35 -1.7099126199200088 0.9459902174472984 0.0 0.4504432159466156
19.4 -1.5877109611526117 0.0 -0.09382625959830498 0.5366364365688409
19.45 -0.6110421344735373 -0.8127380048893639 -0.5206533550456343 0.46047844750218847
19.5 0.16982360817451586 -1.4341048369093334 -0.5675292995038201 0.4300152518755276
19.55 1.1922321867493375 -0.5984680927064443 -0.11034873282485655 0.4147836540621971
19.6 2.3185575922344137 -0.5922326711679681 0.0 0.42153339192590267
19.65 1.0626984079595432 0.1554994129058952 -0.06966871582662776 0.44351472760293875
19.7 0.0015135137671026255 1.437021317156833 -0.6534845101023556 0.7104309465383772
19.75 0.0 0.5662278149103297 -0.323913755809886 0.563132584182859
19.8 -0.21143274176362453 0.0 1.8145010810972648 -1.2632832797552562
19.85 0.0010489554716631988 -0.663361531972409 1.761267601406412 -0.8269535723908265
19.9 0.5030401574554934 -0.6886283613413122 1.798746116688883 0.031914508313331924
19.95 0.8119578202147735 -0.4246735827369078 0.9327000708743102 0.8246506614117181
20.0 0.36510379930240483 -0.4466549184139439 -0.4067331979142037 1.2748603704323522
