0 0.000000E+0 7.000000E+0 0.000000E+0 0.000000E+0
1 0.000000E+0 0.000000E+0 0.000000E+0 0.000000E+0
2 14.000000E+0 21.000000E+0 0.000000E+0 0.000000E+0
3 14.000000E+0 14.000000E+0 0.000000E+0 0.000000E+0
4 7.000000E+0 42.000000E+0 0.000000E+0 0.000000E+0
5 0.000000E+0 35.000000E+0 0.000000E+0 0.000000E+0
6 65.514000E+3 56.000000E+0 0.000000E+0 0.000000E+0
7 65.514000E+3 35.000000E+0 0.000000E+0 0.000000E+0
8 65.500000E+3 56.000000E+0 0.000000E+0 0.000000E+0
9 65.500000E+3 35.000000E+0 0.000000E+0 0.000000E+0
10 65.486000E+3 56.000000E+0 0.000000E+0 0.000000E+0
11 65.493000E+3 35.000000E+0 0.000000E+0 0.000000E+0
12 65.493000E+3 56.000000E+0 0.000000E+0 0.000000E+0
13 65.500000E+3 35.000000E+0 0.000000E+0 0.000000E+0
14 65.486000E+3 56.000000E+0 0.000000E+0 0.000000E+0
15 65.500000E+3 35.000000E+0 0.000000E+0 0.000000E+0
16 65.493000E+3 56.000000E+0 0.000000E+0 0.000000E+0
17 65.500000E+3 42.000000E+0 0.000000E+0 0.000000E+0
18 65.493000E+3 56.000000E+0 0.000000E+0 0.000000E+0
19 65.507000E+3 42.000000E+0 0.000000E+0 0.000000E+0
20 65.500000E+3 56.000000E+0 0.000000E+0 0.000000E+0
21 65.507000E+3 42.000000E+0 0.000000E+0 0.000000E+0
22 65.500000E+3 63.000000E+0 0.000000E+0 0.000000E+0
23 65.507000E+3 42.000000E+0 0.000000E+0 0.000000E+0
24 65.493000E+3 63.000000E+0 0.000000E+0 0.000000E+0
25 65.500000E+3 35.000000E+0 0.000000E+0 0.000000E+0
26 65.493000E+3 56.000000E+0 0.000000E+0 0.000000E+0
27 65.500000E+3 35.000000E+0 0.000000E+0 0.000000E+0
28 65.486000E+3 56.000000E+0 0.000000E+0 0.000000E+0
29 65.500000E+3 35.000000E+0 0.000000E+0 0.000000E+0
30 65.493000E+3 56.000000E+0 0.000000E+0 0.000000E+0
31 65.500000E+3 35.000000E+0 0.000000E+0 0.000000E+0
32 65.493000E+3 49.000000E+0 0.000000E+0 0.000000E+0
33 65.500000E+3 35.000000E+0 0.000000E+0 0.000000E+0
34 65.493000E+3 63.000000E+0 0.000000E+0 0.000000E+0
35 65.500000E+3 42.000000E+0 0.000000E+0 0.000000E+0
36 65.500000E+3 49.000000E+0 0.000000E+0 0.000000E+0
37 65.507000E+3 35.000000E+0 0.000000E+0 0.000000E+0
38 65.493000E+3 56.000000E+0 0.000000E+0 0.000000E+0
39 65.493000E+3 42.000000E+0 0.000000E+0 0.000000E+0
40 65.493000E+3 56.000000E+0 0.000000E+0 0.000000E+0
41 65.500000E+3 35.000000E+0 0.000000E+0 0.000000E+0
42 65.493000E+3 56.000000E+0 0.000000E+0 0.000000E+0
43 65.500000E+3 42.000000E+0 0.000000E+0 0.000000E+0
44 65.493000E+3 56.000000E+0 0.000000E+0 0.000000E+0
45 65.500000E+3 42.000000E+0 0.000000E+0 0.000000E+0
46 65.493000E+3 63.000000E+0 0.000000E+0 0.000000E+0
47 65.500000E+3 42.000000E+0 0.000000E+0 0.000000E+0
48 65.500000E+3 70.000000E+0 0.000000E+0 0.000000E+0
49 65.507000E+3 49.000000E+0 0.000000E+0 0.000000E+0
50 65.500000E+3 63.000000E+0 0.000000E+0 0.000000E+0
51 65.507000E+3 49.000000E+0 0.000000E+0 0.000000E+0
52 65.493000E+3 63.000000E+0 0.000000E+0 0.000000E+0
53 65.500000E+3 42.000000E+0 0.000000E+0 0.000000E+0
54 65.493000E+3 70.000000E+0 0.000000E+0 0.000000E+0
55 65.500000E+3 42.000000E+0 0.000000E+0 0.000000E+0
56 65.486000E+3 63.000000E+0 0.000000E+0 0.000000E+0
57 65.500000E+3 42.000000E+0 0.000000E+0 0.000000E+0
58 65.493000E+3 63.000000E+0 0.000000E+0 0.000000E+0
59 65.500000E+3 42.000000E+0 0.000000E+0 0.000000E+0
60 65.493000E+3 56.000000E+0 0.000000E+0 0.000000E+0
61 65.500000E+3 42.000000E+0 0.000000E+0 0.000000E+0
62 65.493000E+3 56.000000E+0 0.000000E+0 0.000000E+0
63 65.500000E+3 42.000000E+0 0.000000E+0 0.000000E+0
64 65.493000E+3 56.000000E+0 0.000000E+0 0.000000E+0
65 65.500000E+3 35.000000E+0 0.000000E+0 0.000000E+0
66 65.486000E+3 56.000000E+0 0.000000E+0 0.000000E+0
67 65.500000E+3 42.000000E+0 0.000000E+0 0.000000E+0
68 65.486000E+3 56.000000E+0 0.000000E+0 0.000000E+0
69 65.500000E+3 42.000000E+0 0.000000E+0 0.000000E+0
70 65.493000E+3 56.000000E+0 0.000000E+0 0.000000E+0
71 65.493000E+3 42.000000E+0 0.000000E+0 0.000000E+0
72 65.493000E+3 56.000000E+0 0.000000E+0 0.000000E+0
73 65.493000E+3 42.000000E+0 0.000000E+0 0.000000E+0
74 65.486000E+3 56.000000E+0 0.000000E+0 0.000000E+0
75 65.500000E+3 42.000000E+0 0.000000E+0 0.000000E+0
76 65.493000E+3 56.000000E+0 0.000000E+0 0.000000E+0
77 65.493000E+3 42.000000E+0 0.000000E+0 0.000000E+0
78 65.486000E+3 63.000000E+0 0.000000E+0 0.000000E+0
79 65.493000E+3 49.000000E+0 0.000000E+0 0.000000E+0
80 65.486000E+3 63.000000E+0 0.000000E+0 0.000000E+0
81 65.493000E+3 49.000000E+0 0.000000E+0 0.000000E+0
82 65.493000E+3 63.000000E+0 0.000000E+0 0.000000E+0
83 65.493000E+3 49.000000E+0 0.000000E+0 0.000000E+0
84 65.493000E+3 56.000000E+0 0.000000E+0 0.000000E+0
85 65.500000E+3 42.000000E+0 0.000000E+0 0.000000E+0
86 65.493000E+3 63.000000E+0 0.000000E+0 0.000000E+0
87 65.493000E+3 49.000000E+0 0.000000E+0 0.000000E+0
88 65.486000E+3 63.000000E+0 0.000000E+0 0.000000E+0
89 65.493000E+3 49.000000E+0 0.000000E+0 0.000000E+0
90 65.486000E+3 63.000000E+0 0.000000E+0 0.000000E+0
91 65.493000E+3 49.000000E+0 0.000000E+0 0.000000E+0
92 65.486000E+3 63.000000E+0 0.000000E+0 0.000000E+0
93 65.486000E+3 42.000000E+0 0.000000E+0 0.000000E+0
94 65.486000E+3 63.000000E+0 0.000000E+0 0.000000E+0
95 65.493000E+3 42.000000E+0 0.000000E+0 0.000000E+0
96 65.486000E+3 56.000000E+0 0.000000E+0 0.000000E+0
97 65.493000E+3 42.000000E+0 0.000000E+0 0.000000E+0
98 65.486000E+3 56.000000E+0 0.000000E+0 0.000000E+0
99 65.493000E+3 42.000000E+0 0.000000E+0 0.000000E+0
100 65.486000E+3 56.000000E+0 0.000000E+0 0.000000E+0
101 65.493000E+3 42.000000E+0 0.000000E+0 0.000000E+0
102 65.486000E+3 56.000000E+0 0.000000E+0 0.000000E+0
103 65.493000E+3 42.000000E+0 0.000000E+0 0.000000E+0
104 65.486000E+3 63.000000E+0 0.000000E+0 0.000000E+0
105 65.493000E+3 49.000000E+0 0.000000E+0 0.000000E+0
106 65.493000E+3 56.000000E+0 0.000000E+0 0.000000E+0
107 65.500000E+3 42.000000E+0 0.000000E+0 0.000000E+0
108 65.486000E+3 63.000000E+0 0.000000E+0 0.000000E+0
109 65.493000E+3 42.000000E+0 0.000000E+0 0.000000E+0
110 65.486000E+3 56.000000E+0 0.000000E+0 0.000000E+0
111 65.493000E+3 49.000000E+0 0.000000E+0 0.000000E+0
112 65.486000E+3 56.000000E+0 0.000000E+0 0.000000E+0
113 65.486000E+3 42.000000E+0 0.000000E+0 0.000000E+0
114 65.486000E+3 63.000000E+0 0.000000E+0 0.000000E+0
115 65.493000E+3 49.000000E+0 0.000000E+0 0.000000E+0
116 65.486000E+3 63.000000E+0 0.000000E+0 0.000000E+0
117 65.486000E+3 49.000000E+0 0.000000E+0 0.000000E+0
118 65.486000E+3 63.000000E+0 0.000000E+0 0.000000E+0
119 65.493000E+3 49.000000E+0 0.000000E+0 0.000000E+0
120 65.486000E+3 63.000000E+0 0.000000E+0 0.000000E+0
121 65.493000E+3 49.000000E+0 0.000000E+0 0.000000E+0
122 65.486000E+3 63.000000E+0 0.000000E+0 0.000000E+0
123 65.493000E+3 49.000000E+0 0.000000E+0 0.000000E+0
124 65.486000E+3 63.000000E+0 0.000000E+0 0.000000E+0
125 65.486000E+3 49.000000E+0 0.000000E+0 0.000000E+0
126 65.486000E+3 63.000000E+0 0.000000E+0 0.000000E+0
127 65.486000E+3 49.000000E+0 0.000000E+0 0.000000E+0
128 65.486000E+3 56.000000E+0 0.000000E+0 0.000000E+0
129 65.493000E+3 49.000000E+0 0.000000E+0 0.000000E+0
130 65.486000E+3 63.000000E+0 0.000000E+0 0.000000E+0
131 65.493000E+3 49.000000E+0 0.000000E+0 0.000000E+0
132 65.486000E+3 63.000000E+0 0.000000E+0 0.000000E+0
133 65.493000E+3 49.000000E+0 0.000000E+0 0.000000E+0
134 65.486000E+3 56.000000E+0 0.000000E+0 0.000000E+0
135 65.493000E+3 42.000000E+0 0.000000E+0 0.000000E+0
136 65.486000E+3 63.000000E+0 0.000000E+0 0.000000E+0
137 65.493000E+3 49.000000E+0 0.000000E+0 0.000000E+0
138 65.486000E+3 56.000000E+0 0.000000E+0 0.000000E+0
139 65.486000E+3 42.000000E+0 0.000000E+0 0.000000E+0
140 65.493000E+3 56.000000E+0 0.000000E+0 0.000000E+0
141 65.493000E+3 49.000000E+0 0.000000E+0 0.000000E+0
142 65.486000E+3 49.000000E+0 0.000000E+0 0.000000E+0
143 65.493000E+3 42.000000E+0 0.000000E+0 0.000000E+0
144 65.493000E+3 63.000000E+0 0.000000E+0 0.000000E+0
145 65.493000E+3 42.000000E+0 0.000000E+0 0.000000E+0
146 65.486000E+3 56.000000E+0 0.000000E+0 0.000000E+0
147 65.486000E+3 42.000000E+0 0.000000E+0 0.000000E+0
148 65.486000E+3 56.000000E+0 0.000000E+0 0.000000E+0
149 65.493000E+3 49.000000E+0 0.000000E+0 0.000000E+0
150 65.479000E+3 56.000000E+0 0.000000E+0 0.000000E+0
151 65.493000E+3 49.000000E+0 0.000000E+0 0.000000E+0
152 65.486000E+3 63.000000E+0 0.000000E+0 0.000000E+0
153 65.493000E+3 49.000000E+0 0.000000E+0 0.000000E+0
154 65.486000E+3 56.000000E+0 0.000000E+0 0.000000E+0
155 65.486000E+3 49.000000E+0 0.000000E+0 0.000000E+0
156 65.486000E+3 56.000000E+0 0.000000E+0 0.000000E+0
157 65.493000E+3 42.000000E+0 0.000000E+0 0.000000E+0
158 65.486000E+3 56.000000E+0 0.000000E+0 0.000000E+0
159 65.486000E+3 49.000000E+0 0.000000E+0 0.000000E+0
160 65.493000E+3 56.000000E+0 0.000000E+0 0.000000E+0
161 65.493000E+3 42.000000E+0 0.000000E+0 0.000000E+0
162 65.493000E+3 56.000000E+0 0.000000E+0 0.000000E+0
163 65.493000E+3 49.000000E+0 0.000000E+0 0.000000E+0
164 65.486000E+3 56.000000E+0 0.000000E+0 0.000000E+0
165 65.486000E+3 49.000000E+0 0.000000E+0 0.000000E+0
166 65.486000E+3 49.000000E+0 0.000000E+0 0.000000E+0
167 65.493000E+3 49.000000E+0 0.000000E+0 0.000000E+0
168 65.486000E+3 63.000000E+0 0.000000E+0 0.000000E+0
169 65.493000E+3 49.000000E+0 0.000000E+0 0.000000E+0
170 65.486000E+3 63.000000E+0 0.000000E+0 0.000000E+0
171 65.493000E+3 49.000000E+0 0.000000E+0 0.000000E+0
172 65.486000E+3 63.000000E+0 0.000000E+0 0.000000E+0
173 65.486000E+3 49.000000E+0 0.000000E+0 0.000000E+0
174 65.486000E+3 56.000000E+0 0.000000E+0 0.000000E+0
175 65.486000E+3 49.000000E+0 0.000000E+0 0.000000E+0
176 65.486000E+3 63.000000E+0 0.000000E+0 0.000000E+0
177 65.493000E+3 49.000000E+0 0.000000E+0 0.000000E+0
178 65.486000E+3 56.000000E+0 0.000000E+0 0.000000E+0
179 65.493000E+3 49.000000E+0 0.000000E+0 0.000000E+0
180 65.493000E+3 56.000000E+0 0.000000E+0 0.000000E+0
181 65.493000E+3 49.000000E+0 0.000000E+0 0.000000E+0
182 65.486000E+3 56.000000E+0 0.000000E+0 0.000000E+0
183 65.493000E+3 49.000000E+0 0.000000E+0 0.000000E+0
184 65.486000E+3 56.000000E+0 0.000000E+0 0.000000E+0
185 65.486000E+3 49.000000E+0 0.000000E+0 0.000000E+0
186 65.493000E+3 63.000000E+0 0.000000E+0 0.000000E+0
187 65.493000E+3 49.000000E+0 0.000000E+0 0.000000E+0
188 65.486000E+3 56.000000E+0 0.000000E+0 0.000000E+0
189 65.493000E+3 49.000000E+0 0.000000E+0 0.000000E+0
190 65.486000E+3 56.000000E+0 0.000000E+0 0.000000E+0
191 65.493000E+3 49.000000E+0 0.000000E+0 0.000000E+0
192 65.486000E+3 56.000000E+0 0.000000E+0 0.000000E+0
193 65.493000E+3 49.000000E+0 0.000000E+0 0.000000E+0
194 65.486000E+3 56.000000E+0 0.000000E+0 0.000000E+0
195 65.486000E+3 49.000000E+0 0.000000E+0 0.000000E+0
196 65.486000E+3 56.000000E+0 0.000000E+0 0.000000E+0
197 65.493000E+3 49.000000E+0 0.000000E+0 0.000000E+0
198 65.486000E+3 56.000000E+0 0.000000E+0 0.000000E+0
199 65.486000E+3 49.000000E+0 0.000000E+0 0.000000E+0
200 65.486000E+3 56.000000E+0 0.000000E+0 0.000000E+0
201 65.486000E+3 42.000000E+0 0.000000E+0 0.000000E+0
202 65.486000E+3 49.000000E+0 0.000000E+0 0.000000E+0
203 65.486000E+3 42.000000E+0 0.000000E+0 0.000000E+0
204 65.486000E+3 56.000000E+0 0.000000E+0 0.000000E+0
205 65.486000E+3 49.000000E+0 0.000000E+0 0.000000E+0
206 65.493000E+3 49.000000E+0 0.000000E+0 0.000000E+0
207 65.486000E+3 42.000000E+0 0.000000E+0 0.000000E+0
208 65.486000E+3 49.000000E+0 0.000000E+0 0.000000E+0
209 65.493000E+3 49.000000E+0 0.000000E+0 0.000000E+0
210 65.486000E+3 49.000000E+0 0.000000E+0 0.000000E+0
211 65.486000E+3 42.000000E+0 0.000000E+0 0.000000E+0
212 65.486000E+3 49.000000E+0 0.000000E+0 0.000000E+0
213 65.486000E+3 49.000000E+0 0.000000E+0 0.000000E+0
214 65.479000E+3 49.000000E+0 0.000000E+0 0.000000E+0
215 65.486000E+3 42.000000E+0 0.000000E+0 0.000000E+0
216 65.479000E+3 49.000000E+0 0.000000E+0 0.000000E+0
217 65.479000E+3 49.000000E+0 0.000000E+0 0.000000E+0
218 65.486000E+3 49.000000E+0 0.000000E+0 0.000000E+0
219 65.486000E+3 42.000000E+0 0.000000E+0 0.000000E+0
220 65.486000E+3 49.000000E+0 0.000000E+0 0.000000E+0
221 65.486000E+3 49.000000E+0 0.000000E+0 0.000000E+0
222 65.486000E+3 49.000000E+0 0.000000E+0 0.000000E+0
223 65.493000E+3 49.000000E+0 0.000000E+0 0.000000E+0
224 65.486000E+3 49.000000E+0 0.000000E+0 0.000000E+0
225 65.486000E+3 49.000000E+0 0.000000E+0 0.000000E+0
226 65.486000E+3 56.000000E+0 0.000000E+0 0.000000E+0
227 65.486000E+3 49.000000E+0 0.000000E+0 0.000000E+0
228 65.486000E+3 42.000000E+0 0.000000E+0 0.000000E+0
229 65.486000E+3 42.000000E+0 0.000000E+0 0.000000E+0
230 65.486000E+3 49.000000E+0 0.000000E+0 0.000000E+0
231 65.486000E+3 42.000000E+0 0.000000E+0 0.000000E+0
232 65.486000E+3 49.000000E+0 0.000000E+0 0.000000E+0
233 65.486000E+3 49.000000E+0 0.000000E+0 0.000000E+0
234 65.486000E+3 56.000000E+0 0.000000E+0 0.000000E+0
235 65.486000E+3 49.000000E+0 0.000000E+0 0.000000E+0
236 65.486000E+3 42.000000E+0 0.000000E+0 0.000000E+0
237 65.486000E+3 42.000000E+0 0.000000E+0 0.000000E+0
238 65.493000E+3 49.000000E+0 0.000000E+0 0.000000E+0
239 65.486000E+3 49.000000E+0 0.000000E+0 0.000000E+0
240 65.486000E+3 49.000000E+0 0.000000E+0 0.000000E+0
241 65.486000E+3 49.000000E+0 0.000000E+0 0.000000E+0
242 65.486000E+3 42.000000E+0 0.000000E+0 0.000000E+0
243 65.486000E+3 42.000000E+0 0.000000E+0 0.000000E+0
244 65.486000E+3 42.000000E+0 0.000000E+0 0.000000E+0
245 65.493000E+3 42.000000E+0 0.000000E+0 0.000000E+0
246 65.493000E+3 49.000000E+0 0.000000E+0 0.000000E+0
247 65.493000E+3 49.000000E+0 0.000000E+0 0.000000E+0
248 65.493000E+3 49.000000E+0 0.000000E+0 0.000000E+0
249 65.493000E+3 49.000000E+0 0.000000E+0 0.000000E+0
250 65.493000E+3 49.000000E+0 0.000000E+0 0.000000E+0
251 65.493000E+3 49.000000E+0 0.000000E+0 0.000000E+0
252 65.493000E+3 49.000000E+0 0.000000E+0 0.000000E+0
253 65.493000E+3 49.000000E+0 0.000000E+0 0.000000E+0
254 65.493000E+3 49.000000E+0 0.000000E+0 0.000000E+0
255 65.493000E+3 49.000000E+0 0.000000E+0 0.000000E+0
256 65.493000E+3 49.000000E+0 0.000000E+0 0.000000E+0
257 65.493000E+3 49.000000E+0 0.000000E+0 0.000000E+0
258 65.493000E+3 42.000000E+0 0.000000E+0 0.000000E+0
259 65.493000E+3 42.000000E+0 0.000000E+0 0.000000E+0
260 65.493000E+3 42.000000E+0 0.000000E+0 0.000000E+0
261 65.493000E+3 49.000000E+0 0.000000E+0 0.000000E+0
262 65.493000E+3 42.000000E+0 0.000000E+0 0.000000E+0
263 65.493000E+3 42.000000E+0 0.000000E+0 0.000000E+0
264 65.493000E+3 49.000000E+0 0.000000E+0 0.000000E+0
265 65.493000E+3 42.000000E+0 0.000000E+0 0.000000E+0
266 65.493000E+3 42.000000E+0 0.000000E+0 0.000000E+0
267 65.493000E+3 42.000000E+0 0.000000E+0 0.000000E+0
268 65.493000E+3 49.000000E+0 0.000000E+0 0.000000E+0
269 65.493000E+3 42.000000E+0 0.000000E+0 0.000000E+0
270 65.493000E+3 49.000000E+0 0.000000E+0 0.000000E+0
271 65.493000E+3 42.000000E+0 0.000000E+0 0.000000E+0
272 65.493000E+3 42.000000E+0 0.000000E+0 0.000000E+0
273 65.493000E+3 42.000000E+0 0.000000E+0 0.000000E+0
274 65.493000E+3 42.000000E+0 0.000000E+0 0.000000E+0
275 65.493000E+3 42.000000E+0 0.000000E+0 0.000000E+0
276 65.493000E+3 42.000000E+0 0.000000E+0 0.000000E+0
277 65.493000E+3 42.000000E+0 0.000000E+0 0.000000E+0
278 65.493000E+3 42.000000E+0 0.000000E+0 0.000000E+0
279 65.493000E+3 42.000000E+0 0.000000E+0 0.000000E+0
280 65.493000E+3 42.000000E+0 0.000000E+0 0.000000E+0
281 65.493000E+3 42.000000E+0 0.000000E+0 0.000000E+0
282 65.493000E+3 42.000000E+0 0.000000E+0 0.000000E+0
283 65.500000E+3 42.000000E+0 0.000000E+0 0.000000E+0
284 65.493000E+3 42.000000E+0 0.000000E+0 0.000000E+0
285 65.493000E+3 42.000000E+0 0.000000E+0 0.000000E+0
286 65.500000E+3 42.000000E+0 0.000000E+0 0.000000E+0
287 65.493000E+3 42.000000E+0 0.000000E+0 0.000000E+0
288 65.500000E+3 42.000000E+0 0.000000E+0 0.000000E+0
289 65.493000E+3 42.000000E+0 0.000000E+0 0.000000E+0
290 65.493000E+3 42.000000E+0 0.000000E+0 0.000000E+0
291 65.493000E+3 49.000000E+0 0.000000E+0 0.000000E+0
292 65.493000E+3 42.000000E+0 0.000000E+0 0.000000E+0
293 65.493000E+3 42.000000E+0 0.000000E+0 0.000000E+0
294 65.493000E+3 42.000000E+0 0.000000E+0 0.000000E+0
295 65.493000E+3 42.000000E+0 0.000000E+0 0.000000E+0
296 65.500000E+3 49.000000E+0 0.000000E+0 0.000000E+0
297 65.493000E+3 42.000000E+0 0.000000E+0 0.000000E+0
298 65.493000E+3 42.000000E+0 0.000000E+0 0.000000E+0
299 65.493000E+3 49.000000E+0 0.000000E+0 0.000000E+0
300 65.493000E+3 42.000000E+0 0.000000E+0 0.000000E+0
301 65.493000E+3 42.000000E+0 0.000000E+0 0.000000E+0
302 65.493000E+3 42.000000E+0 0.000000E+0 0.000000E+0
303 65.493000E+3 42.000000E+0 0.000000E+0 0.000000E+0
304 65.493000E+3 42.000000E+0 0.000000E+0 0.000000E+0
305 65.493000E+3 42.000000E+0 0.000000E+0 0.000000E+0
306 65.493000E+3 42.000000E+0 0.000000E+0 0.000000E+0
307 65.493000E+3 42.000000E+0 0.000000E+0 0.000000E+0
308 65.493000E+3 42.000000E+0 0.000000E+0 0.000000E+0
309 65.500000E+3 42.000000E+0 0.000000E+0 0.000000E+0
310 65.493000E+3 42.000000E+0 0.000000E+0 0.000000E+0
311 65.500000E+3 42.000000E+0 0.000000E+0 0.000000E+0
312 65.493000E+3 42.000000E+0 0.000000E+0 0.000000E+0
313 65.493000E+3 42.000000E+0 0.000000E+0 0.000000E+0
314 65.500000E+3 49.000000E+0 0.000000E+0 0.000000E+0
315 65.493000E+3 42.000000E+0 0.000000E+0 0.000000E+0
316 65.493000E+3 42.000000E+0 0.000000E+0 0.000000E+0
317 65.493000E+3 42.000000E+0 0.000000E+0 0.000000E+0
318 65.500000E+3 42.000000E+0 0.000000E+0 0.000000E+0
319 65.500000E+3 42.000000E+0 0.000000E+0 0.000000E+0
320 65.500000E+3 42.000000E+0 0.000000E+0 0.000000E+0
321 65.493000E+3 42.000000E+0 0.000000E+0 0.000000E+0
322 65.493000E+3 42.000000E+0 0.000000E+0 0.000000E+0
323 65.493000E+3 42.000000E+0 0.000000E+0 0.000000E+0
324 65.493000E+3 42.000000E+0 0.000000E+0 0.000000E+0
325 65.493000E+3 42.000000E+0 0.000000E+0 0.000000E+0
326 65.500000E+3 42.000000E+0 0.000000E+0 0.000000E+0
327 65.500000E+3 42.000000E+0 0.000000E+0 0.000000E+0
328 65.493000E+3 42.000000E+0 0.000000E+0 0.000000E+0
329 65.493000E+3 42.000000E+0 0.000000E+0 0.000000E+0
330 65.500000E+3 42.000000E+0 0.000000E+0 0.000000E+0
331 65.493000E+3 42.000000E+0 0.000000E+0 0.000000E+0
332 65.500000E+3 49.000000E+0 0.000000E+0 0.000000E+0
333 65.500000E+3 42.000000E+0 0.000000E+0 0.000000E+0
334 65.493000E+3 49.000000E+0 0.000000E+0 0.000000E+0
335 65.493000E+3 42.000000E+0 0.000000E+0 0.000000E+0
336 65.493000E+3 49.000000E+0 0.000000E+0 0.000000E+0
337 65.493000E+3 42.000000E+0 0.000000E+0 0.000000E+0
338 65.500000E+3 42.000000E+0 0.000000E+0 0.000000E+0
339 65.500000E+3 42.000000E+0 0.000000E+0 0.000000E+0
340 65.493000E+3 49.000000E+0 0.000000E+0 0.000000E+0
341 65.493000E+3 42.000000E+0 0.000000E+0 0.000000E+0
342 65.500000E+3 42.000000E+0 0.000000E+0 0.000000E+0
343 65.493000E+3 42.000000E+0 0.000000E+0 0.000000E+0
344 65.493000E+3 42.000000E+0 0.000000E+0 0.000000E+0
345 65.500000E+3 42.000000E+0 0.000000E+0 0.000000E+0
346 65.500000E+3 42.000000E+0 0.000000E+0 0.000000E+0
347 65.493000E+3 42.000000E+0 0.000000E+0 0.000000E+0
348 65.493000E+3 42.000000E+0 0.000000E+0 0.000000E+0
349 65.493000E+3 49.000000E+0 0.000000E+0 0.000000E+0
350 65.500000E+3 42.000000E+0 0.000000E+0 0.000000E+0
351 65.500000E+3 42.000000E+0 0.000000E+0 0.000000E+0
352 65.493000E+3 42.000000E+0 0.000000E+0 0.000000E+0
353 65.493000E+3 42.000000E+0 0.000000E+0 0.000000E+0
354 65.493000E+3 42.000000E+0 0.000000E+0 0.000000E+0
355 65.493000E+3 42.000000E+0 0.000000E+0 0.000000E+0
356 65.500000E+3 42.000000E+0 0.000000E+0 0.000000E+0
357 65.500000E+3 42.000000E+0 0.000000E+0 0.000000E+0
358 65.500000E+3 49.000000E+0 0.000000E+0 0.000000E+0
359 65.500000E+3 42.000000E+0 0.000000E+0 0.000000E+0
360 65.493000E+3 42.000000E+0 0.000000E+0 0.000000E+0
361 65.493000E+3 42.000000E+0 0.000000E+0 0.000000E+0
362 65.500000E+3 42.000000E+0 0.000000E+0 0.000000E+0
363 65.500000E+3 42.000000E+0 0.000000E+0 0.000000E+0
364 65.500000E+3 42.000000E+0 0.000000E+0 0.000000E+0
365 65.493000E+3 42.000000E+0 0.000000E+0 0.000000E+0
366 65.493000E+3 42.000000E+0 0.000000E+0 0.000000E+0
367 65.500000E+3 42.000000E+0 0.000000E+0 0.000000E+0
368 65.500000E+3 42.000000E+0 0.000000E+0 0.000000E+0
369 65.500000E+3 42.000000E+0 0.000000E+0 0.000000E+0
370 65.493000E+3 42.000000E+0 0.000000E+0 0.000000E+0
371 65.493000E+3 42.000000E+0 0.000000E+0 0.000000E+0
372 65.500000E+3 42.000000E+0 0.000000E+0 0.000000E+0
373 65.500000E+3 42.000000E+0 0.000000E+0 0.000000E+0
374 65.500000E+3 42.000000E+0 0.000000E+0 0.000000E+0
375 65.500000E+3 42.000000E+0 0.000000E+0 0.000000E+0
376 65.493000E+3 42.000000E+0 0.000000E+0 0.000000E+0
377 65.493000E+3 42.000000E+0 0.000000E+0 0.000000E+0
378 65.493000E+3 42.000000E+0 0.000000E+0 0.000000E+0
379 65.493000E+3 42.000000E+0 0.000000E+0 0.000000E+0
380 65.493000E+3 42.000000E+0 0.000000E+0 0.000000E+0
381 65.500000E+3 42.000000E+0 0.000000E+0 0.000000E+0
382 65.500000E+3 42.000000E+0 0.000000E+0 0.000000E+0
383 65.500000E+3 42.000000E+0 0.000000E+0 0.000000E+0
384 65.500000E+3 42.000000E+0 0.000000E+0 0.000000E+0
385 65.500000E+3 42.000000E+0 0.000000E+0 0.000000E+0
386 65.493000E+3 42.000000E+0 0.000000E+0 0.000000E+0
387 65.493000E+3 42.000000E+0 0.000000E+0 0.000000E+0
388 65.500000E+3 42.000000E+0 0.000000E+0 0.000000E+0
389 65.493000E+3 42.000000E+0 0.000000E+0 0.000000E+0
390 65.500000E+3 42.000000E+0 0.000000E+0 0.000000E+0
391 65.500000E+3 42.000000E+0 0.000000E+0 0.000000E+0
392 65.500000E+3 42.000000E+0 0.000000E+0 0.000000E+0
393 65.500000E+3 42.000000E+0 0.000000E+0 0.000000E+0
394 65.493000E+3 42.000000E+0 0.000000E+0 0.000000E+0
395 65.493000E+3 42.000000E+0 0.000000E+0 0.000000E+0
396 65.500000E+3 42.000000E+0 0.000000E+0 0.000000E+0
397 65.500000E+3 42.000000E+0 0.000000E+0 0.000000E+0
398 65.493000E+3 42.000000E+0 0.000000E+0 0.000000E+0
399 65.493000E+3 42.000000E+0 0.000000E+0 0.000000E+0
400 65.500000E+3 42.000000E+0 0.000000E+0 0.000000E+0
401 65.493000E+3 42.000000E+0 0.000000E+0 0.000000E+0
402 65.500000E+3 42.000000E+0 0.000000E+0 0.000000E+0
403 65.493000E+3 42.000000E+0 0.000000E+0 0.000000E+0
404 65.500000E+3 42.000000E+0 0.000000E+0 0.000000E+0
405 65.500000E+3 42.000000E+0 0.000000E+0 0.000000E+0
406 65.493000E+3 42.000000E+0 0.000000E+0 0.000000E+0
407 65.500000E+3 42.000000E+0 0.000000E+0 0.000000E+0
408 65.493000E+3 42.000000E+0 0.000000E+0 0.000000E+0
409 65.500000E+3 42.000000E+0 0.000000E+0 0.000000E+0
410 65.500000E+3 42.000000E+0 0.000000E+0 0.000000E+0
411 65.500000E+3 42.000000E+0 0.000000E+0 0.000000E+0
412 65.500000E+3 42.000000E+0 0.000000E+0 0.000000E+0
413 65.500000E+3 42.000000E+0 0.000000E+0 0.000000E+0
414 65.500000E+3 42.000000E+0 0.000000E+0 0.000000E+0
415 65.493000E+3 42.000000E+0 0.000000E+0 0.000000E+0
416 65.493000E+3 42.000000E+0 0.000000E+0 0.000000E+0
417 65.500000E+3 42.000000E+0 0.000000E+0 0.000000E+0
418 65.500000E+3 42.000000E+0 0.000000E+0 0.000000E+0
419 65.500000E+3 42.000000E+0 0.000000E+0 0.000000E+0
420 65.493000E+3 42.000000E+0 0.000000E+0 0.000000E+0
421 65.500000E+3 42.000000E+0 0.000000E+0 0.000000E+0
422 65.500000E+3 42.000000E+0 0.000000E+0 0.000000E+0
423 65.493000E+3 42.000000E+0 0.000000E+0 0.000000E+0
424 65.500000E+3 42.000000E+0 0.000000E+0 0.000000E+0
425 65.500000E+3 42.000000E+0 0.000000E+0 0.000000E+0
426 65.500000E+3 42.000000E+0 0.000000E+0 0.000000E+0
427 65.500000E+3 42.000000E+0 0.000000E+0 0.000000E+0
428 65.500000E+3 49.000000E+0 0.000000E+0 0.000000E+0
429 65.500000E+3 42.000000E+0 0.000000E+0 0.000000E+0
430 65.500000E+3 42.000000E+0 0.000000E+0 0.000000E+0
431 65.493000E+3 42.000000E+0 0.000000E+0 0.000000E+0
432 65.500000E+3 42.000000E+0 0.000000E+0 0.000000E+0
433 65.500000E+3 42.000000E+0 0.000000E+0 0.000000E+0
434 65.500000E+3 42.000000E+0 0.000000E+0 0.000000E+0
435 65.493000E+3 42.000000E+0 0.000000E+0 0.000000E+0
436 65.493000E+3 42.000000E+0 0.000000E+0 0.000000E+0
437 65.500000E+3 42.000000E+0 0.000000E+0 0.000000E+0
438 65.500000E+3 42.000000E+0 0.000000E+0 0.000000E+0
439 65.500000E+3 42.000000E+0 0.000000E+0 0.000000E+0
440 65.500000E+3 42.000000E+0 0.000000E+0 0.000000E+0
441 65.493000E+3 42.000000E+0 0.000000E+0 0.000000E+0
442 65.493000E+3 42.000000E+0 0.000000E+0 0.000000E+0
443 65.500000E+3 42.000000E+0 0.000000E+0 0.000000E+0
444 65.493000E+3 42.000000E+0 0.000000E+0 0.000000E+0
445 65.500000E+3 42.000000E+0 0.000000E+0 0.000000E+0
446 65.500000E+3 49.000000E+0 0.000000E+0 0.000000E+0
447 65.500000E+3 42.000000E+0 0.000000E+0 0.000000E+0
448 65.500000E+3 42.000000E+0 0.000000E+0 0.000000E+0
449 65.500000E+3 42.000000E+0 0.000000E+0 0.000000E+0
450 65.500000E+3 42.000000E+0 0.000000E+0 0.000000E+0
451 65.493000E+3 42.000000E+0 0.000000E+0 0.000000E+0
452 65.493000E+3 42.000000E+0 0.000000E+0 0.000000E+0
453 65.500000E+3 42.000000E+0 0.000000E+0 0.000000E+0
454 65.500000E+3 42.000000E+0 0.000000E+0 0.000000E+0
455 65.500000E+3 42.000000E+0 0.000000E+0 0.000000E+0
456 65.500000E+3 42.000000E+0 0.000000E+0 0.000000E+0
457 65.500000E+3 42.000000E+0 0.000000E+0 0.000000E+0
458 65.500000E+3 42.000000E+0 0.000000E+0 0.000000E+0
459 65.500000E+3 42.000000E+0 0.000000E+0 0.000000E+0
460 65.493000E+3 49.000000E+0 0.000000E+0 0.000000E+0
461 65.500000E+3 42.000000E+0 0.000000E+0 0.000000E+0
462 65.493000E+3 42.000000E+0 0.000000E+0 0.000000E+0
463 65.493000E+3 42.000000E+0 0.000000E+0 0.000000E+0
464 65.493000E+3 42.000000E+0 0.000000E+0 0.000000E+0
465 65.500000E+3 42.000000E+0 0.000000E+0 0.000000E+0
466 65.500000E+3 42.000000E+0 0.000000E+0 0.000000E+0
467 65.500000E+3 42.000000E+0 0.000000E+0 0.000000E+0
468 65.493000E+3 42.000000E+0 0.000000E+0 0.000000E+0
469 65.493000E+3 42.000000E+0 0.000000E+0 0.000000E+0
470 65.500000E+3 49.000000E+0 0.000000E+0 0.000000E+0
471 65.500000E+3 42.000000E+0 0.000000E+0 0.000000E+0
472 65.500000E+3 42.000000E+0 0.000000E+0 0.000000E+0
473 65.493000E+3 42.000000E+0 0.000000E+0 0.000000E+0
474 65.500000E+3 42.000000E+0 0.000000E+0 0.000000E+0
475 65.500000E+3 42.000000E+0 0.000000E+0 0.000000E+0
476 65.500000E+3 42.000000E+0 0.000000E+0 0.000000E+0
477 65.500000E+3 49.000000E+0 0.000000E+0 0.000000E+0
478 65.500000E+3 42.000000E+0 0.000000E+0 0.000000E+0
479 65.500000E+3 42.000000E+0 0.000000E+0 0.000000E+0
480 65.500000E+3 42.000000E+0 0.000000E+0 0.000000E+0
481 65.500000E+3 42.000000E+0 0.000000E+0 0.000000E+0
482 65.493000E+3 49.000000E+0 0.000000E+0 0.000000E+0
483 65.493000E+3 42.000000E+0 0.000000E+0 0.000000E+0
484 65.500000E+3 42.000000E+0 0.000000E+0 0.000000E+0
485 65.500000E+3 42.000000E+0 0.000000E+0 0.000000E+0
486 65.500000E+3 49.000000E+0 0.000000E+0 0.000000E+0
487 65.500000E+3 49.000000E+0 0.000000E+0 0.000000E+0
488 65.500000E+3 42.000000E+0 0.000000E+0 0.000000E+0
489 65.500000E+3 42.000000E+0 0.000000E+0 0.000000E+0
490 65.500000E+3 42.000000E+0 0.000000E+0 0.000000E+0
491 65.500000E+3 42.000000E+0 0.000000E+0 0.000000E+0
492 65.500000E+3 42.000000E+0 0.000000E+0 0.000000E+0
493 65.500000E+3 42.000000E+0 0.000000E+0 0.000000E+0
494 65.500000E+3 42.000000E+0 0.000000E+0 0.000000E+0
495 65.500000E+3 42.000000E+0 0.000000E+0 0.000000E+0
496 65.500000E+3 42.000000E+0 0.000000E+0 0.000000E+0
497 65.493000E+3 42.000000E+0 0.000000E+0 0.000000E+0
498 65.500000E+3 49.000000E+0 0.000000E+0 0.000000E+0
499 65.500000E+3 42.000000E+0 0.000000E+0 0.000000E+0
500 65.500000E+3 42.000000E+0 0.000000E+0 0.000000E+0
501 65.493000E+3 42.000000E+0 0.000000E+0 0.000000E+0
502 65.493000E+3 42.000000E+0 0.000000E+0 0.000000E+0
503 65.500000E+3 42.000000E+0 0.000000E+0 0.000000E+0
504 65.493000E+3 42.000000E+0 0.000000E+0 0.000000E+0
505 65.500000E+3 42.000000E+0 0.000000E+0 0.000000E+0
506 65.500000E+3 42.000000E+0 0.000000E+0 0.000000E+0
507 65.500000E+3 42.000000E+0 0.000000E+0 0.000000E+0
508 65.500000E+3 42.000000E+0 0.000000E+0 0.000000E+0
509 65.500000E+3 42.000000E+0 0.000000E+0 0.000000E+0
510 65.500000E+3 42.000000E+0 0.000000E+0 0.000000E+0
511 65.500000E+3 42.000000E+0 0.000000E+0 0.000000E+0
512 65.493000E+3 42.000000E+0 0.000000E+0 0.000000E+0
513 65.500000E+3 42.000000E+0 0.000000E+0 0.000000E+0
514 65.500000E+3 42.000000E+0 0.000000E+0 0.000000E+0
515 65.500000E+3 42.000000E+0 0.000000E+0 0.000000E+0
516 65.500000E+3 42.000000E+0 0.000000E+0 0.000000E+0
517 65.500000E+3 42.000000E+0 0.000000E+0 0.000000E+0
518 65.500000E+3 42.000000E+0 0.000000E+0 0.000000E+0
519 65.500000E+3 42.000000E+0 0.000000E+0 0.000000E+0
520 65.507000E+3 42.000000E+0 0.000000E+0 0.000000E+0
521 65.507000E+3 42.000000E+0 0.000000E+0 0.000000E+0
522 65.507000E+3 42.000000E+0 0.000000E+0 0.000000E+0
523 65.507000E+3 42.000000E+0 0.000000E+0 0.000000E+0
524 65.507000E+3 42.000000E+0 0.000000E+0 0.000000E+0
525 65.507000E+3 42.000000E+0 0.000000E+0 0.000000E+0
526 65.514000E+3 42.000000E+0 0.000000E+0 0.000000E+0
527 65.514000E+3 42.000000E+0 0.000000E+0 0.000000E+0
528 65.514000E+3 42.000000E+0 0.000000E+0 0.000000E+0
529 65.514000E+3 42.000000E+0 0.000000E+0 0.000000E+0
530 65.521000E+3 42.000000E+0 0.000000E+0 0.000000E+0
531 65.521000E+3 42.000000E+0 0.000000E+0 0.000000E+0
532 65.521000E+3 42.000000E+0 0.000000E+0 0.000000E+0
533 65.528000E+3 42.000000E+0 0.000000E+0 0.000000E+0
534 7.000000E+0 42.000000E+0 0.000000E+0 0.000000E+0
535 0.000000E+0 42.000000E+0 0.000000E+0 0.000000E+0
536 14.000000E+0 42.000000E+0 0.000000E+0 0.000000E+0
537 14.000000E+0 42.000000E+0 0.000000E+0 0.000000E+0
538 21.000000E+0 35.000000E+0 0.000000E+0 0.000000E+0
539 14.000000E+0 35.000000E+0 0.000000E+0 0.000000E+0
540 35.000000E+0 35.000000E+0 0.000000E+0 0.000000E+0
541 28.000000E+0 35.000000E+0 0.000000E+0 0.000000E+0
542 56.000000E+0 28.000000E+0 0.000000E+0 0.000000E+0
543 49.000000E+0 28.000000E+0 0.000000E+0 0.000000E+0
544 84.000000E+0 21.000000E+0 0.000000E+0 0.000000E+0
545 63.000000E+0 21.000000E+0 0.000000E+0 0.000000E+0
546 98.000000E+0 14.000000E+0 0.000000E+0 0.000000E+0
547 70.000000E+0 7.000000E+0 0.000000E+0 0.000000E+0
548 126.000000E+0 65.528000E+3 0.000000E+0 0.000000E+0
549 91.000000E+0 0.000000E+0 0.000000E+0 0.000000E+0
550 168.000000E+0 65.514000E+3 0.000000E+0 0.000000E+0
551 126.000000E+0 0.000000E+0 0.000000E+0 0.000000E+0
552 217.000000E+0 65.486000E+3 0.000000E+0 0.000000E+0
553 161.000000E+0 65.521000E+3 0.000000E+0 0.000000E+0
554 210.000000E+0 65.507000E+3 0.000000E+0 0.000000E+0
555 147.000000E+0 65.528000E+3 0.000000E+0 0.000000E+0
556 126.000000E+0 91.000000E+0 0.000000E+0 0.000000E+0
557 84.000000E+0 63.000000E+0 0.000000E+0 0.000000E+0
558 0.000000E+0 232.000000E+0 0.000000E+0 0.000000E+0
559 65.528000E+3 126.000000E+0 0.000000E+0 0.000000E+0
560 65.395000E+3 330.000000E+0 0.000000E+0 0.000000E+0
561 65.423000E+3 175.000000E+0 0.000000E+0 0.000000E+0
562 65.282000E+3 372.000000E+0 0.000000E+0 0.000000E+0
563 65.346000E+3 203.000000E+0 0.000000E+0 0.000000E+0
564 65.198000E+3 393.000000E+0 0.000000E+0 0.000000E+0
565 65.289000E+3 203.000000E+0 0.000000E+0 0.000000E+0
566 65.170000E+3 365.000000E+0 0.000000E+0 0.000000E+0
567 65.268000E+3 203.000000E+0 0.000000E+0 0.000000E+0
568 65.156000E+3 358.000000E+0 0.000000E+0 0.000000E+0
569 65.268000E+3 189.000000E+0 0.000000E+0 0.000000E+0
570 65.163000E+3 309.000000E+0 0.000000E+0 0.000000E+0
571 65.275000E+3 168.000000E+0 0.000000E+0 0.000000E+0
572 65.170000E+3 260.000000E+0 0.000000E+0 0.000000E+0
573 65.275000E+3 147.000000E+0 0.000000E+0 0.000000E+0
574 65.184000E+3 189.000000E+0 0.000000E+0 0.000000E+0
575 65.282000E+3 112.000000E+0 0.000000E+0 0.000000E+0
576 65.212000E+3 119.000000E+0 0.000000E+0 0.000000E+0
577 65.296000E+3 84.000000E+0 0.000000E+0 0.000000E+0
578 65.254000E+3 42.000000E+0 0.000000E+0 0.000000E+0
579 65.332000E+3 42.000000E+0 0.000000E+0 0.000000E+0
580 65.311000E+3 65.486000E+3 0.000000E+0 0.000000E+0
581 65.367000E+3 65.521000E+3 0.000000E+0 0.000000E+0
582 65.367000E+3 65.381000E+3 0.000000E+0 0.000000E+0
583 65.402000E+3 65.479000E+3 0.000000E+0 0.000000E+0
584 65.430000E+3 65.325000E+3 0.000000E+0 0.000000E+0
585 65.444000E+3 65.451000E+3 0.000000E+0 0.000000E+0
586 65.500000E+3 65.275000E+3 0.000000E+0 0.000000E+0
587 65.507000E+3 65.430000E+3 0.000000E+0 0.000000E+0
588 56.000000E+0 65.205000E+3 0.000000E+0 0.000000E+0
589 28.000000E+0 65.402000E+3 0.000000E+0 0.000000E+0
590 126.000000E+0 65.184000E+3 0.000000E+0 0.000000E+0
591 84.000000E+0 65.395000E+3 0.000000E+0 0.000000E+0
592 182.000000E+0 65.191000E+3 0.000000E+0 0.000000E+0
593 119.000000E+0 65.381000E+3 0.000000E+0 0.000000E+0
594 210.000000E+0 65.219000E+3 0.000000E+0 0.000000E+0
595 288.000000E+0 65.402000E+3 0.000000E+0 0.000000E+0
596 217.000000E+0 65.289000E+3 0.000000E+0 0.000000E+0
597 140.000000E+0 65.430000E+3 0.000000E+0 0.000000E+0
598 196.000000E+0 65.402000E+3 0.000000E+0 0.000000E+0
599 133.000000E+0 65.479000E+3 0.000000E+0 0.000000E+0
600 175.000000E+0 0.000000E+0 0.000000E+0 0.000000E+0
601 119.000000E+0 7.000000E+0 0.000000E+0 0.000000E+0
602 147.000000E+0 63.000000E+0 0.000000E+0 0.000000E+0
603 91.000000E+0 49.000000E+0 0.000000E+0 0.000000E+0
604 119.000000E+0 70.000000E+0 0.000000E+0 0.000000E+0
605 77.000000E+0 49.000000E+0 0.000000E+0 0.000000E+0
606 98.000000E+0 56.000000E+0 0.000000E+0 0.000000E+0
607 63.000000E+0 42.000000E+0 0.000000E+0 0.000000E+0
608 77.000000E+0 42.000000E+0 0.000000E+0 0.000000E+0
609 56.000000E+0 35.000000E+0 0.000000E+0 0.000000E+0
610 77.000000E+0 42.000000E+0 0.000000E+0 0.000000E+0
611 49.000000E+0 35.000000E+0 0.000000E+0 0.000000E+0
612 56.000000E+0 42.000000E+0 0.000000E+0 0.000000E+0
613 42.000000E+0 42.000000E+0 0.000000E+0 0.000000E+0
614 42.000000E+0 35.000000E+0 0.000000E+0 0.000000E+0
615 28.000000E+0 35.000000E+0 0.000000E+0 0.000000E+0
616 35.000000E+0 42.000000E+0 0.000000E+0 0.000000E+0
617 35.000000E+0 35.000000E+0 0.000000E+0 0.000000E+0
618 42.000000E+0 35.000000E+0 0.000000E+0 0.000000E+0
619 42.000000E+0 35.000000E+0 0.000000E+0 0.000000E+0
620 35.000000E+0 35.000000E+0 0.000000E+0 0.000000E+0
621 28.000000E+0 35.000000E+0 0.000000E+0 0.000000E+0
622 35.000000E+0 35.000000E+0 0.000000E+0 0.000000E+0
623 28.000000E+0 35.000000E+0 0.000000E+0 0.000000E+0
624 14.000000E+0 35.000000E+0 0.000000E+0 0.000000E+0
625 14.000000E+0 35.000000E+0 0.000000E+0 0.000000E+0
626 7.000000E+0 35.000000E+0 0.000000E+0 0.000000E+0
627 0.000000E+0 35.000000E+0 0.000000E+0 0.000000E+0
628 7.000000E+0 35.000000E+0 0.000000E+0 0.000000E+0
629 7.000000E+0 35.000000E+0 0.000000E+0 0.000000E+0
630 7.000000E+0 35.000000E+0 0.000000E+0 0.000000E+0
631 7.000000E+0 35.000000E+0 0.000000E+0 0.000000E+0
632 21.000000E+0 35.000000E+0 0.000000E+0 0.000000E+0
633 21.000000E+0 35.000000E+0 0.000000E+0 0.000000E+0
634 28.000000E+0 35.000000E+0 0.000000E+0 0.000000E+0
635 28.000000E+0 35.000000E+0 0.000000E+0 0.000000E+0
636 42.000000E+0 28.000000E+0 0.000000E+0 0.000000E+0
637 42.000000E+0 28.000000E+0 0.000000E+0 0.000000E+0
638 42.000000E+0 28.000000E+0 0.000000E+0 0.000000E+0
639 35.000000E+0 28.000000E+0 0.000000E+0 0.000000E+0
640 56.000000E+0 21.000000E+0 0.000000E+0 0.000000E+0
641 28.000000E+0 21.000000E+0 0.000000E+0 0.000000E+0
642 56.000000E+0 14.000000E+0 0.000000E+0 0.000000E+0
643 42.000000E+0 14.000000E+0 0.000000E+0 0.000000E+0
644 91.000000E+0 7.000000E+0 0.000000E+0 0.000000E+0
645 63.000000E+0 7.000000E+0 0.000000E+0 0.000000E+0
646 126.000000E+0 65.528000E+3 0.000000E+0 0.000000E+0
647 98.000000E+0 0.000000E+0 0.000000E+0 0.000000E+0
648 161.000000E+0 65.507000E+3 0.000000E+0 0.000000E+0
649 119.000000E+0 0.000000E+0 0.000000E+0 0.000000E+0
650 232.000000E+0 65.486000E+3 0.000000E+0 0.000000E+0
651 161.000000E+0 65.521000E+3 0.000000E+0 0.000000E+0
652 217.000000E+0 65.500000E+3 0.000000E+0 0.000000E+0
653 154.000000E+0 65.528000E+3 0.000000E+0 0.000000E+0
654 133.000000E+0 98.000000E+0 0.000000E+0 0.000000E+0
655 91.000000E+0 70.000000E+0 0.000000E+0 0.000000E+0
656 7.000000E+0 225.000000E+0 0.000000E+0 0.000000E+0
657 7.000000E+0 126.000000E+0 0.000000E+0 0.000000E+0
658 65.388000E+3 330.000000E+0 0.000000E+0 0.000000E+0
659 65.423000E+3 175.000000E+0 0.000000E+0 0.000000E+0
660 65.289000E+3 379.000000E+0 0.000000E+0 0.000000E+0
661 65.353000E+3 189.000000E+0 0.000000E+0 0.000000E+0
662 65.205000E+3 400.000000E+0 0.000000E+0 0.000000E+0
663 65.296000E+3 210.000000E+0 0.000000E+0 0.000000E+0
664 65.163000E+3 393.000000E+0 0.000000E+0 0.000000E+0
665 65.261000E+3 203.000000E+0 0.000000E+0 0.000000E+0
666 65.142000E+3 365.000000E+0 0.000000E+0 0.000000E+0
667 65.254000E+3 196.000000E+0 0.000000E+0 0.000000E+0
668 65.156000E+3 316.000000E+0 0.000000E+0 0.000000E+0
669 65.268000E+3 175.000000E+0 0.000000E+0 0.000000E+0
670 65.163000E+3 274.000000E+0 0.000000E+0 0.000000E+0
671 65.275000E+3 161.000000E+0 0.000000E+0 0.000000E+0
672 65.184000E+3 196.000000E+0 0.000000E+0 0.000000E+0
673 65.282000E+3 112.000000E+0 0.000000E+0 0.000000E+0
674 65.212000E+3 119.000000E+0 0.000000E+0 0.000000E+0
675 65.296000E+3 84.000000E+0 0.000000E+0 0.000000E+0
676 65.254000E+3 35.000000E+0 0.000000E+0 0.000000E+0
677 65.325000E+3 42.000000E+0 0.000000E+0 0.000000E+0
678 65.311000E+3 65.479000E+3 0.000000E+0 0.000000E+0
679 65.367000E+3 65.521000E+3 0.000000E+0 0.000000E+0
680 65.374000E+3 65.388000E+3 0.000000E+0 0.000000E+0
681 65.402000E+3 65.479000E+3 0.000000E+0 0.000000E+0
682 65.430000E+3 65.325000E+3 0.000000E+0 0.000000E+0
683 65.444000E+3 65.444000E+3 0.000000E+0 0.000000E+0
684 65.500000E+3 65.268000E+3 0.000000E+0 0.000000E+0
685 65.500000E+3 65.423000E+3 0.000000E+0 0.000000E+0
686 49.000000E+0 65.219000E+3 0.000000E+0 0.000000E+0
687 28.000000E+0 65.402000E+3 0.000000E+0 0.000000E+0
688 126.000000E+0 65.191000E+3 0.000000E+0 0.000000E+0
689 77.000000E+0 65.388000E+3 0.000000E+0 0.000000E+0
690 175.000000E+0 65.184000E+3 0.000000E+0 0.000000E+0
691 119.000000E+0 65.388000E+3 0.000000E+0 0.000000E+0
692 210.000000E+0 65.212000E+3 0.000000E+0 0.000000E+0
693 140.000000E+0 65.395000E+3 0.000000E+0 0.000000E+0
694 217.000000E+0 65.282000E+3 0.000000E+0 0.000000E+0
695 140.000000E+0 65.423000E+3 0.000000E+0 0.000000E+0
696 196.000000E+0 65.395000E+3 0.000000E+0 0.000000E+0
697 126.000000E+0 65.479000E+3 0.000000E+0 0.000000E+0
698 175.000000E+0 0.000000E+0 0.000000E+0 0.000000E+0
699 112.000000E+0 7.000000E+0 0.000000E+0 0.000000E+0
700 140.000000E+0 63.000000E+0 0.000000E+0 0.000000E+0
701 91.000000E+0 49.000000E+0 0.000000E+0 0.000000E+0
702 119.000000E+0 63.000000E+0 0.000000E+0 0.000000E+0
703 77.000000E+0 49.000000E+0 0.000000E+0 0.000000E+0
704 98.000000E+0 63.000000E+0 0.000000E+0 0.000000E+0
705 63.000000E+0 42.000000E+0 0.000000E+0 0.000000E+0
706 77.000000E+0 42.000000E+0 0.000000E+0 0.000000E+0
707 56.000000E+0 35.000000E+0 0.000000E+0 0.000000E+0
708 77.000000E+0 35.000000E+0 0.000000E+0 0.000000E+0
709 49.000000E+0 35.000000E+0 0.000000E+0 0.000000E+0
710 56.000000E+0 42.000000E+0 0.000000E+0 0.000000E+0
711 42.000000E+0 42.000000E+0 0.000000E+0 0.000000E+0
712 42.000000E+0 35.000000E+0 0.000000E+0 0.000000E+0
713 28.000000E+0 35.000000E+0 0.000000E+0 0.000000E+0
714 35.000000E+0 42.000000E+0 0.000000E+0 0.000000E+0
715 28.000000E+0 35.000000E+0 0.000000E+0 0.000000E+0
716 42.000000E+0 35.000000E+0 0.000000E+0 0.000000E+0
717 35.000000E+0 35.000000E+0 0.000000E+0 0.000000E+0
718 35.000000E+0 35.000000E+0 0.000000E+0 0.000000E+0
719 28.000000E+0 35.000000E+0 0.000000E+0 0.000000E+0
720 28.000000E+0 35.000000E+0 0.000000E+0 0.000000E+0
721 21.000000E+0 35.000000E+0 0.000000E+0 0.000000E+0
722 14.000000E+0 35.000000E+0 0.000000E+0 0.000000E+0
723 14.000000E+0 35.000000E+0 0.000000E+0 0.000000E+0
724 7.000000E+0 35.000000E+0 0.000000E+0 0.000000E+0
725 7.000000E+0 35.000000E+0 0.000000E+0 0.000000E+0
726 7.000000E+0 35.000000E+0 0.000000E+0 0.000000E+0
727 0.000000E+0 35.000000E+0 0.000000E+0 0.000000E+0
728 7.000000E+0 35.000000E+0 0.000000E+0 0.000000E+0
729 7.000000E+0 35.000000E+0 0.000000E+0 0.000000E+0
730 21.000000E+0 35.000000E+0 0.000000E+0 0.000000E+0
731 14.000000E+0 35.000000E+0 0.000000E+0 0.000000E+0
732 28.000000E+0 35.000000E+0 0.000000E+0 0.000000E+0
733 28.000000E+0 35.000000E+0 0.000000E+0 0.000000E+0
734 42.000000E+0 28.000000E+0 0.000000E+0 0.000000E+0
735 35.000000E+0 28.000000E+0 0.000000E+0 0.000000E+0
736 49.000000E+0 28.000000E+0 0.000000E+0 0.000000E+0
737 35.000000E+0 28.000000E+0 0.000000E+0 0.000000E+0
738 49.000000E+0 21.000000E+0 0.000000E+0 0.000000E+0
739 28.000000E+0 21.000000E+0 0.000000E+0 0.000000E+0
740 56.000000E+0 14.000000E+0 0.000000E+0 0.000000E+0
741 42.000000E+0 14.000000E+0 0.000000E+0 0.000000E+0
742 84.000000E+0 7.000000E+0 0.000000E+0 0.000000E+0
743 63.000000E+0 14.000000E+0 0.000000E+0 0.000000E+0
744 126.000000E+0 65.528000E+3 0.000000E+0 0.000000E+0
745 91.000000E+0 0.000000E+0 0.000000E+0 0.000000E+0
746 168.000000E+0 65.507000E+3 0.000000E+0 0.000000E+0
747 112.000000E+0 65.528000E+3 0.000000E+0 0.000000E+0
748 232.000000E+0 65.486000E+3 0.000000E+0 0.000000E+0
749 161.000000E+0 65.521000E+3 0.000000E+0 0.000000E+0
750 225.000000E+0 65.507000E+3 0.000000E+0 0.000000E+0
751 154.000000E+0 65.528000E+3 0.000000E+0 0.000000E+0
752 133.000000E+0 91.000000E+0 0.000000E+0 0.000000E+0
753 84.000000E+0 70.000000E+0 0.000000E+0 0.000000E+0
754 7.000000E+0 217.000000E+0 0.000000E+0 0.000000E+0
755 0.000000E+0 126.000000E+0 0.000000E+0 0.000000E+0
756 65.388000E+3 330.000000E+0 0.000000E+0 0.000000E+0
757 65.423000E+3 182.000000E+0 0.000000E+0 0.000000E+0
758 65.282000E+3 379.000000E+0 0.000000E+0 0.000000E+0
759 65.353000E+3 189.000000E+0 0.000000E+0 0.000000E+0
760 65.198000E+3 400.000000E+0 0.000000E+0 0.000000E+0
761 65.296000E+3 210.000000E+0 0.000000E+0 0.000000E+0
762 65.156000E+3 393.000000E+0 0.000000E+0 0.000000E+0
763 65.268000E+3 210.000000E+0 0.000000E+0 0.000000E+0
764 65.156000E+3 351.000000E+0 0.000000E+0 0.000000E+0
765 65.268000E+3 196.000000E+0 0.000000E+0 0.000000E+0
766 65.156000E+3 316.000000E+0 0.000000E+0 0.000000E+0
767 65.268000E+3 175.000000E+0 0.000000E+0 0.000000E+0
768 65.163000E+3 267.000000E+0 0.000000E+0 0.000000E+0
769 65.268000E+3 154.000000E+0 0.000000E+0 0.000000E+0
770 65.184000E+3 189.000000E+0 0.000000E+0 0.000000E+0
771 65.282000E+3 112.000000E+0 0.000000E+0 0.000000E+0
772 65.205000E+3 126.000000E+0 0.000000E+0 0.000000E+0
773 65.296000E+3 84.000000E+0 0.000000E+0 0.000000E+0
774 65.254000E+3 42.000000E+0 0.000000E+0 0.000000E+0
775 65.332000E+3 42.000000E+0 0.000000E+0 0.000000E+0
776 65.303000E+3 65.486000E+3 0.000000E+0 0.000000E+0
777 65.360000E+3 65.521000E+3 0.000000E+0 0.000000E+0
778 65.374000E+3 65.388000E+3 0.000000E+0 0.000000E+0
779 65.402000E+3 65.479000E+3 0.000000E+0 0.000000E+0
780 65.437000E+3 65.325000E+3 0.000000E+0 0.000000E+0
781 65.444000E+3 65.451000E+3 0.000000E+0 0.000000E+0
782 65.500000E+3 65.268000E+3 0.000000E+0 0.000000E+0
783 65.500000E+3 65.423000E+3 0.000000E+0 0.000000E+0
784 56.000000E+0 65.219000E+3 0.000000E+0 0.000000E+0
785 35.000000E+0 65.402000E+3 0.000000E+0 0.000000E+0
786 126.000000E+0 65.191000E+3 0.000000E+0 0.000000E+0
787 84.000000E+0 65.388000E+3 0.000000E+0 0.000000E+0
788 182.000000E+0 65.191000E+3 0.000000E+0 0.000000E+0
789 119.000000E+0 65.388000E+3 0.000000E+0 0.000000E+0
790 210.000000E+0 65.212000E+3 0.000000E+0 0.000000E+0
791 140.000000E+0 65.395000E+3 0.000000E+0 0.000000E+0
792 225.000000E+0 65.289000E+3 0.000000E+0 0.000000E+0
793 147.000000E+0 65.430000E+3 0.000000E+0 0.000000E+0
794 196.000000E+0 65.402000E+3 0.000000E+0 0.000000E+0
795 126.000000E+0 65.479000E+3 0.000000E+0 0.000000E+0
796 175.000000E+0 0.000000E+0 0.000000E+0 0.000000E+0
797 112.000000E+0 7.000000E+0 0.000000E+0 0.000000E+0
798 147.000000E+0 63.000000E+0 0.000000E+0 0.000000E+0
799 91.000000E+0 42.000000E+0 0.000000E+0 0.000000E+0
800 119.000000E+0 63.000000E+0 0.000000E+0 0.000000E+0
801 84.000000E+0 49.000000E+0 0.000000E+0 0.000000E+0
802 98.000000E+0 56.000000E+0 0.000000E+0 0.000000E+0
803 63.000000E+0 49.000000E+0 0.000000E+0 0.000000E+0
804 77.000000E+0 42.000000E+0 0.000000E+0 0.000000E+0
805 56.000000E+0 35.000000E+0 0.000000E+0 0.000000E+0
806 77.000000E+0 42.000000E+0 0.000000E+0 0.000000E+0
807 49.000000E+0 35.000000E+0 0.000000E+0 0.000000E+0
808 56.000000E+0 42.000000E+0 0.000000E+0 0.000000E+0
809 42.000000E+0 42.000000E+0 0.000000E+0 0.000000E+0
810 42.000000E+0 35.000000E+0 0.000000E+0 0.000000E+0
811 28.000000E+0 35.000000E+0 0.000000E+0 0.000000E+0
812 35.000000E+0 42.000000E+0 0.000000E+0 0.000000E+0
813 35.000000E+0 35.000000E+0 0.000000E+0 0.000000E+0
814 42.000000E+0 35.000000E+0 0.000000E+0 0.000000E+0
815 35.000000E+0 35.000000E+0 0.000000E+0 0.000000E+0
816 35.000000E+0 35.000000E+0 0.000000E+0 0.000000E+0
817 28.000000E+0 35.000000E+0 0.000000E+0 0.000000E+0
818 35.000000E+0 35.000000E+0 0.000000E+0 0.000000E+0
819 21.000000E+0 35.000000E+0 0.000000E+0 0.000000E+0
820 14.000000E+0 35.000000E+0 0.000000E+0 0.000000E+0
821 14.000000E+0 28.000000E+0 0.000000E+0 0.000000E+0
822 7.000000E+0 35.000000E+0 0.000000E+0 0.000000E+0
823 0.000000E+0 35.000000E+0 0.000000E+0 0.000000E+0
824 7.000000E+0 28.000000E+0 0.000000E+0 0.000000E+0
825 7.000000E+0 28.000000E+0 0.000000E+0 0.000000E+0
826 7.000000E+0 28.000000E+0 0.000000E+0 0.000000E+0
827 7.000000E+0 35.000000E+0 0.000000E+0 0.000000E+0
828 21.000000E+0 28.000000E+0 0.000000E+0 0.000000E+0
829 21.000000E+0 35.000000E+0 0.000000E+0 0.000000E+0
830 35.000000E+0 35.000000E+0 0.000000E+0 0.000000E+0
831 28.000000E+0 35.000000E+0 0.000000E+0 0.000000E+0
832 42.000000E+0 28.000000E+0 0.000000E+0 0.000000E+0
833 35.000000E+0 28.000000E+0 0.000000E+0 0.000000E+0
834 42.000000E+0 28.000000E+0 0.000000E+0 0.000000E+0
835 28.000000E+0 21.000000E+0 0.000000E+0 0.000000E+0
836 49.000000E+0 14.000000E+0 0.000000E+0 0.000000E+0
837 28.000000E+0 14.000000E+0 0.000000E+0 0.000000E+0
838 56.000000E+0 14.000000E+0 0.000000E+0 0.000000E+0
839 42.000000E+0 14.000000E+0 0.000000E+0 0.000000E+0
840 91.000000E+0 7.000000E+0 0.000000E+0 0.000000E+0
841 63.000000E+0 14.000000E+0 0.000000E+0 0.000000E+0
842 126.000000E+0 65.528000E+3 0.000000E+0 0.000000E+0
843 98.000000E+0 0.000000E+0 0.000000E+0 0.000000E+0
844 168.000000E+0 65.514000E+3 0.000000E+0 0.000000E+0
845 112.000000E+0 65.528000E+3 0.000000E+0 0.000000E+0
846 232.000000E+0 65.486000E+3 0.000000E+0 0.000000E+0
847 168.000000E+0 65.514000E+3 0.000000E+0 0.000000E+0
848 217.000000E+0 65.507000E+3 0.000000E+0 0.000000E+0
849 154.000000E+0 65.528000E+3 0.000000E+0 0.000000E+0
850 133.000000E+0 98.000000E+0 0.000000E+0 0.000000E+0
851 91.000000E+0 70.000000E+0 0.000000E+0 0.000000E+0
852 7.000000E+0 225.000000E+0 0.000000E+0 0.000000E+0
853 0.000000E+0 126.000000E+0 0.000000E+0 0.000000E+0
854 65.388000E+3 337.000000E+0 0.000000E+0 0.000000E+0
855 65.423000E+3 175.000000E+0 0.000000E+0 0.000000E+0
856 65.289000E+3 386.000000E+0 0.000000E+0 0.000000E+0
857 65.353000E+3 196.000000E+0 0.000000E+0 0.000000E+0
858 65.205000E+3 386.000000E+0 0.000000E+0 0.000000E+0
859 65.296000E+3 203.000000E+0 0.000000E+0 0.000000E+0
860 65.156000E+3 400.000000E+0 0.000000E+0 0.000000E+0
861 65.261000E+3 210.000000E+0 0.000000E+0 0.000000E+0
862 65.142000E+3 365.000000E+0 0.000000E+0 0.000000E+0
863 65.261000E+3 196.000000E+0 0.000000E+0 0.000000E+0
864 65.156000E+3 316.000000E+0 0.000000E+0 0.000000E+0
865 65.268000E+3 175.000000E+0 0.000000E+0 0.000000E+0
866 65.163000E+3 274.000000E+0 0.000000E+0 0.000000E+0
867 65.275000E+3 154.000000E+0 0.000000E+0 0.000000E+0
868 65.184000E+3 189.000000E+0 0.000000E+0 0.000000E+0
869 65.282000E+3 112.000000E+0 0.000000E+0 0.000000E+0
870 65.212000E+3 126.000000E+0 0.000000E+0 0.000000E+0
871 65.296000E+3 84.000000E+0 0.000000E+0 0.000000E+0
872 65.261000E+3 42.000000E+0 0.000000E+0 0.000000E+0
873 65.332000E+3 42.000000E+0 0.000000E+0 0.000000E+0
874 65.311000E+3 65.486000E+3 0.000000E+0 0.000000E+0
875 65.367000E+3 65.521000E+3 0.000000E+0 0.000000E+0
876 65.374000E+3 65.388000E+3 0.000000E+0 0.000000E+0
877 65.409000E+3 65.472000E+3 0.000000E+0 0.000000E+0
878 65.437000E+3 65.325000E+3 0.000000E+0 0.000000E+0
879 65.444000E+3 65.444000E+3 0.000000E+0 0.000000E+0
880 65.500000E+3 65.261000E+3 0.000000E+0 0.000000E+0
881 65.500000E+3 65.430000E+3 0.000000E+0 0.000000E+0
882 56.000000E+0 65.212000E+3 0.000000E+0 0.000000E+0
883 28.000000E+0 65.402000E+3 0.000000E+0 0.000000E+0
884 126.000000E+0 65.191000E+3 0.000000E+0 0.000000E+0
885 77.000000E+0 65.388000E+3 0.000000E+0 0.000000E+0
886 182.000000E+0 65.184000E+3 0.000000E+0 0.000000E+0
887 119.000000E+0 65.388000E+3 0.000000E+0 0.000000E+0
888 210.000000E+0 65.212000E+3 0.000000E+0 0.000000E+0
889 140.000000E+0 65.395000E+3 0.000000E+0 0.000000E+0
890 225.000000E+0 65.282000E+3 0.000000E+0 0.000000E+0
891 147.000000E+0 65.423000E+3 0.000000E+0 0.000000E+0
892 196.000000E+0 65.395000E+3 0.000000E+0 0.000000E+0
893 126.000000E+0 65.479000E+3 0.000000E+0 0.000000E+0
894 175.000000E+0 0.000000E+0 0.000000E+0 0.000000E+0
895 112.000000E+0 7.000000E+0 0.000000E+0 0.000000E+0
896 147.000000E+0 63.000000E+0 0.000000E+0 0.000000E+0
897 91.000000E+0 42.000000E+0 0.000000E+0 0.000000E+0
898 119.000000E+0 63.000000E+0 0.000000E+0 0.000000E+0
899 77.000000E+0 49.000000E+0 0.000000E+0 0.000000E+0
900 91.000000E+0 56.000000E+0 0.000000E+0 0.000000E+0
901 63.000000E+0 42.000000E+0 0.000000E+0 0.000000E+0
902 77.000000E+0 42.000000E+0 0.000000E+0 0.000000E+0
903 56.000000E+0 35.000000E+0 0.000000E+0 0.000000E+0
904 77.000000E+0 42.000000E+0 0.000000E+0 0.000000E+0
905 49.000000E+0 35.000000E+0 0.000000E+0 0.000000E+0
906 56.000000E+0 42.000000E+0 0.000000E+0 0.000000E+0
907 42.000000E+0 42.000000E+0 0.000000E+0 0.000000E+0
908 42.000000E+0 35.000000E+0 0.000000E+0 0.000000E+0
909 28.000000E+0 35.000000E+0 0.000000E+0 0.000000E+0
910 35.000000E+0 42.000000E+0 0.000000E+0 0.000000E+0
911 28.000000E+0 35.000000E+0 0.000000E+0 0.000000E+0
912 42.000000E+0 35.000000E+0 0.000000E+0 0.000000E+0
913 42.000000E+0 35.000000E+0 0.000000E+0 0.000000E+0
914 35.000000E+0 35.000000E+0 0.000000E+0 0.000000E+0
915 28.000000E+0 35.000000E+0 0.000000E+0 0.000000E+0
916 35.000000E+0 35.000000E+0 0.000000E+0 0.000000E+0
917 21.000000E+0 35.000000E+0 0.000000E+0 0.000000E+0
918 14.000000E+0 35.000000E+0 0.000000E+0 0.000000E+0
919 7.000000E+0 35.000000E+0 0.000000E+0 0.000000E+0
920 7.000000E+0 35.000000E+0 0.000000E+0 0.000000E+0
921 0.000000E+0 35.000000E+0 0.000000E+0 0.000000E+0
922 7.000000E+0 35.000000E+0 0.000000E+0 0.000000E+0
923 7.000000E+0 35.000000E+0 0.000000E+0 0.000000E+0
924 7.000000E+0 35.000000E+0 0.000000E+0 0.000000E+0
925 7.000000E+0 35.000000E+0 0.000000E+0 0.000000E+0
926 21.000000E+0 35.000000E+0 0.000000E+0 0.000000E+0
927 21.000000E+0 35.000000E+0 0.000000E+0 0.000000E+0
928 28.000000E+0 35.000000E+0 0.000000E+0 0.000000E+0
929 28.000000E+0 35.000000E+0 0.000000E+0 0.000000E+0
930 42.000000E+0 28.000000E+0 0.000000E+0 0.000000E+0
931 35.000000E+0 28.000000E+0 0.000000E+0 0.000000E+0
932 42.000000E+0 28.000000E+0 0.000000E+0 0.000000E+0
933 35.000000E+0 28.000000E+0 0.000000E+0 0.000000E+0
934 49.000000E+0 21.000000E+0 0.000000E+0 0.000000E+0
935 28.000000E+0 21.000000E+0 0.000000E+0 0.000000E+0
936 56.000000E+0 14.000000E+0 0.000000E+0 0.000000E+0
937 42.000000E+0 14.000000E+0 0.000000E+0 0.000000E+0
938 84.000000E+0 7.000000E+0 0.000000E+0 0.000000E+0
939 63.000000E+0 14.000000E+0 0.000000E+0 0.000000E+0
940 126.000000E+0 65.528000E+3 0.000000E+0 0.000000E+0
941 98.000000E+0 0.000000E+0 0.000000E+0 0.000000E+0
942 168.000000E+0 65.514000E+3 0.000000E+0 0.000000E+0
943 119.000000E+0 0.000000E+0 0.000000E+0 0.000000E+0
944 225.000000E+0 65.486000E+3 0.000000E+0 0.000000E+0
945 168.000000E+0 65.521000E+3 0.000000E+0 0.000000E+0
946 217.000000E+0 65.507000E+3 0.000000E+0 0.000000E+0
947 154.000000E+0 65.528000E+3 0.000000E+0 0.000000E+0
948 126.000000E+0 98.000000E+0 0.000000E+0 0.000000E+0
949 84.000000E+0 63.000000E+0 0.000000E+0 0.000000E+0
950 7.000000E+0 217.000000E+0 0.000000E+0 0.000000E+0
951 0.000000E+0 126.000000E+0 0.000000E+0 0.000000E+0
952 65.388000E+3 330.000000E+0 0.000000E+0 0.000000E+0
953 65.423000E+3 175.000000E+0 0.000000E+0 0.000000E+0
954 65.289000E+3 379.000000E+0 0.000000E+0 0.000000E+0
955 65.353000E+3 196.000000E+0 0.000000E+0 0.000000E+0
956 65.205000E+3 386.000000E+0 0.000000E+0 0.000000E+0
957 65.289000E+3 210.000000E+0 0.000000E+0 0.000000E+0
958 65.156000E+3 393.000000E+0 0.000000E+0 0.000000E+0
959 65.268000E+3 210.000000E+0 0.000000E+0 0.000000E+0
960 65.142000E+3 358.000000E+0 0.000000E+0 0.000000E+0
961 65.268000E+3 196.000000E+0 0.000000E+0 0.000000E+0
962 65.149000E+3 316.000000E+0 0.000000E+0 0.000000E+0
963 65.275000E+3 168.000000E+0 0.000000E+0 0.000000E+0
964 65.163000E+3 260.000000E+0 0.000000E+0 0.000000E+0
965 65.275000E+3 154.000000E+0 0.000000E+0 0.000000E+0
966 65.184000E+3 189.000000E+0 0.000000E+0 0.000000E+0
967 65.282000E+3 112.000000E+0 0.000000E+0 0.000000E+0
968 65.212000E+3 119.000000E+0 0.000000E+0 0.000000E+0
969 65.303000E+3 84.000000E+0 0.000000E+0 0.000000E+0
970 65.261000E+3 35.000000E+0 0.000000E+0 0.000000E+0
971 65.332000E+3 35.000000E+0 0.000000E+0 0.000000E+0
972 65.311000E+3 65.479000E+3 0.000000E+0 0.000000E+0
973 65.367000E+3 65.521000E+3 0.000000E+0 0.000000E+0
974 65.374000E+3 65.388000E+3 0.000000E+0 0.000000E+0
975 65.409000E+3 65.479000E+3 0.000000E+0 0.000000E+0
976 65.437000E+3 65.318000E+3 0.000000E+0 0.000000E+0
977 65.444000E+3 65.444000E+3 0.000000E+0 0.000000E+0
978 65.500000E+3 65.261000E+3 0.000000E+0 0.000000E+0
979 65.500000E+3 65.423000E+3 0.000000E+0 0.000000E+0
980 56.000000E+0 65.212000E+3 0.000000E+0 0.000000E+0
981 35.000000E+0 65.402000E+3 0.000000E+0 0.000000E+0
982 126.000000E+0 65.191000E+3 0.000000E+0 0.000000E+0
983 84.000000E+0 65.381000E+3 0.000000E+0 0.000000E+0
984 175.000000E+0 65.184000E+3 0.000000E+0 0.000000E+0
985 119.000000E+0 65.381000E+3 0.000000E+0 0.000000E+0
986 210.000000E+0 65.205000E+3 0.000000E+0 0.000000E+0
987 140.000000E+0 65.395000E+3 0.000000E+0 0.000000E+0
988 217.000000E+0 65.282000E+3 0.000000E+0 0.000000E+0
989 140.000000E+0 65.430000E+3 0.000000E+0 0.000000E+0
990 196.000000E+0 65.395000E+3 0.000000E+0 0.000000E+0
991 126.000000E+0 65.472000E+3 0.000000E+0 0.000000E+0
992 175.000000E+0 0.000000E+0 0.000000E+0 0.000000E+0
993 112.000000E+0 7.000000E+0 0.000000E+0 0.000000E+0
994 147.000000E+0 63.000000E+0 0.000000E+0 0.000000E+0
995 98.000000E+0 49.000000E+0 0.000000E+0 0.000000E+0
996 119.000000E+0 70.000000E+0 0.000000E+0 0.000000E+0
997 84.000000E+0 49.000000E+0 0.000000E+0 0.000000E+0
998 98.000000E+0 56.000000E+0 0.000000E+0 0.000000E+0
999 63.000000E+0 42.000000E+0 0.000000E+0 0.000000E+0
1000 77.000000E+0 42.000000E+0 0.000000E+0 0.000000E+0
