0.0 0.0 0.0 0.0 -0.010123645871974929
0.02 0.0 0.0 0.0 -0.010123645871974929
0.04 0.010123645871974929 0.0 0.0 0.0
0.06 -0.18367186082011655 -0.16197833395159886 0.3345428012408001 0.3359890363653679
0.08 -0.09611606219233448 -0.12326225757369529 0.06299553983230148 0.10135015699719213
0.1 -0.18155149694312428 -0.21704283108646386 0.20842648176497022 0.236657453057886
0.12 -0.04515597606546366 -0.10089460195275311 -0.06410452730246875 -0.06722824128441818
0.14 -0.09009682732835372 -0.1753171372765699 0.09636879879687675 0.10238498302796198
0.16 0.027829908915353137 -0.07763769277681291 -0.16667352286934303 -0.16065733863825793
0.18 -0.04481411929846747 -0.15172795611520135 0.041815578801240635 0.027584471288375895
0.2 0.04540943999430881 -0.041589377063903504 -0.19444200669663134 -0.167194783062656
0.22 -0.05493776517044243 -0.13414842503624572 0.01601459029183316 0.03869186481929121
0.24 0.02605140180535699 -0.023120592429949783 -0.18235086550677562 -0.15510364187280026
0.26 -0.05493776517044243 -0.09543234865834212 0.0068746920787986065 0.04979925835020652
0.28 0.035285794122333874 -0.0037625542409979898 -0.18692081461329288 -0.14497999600082534
0.3 -0.03557972698149059 -0.09543234865834212 0.04378307411912145 0.029551966606256704
0.32 0.04540943999430881 -0.0028733006859999154 -0.15001243257297006 -0.13387260246991
0.34 -0.024566827554517653 -0.08530870278636721 0.04019687267154455 0.04164310779611237
0.36 0.05642233942128179 -0.0028733006859999154 -0.1490286849140297 -0.12178146128005432
0.38 -0.014443181682542697 -0.08297321410680127 0.045750569437002106 0.04262685545505277
0.4 0.05642233942128179 -0.0019840471310018414 -0.13335134227659712 -0.11622776451459677
0.42 -0.04303561218847137 -0.07284956823482636 0.04673431709594247 0.05373424898596804
0.44 0.03795355478732807 0.008139598740973069 -0.13236759461765674 -0.10512037098368145
0.46 -0.032022712761498345 -0.07196031467982827 0.04771806475488292 0.04314811564836566
0.48 0.038842808342326174 -0.01032918589298065 -0.12126020108674146 -0.11426026919671596
0.5 -0.0412571050784752 -0.09042909931378197 0.027008285545305582 0.028454520669873452
0.52 0.020374023708372452 -0.03892161639890928 -0.1147227566623434 -0.10315287566580064
0.54 -0.04960224384045399 -0.09877423807576081 0.04922307260713616 0.03499196509427142
0.56 0.0010159855194206337 -0.038032362843911253 -0.09806166636597048 -0.08649178536942771
0.58 -0.05883663615743087 -0.0886505922037859 0.04008317439410165 0.02585206688123691
0.6 0.001905239074418684 -0.03714310928891318 -0.08695427283505516 -0.08550803771048732
0.62 -0.05883663615743087 -0.07763769277681291 0.035513225287584355 0.03238951130563492
0.64 0.001905239074418684 -0.036253855733915104 -0.08597052517611478 -0.06884694741411435
0.66 -0.04782373673045789 -0.07674843922181479 0.03192702384000746 0.049050601602007894
0.68 0.012918138501391691 -0.045488248050891945 -0.07943308075171675 -0.062309502989716305
0.7 -0.04693448317545979 -0.07585918566681672 0.03291077149894786 0.03991070338897334
0.72 0.0036837461844148557 -0.03447534862391896 -0.06277199045534378 -0.05577205856531829
0.74 -0.04604522962046174 -0.08420432442879555 0.029324570051370936 0.03632450194139646
0.76 -0.004661392577563954 -0.043709740940895817 -0.05623454603094576 -0.03911096826894533
0.78 -0.04426672251046559 -0.07319142500182255 0.035862014475769 0.042861946365794504
0.8 -0.0037721390225658796 -0.052054879702874604 -0.0496971016065477 -0.032573523844547286
0.82 -0.04337746895546752 -0.10178385550775118 0.03227581302819205 0.03927574491821756
0.84 -0.0222409236565196 -0.061289272019851466 -0.03303601131017478 -0.026036079420149252
0.86 -0.051722607717446314 -0.09077095608077818 0.03424330834607281 0.03568954347064066
0.88 -0.030586062418498386 -0.06963441078183025 -0.020944870120319085 -0.025052331761208895
0.9 -0.06006774647942511 -0.08899244897078204 0.030657106898495937 0.02654964525760613
0.92 -0.03982045473547524 -0.0687451572268322 -0.01440742569592105 -0.018514887336810858
0.94 -0.05917849292442704 -0.08810319541578397 0.03262460221637668 0.028517140575486877
0.96 -0.03804194762547912 -0.06785590367183413 -0.002316284506065369 -0.006423746146955178
0.98 -0.04727633994245598 -0.07709029598881098 0.04471574340623239 0.01480729325593507
1.0 -0.037152694070481045 -0.07620104243381291 0.019898502555765234 0.005667395042900515
1.02 -0.04638708638745791 -0.055953750689863066 0.020882250214705626 0.022328485339273473
1.04 -0.04549783283245983 -0.06429888945184185 0.021865997873646 0.033435878870188784
1.06 -0.04460857927746177 -0.07353328176881871 0.0329733914045613 0.0399733232945868
1.08 -0.05384297159443863 -0.07264402821382064 0.04963448170093426 0.04552702006004446
1.1 -0.05384297159443863 -0.07264402821382064 0.05518817846639191 0.040957070953527186
1.12 -0.05295371803944056 -0.0818784205307975 0.06074187523184957 0.046510767718984845
1.14 -0.05295371803944056 -0.09111281284777435 0.06074187523184957 0.046510767718984845
1.16 -0.07231175622839235 -0.09111281284777435 0.06074187523184957 0.05206446448444249
1.18 -0.07231175622839235 -0.09111281284777435 0.06074187523184957 0.05206446448444249
1.2 -0.07231175622839235 -0.09111281284777435 0.06074187523184957 0.05206446448444249
1.22 -0.05206446448444249 -0.09111281284777435 0.06074187523184957 0.05206446448444249
1.24 -0.05206446448444249 -0.09111281284777435 0.06074187523184957 0.05206446448444249
1.26 -0.062188110356417414 -0.09111281284777435 0.06074187523184957 0.05206446448444249
1.28 -0.05206446448444249 -0.09111281284777435 0.06074187523184957 0.05206446448444249
1.3 -0.05206446448444249 -0.12148375046369914 0.06074187523184957 0.08243540210036727
1.32 -0.05206446448444249 -0.11136010459172423 0.06074187523184957 0.0667580594629347
1.34 -0.05206446448444249 -0.17299123337857186 0.06074187523184957 0.13663983290781884
1.36 -0.05206446448444249 -0.13427515700066828 0.06074187523184957 0.05923686737959629
1.38 -0.05206446448444249 -0.21704283108646386 0.06074187523184957 0.14838218490948987
1.4 -0.062188110356417414 -0.1387214247756586 0.06074187523184957 0.034070837340944536
1.42 -0.05206446448444249 -0.23483748696799311 0.06074187523184957 0.11766245810538047
1.44 -0.05206446448444249 -0.1348225537886702 0.050618229359874645 -0.0012188385696821544
1.46 -0.04194081861246756 -0.2300493624260066 0.06074187523184957 0.09903387249112679
1.48 -0.04194081861246756 -0.1416043102432264 0.050618229359874645 -0.03911096826894533
1.5 -0.04194081861246756 -0.22437198432902197 0.050618229359874645 0.04644814781337137
1.52 -0.03181717274049263 -0.10555599453031708 0.050618229359874645 -0.05021836179986064
1.54 -0.03181717274049263 -0.17908927629913576 0.050618229359874645 0.011507261090929321
1.56 -0.03181717274049263 -0.059384032945432756 0.050618229359874645 -0.048250866481979855
1.58 -0.021693526868517703 -0.1311388076042553 0.050618229359874645 0.0043348581957755265
1.6 -0.021693526868517703 -0.04002599475648096 0.050618229359874645 -0.01949863499575124
1.62 -0.011569880996542775 -0.12012590817728232 0.050618229359874645 -0.027654785549845403
1.64 -0.021693526868517703 -0.027566860204940105 0.050618229359874645 -0.02013359346650701
1.66 -0.011569880996542775 -0.08797646345136138 0.050618229359874645 -0.04442957412366123
1.68 -0.011569880996542775 -0.014775453667971021 0.050618229359874645 -0.016661090296372957
1.7 -0.009234392316976859 -0.05260227649087649 0.050618229359874645 -0.0855591160823167
1.72 -0.020804273313519635 -0.020452831764955562 0.050618229359874645 -0.0071724028951537944
1.74 0.0008892535549980681 -0.03714310928891318 0.06074187523184957 -0.11558126451005687
1.76 -0.008345138761978791 -0.04459899449589389 0.050618229359874645 0.024531071567895985
1.78 0.011902152981971064 -0.06040001846485338 0.040494583487899714 -0.09955513268443969
1.8 -0.01757953107895565 -0.08721394186078592 0.040494583487899714 0.0764818377748956
1.82 0.0035570142199922725 -0.054175243579866916 0.040494583487899714 -0.0688354058803303
1.84 -0.025924669840934444 -0.07264402821382064 0.040494583487899714 0.10621781692006466
1.86 0.005335521329988409 0.0 0.030370937615924784 -0.035513225287584355
1.88 -0.025035416285936377 -0.010123645871974929 0.030370937615924784 0.13300255308841252
1.9 0.02647206662893634 0.06396661746641355 0.030370937615924784 -0.019835882650151786
1.92 -0.03249130149291709 0.015126895216535053 0.030370937615924784 0.14769614806690473
1.94 0.03926347316590547 0.0684128852414039 0.0 0.08041682841065713
1.96 -0.029823540827922893 0.000215124802573607 0.015677342637432583 0.15029860185554125
1.98 0.08331507087379746 0.033253823083492604 -0.010586133337602397 0.13167001624128752
2.0 -0.015253627180957638 -0.03583319091033576 0.022214787061830613 0.12316507649900874
2.02 0.12825592213668757 0.006439899687560055 -0.018742283891696576 0.175864499454207
2.04 -0.009918105850969217 -0.0534127219892914 0.04998327088911887 0.09551029094916333
2.06 0.13592693214624185 0.03858934441348105 -0.02134473768033308 0.17354821494814163
2.08 -0.03317501502690945 -0.04151056900732034 0.056058227847889434 0.05825311972065591
2.1 0.04269375542147518 0.030244205651502196 0.026671037890905035 0.08110286525324228
2.12 -0.10793940711772236 -0.06921374595825094 0.08839666078169497 -0.0018537970404379008
2.14 -0.12818669886167217 0.0016517751455735648 0.12935373173522216 0.02296344381002923
2.16 -0.21006511939246972 -0.07844813827522779 0.1015852479079339 -0.022101088784387758
2.18 -0.2558952242103579 -0.027829908915353137 0.20999410952283698 0.004683647383960135
2.2 -0.2115017697354697 -0.08946103770220082 0.0891453175298936 -0.004456250829074419
2.22 -0.3221877455747695 -0.05997935364127409 0.22138767233632342 0.01220483946729854
2.24 -0.17922559304512622 -0.10136319068417188 0.023135914815157522 0.018742283891696576
2.26 -0.31939325294535265 -0.08200515249522006 0.1522545556396379 0.02429598065715423
2.28 -0.13449028180324188 -0.10403095134916607 -0.061153284325647664 0.0252797283160946
2.3 -0.2949052334474182 -0.04595683678231069 0.10585748619809593 0.040957070953527186
2.32 -0.07006466038697746 -0.06798263563625669 -0.09545921257733393 0.040957070953527186
2.34 -0.22814412335158787 -0.02926655925835312 0.04771806475488292 0.046510767718984845
2.36 0.008598602690823976 -0.050403104557301036 -0.10101290934279158 0.05206446448444249
2.38 -0.1468130996087923 -0.031045066368349247 0.00676099380135576 0.05206446448444249
2.4 0.07146084179966578 -0.032823573478345386 -0.08793802049399557 0.04194081861246756
2.42 -0.10153039157890606 0.01690540232653119 -0.018691205519867166 0.030833425081552252
2.44 0.06968233468966963 0.025250541088509975 -0.06178824279640342 0.03638712184700991
2.46 -0.09051749215193307 0.054732225149436695 -0.06896064569155724 0.03638712184700991
2.48 0.07146084179966578 -0.005120396527414807 -0.050332060077303495 0.04194081861246756
2.5 -0.04824440155403728 -0.032823573478345386 -0.09846153392598446 0.04194081861246756
2.52 0.10361028652558665 -0.07153964985624896 -0.016661090296372957 0.04194081861246756
2.54 0.04464691840373325 -0.051292358112299104 -0.12096249027038625 0.03181717274049263
2.56 0.13898447348607165 -0.062305257539272095 0.025687290231964643 0.03181717274049263
2.58 0.0725652201572375 -0.032823573478345386 -0.1121087613399228 0.03181717274049263
2.6 0.09814803323117577 -0.05307086522229524 0.07960555175684504 0.03181717274049263
2.62 0.04363093288431268 -0.0033418894174186654 -0.06929789334595776 0.03181717274049263
2.64 0.028719162470351237 -0.024478434716366595 0.13711001472930234 0.03181717274049263
2.66 0.023041784373366625 0.02613979464350805 -0.02388457156335615 0.021693526868517703
2.68 -0.0028828854675678056 -0.0033418894174186654 0.17598589208750592 0.021693526868517703
2.7 0.031045066368349247 0.058289239369428966 0.028701153114399254 0.0
2.72 -0.005892502899558194 0.008560263564552393 0.19166323472493843 0.011569880996542775
2.74 0.03871607637790358 0.08120429177837303 0.10413662332474102 0.005553696765457653
2.76 0.0 0.012117277784544665 0.19883563762009226 0.005553696765457653
2.78 0.05328599002486884 0.09488495187034024 0.16452970936840597 -0.019263544085009476
2.8 -0.014022516858963373 -0.0036837461844148557 0.16059471873264447 0.0065374444243980305
2.82 0.04849786548288233 0.13982580313323034 0.19761679905041016 -0.0329733914045613
2.84 -0.039947186699897816 0.0016517751455735648 0.1162788428864261 0.02418228237971137
2.86 0.04282048738589774 0.14838606669778268 0.1675320307170565 -0.030022148427740168
2.88 -0.05574821066885735 -0.011481488158391758 0.062360581361545715 0.04738081710048235
2.9 0.007661425227986452 0.08374532047894462 0.07965663012867444 0.007869981271523026
2.92 -0.09179652638176672 -0.047529803871301124 -0.008853728930463394 0.06404190739685532
2.94 -0.030165397594919083 -0.06777709561525094 0.0012699169415115404 0.12524627009433237
2.96 -0.1194997033326973 -0.13029747795709673 -0.023547323908955604 0.1085851797979594
2.98 -0.059647081655845785 -0.2249673050248633 0.013361058131367221 0.20131669877542988
3.0 -0.11115456457071851 -0.1906974964219501 0.009774856683790313 0.09614524941991912
3.02 -0.07243848819281494 -0.31061786457822665 0.026435946980163275 0.23851125009832386
3.04 -0.12394597110768764 -0.19713739610951017 0.02741969463910365 0.04025949257715796
3.06 -0.08434064117478596 -0.3575523477536865 0.02284974553258638 0.18962542514558822
3.08 -0.11560083234570884 -0.2012418071175043 0.02840344229804403 -0.04958340332910488
3.1 -0.07777400952280333 -0.36165675876168063 0.03395713906350169 0.10175002455720615
3.12 -0.08967616250477439 -0.14693983157321483 0.04506453259441699 -0.08944302834624882
3.14 -0.05096008612687082 -0.3151429404098001 0.06074187523184957 0.04216436798942526
3.16 -0.07209663142581874 -0.08852386023936332 0.06074187523184957 -0.10969032009019868
3.18 -0.04261494736489203 -0.24627105121854534 0.050618229359874645 0.0036372798194063308
3.2 -0.053627846791865025 -0.017316482368542614 0.050618229359874645 -0.09106173447594497
3.22 -0.03426980860291323 -0.17239591268273047 0.050618229359874645 -0.03749226213924919
3.24 -0.0351590621579113 0.028855479216341663 0.050618229359874645 -0.06491195677835282
3.26 -0.025035416285936377 -0.1027519171193324 0.050618229359874645 -0.06653066290804897
3.28 -0.0351590621579113 0.05922641683226644 0.050618229359874645 -0.03222473465636269
3.3 -0.025035416285936377 -0.06971321883841336 0.050618229359874645 -0.10060150024899352
3.32 -0.04528270802988623 0.0535490387352819 0.050618229359874645 -0.015677342637432583
3.34 -0.025924669840934444 -0.014648721703548438 0.050618229359874645 -0.13420985012431058
3.36 -0.03604831571290937 0.059773813620268325 0.050618229359874645 0.006886233612582634
3.38 -0.014911770413961446 0.0034782061634090916 0.050618229359874645 -0.1465871605967374
3.4 -0.04528270802988623 0.03974164667889211 0.040494583487899714 0.05623454603094576
3.42 -0.014022516858963373 0.0036933309659826982 0.040494583487899714 -0.11436242594037475
3.44 -0.04439345447488816 0.008139598740973069 0.040494583487899714 0.10916905989688575
3.46 0.006224774884986483 0.003351474198986532 0.030370937615924784 -0.06339540739231549
3.48 -0.023256909175940234 -0.03269684151392281 0.030370937615924784 0.16927597665797953
3.5 0.018126927866957552 0.002120363876992315 0.020247291743949857 0.001743945940923012
3.52 -0.03160204793791903 -0.034817205390915124 0.020247291743949857 0.18495331929541212
3.54 0.06040001846485338 0.018468784633953718 0.005553696765457653 0.09187301112975699
3.56 -0.018810641400949887 0.0 0.015677342637432583 0.18101832865965065
3.58 0.10445161617274537 0.06396661746641355 -0.010586133337602397 0.16695969215191422
3.6 -0.023598765942936376 0.025250541088509975 0.027768483827288266 0.1473473588787201
3.62 0.11301187973729776 0.07853653111337883 -0.033435878870188784 0.21931032591892785
3.64 -0.03673202924690175 0.000215124802573607 0.03384344078605883 0.1278487238829689
3.66 0.14037319992123212 0.07374840657139232 -0.046161978530800236 0.1937955066920915
3.68 -0.03974164667889211 -0.023931037928364724 0.06259567227228748 0.07294671469914811
3.7 0.07573245370239419 0.05883663615743087 0.018514887336810858 0.09481271257279411
3.72 -0.09514800058075322 -0.04985570776929916 0.10048780197155067 -0.003821292358318648
3.74 -0.11450603876970507 0.0016517751455735648 0.14699856969053549 0.01087230262017354
3.76 -0.1972737128555006 -0.08768253059220467 0.11923008586324724 -0.03419222997424345
3.78 -0.27258550173431545 -0.017706263043378204 0.216531553947235 -0.007407493805895546
3.8 -0.22908130081442538 -0.08857178414720272 0.09012906518883398 -0.01556364435998972
3.82 -0.34065653020872316 -0.048966454214301104 0.23706501497375604 0.01122109180835816
3.84 -0.2179416694230298 -0.11059758300114873 0.028689611580615178 0.01775853623275619
3.86 -0.3589985828782543 -0.0709922530682471 0.16694815061813012 0.018742283891696576
3.88 -0.15473757354719175 -0.10314169779416796 -0.06213703198458804 0.014172334785179293
3.9 -0.3059181328743911 -0.06442562141626444 0.10388999088021522 0.035403374188069534
3.92 -0.07184316749697361 -0.0864514202702104 -0.09742670789521474 0.030833425081552252
3.94 -0.25016992220553386 -0.047735343892306825 0.05130426620245986 0.040957070953527186
3.96 0.016054487897804663 -0.049513851002302975 -0.11767399963916461 0.03638712184700991
3.98 -0.17061740557273442 -0.030155812813351182 0.0002235493769577 0.04194081861246756
4.0 0.06790382757967348 -0.04116871224032418 -0.09447546491839355 0.04194081861246756
4.02 -0.10597665935389647 0.00767101000955433 -0.03078234670972286 0.03181717274049263
4.04 0.09471775097560606 0.006781756454556256 -0.07844933309277637 0.04194081861246756
4.06 -0.06637132942099476 0.05562147870443476 -0.07451434245701485 0.04194081861246756
4.08 0.09649625808560211 0.00500324934456012 -0.050332060077303495 0.04194081861246756
4.1 -0.033332631140075814 -0.0134655352893936 -0.1085851797979594 0.03181717274049263
4.12 0.11941131049454624 -0.05218161166729717 -0.016661090296372957 0.03181717274049263
4.14 0.041089904183741 -0.051292358112299104 -0.1412097820143361 0.03181717274049263
4.16 0.14644035869305239 -0.062305257539272095 0.0312409869974223 0.03181717274049263
4.18 0.06845122436767541 -0.02269992760637046 -0.11667871044644011 0.03181717274049263
4.2 0.09548027256618155 -0.042947219350320316 0.08614299618124308 0.03181717274049263
4.22 0.06121046396326833 -0.012576281734395525 -0.08300774066550957 0.021693526868517703
4.24 0.04629869354930686 -0.023589181161368527 0.15377110502567526 0.021693526868517703
4.26 0.04151056900732034 0.027918301753504186 -0.03759441888290801 0.021693526868517703
4.28 0.015585899166385914 -0.002452635862420603 0.18807703327736155 0.021693526868517703
4.3 0.030155812813351182 0.049054847052452104 0.03622234519773762 0.0
4.32 -0.006781756454556256 -0.0006741287524244671 0.22955536442420166 0.011569880996542775
4.34 0.03871607637790358 0.0820935453333711 0.11622776451459677 -0.004569949106517275
4.36 0.0 0.01300653133954274 0.2154967279164652 0.011107393530915307
4.38 0.05328599002486884 0.11602149716928815 0.18576074877129622 -0.023833493191526754
4.4 -0.014911770413961446 0.007329153242558152 0.1777182964946449 0.012091141189855685
4.42 0.04849786548288233 0.16329783711174414 0.22798773666633496 -0.04766698638305351
4.44 -0.039947186699897816 0.004319535810567787 0.13097243786491827 0.03528967591062668
4.46 0.05294413325787268 0.1611774732347518 0.20247291743949858 -0.04928569251274963
4.48 -0.045624564796882414 -0.007924473938399462 0.060393086043664945 0.04379461565290546
4.5 0.027908716971936295 0.11767327231486174 0.06756548893881874 -0.005839866048028817
4.52 -0.08078362695479373 -0.03240290865476605 -0.026498566885776745 0.07613304858671101
4.54 -0.028386890484922937 -0.03240290865476605 -0.0062512751418269 0.12264381630569585
4.56 -0.11861044977769922 -0.11661681786512944 -0.0356384650988113 0.11055267511584015
4.58 -0.06799222041782457 -0.2306446831218479 -0.0033000321650057487 0.22353148583726049
4.6 -0.13885774152164906 -0.2157329127078865 -0.006886233612582634 0.11280633971629207
4.62 -0.07989437339979563 -0.345776926736138 0.009774856683790313 0.23492504865074695
4.64 -0.12216746399769152 -0.23318571182241954 0.01631230110818834 0.056920582873530905
4.66 -0.09357503349176284 -0.3751318788326422 0.0329733914045613 0.21085646454847845
4.68 -0.11560083234570884 -0.20035255356250628 0.02840344229804403 -0.023782414819697357
4.7 -0.07688475596780525 -0.3607675052066826 0.03395713906350169 0.12656726540767332
4.72 -0.08878690894977632 -0.14693983157321483 0.03951083582895934 -0.0803031301332142
4.74 -0.06019447844384767 -0.3142536868548022 0.05518817846639191 0.05732045043354489
4.76 -0.08133102374279562 -0.08852386023936332 0.06074187523184957 -0.11165781540807938
4.78 -0.04172569380989395 -0.24627105121854534 0.050618229359874645 0.001669784501525524
4.8 -0.06286223910884188 -0.017316482368542614 0.040494583487899714 -0.0930292297938257
4.82 -0.024146162730938305 -0.1926432044266804 0.050618229359874645 -0.023782414819697357
4.84 -0.0351590621579113 0.008608187472391747 0.050618229359874645 -0.07700309796820852
4.86 0.0044462677749903465 -0.12444544398785015 0.050618229359874645 -0.058374512353954786
4.88 -0.025924669840934444 0.06846080914924337 0.050618229359874645 -0.03974592673970111
4.9 -0.025035416285936377 -0.06136808007643464 0.050618229359874645 -0.08787540058838206
4.92 -0.04528270802988623 0.09137586155818728 0.050618229359874645 -0.027768483827288266
4.94 -0.0351590621579113 -0.01642722881354468 0.050618229359874645 -0.12605369957021642
4.96 -0.04528270802988623 0.07735334469922397 0.050618229359874645 -0.005204907577273036
4.98 -0.0351590621579113 0.010934091370389875 0.050618229359874645 -0.13843101004264324
5.0 -0.04528270802988623 0.05732117775784771 0.040494583487899714 0.04871335394760737
5.02 -0.014911770413961446 0.021272862044938345 0.040494583487899714 -0.0946363943897378
5.04 -0.04439345447488816 0.016484737502951877 0.040494583487899714 0.10164786781354737
5.06 -0.003898870986988451 0.01080735940596729 0.030370937615924784 -0.08561019445414607
5.08 -0.024146162730938305 -0.01422805687996909 0.030370937615924784 0.1415074928306913
5.1 0.01723767431195948 0.0003418567669961785 0.020247291743949857 0.015453793260474915
5.12 -0.03249130149291709 -0.03659571250091127 0.020247291743949857 0.17841587487101418
5.14 0.04938711903788041 0.007455885206980723 0.0 0.09088926347081666
5.16 -0.01969989495594796 -0.011012899426972996 0.015677342637432583 0.17546463189419298
5.18 0.09343871674577241 0.062188110356417414 -0.0004624874656274695 0.1411587036425067
5.2 -0.02537727305293257 0.01423764166153698 0.03233843293380554 0.1473473588787201
5.22 0.10889788394773572 0.08688166987535761 -0.018742283891696576 0.20004678183391839
5.24 -0.03851053635689787 0.008560263564552393 0.03285969312711845 0.1343861683073669
5.26 0.11745814751228814 0.09221719120534602 -0.042575777083223326 0.1902093052445146
5.28 -0.05164379966086312 -0.015585899166385914 0.04038088521045687 0.08503785588900381
5.3 0.04269375542147518 0.04782373673045789 0.026671037890905035 0.09221025878415759
5.32 -0.09870501480074552 -0.06086860719627216 0.08839666078169497 0.01382354559699469
5.34 -0.10882866067272043 0.010886167462550424 0.1394773776071971 0.012839797938054322
5.36 -0.1814726888865411 -0.07933739183022588 0.1015852479079339 -0.022101088784387758
5.38 -0.2567844777653559 -0.018595516598376303 0.21456405862935427 -0.0008700493814975212
5.4 -0.22396090428701057 -0.08946103770220082 0.08359162076443596 -0.004456250829074419
5.42 -0.31295335325779255 -0.050744961324297226 0.21583397557086575 0.01775853623275619
5.44 -0.19023849247209923 -0.10136319068417188 0.013012268943182612 0.018742283891696576
5.46 -0.3211717600553488 -0.06264711430626824 0.1623782015116129 0.029849677422611878
5.48 -0.12614514304126312 -0.10403095134916607 -0.05102963845367273 0.0252797283160946
5.5 -0.2865600946854394 -0.04595683678231069 0.10030378943263828 0.035403374188069534
5.52 -0.07184316749697361 -0.07721702795323354 -0.10101290934279158 0.030833425081552252
5.54 -0.23915702277856096 -0.0486245974473049 0.04216436798942526 0.03638712184700991
5.56 -0.002414296736149103 -0.050403104557301036 -0.10656660610824929 0.03638712184700991
5.58 -0.15871525259076333 -0.020921420496374323 -0.0033626520706191974 0.03638712184700991
5.6 0.06968233468966963 -0.03193431992334732 -0.07781437462202064 0.011569880996542775
5.62 -0.12266693687785409 0.02702904819850611 -0.0288148513918421 0.046510767718984845
5.64 0.05866943526269664 0.03537418696048491 -0.06635819190292068 0.05206446448444249
5.66 -0.09229599926192932 0.04460857927746177 -0.06797689803261682 0.04194081861246756
5.68 0.0798059805616445 -0.014354788844391668 -0.03922466654638818 0.04194081861246756
5.7 -0.030664870475081544 -0.03193431992334732 -0.10760143213901904 0.03181717274049263
5.72 0.13131346347651734 -0.061416003984274034 -0.01712357776200043 0.03181717274049263
5.74 0.05299205716571201 -0.04205796579532225 -0.13467233758993805 0.03181717274049263
5.76 0.13809521993107357 -0.062305257539272095 0.03222473465636269 0.03181717274049263
5.78 0.06244157428526259 -0.032823573478345386 -0.10557131691552482 0.03181717274049263
5.8 0.08802438735920082 -0.043836472905318384 0.10182033881867564 0.03181717274049263
5.82 0.04363093288431268 -0.0033418894174186654 -0.0627604489215597 0.021693526868517703
5.84 0.028719162470351237 -0.023589181161368527 0.14364745915370036 0.021693526868517703
5.86 0.03316543024534156 0.02702904819850611 -0.03759441888290801 0.011569880996542775
5.88 0.007240760404407105 -0.002452635862420603 0.1825233365119039 0.011569880996542775
5.9 0.03193431992334732 0.049054847052452104 0.04079229430425488 0.011569880996542775
5.92 -0.015126895216535053 0.009449517119550466 0.21387802178676904 0.021693526868517703
5.94 0.039605329932901646 0.10145158352232289 0.1309213594930889 -0.004569949106517275
5.96 0.0008892535549980681 0.01300653133954274 0.20994303115100757 0.011107393530915307
5.98 0.044051597707891986 0.10589785129731324 0.18020705200583856 -0.029387189956984403
6.0 -0.014022516858963373 0.007329153242558152 0.16059471873264447 0.012091141189855685
6.02 0.03926347316590547 0.16329783711174414 0.22798773666633496 -0.04766698638305351
6.04 -0.04918157901687468 0.004319535810567787 0.13097243786491827 0.03528967591062668
6.06 0.033586095068920886 0.17130111910672674 0.20247291743949858 -0.04928569251274963
6.08 -0.05485895711385925 0.0013099183785773745 0.060393086043664945 0.05391826152488039
6.1 0.027908716971936295 0.12690766463183858 0.0620117921733611 0.004283779823946117
6.12 -0.08078362695479373 -0.03240290865476605 -0.036622212757751675 0.07613304858671101
6.14 -0.03851053635689787 -0.054096435523283734 -0.01637492101380181 0.12264381630569585
6.16 -0.11861044977769922 -0.1460985019260562 -0.0356384650988113 0.10042902924386522
6.18 -0.06799222041782457 -0.2508919748657978 -0.0033000321650057487 0.22353148583726049
6.2 -0.13885774152164906 -0.21662216626288452 -0.006886233612582634 0.11280633971629207
6.22 -0.09001801927177057 -0.34666618029113605 0.015328553449247969 0.23949499775726427
6.24 -0.12216746399769152 -0.21471692718846577 0.006188655236213421 0.05136688610807325
6.26 -0.0834513876197879 -0.38614477825961513 0.02741969463910365 0.20530276778302078
6.28 -0.12483522466268566 -0.21136545298947929 0.02840344229804403 -0.029336111585155013
6.3 -0.08611914828478213 -0.38190405050563053 0.03395713906350169 0.12656726540767332
6.32 -0.09802130126675318 -0.15795273100018786 0.03951083582895934 -0.0803031301332142
6.34 -0.06942887076082453 -0.327602074961341 0.05518817846639191 0.04719680456156993
6.36 -0.08133102374279562 -0.0801787214773845 0.06074187523184957 -0.11165781540807938
6.38 -0.05184933968186889 -0.2489388118835396 0.06074187523184957 0.001669784501525524
6.4 -0.06286223910884188 0.0002630487104129382 0.04506453259441699 -0.0930292297938257
6.42 -0.014022516858963373 -0.1851873192196997 0.04506453259441699 -0.03390606069167229
6.44 -0.025035416285936377 0.02707697210634542 0.050618229359874645 -0.07700309796820852
6.46 -0.005677378096984587 -0.11610030522587143 0.050618229359874645 -0.06849815822592972
6.48 -0.0351590621579113 0.06757155559424516 0.040494583487899714 -0.04431587584621837
6.5 -0.025035416285936377 -0.05302294131445583 0.050618229359874645 -0.09701529880141661
6.52 -0.0351590621579113 0.08959735444819122 0.040494583487899714 -0.016661090296372957
6.54 -0.025035416285936377 -0.018205735923540734 0.050618229359874645 -0.1453172436552259
6.56 -0.04528270802988623 0.07646409114422589 0.050618229359874645 -0.004221159918332667
6.58 -0.014911770413961446 0.0100448378153918 0.050618229359874645 -0.15214085736219507
6.6 -0.04439345447488816 0.05643192420284968 0.040494583487899714 0.050680849265488104
6.62 -0.014022516858963373 0.021272862044938345 0.040494583487899714 -0.10279254494383197
6.64 -0.04439345447488816 0.016484737502951877 0.030370937615924784 0.123862654875378
6.66 -0.003009617431990377 0.020931005277942224 0.030370937615924784 -0.08364269913626535
6.68 -0.033380555047915164 -0.01422805687996909 0.030370937615924784 0.1637222798925219
6.7 0.03748496605590935 0.0003418567669961785 0.010123645871974929 0.017421288578355627
6.72 -0.021478402065944098 -0.0357064589459132 0.020247291743949857 0.19050701606086978
6.74 0.06040001846485338 0.008345138761978791 0.005553696765457653 0.08730306202323983
6.76 -0.008686995528974952 -0.010123645871974929 0.021231039402890235 0.18657202542510828
6.78 0.10445161617274537 0.0630773639114155 -0.005032436572144745 0.16695969215191422
6.8 -0.013475120070961466 0.00500324934456012 0.027768483827288266 0.1630247015161527
6.82 0.13236991792624953 0.07764727755838076 -0.033435878870188784 0.22486402268438552
6.84 -0.03673202924690175 0.009449517119550466 0.028289744020601172 0.1278487238829689
6.86 0.14037319992123212 0.08298279888836918 -0.046161978530800236 0.1937955066920915
6.88 -0.03885239312389404 -0.024820291483362775 0.06259567227228748 0.07294671469914811
6.9 0.06649806138541725 0.04871299028545596 0.018514887336810858 0.10036640933825176
6.92 -0.10438239289773016 -0.04985570776929916 0.10048780197155067 -0.003821292358318648
6.94 -0.12462968464168002 0.0016517751455735648 0.14699856969053549 0.000748656748198605
6.96 -0.1972737128555006 -0.08768253059220467 0.11923008586324724 -0.03974592673970111
6.98 -0.27258550173431545 -0.017706263043378204 0.20640790807526008 -0.01753113967787048
7.0 -0.22908130081442538 -0.08857178414720272 0.10025271106080892 -0.005439998488014786
7.02 -0.33053288433674827 -0.048966454214301104 0.2269413691017811 0.01122109180835816
7.04 -0.20781802355105486 -0.1004739371291738 0.028689611580615178 0.007634890360781269
7.06 -0.3488749370062794 -0.0709922530682471 0.1725018473835878 0.018742283891696576
7.08 -0.15473757354719175 -0.10314169779416796 -0.06213703198458804 0.014172334785179293
7.1 -0.3059181328743911 -0.06442562141626444 0.10388999088021522 0.035403374188069534
7.12 -0.07184316749697361 -0.0864514202702104 -0.10755035376718967 0.040957070953527186
7.14 -0.24093552988855702 -0.047735343892306825 0.05130426620245986 0.040957070953527186
7.16 0.005930842025829707 -0.05963749687427791 -0.11767399963916461 0.03638712184700991
7.18 -0.16049375970075946 -0.030155812813351182 0.0002235493769577 0.05206446448444249
7.2 0.06790382757967348 0.008560263564552393 -0.09447546491839355 0.04194081861246756
7.22 -0.10597665935389647 -0.002452635862420603 -0.025228649944265203 0.03181717274049263
7.24 0.07535971278665426 0.006781756454556256 -0.07844933309277637 0.046510767718984845
7.26 -0.0756057217379717 0.05562147870443476 -0.07451434245701485 0.03638712184700991
7.28 0.07713821989665041 0.00500324934456012 -0.050332060077303495 0.04194081861246756
7.3 -0.04256702345705265 -0.0134655352893936 -0.1085851797979594 0.03181717274049263
7.32 0.11941131049454624 -0.05218161166729717 -0.016661090296372957 0.03181717274049263
7.34 0.041089904183741 -0.051292358112299104 -0.13108613614236117 0.03181717274049263
7.36 0.15567475101002912 -0.062305257539272095 0.021117341125447376 0.03181717274049263
7.38 0.06845122436767541 -0.032823573478345386 -0.11112501368098247 0.03181717274049263
7.4 0.09548027256618155 -0.042947219350320316 0.09626664205321801 0.03181717274049263
7.42 0.06121046396326833 0.006781756454556256 -0.07843779155899232 0.021693526868517703
7.44 0.04629869354930686 -0.023589181161368527 0.14364745915370036 0.021693526868517703
7.46 0.04151056900732034 0.027918301753504186 -0.02747077301093305 0.021693526868517703
7.48 0.015585899166385914 -0.002452635862420603 0.17795338740538663 0.021693526868517703
7.5 0.030155812813351182 0.049054847052452104 0.04634599106971253 0.0
7.52 -0.006781756454556256 0.009449517119550466 0.2194317185522267 0.011569880996542775
7.54 0.03871607637790358 0.07196989946139616 0.1263514103865717 -0.004569949106517275
7.56 0.0 0.0028828854675678056 0.22105042468192287 0.011107393530915307
7.58 0.043162344152893925 0.10589785129731324 0.1913144455367539 -0.023833493191526754
7.6 -0.014911770413961446 0.007329153242558152 0.18327199326010254 0.012091141189855685
7.62 0.04849786548288233 0.16329783711174414 0.22798773666633496 -0.037543340511078584
7.64 -0.039947186699897816 0.004319535810567787 0.12084879199294338 0.025166030038651747
7.66 0.04282048738589774 0.17130111910672674 0.20247291743949858 -0.04928569251274963
7.68 -0.06498260298583418 -0.007924473938399462 0.0659467828091226 0.04379461565290546
7.7 0.027908716971936295 0.13703131050381354 0.07768913481079368 -0.005839866048028817
7.72 -0.08078362695479373 -0.03240290865476605 -0.020944870120319085 0.07613304858671101
7.74 -0.028386890484922937 -0.043972789651308825 -0.0062512751418269 0.12264381630569585
7.76 -0.11861044977769922 -0.13597485605408127 -0.0356384650988113 0.11055267511584015
7.78 -0.06799222041782457 -0.24076832899382283 -0.0033000321650057487 0.22353148583726049
7.8 -0.13885774152164906 -0.2258565585798614 -0.006886233612582634 0.11280633971629207
7.82 -0.07989437339979563 -0.3559005726081129 0.015328553449247969 0.25517234039469683
7.84 -0.12216746399769152 -0.22395131950544267 0.01631230110818834 0.05136688610807325
7.86 -0.07332774174781297 -0.37602113238764023 0.0329733914045613 0.20530276778302078
7.88 -0.11560083234570884 -0.21047619943448118 0.02840344229804403 -0.029336111585155013
7.9 -0.07599550241280721 -0.38190405050563053 0.03395713906350169 0.12656726540767332
7.92 -0.09802130126675318 -0.15795273100018786 0.03951083582895934 -0.09598047277064689
7.94 -0.05930522488884961 -0.31836768264436416 0.05518817846639191 0.05732045043354489
7.96 -0.08133102374279562 -0.07094432916040762 0.06074187523184957 -0.11165781540807938
7.98 -0.04172569380989395 -0.2489388118835396 0.050618229359874645 0.001669784501525524
8.0 -0.06286223910884188 0.0002630487104129382 0.050618229359874645 -0.0930292297938257
8.02 -0.014022516858963373 -0.1851873192196997 0.050618229359874645 -0.03390606069167229
8.04 -0.025035416285936377 0.02707697210634542 0.050618229359874645 -0.07144940120275087
8.06 -0.014911770413961446 -0.10597665935389647 0.050618229359874645 -0.06294446146047207
8.08 -0.0351590621579113 0.07680594791122208 0.050618229359874645 -0.03876217908076072
8.1 -0.025035416285936377 -0.05302294131445583 0.050618229359874645 -0.09701529880141661
8.12 -0.0351590621579113 0.08036296213121438 0.050618229359874645 -0.026784736168347888
8.14 -0.025035416285936377 -0.017316482368542614 0.050618229359874645 -0.13519359778325096
8.16 -0.04528270802988623 0.07646409114422589 0.050618229359874645 0.005902485953642267
8.18 -0.014911770413961446 0.020168483687366758 0.050618229359874645 -0.1364635147247625
8.2 -0.0351590621579113 0.05643192420284968 0.050618229359874645 0.06080449513746301
8.22 -0.014022516858963373 0.021272862044938345 0.040494583487899714 -0.10279254494383197
8.24 -0.04439345447488816 0.016484737502951877 0.040494583487899714 0.11373900900340307
8.26 -0.003898870986988451 0.020931005277942224 0.030370937615924784 -0.08364269913626535
8.28 -0.033380555047915164 -0.01422805687996909 0.030370937615924784 0.1637222798925219
8.3 0.03748496605590935 0.010465502638971112 0.020247291743949857 0.01186759181289797
8.32 -0.021478402065944098 -0.0357064589459132 0.020247291743949857 0.19050701606086978
8.34 0.06040001846485338 0.01757953107895565 0.005553696765457653 0.09742670789521474
8.36 -0.008686995528974952 -0.020247291743949857 0.021231039402890235 0.18657202542510828
8.38 0.10445161617274537 0.0732010097833904 -0.005032436572144745 0.1725133889173719
8.4 -0.023598765942936376 0.00500324934456012 0.027768483827288266 0.1630247015161527
8.42 0.11301187973729776 0.0877709234303557 -0.0288659297636715 0.22486402268438552
8.44 -0.03673202924690175 -0.0006741287524244671 0.028289744020601172 0.1379723697549438
8.46 0.14037319992123212 0.08298279888836918 -0.06183932116823279 0.1937955066920915
8.48 -0.04897603899586895 -0.024820291483362775 0.04691832963485489 0.07294671469914811
8.5 0.05637441551344239 0.04871299028545596 0.018514887336810858 0.10036640933825176
8.52 -0.10438239289773016 -0.05997935364127409 0.10604149873700833 -0.003821292358318648
8.54 -0.11450603876970507 0.011775421017548474 0.13687492381856056 0.000748656748198605
8.56 -0.1972737128555006 -0.08768253059220467 0.11923008586324724 -0.03419222997424345
8.58 -0.26246185586234055 -0.017706263043378204 0.20640790807526008 -0.007407493805895546
8.6 -0.21895765494245045 -0.08857178414720272 0.09568276195429164 -0.01556364435998972
8.62 -0.31951998490977523 -0.048966454214301104 0.22237141999526383 0.01122109180835816
8.64 -0.2069287699960568 -0.11059758300114873 0.028689611580615178 0.007634890360781269
8.66 -0.33786203757930644 -0.06175786075127021 0.16793189827707053 0.018742283891696576
8.68 -0.15295906643719556 -0.10314169779416796 -0.06670698109110532 0.014172334785179293
8.7 -0.31426327163637 -0.06442562141626444 0.10487373853915562 0.035403374188069534
8.72 -0.08018830625895242 -0.07632777439823549 -0.10199665700173192 0.040957070953527186
8.74 -0.23915702277856096 -0.047735343892306825 0.05130426620245986 0.03638712184700991
8.76 -0.002414296736149103 -0.049513851002302975 -0.11767399963916461 0.046510767718984845
8.78 -0.15871525259076333 -0.030155812813351182 0.01034719524893261 0.03638712184700991
8.8 0.06968233468966963 -0.04116871224032418 -0.11015280755582614 0.04194081861246756
8.82 -0.08395086049995042 -0.011687028179397463 -0.026212397603205605 0.04194081861246756
8.84 0.10661990395757706 -0.0033418894174186654 -0.0738793839862591 0.046510767718984845
8.86 -0.07382721462797555 0.02613979464350805 -0.07549809011595522 0.046510767718984845
8.88 0.07891672700664656 0.015126895216535053 -0.051315807736243876 0.04194081861246756
8.9 -0.05091216221903136 0.005892502899558194 -0.09944528158492484 0.04194081861246756
8.92 0.10183177941559056 -0.042947219350320316 -0.033322180592745915 0.04194081861246756
8.94 0.03274476542176219 -0.04205796579532225 -0.1376235805667592 0.03181717274049263
8.96 0.13720596637607546 -0.062305257539272095 0.01457989670104934 0.03181717274049263
8.98 0.06934047792267353 -0.02269992760637046 -0.11309250899886321 0.03181717274049263
9.0 0.09636952612117958 -0.042947219350320316 0.08417550086336231 0.03181717274049263
9.02 0.051086818091293375 -0.0033418894174186654 -0.08497523598339032 0.03181717274049263
9.04 0.04629869354930686 -0.023589181161368527 0.14167996383581963 0.03181717274049263
9.06 0.021263277263370503 0.01690540232653119 -0.03400821743533111 0.021693526868517703
9.08 0.00546225329441098 -0.0033418894174186654 0.16586224621553103 0.021693526868517703
9.1 0.03939020513032805 0.04816559349745406 0.034254849879856955 0.0
9.12 0.002452635862420603 0.008560263564552393 0.19721693149039618 0.011569880996542775
9.14 0.03782682282290551 0.0710806459063981 0.10969032009019868 0.005553696765457653
9.16 -0.011569880996542775 0.011228024229546604 0.2043893343855499 0.022677274527458085
9.18 0.0625203823418457 0.1041193441873171 0.17008340613386363 -0.019263544085009476
9.2 -0.005677378096984587 0.0055506461325620276 0.1661484154981021 0.0065374444243980305
9.22 0.04760861192788426 0.13982580313323034 0.19761679905041016 -0.03852708817001895
9.24 -0.030712794382920967 0.0016517751455735648 0.13195618552385868 0.02418228237971137
9.26 0.04282048738589774 0.14838606669778268 0.17308572748251416 -0.03557584519319783
9.28 -0.05574821066885735 -0.011481488158391758 0.06791427812700337 0.04738081710048235
9.3 0.016895817544963335 0.08374532047894462 0.0852103268941321 0.002316284506065369
9.32 -0.09179652638176672 -0.05676419618827796 -0.008853728930463394 0.06404190739685532
9.34 -0.030165397594919083 -0.06777709561525094 0.011393562813486474 0.11512262422235743
9.36 -0.12038895688769534 -0.13953187027407354 -0.02910102067441325 0.09846153392598446
9.38 -0.059647081655845785 -0.23509095089683824 0.013361058131367221 0.20131669877542988
9.4 -0.12127821044269343 -0.1906974964219501 0.009774856683790313 0.09614524941991912
9.42 -0.08167288050979181 -0.31061786457822665 0.026435946980163275 0.23851125009832386
9.44 -0.13318036342466452 -0.19713739610951017 0.01729604876712873 0.04581318934261559
9.46 -0.08434064117478596 -0.36678674007066336 0.02284974553258638 0.17950177927361333
9.48 -0.106366440028732 -0.2012418071175043 0.02840344229804403 -0.03390606069167229
9.5 -0.07688475596780525 -0.35153311288970573 0.03951083582895934 0.10175002455720615
9.52 -0.08967616250477439 -0.14693983157321483 0.04506453259441699 -0.08944302834624882
9.54 -0.05096008612687082 -0.3050192945378252 0.06074187523184957 0.05373424898596804
9.56 -0.06197298555384382 -0.07928946792238639 0.06074187523184957 -0.09956667421822374
9.58 -0.04261494736489203 -0.23703665890156853 0.050618229359874645 0.0036372798194063308
9.6 -0.053627846791865025 -0.017316482368542614 0.050618229359874645 -0.09106173447594497
9.62 -0.03426980860291323 -0.17239591268273047 0.050618229359874645 -0.03749226213924919
9.64 -0.0351590621579113 0.028855479216341663 0.050618229359874645 -0.07046565354381049
9.66 -0.014911770413961446 -0.10186266356433438 0.050618229359874645 -0.06653066290804897
9.68 -0.0351590621579113 0.05922641683226644 0.050618229359874645 -0.03222473465636269
9.7 -0.025035416285936377 -0.0595895729664384 0.050618229359874645 -0.10060150024899352
9.72 -0.04528270802988623 0.06367268460725677 0.050618229359874645 -0.015677342637432583
9.74 -0.025035416285936377 -0.014648721703548438 0.050618229359874645 -0.13420985012431058
9.76 -0.04528270802988623 0.059773813620268325 0.050618229359874645 0.017009879484557566
9.78 -0.014911770413961446 0.012712598480385928 0.050618229359874645 -0.14103346383127977
9.8 -0.04528270802988623 0.04897603899586895 0.050618229359874645 0.06635819190292068
9.82 -0.014022516858963373 0.0036933309659826982 0.040494583487899714 -0.10279254494383197
9.84 -0.04439345447488816 0.008139598740973069 0.040494583487899714 0.11929270576886068
9.86 0.016348420756961406 0.003351474198986532 0.020247291743949857 -0.05327176152034057
9.88 -0.033380555047915164 -0.0225731956419479 0.030370937615924784 0.1738459257644968
9.9 0.018126927866957552 0.002120363876992315 0.020247291743949857 0.01186759181289797
9.92 -0.03160204793791903 -0.034817205390915124 0.020247291743949857 0.18495331929541212
9.94 0.06040001846485338 0.018468784633953718 0.005553696765457653 0.09187301112975699
9.96 -0.008686995528974952 -0.010123645871974929 0.021231039402890235 0.18101832865965065
9.98 0.10445161617274537 0.06396661746641355 -0.005032436572144745 0.16695969215191422
10.0 -0.023598765942936376 0.005892502899558194 0.027768483827288266 0.15747100475069506
10.02 0.12224627205427463 0.07853653111337883 -0.033435878870188784 0.21931032591892785
10.04 -0.026608383374926787 0.000215124802573607 0.03384344078605883 0.1379723697549438
10.06 0.14037319992123212 0.08387205244336725 -0.046161978530800236 0.1937955066920915
10.08 -0.03885239312389404 -0.023931037928364724 0.06259567227228748 0.07294671469914811
10.1 0.07662170725739222 0.05883663615743087 0.018514887336810858 0.09481271257279411
10.12 -0.09514800058075322 -0.04985570776929916 0.10048780197155067 -0.003821292358318648
10.14 -0.12462968464168002 0.0016517751455735648 0.14699856969053549 0.01087230262017354
10.16 -0.1972737128555006 -0.08768253059220467 0.11923008586324724 -0.03419222997424345
10.18 -0.26246185586234055 -0.017706263043378204 0.21196160484071772 -0.007407493805895546
10.2 -0.23831569313140222 -0.08857178414720272 0.09568276195429164 -0.01556364435998972
10.22 -0.31951998490977523 -0.03973206189732424 0.23249506586723873 0.01122109180835816
10.24 -0.2069287699960568 -0.1004739371291738 0.028689611580615178 0.007634890360781269
10.26 -0.33786203757930644 -0.0709922530682471 0.16793189827707053 0.018742283891696576
10.28 -0.16308271230917054 -0.10314169779416796 -0.056583335219130386 0.014172334785179293
10.3 -0.31426327163637 -0.06442562141626444 0.10487373853915562 0.035403374188069534
10.32 -0.08018830625895242 -0.0864514202702104 -0.10199665700173192 0.030833425081552252
10.34 -0.23915702277856096 -0.047735343892306825 0.05130426620245986 0.030833425081552252
10.36 -0.002414296736149103 -0.05963749687427791 -0.11767399963916461 0.03638712184700991
10.38 -0.14859160671878835 -0.030155812813351182 0.01034719524893261 0.04194081861246756
10.4 0.0798059805616445 -0.04116871224032418 -0.10002916168385122 0.04194081861246756
10.42 -0.08395086049995042 -0.011687028179397463 -0.026212397603205605 0.04194081861246756
10.44 0.10661990395757706 -0.0033418894174186654 -0.0738793839862591 0.04194081861246756
10.46 -0.06370356875600058 0.02613979464350805 -0.0653744442439803 0.05206446448444249
10.48 0.09827476519559826 0.00500324934456012 -0.04119216186426895 0.04194081861246756
10.5 -0.04078851634705641 0.005892502899558194 -0.0893216357129499 0.04194081861246756
10.52 0.11195542528756551 -0.032823573478345386 -0.023198534720770988 0.04194081861246756
10.54 0.03274476542176219 -0.04205796579532225 -0.1376235805667592 0.03181717274049263
10.56 0.1473296122480504 -0.05307086522229524 0.009026199935591697 0.03181717274049263
10.58 0.06934047792267353 -0.02269992760637046 -0.12321615487083812 0.03181717274049263
10.6 0.1056039184381565 -0.042947219350320316 0.08417550086336231 0.03181717274049263
10.62 0.051086818091293375 -0.0033418894174186654 -0.07485159011141541 0.03181717274049263
10.64 0.05642233942128179 -0.023589181161368527 0.14723366060127727 0.03181717274049263
10.66 0.03138692313534541 0.01690540232653119 -0.03400821743533111 0.021693526868517703
10.68 0.00546225329441098 -0.0033418894174186654 0.17598589208750592 0.021693526868517703
10.7 0.03939020513032805 0.058289239369428966 0.018577507242424296 0.011569880996542775
10.72 -0.006781756454556256 0.008560263564552393 0.19721693149039618 0.011569880996542775
10.74 0.03782682282290551 0.08031503822337496 0.10969032009019868 0.005553696765457653
10.76 0.0 0.011228024229546604 0.2043893343855499 0.022677274527458085
10.78 0.0625203823418457 0.1041193441873171 0.17008340613386363 -0.019263544085009476
10.8 -0.005677378096984587 0.0055506461325620276 0.1661484154981021 0.0065374444243980305
10.82 0.05773225779985919 0.13982580313323034 0.2031704958158678 -0.03852708817001895
10.84 -0.030712794382920967 0.0016517751455735648 0.13195618552385868 0.018628585614253713
10.86 0.04282048738589774 0.14838606669778268 0.17308572748251416 -0.03557584519319783
10.88 -0.05574821066885735 -0.011481488158391758 0.06791427812700337 0.04738081710048235
10.9 0.016895817544963335 0.08374532047894462 0.0852103268941321 0.002316284506065369
10.92 -0.09179652638176672 -0.05676419618827796 -0.0033000321650057487 0.06404190739685532
10.94 -0.030165397594919083 -0.06777709561525094 0.011393562813486474 0.12067632098781508
10.96 -0.1194997033326973 -0.13953187027407354 -0.02910102067441325 0.09846153392598446
10.98 -0.059647081655845785 -0.21484365915288836 0.003237412259392288 0.19119305290345495
11.0 -0.12127821044269343 -0.17968459699497707 0.009774856683790313 0.08602160354794418
11.02 -0.08167288050979181 -0.2996049651512537 0.026435946980163275 0.22381765511983165
11.04 -0.11382232523571269 -0.1962481425545121 0.02741969463910365 0.041243240236098315
11.06 -0.0944642870467609 -0.35577384064369033 0.02284974553258638 0.18505547603907097
11.08 -0.106366440028732 -0.20035255356250628 0.02840344229804403 -0.02835236392621463
11.1 -0.0676503636508284 -0.35064385933470765 0.03395713906350169 0.1073037213226638
11.12 -0.07955251663279947 -0.14605057801821678 0.04506453259441699 -0.07376568570881623
11.14 -0.05096008612687082 -0.3032407874278291 0.06074187523184957 0.04771806475488292
11.16 -0.07209663142581874 -0.07751096081239033 0.06074187523184957 -0.09956667421822374
11.18 -0.05273859323686696 -0.23292266311200646 0.050618229359874645 0.0036372798194063308
11.2 -0.053627846791865025 -0.015537975258546464 0.050618229359874645 -0.09106173447594497
11.22 -0.03426980860291323 -0.17061740557273442 0.050618229359874645 -0.027368616267274253
11.24 -0.0351590621579113 0.021399594009360975 0.050618229359874645 -0.06034200767183557
11.26 -0.015801023968959514 -0.1102078023263131 0.050618229359874645 -0.06196071380153173
11.28 -0.025924669840934444 0.050881278070287535 0.050618229359874645 -0.027654785549845403
11.3 -0.015801023968959514 -0.07805835760039216 0.050618229359874645 -0.08133795616398405
11.32 -0.03604831571290937 0.054438292290279834 0.050618229359874645 -0.016661090296372957
11.34 -0.015801023968959514 -0.03311750633750211 0.050618229359874645 -0.14074729454870863
11.36 -0.03604831571290937 0.05053942130329154 0.050618229359874645 0.0003487891881846213
11.38 -0.015801023968959514 0.0034782061634090916 0.050618229359874645 -0.12732361651172797
11.4 -0.04528270802988623 0.03974164667889211 0.050618229359874645 0.05982074747852264
11.42 -0.014911770413961446 0.013816976837957656 0.030370937615924784 -0.09920634349625507
11.44 -0.0351590621579113 0.018263244612948027 0.040494583487899714 0.10720156457900502
11.46 0.006224774884986483 0.012585866515963415 0.030370937615924784 -0.07548654858217116
11.48 -0.024146162730938305 -0.0225731956419479 0.030370937615924784 0.1415074928306913
11.5 0.01723767431195948 -0.00800328199498262 0.020247291743949857 0.02557743913244987
11.52 -0.02236765562094217 -0.04494085126289006 0.020247291743949857 0.17841587487101418
11.54 0.04938711903788041 0.008345138761978791 0.0 0.085335566705359
11.56 -0.01969989495594796 -0.020247291743949857 0.015677342637432583 0.1643572383632777
11.58 0.09343871674577241 0.0630773639114155 -0.010586133337602397 0.13560500687704904
11.6 -0.015253627180957638 0.01423764166153698 0.03233843293380554 0.1473473588787201
11.62 0.08953984575878393 0.07764727755838076 -0.008618638019721642 0.19449308506846075
11.64 -0.03851053635689787 0.009449517119550466 0.03285969312711845 0.12883247154190927
11.66 0.11745814751228814 0.08298279888836918 -0.042575777083223326 0.1902093052445146
11.68 -0.032285761471911374 -0.014696645611387841 0.04038088521045687 0.08503785588900381
11.7 0.04269375542147518 0.04782373673045789 0.036794683762879955 0.08665656201869995
11.72 -0.09870501480074552 -0.050744961324297226 0.08839666078169497 0.01382354559699469
11.74 -0.10882866067272043 0.010886167462550424 0.14503107437265475 0.012839797938054322
11.76 -0.1814726888865411 -0.06921374595825094 0.11726259054536647 -0.022101088784387758
11.78 -0.2660188700823328 -0.018595516598376303 0.2201177553948119 -0.0008700493814975212
11.8 -0.2123910232904678 -0.07933739183022588 0.0891453175298936 -0.004456250829074419
11.82 -0.31295335325779255 -0.040621315452322296 0.21126402646434853 0.01775853623275619
11.84 -0.19023849247209923 -0.10136319068417188 0.007458572177724932 0.018742283891696576
11.86 -0.3211717600553488 -0.06264711430626824 0.14670085887418027 0.02429598065715423
11.88 -0.12614514304126312 -0.10403095134916607 -0.06670698109110532 0.019726031550636947
11.9 -0.2957944870024163 -0.06531487497126248 0.09018014356066337 0.035403374188069534
11.92 -0.0617195216249987 -0.08734067382520848 -0.11113655521476652 0.040957070953527186
11.94 -0.22903337690658598 -0.0486245974473049 0.030594486992882478 0.03638712184700991
11.96 -0.002414296736149103 -0.050403104557301036 -0.11669025198022423 0.03638712184700991
11.98 -0.14859160671878835 -0.031045066368349247 -0.0033626520706191974 0.04194081861246756
12.0 0.06968233468966963 -0.02269992760637046 -0.08793802049399557 0.011569880996542775
12.02 -0.10330889868890221 0.03626344051548297 -0.0288148513918421 0.046510767718984845
12.04 0.05866943526269664 0.04460857927746177 -0.06635819190292068 0.05206446448444249
12.06 -0.09229599926192932 0.054732225149436695 -0.06797689803261682 0.04194081861246756
12.08 0.0798059805616445 -0.014354788844391668 -0.03922466654638818 0.05206446448444249
12.1 -0.030664870475081544 -0.03193431992334732 -0.10760143213901904 0.03181717274049263
12.12 0.13131346347651734 -0.061416003984274034 -0.01712357776200043 0.03181717274049263
12.14 0.04286841129373705 -0.051292358112299104 -0.1402260343553957 0.03181717274049263
12.16 0.13809521993107357 -0.062305257539272095 0.03222473465636269 0.03181717274049263
12.18 0.06244157428526259 -0.032823573478345386 -0.11569496278749973 0.03181717274049263
12.2 0.08802438735920082 -0.043836472905318384 0.0916966929467007 0.03181717274049263
12.22 0.04363093288431268 -0.0033418894174186654 -0.07288409479353467 0.021693526868517703
12.24 0.028719162470351237 -0.023589181161368527 0.15377110502567526 0.021693526868517703
12.26 0.023931037928364724 0.02702904819850611 -0.03759441888290801 0.011569880996542775
12.28 -0.0028828854675678056 -0.002452635862420603 0.1825233365119039 0.021693526868517703
12.3 0.03193431992334732 0.049054847052452104 0.050915940176229836 0.011569880996542775
12.32 -0.005892502899558194 -0.0006741287524244671 0.224001667658744 0.011569880996542775
12.34 0.039605329932901646 0.09132793765034797 0.12079771362111394 -0.004569949106517275
12.36 0.0008892535549980681 0.0222409236565196 0.22006667702298247 0.005553696765457653
12.38 0.044051597707891986 0.10589785129731324 0.18020705200583856 -0.029387189956984403
12.4 -0.014022516858963373 -0.0027944926294167817 0.1661484154981021 0.012091141189855685
12.42 0.03926347316590547 0.15317419123976916 0.2325576857728522 -0.04766698638305351
12.44 -0.039947186699897816 0.004319535810567787 0.14109608373689325 0.03528967591062668
12.46 0.043709740940895817 0.1611774732347518 0.20704286654601584 -0.04928569251274963
12.48 -0.05485895711385925 -0.008813727493397584 0.060393086043664945 0.04379461565290546
12.5 0.027908716971936295 0.11678401875986372 0.0620117921733611 0.004283779823946117
12.52 -0.08078362695479373 -0.03240290865476605 -0.026498566885776745 0.07613304858671101
12.54 -0.028386890484922937 -0.043972789651308825 -0.0062512751418269 0.12264381630569585
12.56 -0.12873409564967414 -0.12674046373710435 -0.04576211097078622 0.10042902924386522
12.58 -0.06799222041782457 -0.2306446831218479 -0.0033000321650057487 0.2134078399652856
12.6 -0.13885774152164906 -0.2258565585798614 -0.006886233612582634 0.11280633971629207
12.62 -0.07989437339979563 -0.345776926736138 0.015328553449247969 0.23492504865074695
12.64 -0.12216746399769152 -0.23318571182241954 0.01631230110818834 0.046796937001555974
12.66 -0.0834513876197879 -0.3650082329606672 0.02741969463910365 0.20073281867650353
12.68 -0.11560083234570884 -0.20958694587948312 0.03852708817001895 -0.03390606069167229
12.7 -0.07688475596780525 -0.3607675052066826 0.03395713906350169 0.11644361953569836
12.72 -0.09891055482175126 -0.14605057801821678 0.03951083582895934 -0.09042677600518914
12.74 -0.05007083257187275 -0.3142536868548022 0.05518817846639191 0.04719680456156993
12.76 -0.08133102374279562 -0.07840021436738845 0.06074187523184957 -0.11165781540807938
12.78 -0.04172569380989395 -0.2361474053465705 0.06074187523184957 -0.008453861370449386
12.8 -0.05273859323686696 -0.00719283649656775 0.03494088672244206 -0.0930292297938257
12.82 -0.024146162730938305 -0.1926432044266804 0.03494088672244206 -0.023782414819697357
12.84 -0.0351590621579113 0.018731833344366705 0.050618229359874645 -0.07700309796820852
12.86 -0.004788124541986513 -0.11287556299130737 0.050618229359874645 -0.058374512353954786
12.88 -0.0351590621579113 0.06846080914924337 0.050618229359874645 -0.03974592673970111
12.9 -0.025035416285936377 -0.06136808007643464 0.050618229359874645 -0.097999046460357
12.92 -0.04528270802988623 0.08125221568621241 0.050618229359874645 -0.027768483827288266
12.94 -0.025035416285936377 -0.026550874685519543 0.050618229359874645 -0.13617734544219134
12.96 -0.04528270802988623 0.06722969882724907 0.050618229359874645 -0.005204907577273036
12.98 -0.025035416285936377 0.0008104454984149167 0.050618229359874645 -0.1328773132771856
13.0 -0.04528270802988623 0.04719753188587275 0.050618229359874645 0.06439069658503992
13.02 -0.004788124541986513 0.011149216172963433 0.030370937615924784 -0.1047600402617127
13.04 -0.0351590621579113 0.016484737502951877 0.030370937615924784 0.10164786781354737
13.06 -0.003898870986988451 0.020931005277942224 0.030370937615924784 -0.08561019445414607
13.08 -0.03426980860291323 -0.004993664562992207 0.030370937615924784 0.1415074928306913
13.1 0.01723767431195948 0.0003418567669961785 0.020247291743949857 0.005330147388500004
13.12 -0.02236765562094217 -0.03659571250091127 0.020247291743949857 0.17841587487101418
13.14 0.04938711903788041 0.007455885206980723 0.0 0.08076561759884172
13.16 -0.01969989495594796 -0.020247291743949857 0.015677342637432583 0.1855882777661679
13.18 0.08331507087379746 0.05295371803944056 -0.010586133337602397 0.1411587036425067
13.2 -0.015253627180957638 0.01423764166153698 0.03233843293380554 0.1473473588787201
13.22 0.09877423807576081 0.08688166987535761 -0.008618638019721642 0.19449308506846075
13.24 -0.03851053635689787 0.008560263564552393 0.03285969312711845 0.1343861683073669
13.26 0.11745814751228814 0.08298279888836918 -0.042575777083223326 0.1902093052445146
13.28 -0.042409407343886284 -0.00546225329441098 0.050504531082431796 0.08503785588900381
13.3 0.04269375542147518 0.04782373673045789 0.026671037890905035 0.09221025878415759
13.32 -0.10882866067272043 -0.050744961324297226 0.08839666078169497 0.008269848831537033
13.34 -0.11895230654469534 0.010886167462550424 0.1394773776071971 0.02296344381002923
13.36 -0.1814726888865411 -0.07933739183022588 0.11726259054536647 -0.022101088784387758
13.38 -0.2567844777653559 -0.018595516598376303 0.2201177553948119 0.004683647383960135
13.4 -0.2123910232904678 -0.08022664538522396 0.0891453175298936 -0.004456250829074419
13.42 -0.3230769991297675 -0.050744961324297226 0.21126402646434853 0.01220483946729854
13.44 -0.19023849247209923 -0.10136319068417188 0.013012268943182612 0.018742283891696576
13.46 -0.3110481141833739 -0.06264711430626824 0.1623782015116129 0.02429598065715423
13.48 -0.12614514304126312 -0.10403095134916607 -0.061153284325647664 0.0252797283160946
13.5 -0.2865600946854394 -0.05519122909928755 0.10030378943263828 0.035403374188069534
13.52 -0.07184316749697361 -0.07721702795323354 -0.10101290934279158 0.040957070953527186
13.54 -0.23915702277856096 -0.0486245974473049 0.04771806475488292 0.03638712184700991
13.56 -0.002414296736149103 -0.050403104557301036 -0.11669025198022423 0.03638712184700991
13.58 -0.14859160671878835 -0.031045066368349247 0.00676099380135576 0.03638712184700991
13.6 -0.11254329100587913 0.008560263564552393 -0.07781437462202064 0.05206446448444249
13.62 -0.11254329100587913 0.02702904819850611 -0.03893849726381703 0.046510767718984845
13.64 0.0687930811346716 0.03537418696048491 -0.06635819190292068 0.05206446448444249
13.66 -0.09229599926192932 0.04460857927746177 -0.06797689803261682 0.04194081861246756
13.68 0.0798059805616445 -0.024478434716366595 -0.03922466654638818 0.04194081861246756
13.7 -0.030664870475081544 -0.03193431992334732 -0.10760143213901904 0.03181717274049263
13.72 0.13131346347651734 -0.061416003984274034 -0.01712357776200043 0.03181717274049263
13.74 0.05299205716571201 -0.04205796579532225 -0.1402260343553957 0.03181717274049263
13.76 0.13809521993107357 -0.05307086522229524 0.022101088784387758 0.03181717274049263
13.78 0.06244157428526259 -0.032823573478345386 -0.11569496278749973 0.03181717274049263
13.8 0.0779007414872259 -0.033712827033343454 0.10182033881867564 0.03181717274049263
13.82 0.04363093288431268 -0.0033418894174186654 -0.07288409479353467 0.021693526868517703
13.84 0.028719162470351237 -0.023589181161368527 0.14364745915370036 0.021693526868517703
13.86 0.03316543024534156 0.037152694070481045 -0.03759441888290801 0.011569880996542775
13.88 0.007240760404407105 -0.002452635862420603 0.1825233365119039 0.021693526868517703
13.9 0.03193431992334732 0.049054847052452104 0.050915940176229836 0.011569880996542775
13.92 -0.015126895216535053 -0.0006741287524244671 0.21387802178676904 0.027247223633975356
13.94 0.039605329932901646 0.09132793765034797 0.12079771362111394 -0.004569949106517275
13.96 0.0008892535549980681 0.0222409236565196 0.20994303115100757 0.005553696765457653
13.98 0.044051597707891986 0.10589785129731324 0.17008340613386363 -0.029387189956984403
14.0 -0.014022516858963373 -0.0027944926294167817 0.16059471873264447 0.012091141189855685
14.02 0.03926347316590547 0.15317419123976916 0.22798773666633496 -0.04766698638305351
14.04 -0.04918157901687468 0.004319535810567787 0.13097243786491827 0.03528967591062668
14.06 0.043709740940895817 0.18053551142370358 0.20247291743949858 -0.039162046640774724
14.08 -0.05485895711385925 0.0013099183785773745 0.060393086043664945 0.04379461565290546
14.1 0.027908716971936295 0.12690766463183858 0.07213543804533604 0.004283779823946117
14.12 -0.08078362695479373 -0.03240290865476605 -0.036622212757751675 0.07613304858671101
14.14 -0.028386890484922937 -0.043972789651308825 -0.0062512751418269 0.12264381630569585
14.16 -0.12784484209467611 -0.13597485605408127 -0.0356384650988113 0.10042902924386522
14.18 -0.06799222041782457 -0.2306446831218479 -0.0033000321650057487 0.2134078399652856
14.2 -0.12962334920467222 -0.2258565585798614 -0.006886233612582634 0.11280633971629207
14.22 -0.07989437339979563 -0.345776926736138 0.015328553449247969 0.23492504865074695
14.24 -0.12216746399769152 -0.23318571182241954 0.021865997873646 0.046796937001555974
14.26 -0.09357503349176284 -0.3751318788326422 0.0329733914045613 0.20073281867650353
14.28 -0.11560083234570884 -0.20035255356250628 0.03852708817001895 -0.03390606069167229
14.3 -0.06676111009583033 -0.37089115107865744 0.03395713906350169 0.11644361953569836
14.32 -0.09891055482175126 -0.14693983157321483 0.03951083582895934 -0.09042677600518914
14.34 -0.05007083257187275 -0.3151429404098001 0.05518817846639191 0.0674440963055198
14.36 -0.08133102374279562 -0.06916582205041152 0.050618229359874645 -0.10153416953610446
14.38 -0.04172569380989395 -0.2563946970905203 0.050618229359874645 0.001669784501525524
14.4 -0.05273859323686696 -0.00719283649656775 0.03494088672244206 -0.0930292297938257
14.42 -0.014022516858963373 -0.20276685029865524 0.03494088672244206 -0.023782414819697357
14.44 -0.0351590621579113 0.018731833344366705 0.050618229359874645 -0.07700309796820852
14.46 0.0044462677749903465 -0.14380348217680194 0.050618229359874645 -0.058374512353954786
14.48 -0.0351590621579113 0.05922641683226644 0.050618229359874645 -0.03974592673970111
14.5 -0.0351590621579113 -0.06136808007643464 0.050618229359874645 -0.097999046460357
14.52 -0.04528270802988623 0.09137586155818728 0.050618229359874645 -0.027768483827288266
14.54 -0.025035416285936377 -0.026550874685519543 0.050618229359874645 -0.13617734544219134
14.56 -0.04528270802988623 0.06722969882724907 0.050618229359874645 -0.005204907577273036
14.58 -0.025035416285936377 0.010934091370389875 0.050618229359874645 -0.1328773132771856
14.6 -0.04528270802988623 0.04719753188587275 0.040494583487899714 0.05426705071306498
14.62 -0.014911770413961446 0.011149216172963433 0.030370937615924784 -0.1047600402617127
14.64 -0.0351590621579113 0.016484737502951877 0.040494583487899714 0.10164786781354737
14.66 -0.003898870986988451 0.01080735940596729 0.030370937615924784 -0.07548654858217116
14.68 -0.03426980860291323 -0.004993664562992207 0.030370937615924784 0.1415074928306913
14.7 0.01723767431195948 -0.009781789104978756 0.020247291743949857 0.015453793260474915
14.72 -0.03249130149291709 -0.046719358372886204 0.020247291743949857 0.16829222899903926
14.74 0.04938711903788041 0.007455885206980723 0.0 0.08076561759884172
14.76 -0.01969989495594796 -0.020247291743949857 0.015677342637432583 0.1855882777661679
14.78 0.08331507087379746 0.062188110356417414 -0.010586133337602397 0.1512823495144816
14.8 -0.02537727305293257 0.02347203397851384 0.03233843293380554 0.1473473588787201
14.82 0.10889788394773572 0.08688166987535761 -0.008618638019721642 0.19449308506846075
14.84 -0.03851053635689787 0.008560263564552393 0.03285969312711845 0.12883247154190927
14.86 0.11745814751228814 0.09221719120534602 -0.042575777083223326 0.19576300200997224
14.88 -0.042409407343886284 -0.00546225329441098 0.04038088521045687 0.08503785588900381
14.9 0.04269375542147518 0.03770009085848296 0.026671037890905035 0.09221025878415759
14.92 -0.09870501480074552 -0.050744961324297226 0.08839666078169497 -0.0018537970404379008
14.94 -0.11895230654469534 0.010886167462550424 0.1394773776071971 0.02296344381002923
14.96 -0.1814726888865411 -0.07933739183022588 0.10713894467339155 -0.022101088784387758
14.98 -0.2660188700823328 -0.018595516598376303 0.20999410952283698 -0.0008700493814975212
15.0 -0.2123910232904678 -0.08946103770220082 0.0891453175298936 -0.004456250829074419
15.02 -0.31295335325779255 -0.040621315452322296 0.21126402646434853 0.01220483946729854
15.04 -0.19023849247209923 -0.10136319068417188 0.013012268943182612 0.018742283891696576
15.06 -0.3304061523723257 -0.06264711430626824 0.1522545556396379 0.02429598065715423
15.08 -0.12614514304126312 -0.10403095134916607 -0.061153284325647664 0.019726031550636947
15.1 -0.2957944870024163 -0.06531487497126248 0.10030378943263828 0.035403374188069534
15.12 -0.3037977689973989 -0.06709338208125862 0.04216436798942526 0.030833425081552252
15.14 -0.23915702277856096 -0.0486245974473049 0.04216436798942526 0.03638712184700991
15.16 -0.01253794260812406 -0.050403104557301036 -0.10656660610824929 0.03638712184700991
15.18 -0.15871525259076333 -0.020921420496374323 0.00676099380135576 0.03638712184700991
15.2 0.06968233468966963 -0.03193431992334732 -0.08793802049399557 0.021693526868517703
15.22 -0.10330889868890221 0.02702904819850611 -0.03893849726381703 0.046510767718984845
15.24 0.05866943526269664 0.025250541088509975 -0.06635819190292068 0.05206446448444249
15.26 -0.10241964513390418 0.04460857927746177 -0.06797689803261682 0.04194081861246756
15.28 0.06968233468966963 -0.014354788844391668 -0.03922466654638818 0.04194081861246756
15.3 -0.030664870475081544 -0.03193431992334732 -0.10760143213901904 0.03181717274049263
15.32 0.12118981760454244 -0.061416003984274034 -0.01712357776200043 0.03181717274049263
15.34 0.04286841129373705 -0.04205796579532225 -0.15034968022737064 0.03181717274049263
15.36 0.13809521993107357 -0.05307086522229524 0.022101088784387758 0.03181717274049263
15.38 0.06244157428526259 -0.032823573478345386 -0.11569496278749973 0.03181717274049263
15.4 0.0779007414872259 -0.043836472905318384 0.0916966929467007 0.03181717274049263
15.42 0.04363093288431268 -0.0033418894174186654 -0.0627604489215597 0.021693526868517703
15.44 0.028719162470351237 -0.023589181161368527 0.15377110502567526 0.021693526868517703
15.46 0.03316543024534156 0.037152694070481045 -0.03759441888290801 0.011569880996542775
15.48 0.007240760404407105 -0.012576281734395525 0.17239969063992897 0.011569880996542775
15.5 0.03193431992334732 0.049054847052452104 0.050915940176229836 0.011569880996542775
15.52 0.004231142972416739 0.009449517119550466 0.21387802178676904 0.011569880996542775
15.54 0.039605329932901646 0.09132793765034797 0.12079771362111394 -0.004569949106517275
15.56 0.0008892535549980681 0.01300653133954274 0.20994303115100757 0.011107393530915307
15.58 0.054175243579866916 0.10589785129731324 0.18020705200583856 -0.029387189956984403
15.6 -0.014022516858963373 -0.0027944926294167817 0.16059471873264447 0.012091141189855685
15.62 0.03926347316590547 0.15317419123976916 0.2224340399008773 -0.04766698638305351
15.64 -0.039057933144899755 0.004319535810567787 0.13097243786491827 0.025166030038651747
15.66 0.043709740940895817 0.17041186555172863 0.20247291743949858 -0.039162046640774724
15.68 -0.05485895711385925 -0.008813727493397584 0.060393086043664945 0.04379461565290546
15.7 0.027908716971936295 0.12690766463183858 0.07213543804533604 -0.005839866048028817
15.72 -0.08078362695479373 -0.03240290865476605 -0.036622212757751675 0.07613304858671101
15.74 -0.028386890484922937 -0.043972789651308825 -0.0062512751418269 0.12264381630569585
15.76 -0.12784484209467611 -0.12585121018210638 -0.0356384650988113 0.11055267511584015
15.78 -0.06799222041782457 -0.23987907543882475 -0.0033000321650057487 0.2134078399652856
15.8 -0.13885774152164906 -0.2249673050248633 -0.006886233612582634 0.11280633971629207
15.82 -0.07065998108281879 -0.345776926736138 0.015328553449247969 0.23492504865074695
15.84 -0.12216746399769152 -0.23318571182241954 0.01631230110818834 0.046796937001555974
15.86 -0.0834513876197879 -0.3751318788326422 0.02741969463910365 0.21085646454847845
15.88 -0.11560083234570884 -0.20035255356250628 0.03852708817001895 -0.023782414819697357
15.9 -0.07688475596780525 -0.36165675876168063 0.03395713906350169 0.14224460804510583
15.92 -0.09891055482175126 -0.13681618570123988 0.03951083582895934 -0.08487307923973159
15.94 -0.06019447844384767 -0.3151429404098001 0.05518817846639191 0.07299779307097755
15.96 -0.08133102374279562 -0.08852386023936332 0.050618229359874645 -0.10610411864262183
15.98 -0.04172569380989395 -0.24627105121854534 0.050618229359874645 0.001669784501525524
16.0 -0.05273859323686696 -0.017316482368542614 0.03494088672244206 -0.0930292297938257
16.02 -0.014022516858963373 -0.1926432044266804 0.04506453259441699 -0.023782414819697357
16.04 -0.025035416285936377 0.008608187472391747 0.050618229359874645 -0.06687945209623358
16.06 0.0044462677749903465 -0.133679836304827 0.050618229359874645 -0.058374512353954786
16.08 -0.0351590621579113 0.04910277096029148 0.050618229359874645 -0.03974592673970111
16.1 -0.025035416285936377 -0.06136808007643464 0.050618229359874645 -0.097999046460357
16.12 -0.04528270802988623 0.08125221568621241 0.050618229359874645 -0.027768483827288266
16.14 -0.025035416285936377 -0.026550874685519543 0.040494583487899714 -0.13617734544219134
16.16 -0.04528270802988623 0.07735334469922397 0.050618229359874645 -0.005204907577273036
16.18 -0.025035416285936377 0.010934091370389875 0.050618229359874645 -0.13843101004264324
16.2 -0.04528270802988623 0.04719753188587275 0.050618229359874645 0.05426705071306498
16.22 -0.014911770413961446 0.021272862044938345 0.030370937615924784 -0.0946363943897378
16.24 -0.0351590621579113 0.016484737502951877 0.030370937615924784 0.10164786781354737
16.26 -0.003898870986988451 0.020931005277942224 0.030370937615924784 -0.08561019445414607
16.28 -0.03426980860291323 -0.01422805687996909 0.030370937615924784 0.1415074928306913
16.3 0.01723767431195948 -0.0005473967880019074 0.020247291743949857 0.015453793260474915
16.32 -0.02236765562094217 -0.03659571250091127 0.020247291743949857 0.17841587487101418
16.34 0.04938711903788041 0.007455885206980723 0.0 0.09088926347081666
16.36 -0.01969989495594796 -0.020247291743949857 0.015677342637432583 0.17546463189419298
16.38 0.08331507087379746 0.062188110356417414 -0.0004624874656274695 0.1512823495144816
16.4 -0.015253627180957638 0.01423764166153698 0.03233843293380554 0.1473473588787201
16.42 0.09877423807576081 0.08688166987535761 -0.008618638019721642 0.2101704277058933
16.44 -0.03851053635689787 0.008560263564552393 0.03285969312711845 0.12883247154190927
16.46 0.12758179338426304 0.0820935453333711 -0.042575777083223326 0.19576300200997224
16.48 -0.042409407343886284 -0.015585899166385914 0.04038088521045687 0.07491421001702887
16.5 0.05281740129345009 0.05705812904743472 0.0165473920189301 0.09221025878415759
16.52 -0.08858136892877055 -0.050744961324297226 0.08839666078169497 0.003699899725019756
16.54 -0.11895230654469534 0.010886167462550424 0.14503107437265475 0.02296344381002923
16.56 -0.19070708120351795 -0.07844813827522779 0.11726259054536647 -0.022101088784387758
16.58 -0.2660188700823328 -0.018595516598376303 0.20999410952283698 -0.0008700493814975212
16.6 -0.22162541560744464 -0.08946103770220082 0.0891453175298936 -0.004456250829074419
16.62 -0.30282970738581766 -0.050744961324297226 0.22138767233632342 0.01220483946729854
16.64 -0.17922559304512622 -0.10136319068417188 0.028689611580615178 0.018742283891696576
16.66 -0.31939325294535265 -0.07188150662324512 0.15780825240509558 0.02429598065715423
16.68 -0.13449028180324188 -0.10403095134916607 -0.05102963845367273 0.019726031550636947
16.7 -0.2949052334474182 -0.05519122909928755 0.10585748619809593 0.035403374188069534
16.72 -0.07006466038697746 -0.07721702795323354 -0.09545921257733393 0.040957070953527186
16.74 -0.23737851566856472 -0.03850095157532997 0.04771806475488292 0.03638712184700991
16.76 -0.010759435498127865 -0.050403104557301036 -0.11113655521476652 0.03638712184700991
16.78 -0.15693674548076725 -0.031045066368349247 0.00676099380135576 0.03638712184700991
16.8 0.07146084179966578 -0.04205796579532225 -0.09806166636597048 0.04194081861246756
16.82 -0.10153039157890606 0.006781756454556256 -0.034368548157299755 0.03638712184700991
16.84 0.06968233468966963 0.025250541088509975 -0.07191188866837833 0.04194081861246756
16.86 -0.09051749215193307 0.04460857927746177 -0.06340694892609958 0.04194081861246756
16.88 0.07146084179966578 -0.005120396527414807 -0.050332060077303495 0.04194081861246756
16.9 -0.03901000923706035 -0.02269992760637046 -0.09846153392598446 0.04194081861246756
16.92 0.11284467884256358 -0.062305257539272095 -0.016661090296372957 0.04194081861246756
16.94 0.04464691840373325 -0.04205796579532225 -0.12096249027038625 0.03181717274049263
16.96 0.1297500811690948 -0.05307086522229524 0.025687290231964643 0.03181717274049263
16.98 0.06333082784026058 -0.032823573478345386 -0.1121087613399228 0.03181717274049263
17.0 0.07878999504222398 -0.05307086522229524 0.07960555175684504 0.03181717274049263
17.02 0.04363093288431268 -0.0134655352893936 -0.06929789334595776 0.021693526868517703
17.04 0.028719162470351237 -0.033712827033343454 0.13711001472930234 0.03181717274049263
17.06 0.023041784373366625 0.01690540232653119 -0.03400821743533111 0.021693526868517703
17.08 -0.0028828854675678056 -0.0033418894174186654 0.16586224621553103 0.021693526868517703
17.1 0.020921420496374323 0.04816559349745406 0.034254849879856955 0.0
17.12 -0.016016148771533116 0.008560263564552393 0.20734057736237113 0.011569880996542775
17.14 0.03871607637790358 0.0710806459063981 0.10413662332474102 0.005553696765457653
17.16 0.0 0.001993631912569755 0.2089592834920672 0.011107393530915307
17.18 0.05328599002486884 0.09399569831534219 0.17465335524038092 -0.019263544085009476
17.2 -0.004788124541986513 -0.004572999739412906 0.17216459972918724 0.0065374444243980305
17.22 0.04849786548288233 0.13982580313323034 0.19761679905041016 -0.0329733914045613
17.24 -0.039947186699897816 0.0016517751455735648 0.12640248875840104 0.02418228237971137
17.26 0.04282048738589774 0.15762045901475955 0.17765567658903145 -0.040145794299715105
17.28 -0.05574821066885735 -0.011481488158391758 0.062360581361545715 0.04738081710048235
17.3 0.007661425227986452 0.08374532047894462 0.07965663012867444 0.007869981271523026
17.32 -0.09179652638176672 -0.05765344974327603 -0.008853728930463394 0.06404190739685532
17.34 -0.03939978991189592 -0.05765344974327603 0.011393562813486474 0.11055267511584015
17.36 -0.1194997033326973 -0.13953187027407354 -0.023547323908955604 0.09846153392598446
17.38 -0.059647081655845785 -0.21484365915288836 0.013361058131367221 0.20131669877542988
17.4 -0.11115456457071851 -0.189808242866952 0.009774856683790313 0.08602160354794418
17.42 -0.07243848819281494 -0.2996049651512537 0.026435946980163275 0.22838760422634896
17.44 -0.11382232523571269 -0.1962481425545121 0.02741969463910365 0.03568954347064066
17.46 -0.0944642870467609 -0.3658974865156653 0.0329733914045613 0.1951791219110459
17.48 -0.106366440028732 -0.20035255356250628 0.02840344229804403 -0.02835236392621463
17.5 -0.0676503636508284 -0.35064385933470765 0.03951083582895934 0.1073037213226638
17.52 -0.07955251663279947 -0.14605057801821678 0.04506453259441699 -0.07376568570881623
17.54 -0.05096008612687082 -0.3032407874278291 0.06074187523184957 0.0592879457514257
17.56 -0.07209663142581874 -0.07751096081239033 0.06074187523184957 -0.09956667421822374
17.58 -0.05273859323686696 -0.23525815179157247 0.040494583487899714 0.0036372798194063308
17.6 -0.053627846791865025 -0.015537975258546464 0.050618229359874645 -0.09106173447594497
17.62 -0.014911770413961446 -0.18074105144470937 0.050618229359874645 -0.027368616267274253
17.64 -0.0351590621579113 0.011275948137386017 0.050618229359874645 -0.06491195677835282
17.66 -0.015801023968959514 -0.1102078023263131 0.050618229359874645 -0.04628337116409912
17.68 -0.03604831571290937 0.0416468857533108 0.050618229359874645 -0.01753113967787048
17.7 -0.015801023968959514 -0.05870031941144047 0.040494583487899714 -0.07578425939852639
17.72 -0.03604831571290937 0.054438292290279834 0.040494583487899714 -0.016661090296372957
17.74 -0.015801023968959514 -0.03311750633750211 0.040494583487899714 -0.14074729454870863
17.76 -0.03604831571290937 0.06066306717526645 0.050618229359874645 0.0003487891881846213
17.78 -0.015801023968959514 -0.015879832025542655 0.050618229359874645 -0.1328773132771856
17.8 -0.04528270802988623 0.0296180008069172 0.040494583487899714 0.05982074747852264
17.82 -0.014911770413961446 0.013816976837957656 0.030370937615924784 -0.1047600402617127
17.84 -0.0351590621579113 0.008139598740973069 0.030370937615924784 0.10164786781354737
17.86 -0.003898870986988451 0.012585866515963415 0.020247291743949857 -0.06391666758562838
17.88 -0.03426980860291323 -0.0225731956419479 0.030370937615924784 0.1415074928306913
17.9 0.01723767431195948 -0.00800328199498262 0.020247291743949857 0.015453793260474915
17.92 -0.03249130149291709 -0.04494085126289006 0.020247291743949857 0.17841587487101418
17.94 0.04938711903788041 0.008345138761978791 0.0 0.085335566705359
17.96 -0.01969989495594796 -0.020247291743949857 0.015677342637432583 0.18003458100071026
17.98 0.09343871674577241 0.0630773639114155 -0.010586133337602397 0.13560500687704904
18.0 -0.015253627180957638 0.01423764166153698 0.03233843293380554 0.1473473588787201
18.02 0.09966349163075884 0.07764727755838076 -0.008618638019721642 0.19449308506846075
18.04 -0.03851053635689787 -0.0006741287524244671 0.03285969312711845 0.12883247154190927
18.06 0.12758179338426304 0.08298279888836918 -0.042575777083223326 0.18008565937253965
18.08 -0.042409407343886284 -0.014696645611387841 0.04038088521045687 0.08503785588900381
18.1 0.04269375542147518 0.04782373673045789 0.036794683762879955 0.08665656201869995
18.12 -0.09870501480074552 -0.06086860719627216 0.08839666078169497 0.008269848831537033
18.14 -0.10882866067272043 0.010886167462550424 0.12935373173522216 0.012839797938054322
18.16 -0.1814726888865411 -0.06921374595825094 0.10713894467339155 -0.011977442912412834
18.18 -0.2660188700823328 -0.018595516598376303 0.2201177553948119 -0.0008700493814975212
18.2 -0.2123910232904678 -0.08946103770220082 0.0891453175298936 -0.004456250829074419
18.22 -0.3230769991297675 -0.050744961324297226 0.21126402646434853 0.01775853623275619
18.24 -0.19023849247209923 -0.10136319068417188 0.013012268943182612 0.018742283891696576
18.26 -0.3304061523723257 -0.06264711430626824 0.1623782015116129 0.02429598065715423
18.28 -0.13537953535823996 -0.10403095134916607 -0.05102963845367273 0.019726031550636947
18.3 -0.2865600946854394 -0.06531487497126248 0.10030378943263828 0.035403374188069534
18.32 -0.07184316749697361 -0.07721702795323354 -0.10101290934279158 0.030833425081552252
18.34 -0.23915702277856096 -0.0486245974473049 0.04216436798942526 0.03638712184700991
18.36 -0.002414296736149103 -0.050403104557301036 -0.11669025198022423 0.03638712184700991
18.38 -0.14859160671878835 -0.031045066368349247 -0.0033626520706191974 0.05206446448444249
18.4 0.06968233468966963 -0.03193431992334732 -0.08793802049399557 0.011569880996542775
18.42 -0.11254329100587913 0.02702904819850611 -0.0288148513918421 0.046510767718984845
18.44 0.05866943526269664 0.04460857927746177 -0.06635819190292068 0.05206446448444249
18.46 -0.09229599926192932 0.054732225149436695 -0.06797689803261682 0.04194081861246756
18.48 0.06968233468966963 -0.014354788844391668 -0.03922466654638818 0.04194081861246756
18.5 -0.030664870475081544 -0.04205796579532225 -0.10760143213901904 0.03181717274049263
18.52 0.13131346347651734 -0.061416003984274034 -0.01712357776200043 0.03181717274049263
18.54 0.05299205716571201 -0.04205796579532225 -0.13467233758993805 0.03181717274049263
18.56 0.13809521993107357 -0.062305257539272095 0.03222473465636269 0.03181717274049263
18.58 0.06244157428526259 -0.042947219350320316 -0.11569496278749973 0.03181717274049263
18.6 0.08802438735920082 -0.05307086522229524 0.0916966929467007 0.03181717274049263
18.62 0.04363093288431268 -0.0033418894174186654 -0.07288409479353467 0.021693526868517703
18.64 0.028719162470351237 -0.023589181161368527 0.14364745915370036 0.021693526868517703
18.66 0.023931037928364724 0.037152694070481045 -0.04771806475488292 0.021693526868517703
18.68 -0.001993631912569755 -0.002452635862420603 0.1825233365119039 0.021693526868517703
18.7 0.03193431992334732 0.049054847052452104 0.04079229430425488 0.011569880996542775
18.72 -0.015126895216535053 -0.0006741287524244671 0.21387802178676904 0.021693526868517703
18.74 0.039605329932901646 0.10145158352232289 0.1309213594930889 -0.004569949106517275
18.76 0.0008892535549980681 0.01300653133954274 0.20994303115100757 0.005553696765457653
18.78 0.054175243579866916 0.10589785129731324 0.17008340613386363 -0.029387189956984403
18.8 -0.014022516858963373 0.007329153242558152 0.16059471873264447 0.012091141189855685
18.82 0.03926347316590547 0.15406344479476727 0.2224340399008773 -0.04766698638305351
18.84 -0.029823540827922893 0.004319535810567787 0.13097243786491827 0.03528967591062668
18.86 0.033586095068920886 0.1611774732347518 0.20247291743949858 -0.04928569251274963
18.88 -0.06498260298583418 -0.008813727493397584 0.060393086043664945 0.04379461565290546
18.9 0.027908716971936295 0.12690766463183858 0.0620117921733611 -0.005839866048028817
18.92 -0.08078362695479373 -0.03240290865476605 -0.026498566885776745 0.07613304858671101
18.94 -0.03851053635689787 -0.043972789651308825 -0.01637492101380181 0.12264381630569585
18.96 -0.12784484209467611 -0.13597485605408127 -0.04576211097078622 0.10042902924386522
18.98 -0.06799222041782457 -0.2306446831218479 -0.0033000321650057487 0.2134078399652856
19.0 -0.13885774152164906 -0.2258565585798614 -0.006886233612582634 0.11280633971629207
19.02 -0.07989437339979563 -0.345776926736138 0.015328553449247969 0.24504869452272193
19.04 -0.12216746399769152 -0.23318571182241954 0.01631230110818834 0.046796937001555974
19.06 -0.0834513876197879 -0.3751318788326422 0.0329733914045613 0.1951791219110459
19.08 -0.11560083234570884 -0.20035255356250628 0.03852708817001895 -0.023782414819697357
19.1 -0.07688475596780525 -0.35153311288970573 0.03395713906350169 0.12656726540767332
19.12 -0.08878690894977632 -0.14693983157321483 0.03951083582895934 -0.09042677600518914
19.14 -0.06019447844384767 -0.3050192945378252 0.05518817846639191 0.05732045043354489
19.16 -0.07120737787082068 -0.08852386023936332 0.06074187523184957 -0.11165781540807938
19.18 -0.04172569380989395 -0.24627105121854534 0.06074187523184957 0.001669784501525524
19.2 -0.06286223910884188 -0.00719283649656775 0.03494088672244206 -0.0930292297938257
19.22 -0.024146162730938305 -0.1926432044266804 0.04506453259441699 -0.023782414819697357
19.24 -0.0351590621579113 0.008608187472391747 0.050618229359874645 -0.07700309796820852
19.26 -0.005677378096984587 -0.12444544398785015 0.050618229359874645 -0.058374512353954786
19.28 -0.0351590621579113 0.05922641683226644 0.050618229359874645 -0.03974592673970111
19.3 -0.025035416285936377 -0.06136808007643464 0.040494583487899714 -0.08787540058838206
19.32 -0.04528270802988623 0.08125221568621241 0.050618229359874645 -0.027768483827288266
19.34 -0.025035416285936377 -0.026550874685519543 0.050618229359874645 -0.13617734544219134
19.36 -0.04528270802988623 0.06722969882724907 0.050618229359874645 -0.005204907577273036
19.38 -0.025035416285936377 0.0008104454984149167 0.050618229359874645 -0.13843101004264324
19.4 -0.04528270802988623 0.05732117775784771 0.040494583487899714 0.05426705071306498
19.42 -0.014911770413961446 0.012038469727961508 0.040494583487899714 -0.1047600402617127
19.44 -0.0351590621579113 0.016484737502951877 0.040494583487899714 0.10164786781354737
19.46 -0.003898870986988451 0.01080735940596729 0.030370937615924784 -0.08561019445414607
19.48 -0.024146162730938305 -0.01422805687996909 0.020247291743949857 0.1415074928306913
19.5 0.01723767431195948 0.0003418567669961785 0.020247291743949857 0.015453793260474915
19.52 -0.02236765562094217 -0.03659571250091127 0.020247291743949857 0.17841587487101418
19.54 0.04938711903788041 0.007455885206980723 0.0 0.08076561759884172
19.56 -0.01969989495594796 -0.020247291743949857 0.015677342637432583 0.17546463189419298
19.58 0.09343871674577241 0.062188110356417414 -0.010586133337602397 0.1512823495144816
19.6 -0.015253627180957638 0.01423764166153698 0.03233843293380554 0.1473473588787201
19.62 0.10889788394773572 0.08688166987535761 -0.008618638019721642 0.20004678183391839
19.64 -0.03851053635689787 -0.0006741287524244671 0.03285969312711845 0.1343861683073669
19.66 0.12758179338426304 0.09221719120534602 -0.052699422955198263 0.1902093052445146
19.68 -0.032285761471911374 -0.015585899166385914 0.04038088521045687 0.08503785588900381
19.7 0.04269375542147518 0.04782373673045789 0.026671037890905035 0.09221025878415759
19.72 -0.09870501480074552 -0.06086860719627216 0.08839666078169497 -0.0018537970404379008
19.74 -0.10882866067272043 0.010886167462550424 0.1394773776071971 0.02296344381002923
19.76 -0.1713490430145662 -0.07933739183022588 0.1015852479079339 -0.022101088784387758
19.78 -0.2660188700823328 -0.018595516598376303 0.2201177553948119 -0.0008700493814975212
19.8 -0.2123910232904678 -0.08946103770220082 0.0891453175298936 -0.004456250829074419
19.82 -0.3230769991297675 -0.050744961324297226 0.22138767233632342 0.01220483946729854
19.84 -0.19023849247209923 -0.10136319068417188 0.013012268943182612 0.018742283891696576
19.86 -0.3211717600553488 -0.07277076017824317 0.1623782015116129 0.02429598065715423
19.88 -0.13626878891323801 -0.10403095134916607 -0.05102963845367273 0.0252797283160946
19.9 -0.2865600946854394 -0.06531487497126248 0.10030378943263828 0.035403374188069534
19.92 -0.09120120568592535 -0.07721702795323354 -0.10101290934279158 0.040957070953527186
19.94 -0.22903337690658598 -0.0486245974473049 0.030594486992882478 0.03638712184700991
19.96 -0.002414296736149103 -0.050403104557301036 -0.11669025198022423 0.03638712184700991
19.98 -0.14859160671878835 -0.031045066368349247 -0.0033626520706191974 0.04194081861246756
20.0 0.06968233468966963 -0.02269992760637046 -0.08793802049399557 0.006016184231085122
