0.0 0.0 0.0 0.0 -0.02198133567703611
0.02 0.0 0.0 0.0 -0.02198133567703611
0.04 0.03654939869159109 0.0 0.0 0.0
0.06 -0.6631105191188668 -0.5847903790654574 0.7263882701356714 0.7295284609466764
0.08 -0.34700781933298513 -0.44501372851831206 0.13678136559905016 0.22006022830596966
0.1 -0.6554553694137615 -0.7835897330714605 0.4525536074253943 0.5138511344552779
0.12 -0.16302662038914345 -0.3642597814300245 -0.13918929512875214 -0.14597177314750237
0.14 -0.32527657570355545 -0.6329474607096003 0.20924427246225466 0.2223071321030154
0.16 0.10047432015709942 -0.28029536223212764 -0.3618959711745098 -0.3488331115337493
0.18 -0.1617924149032571 -0.5477834399627114 0.09079360200697288 0.0598937902936612
0.2 0.16394170121145307 -0.1501501280138108 -0.4221893054109135 -0.36302777639855544
0.22 -0.1983418135948483 -0.48431605890835794 0.03477226380562002 0.08401112398822265
0.24 0.09405337593788034 -0.0834722748498477 -0.3959359736988266 -0.33677444468646855
0.26 -0.1983418135948483 -0.3445394083612125 0.01492692614610923 0.10812845768278409
0.28 0.12739230251986197 -0.013583949576275043 -0.405858642528582 -0.3147931090094324
0.3 -0.12845348832127548 -0.3445394083612125 0.09506559804202365 0.06416578632871196
0.32 0.16394170121145307 -0.010373477466665493 -0.3257199706326676 -0.29067577531487093
0.34 -0.08869361752007508 -0.30799000966962153 0.08727892722979358 0.09041911804079868
0.36 0.20370157201265365 -0.010373477466665493 -0.3235839726151424 -0.26442244360278416
0.38 -0.0521442188284839 -0.29955819488978463 0.09933759407707407 0.09255511605832405
0.4 0.20370157201265365 -0.007163005357055948 -0.2895439700908255 -0.2523637767555037
0.42 -0.1553714706840382 -0.2630087961981936 0.10147359209459936 0.11667244975288542
0.44 0.13702371884869052 0.02938639333453507 -0.28740797207330016 -0.22824644306094222
0.46 -0.11561159988283748 -0.259798324088584 0.10360959011212485 0.0936869212823695
0.48 0.14023419095830017 -0.037291459829428046 -0.2632906383787388 -0.24809178072045293
0.5 -0.14895052646481902 -0.3264761772525471 0.05864272596457278 0.06178291677557799
0.52 0.07355633779433707 -0.14051871168498217 -0.24909597351393267 -0.22397444702589148
0.54 -0.17907898093719102 -0.35660463172491924 0.10687739335369556 0.07597758164038389
0.56 0.003668012520764314 -0.1373082395753728 -0.21291997297209064 -0.1877984464840494
0.58 -0.21241790751917267 -0.3200552330333283 0.08703205569418487 0.0561322439808732
0.6 0.0068784846303737756 -0.13409776746576327 -0.18880263927752916 -0.18566244846652402
0.62 -0.21241790751917267 -0.28029536223212764 0.07710938686442943 0.0703269088456792
0.64 0.0068784846303737756 -0.1308872953561537 -0.18666664126000385 -0.14948644792468185
0.66 -0.1726580367179721 -0.27708489012251797 0.06932271605219938 0.10650290938752138
0.68 0.04663835543157442 -0.16422622193813516 -0.1724719763951978 -0.1352917830598758
0.7 -0.1694475646083625 -0.2738744180129084 0.07145871406972475 0.08665757172801059
0.72 0.013299428849592952 -0.12446635113693463 -0.13629597585335562 -0.12109711819506978
0.74 -0.166237092498753 -0.3040028724852806 0.06367204325749462 0.07887090091578056
0.76 -0.01682902562277914 -0.15780527771891617 -0.12210131098854964 -0.08492111765322763
0.78 -0.15981614827953391 -0.26424300168407994 0.07786670812230073 0.09306556578058663
0.8 -0.013618553513169596 -0.18793373219128817 -0.10790664612374351 -0.07072645278842156
0.82 -0.15660567616992438 -0.3674702535396341 0.07008003731007056 0.08527889496835644
0.84 -0.0802964066771327 -0.22127265877326976 -0.07173064558190145 -0.05653178792361552
0.86 -0.1867341306422964 -0.3277103827384335 0.07435203334512121 0.07749222415612637
0.88 -0.11042486114950471 -0.25140111324564174 -0.04547731386981468 -0.054395789906090244
0.9 -0.21686258511466847 -0.3212894385192144 0.06656536253289119 0.05764688649661564
0.92 -0.14376378773148626 -0.24819064113603226 -0.03128264900500862 -0.04020112504128418
0.94 -0.21365211300505896 -0.31807896640960487 0.07083735856794182 0.06191888253166627
0.96 -0.13734284351226725 -0.24498016902642275 -0.0050293172929218736 -0.013947793329197438
0.98 -0.1706817700942488 -0.2783190956084043 0.09709069028002863 0.03215087604240013
1.0 -0.1341323714026577 -0.2751086234987948 0.04320535009620097 0.012305538382889338
1.02 -0.16747129798463928 -0.2020098261156126 0.045341348113726324 0.048481538924731477
1.04 -0.16426082587502974 -0.23213828058798464 0.04747734613125164 0.07259887261929292
1.06 -0.16105035376542023 -0.26547720716996615 0.07159467982581305 0.08679353748409892
1.08 -0.19438928034740177 -0.2622667350603567 0.1077706803676552 0.09885220433137966
1.1 -0.19438928034740177 -0.2622667350603567 0.11982934721493592 0.08892953550162427
1.12 -0.19117880823779224 -0.2956056616423382 0.13188801406221665 0.100988202348905
1.14 -0.19117880823779224 -0.32894458822431977 0.13188801406221665 0.100988202348905
1.16 -0.2610671335113649 -0.32894458822431977 0.13188801406221665 0.1130468691961857
1.18 -0.2610671335113649 -0.32894458822431977 0.13188801406221665 0.1130468691961857
1.2 -0.2610671335113649 -0.32894458822431977 0.13188801406221665 0.1130468691961857
1.22 -0.18796833612818273 -0.32894458822431977 0.13188801406221665 0.1130468691961857
1.24 -0.18796833612818273 -0.32894458822431977 0.13188801406221665 0.1130468691961857
1.26 -0.2245177348197738 -0.32894458822431977 0.13188801406221665 0.1130468691961857
1.28 -0.18796833612818273 -0.32894458822431977 0.13188801406221665 0.1130468691961857
1.3 -0.18796833612818273 -0.438592784299093 0.13188801406221665 0.178990876227294
1.32 -0.18796833612818273 -0.4020433856075019 0.13188801406221665 0.1449508737029772
1.34 -0.18796833612818273 -0.624550249866658 0.13188801406221665 0.2966842254247047
1.36 -0.18796833612818273 -0.4847735993195127 0.13188801406221665 0.12862021082064584
1.38 -0.18796833612818273 -0.7835897330714605 0.13188801406221665 0.32218023587892014
1.4 -0.2245177348197738 -0.5008259598675602 0.13188801406221665 0.07397754937894699
1.42 -0.18796833612818273 -0.8478337792005456 0.13188801406221665 0.2554789075899406
1.44 -0.18796833612818273 -0.486749865943236 0.10990667838518055 -0.0026464477397879836
1.46 -0.15141893743659163 -0.8305472131666116 0.13188801406221665 0.21503091101304786
1.48 -0.15141893743659163 -0.5112340412711203 0.10990667838518055 -0.08492111765322763
1.5 -0.15141893743659163 -0.810050175023068 0.10990667838518055 0.10085223659281661
1.52 -0.11486953874500054 -0.3810888070528038 0.10990667838518055 -0.10903845134778906
1.54 -0.11486953874500054 -0.6465660142227698 0.10990667838518055 0.02498556073195293
1.56 -0.11486953874500054 -0.21439417414289588 0.10990667838518055 -0.10476645531273836
1.58 -0.07832014005340947 -0.47345043709364293 0.10990667838518055 0.009412219107492792
1.6 -0.07832014005340947 -0.14450584886932322 0.10990667838518055 -0.04233712305880952
1.62 -0.04177074136181838 -0.43369056629244235 0.10990667838518055 -0.06004646270079496
1.64 -0.07832014005340947 -0.09952463539789526 0.10990667838518055 -0.04371579981846362
1.66 -0.04177074136181838 -0.31762142599845 0.10990667838518055 -0.09646933477824572
1.68 -0.04177074136181838 -0.05334382037747577 0.10990667838518055 -0.03617600054184215
1.7 -0.03333892658198155 -0.1899099988150114 0.10990667838518055 -0.18577335424604427
1.72 -0.07510966794379993 -0.07384085852101906 0.10990667838518055 -0.015573341624460136
1.74 0.0032104721096095257 -0.13409776746576327 0.13188801406221665 -0.25096004001928135
1.76 -0.03012845447237203 -0.16101574982852573 0.10990667838518055 0.05326398468204475
1.78 0.04297034291081014 -0.21806218666366015 0.08792534270814444 -0.21616271623709332
1.8 -0.06346738105435358 -0.31486849429999536 0.08792534270814444 0.1660639823426218
1.82 0.012841888438438103 -0.19558888189639353 0.08792534270814444 -0.14946138794811378
1.84 -0.09359583552672561 -0.2622667350603567 0.08792534270814444 0.23062931261407607
1.86 0.01926283265765715 0.0 0.06594400703110832 -0.07710938686442943
1.88 -0.09038536341711609 -0.03654939869159109 0.06594400703110832 0.2887866488329543
1.9 0.09557210215044887 0.23093867903899284 0.06594400703110832 -0.04306938434011264
1.92 -0.11730334577987855 0.0546126298002565 0.06594400703110832 0.3206906533397458
1.94 0.14175291717086852 0.2469910395870405 0.0 0.17460797441272313
1.96 -0.10767192945105 0.0007766650747314933 0.034040002524316826 0.32634132613445055
1.98 0.30079240037567095 0.12005627747833333 -0.02298552847051594 0.2858933295575577
2.0 -0.05507017021141136 -0.1293685691435852 0.04823466738912286 0.26742666865770104
2.02 0.4630423556900831 0.023249969841998064 -0.04069486811250141 0.3818522146135409
2.04 -0.03580733755375416 -0.19283595019793873 0.10852800162552644 0.2073802059569061
2.06 0.49073700312757695 0.13931911013599063 -0.04634554090720613 0.37682289732061897
2.08 -0.11977175675165118 -0.14986560728712864 0.12171847369685264 0.12648421280312053
2.1 0.15413726519815185 0.10919065566361838 0.05791046468326965 0.17609755695189747
2.12 -0.38969364151711305 -0.2498823870330734 0.19193447676301162 -0.004025124499442042
2.14 -0.46279243890029503 0.005963403808064241 0.28086401226463587 0.04986021568438557
2.16 -0.7583981005426333 -0.28322131361505487 0.2205706780282323 -0.04798779585351426
2.18 -0.923858527966655 -0.10047432015709942 0.45595737642305356 0.01016954036536401
2.2 -0.7635848392759662 -0.3229811844162556 0.19356002505827435 -0.009675797294146781
2.22 -1.1631944178485902 -0.21654346045109185 0.48069606561939776 0.026500203247695364
2.24 -0.6470581585708192 -0.36595152732706576 0.050234699650559815 0.04069486811250141
2.26 -1.1531054611086067 -0.29606320205349296 0.330588262192933 0.052753534959782133
2.28 -0.48555026439424415 -0.37558294365589423 -0.13278130107617625 0.054889532977307434
2.3 -1.0646963643152139 -0.16591796783517626 0.22984693137963666 0.08892953550162427
2.32 -0.25295444339510476 -0.2454377094375775 -0.20726930017738585 0.08892953550162427
2.34 -0.8236687285362377 -0.10566105889043227 0.10360959011212485 0.100988202348905
2.36 0.0310435352946818 -0.18197032838322394 -0.21932796702466653 0.1130468691961857
2.38 -0.5300393335176229 -0.11208200310965129 0.014680054610500643 0.1130468691961857
2.4 0.25799507714933334 -0.11850294732887034 -0.19093863729505456 0.09106553351914957
2.42 -0.3665551727173246 0.06103357401947555 -0.04058396233298113 0.06694819982458815
2.44 0.2515741329301142 0.09116202849184755 -0.13415997783583036 0.07900686667186888
2.46 -0.32679530191612394 0.19759975245701128 -0.14973331946029053 0.07900686667186888
2.48 0.25799507714933334 -0.01848616758292568 -0.10928532288339768 0.09106553351914957
2.5 -0.1741767629305408 -0.11850294732887034 -0.21378820000948207 0.09106553351914957
2.52 0.3740642174433255 -0.2582795978760156 -0.03617600054184215 0.09106553351914957
2.54 0.16118876951299815 -0.18518080049283345 -0.2626442229003878 0.06908419784211348
2.56 0.5017756446267645 -0.22494067129403403 0.0557744666657443 0.06908419784211348
2.58 0.2619822143336745 -0.11850294732887034 -0.2434202407426598 0.06908419784211348
2.6 0.3543438443745139 -0.1916017447120525 0.17284646036137205 0.06908419784211348
2.62 0.15752075699223408 -0.012065223363706606 -0.1504655807415936 0.06908419784211348
2.64 0.10368479226670907 -0.08837449285649832 0.2977051248692299 0.06908419784211348
2.66 0.08318775412316552 0.0943725006014571 -0.05186024794582254 0.04710286216507737
2.68 -0.010408081403560048 -0.012065223363706606 0.3821157928001949 0.04710286216507737
2.7 0.11208200310965129 0.21044164089544937 0.062318426474408654 0.0
2.72 -0.021273703218274948 0.030905119547103503 0.4161557953245116 0.025121526488041265
2.74 0.1397766505471453 0.29317185460746015 0.2261104450434168 0.012058666847280715
2.76 0.0 0.043747007985541604 0.4317291369489718 0.012058666847280715
2.78 0.19237840978678394 0.34256314173748936 0.3572411378477622 -0.04182667333654689
2.8 -0.050625492615915466 -0.013299428849592952 0.348697145777661 0.014194664864806038
2.82 0.17509184375285008 0.5048130970519015 0.42908268920918397 -0.07159467982581305
2.84 -0.14422132814264108 0.005963403808064241 0.2524746825350238 0.05250666342417352
2.86 0.1545948056093066 0.5357182165990048 0.36376003767985843 -0.0651866857732371
2.88 -0.20126776497777568 -0.04145161669824177 0.13540268883939607 0.10287732883082168
2.9 0.027660043500599488 0.30234573052513375 0.17295736614089233 0.017087984140202597
2.92 -0.3314129991960924 -0.17159685091655846 -0.0192239821577279 0.13905332937266385
2.94 -0.10890613493693636 -0.24469564829974047 0.0027573535193082194 0.2719455362283604
2.96 -0.43142977894203705 -0.47041298466850634 -0.05112798666451941 0.23576953568651818
2.98 -0.2153438589021 -0.812199461331264 0.029010685231394967 0.43711623155702256
3.0 -0.401301324469665 -0.6884751713321664 0.021224014419164876 0.2087588827165602
3.02 -0.26152467392251977 -1.1214236764867715 0.05740001496100704 0.5178762589547198
3.04 -0.44748213949008464 -0.7117251411741646 0.059536012978532345 0.08741489298588183
3.06 -0.30449501683332975 -1.2908712410951344 0.04961334414877696 0.4117311268823273
3.08 -0.4173536850177126 -0.7265432962363259 0.06167201099605768 -0.10765977458813498
3.1 -0.28078750658017687 -1.3056893961572955 0.0737306778433384 0.2209284553433612
3.12 -0.323757849490987 -0.5304968739287775 0.09784801153789982 -0.1942064405366253
3.14 -0.18398119894384174 -1.1377605577615013 0.13188801406221665 0.09155092326484413
3.16 -0.2602904684366334 -0.31959769262217336 0.13188801406221665 -0.2381691118906975
3.18 -0.15385274447146968 -0.8891123762143142 0.10990667838518055 0.007897576591750407
3.2 -0.19361261527267032 -0.0625176962951494 0.10990667838518055 -0.19772111531380474
3.22 -0.12372428999909764 -0.6224009635584618 0.10990667838518055 -0.0814064428760482
3.24 -0.12693476210870716 0.10417693661475831 0.10990667838518055 -0.14094245585458054
3.26 -0.09038536341711609 -0.37096524637592576 0.10990667838518055 -0.14445713063175997
3.28 -0.12693476210870716 0.21382513268953154 0.10990667838518055 -0.06996913153055039
3.3 -0.09038536341711609 -0.25168563397232374 0.10990667838518055 -0.21843468001070696
3.32 -0.16348416080029826 0.19332809454598823 0.10990667838518055 -0.034040002524316826
3.34 -0.09359583552672561 -0.05288627996632092 0.10990667838518055 -0.2914080365961741
3.36 -0.1301452342183167 0.21580139931325473 0.10990667838518055 0.014951986122677244
3.38 -0.053835964725525 0.012557367711755843 0.10990667838518055 -0.31828272381004374
3.4 -0.16348416080029826 0.14347926700480418 0.08792534270814444 0.12210131098854964
3.42 -0.050625492615915466 0.013334032786487334 0.08792534270814444 -0.24831359227949346
3.44 -0.16027368869068873 0.02938639333453507 0.08792534270814444 0.23703730666665196
3.46 0.0224733047672667 0.012099827300601076 0.06594400703110832 -0.13764959263644166
3.48 -0.08396441919789703 -0.11804540691771553 0.06594400703110832 0.3675466439692145
3.5 0.06544364767807685 0.007655149705105354 0.04396267135407222 0.0037866062893560136
3.52 -0.11409287367026907 -0.12570055662282087 0.04396267135407222 0.4015866464935313
3.54 0.21806218666366015 0.0666778531639631 0.012058666847280715 0.19948262936515565
3.56 -0.06791205864984938 0.0 0.034040002524316826 0.3930426544234301
3.58 0.3771016698684626 0.23093867903899284 -0.02298552847051594 0.3625173266762928
3.6 -0.08519862468378318 0.09116202849184755 0.06029333423640358 0.3199333320818746
3.62 0.4080067894155661 0.28354043827863157 -0.07259887261929292 0.4761855513742613
3.64 -0.1326136451900894 0.0007766650747314933 0.07348380630772978 0.2775962090230651
3.66 0.5067893636756243 0.2662538722446977 -0.10023088109103379 0.42078556867469125
3.68 -0.14347926700480418 -0.08639822623277515 0.13591313856165868 0.158388217309912
3.7 0.2734168776017537 0.21241790751917267 0.04020112504128418 0.20586556344116366
3.72 -0.34351282649669335 -0.17999406175950075 0.21818780847509842 -0.008297120534492672
3.74 -0.4134011517702662 0.005963403808064241 0.3191760108240033 0.023606883972298796
3.76 -0.7122172855222137 -0.31656024019703655 0.2588826765875998 -0.07424112756560103
3.78 -0.984115436911399 -0.06392492146550832 0.47015204128785953 -0.01608379134672274
3.8 -0.82705222033032 -0.319770712306646 0.19569602307579964 -0.0337931309887082
3.82 -1.2298722710125531 -0.1767835896498913 0.5147360681437146 0.02436420523017004
3.84 -0.7868348091179644 -0.39929045390904727 0.06229336649784054 0.03855887009497607
3.86 -1.2960925837653614 -0.2563033312522925 0.36249226669972456 0.04069486811250141
3.88 -0.5586490617774263 -0.3723724715462846 -0.1349172990937016 0.030772199282746004
3.9 -1.1044562351164142 -0.2325958209991395 0.2255749353445861 0.07687086865434356
3.92 -0.2593753876143238 -0.3121155626015406 -0.21154129621243659 0.06694819982458815
3.94 -0.9031884701386388 -0.1723389120543953 0.11139626092435502 0.08892953550162427
3.96 0.05796151765744418 -0.17875985627361443 -0.25550396756650884 0.07900686667186888
3.98 -0.6159800193392431 -0.10887153100004178 0.00048538974569453945 0.09106553351914957
4.0 0.24515318871089514 -0.1486314018012424 -0.2051333021598605 0.09106553351914957
4.02 -0.38260753326537245 0.027694647437494 -0.0668372940450679 0.06908419784211348
4.04 0.34195949634723055 0.024484175327884453 -0.17033597837767248 0.09106553351914957
4.06 -0.23962041060861736 0.20081022456662082 -0.1617919863075712 0.09106553351914957
4.08 0.3483804405664493 0.018063231108665402 -0.10928532288339768 0.09106553351914957
4.1 -0.12034079820501571 -0.048614622055297714 -0.23576953568651818 0.06908419784211348
4.12 0.4311106542784603 -0.18839127260244298 -0.03617600054184215 0.06908419784211348
4.14 0.14834688107456012 -0.18518080049283345 -0.30660689425446 0.06908419784211348
4.16 0.528693626989527 -0.22494067129403403 0.06783313351302502 0.06908419784211348
4.18 0.24712945533461853 -0.08195354863727926 -0.2533429095724153 0.06908419784211348
4.2 0.34471242804568525 -0.15505234602046145 0.1870411252261781 0.06908419784211348
4.22 0.22098813804658768 -0.045404149945688164 -0.18023358723085978 0.04710286216507737
4.24 0.16715217332106255 -0.0851640207468888 0.33388112541107196 0.04710286216507737
4.26 0.14986560728712864 0.10079344482067616 -0.0816282544350888 0.04710286216507737
4.28 0.05626977176040307 -0.008854751254097104 0.4083691245122816 0.04710286216507737
4.3 0.10887153100004178 0.17710271431346783 0.07864908935673993 0.0
4.32 -0.024484175327884453 -0.0024338070348780536 0.4984304652379513 0.025121526488041265
4.34 0.1397766505471453 0.29638232671706966 0.2523637767555037 -0.009922668829755392
4.36 0.0 0.046957480095151154 0.4679051374908139 0.02411733369456143
4.38 0.19237840978678394 0.418872411230281 0.40333980721935975 -0.05174934216630228
4.4 -0.053835964725525 0.026460441951607697 0.3858773391129829 0.02625333171208676
4.42 0.17509184375285008 0.5895541813245299 0.49502669624029233 -0.10349868433260456
4.44 -0.14422132814264108 0.01559482013689288 0.28437868704181524 0.07662399711873495
4.46 0.19114420430089774 0.5818990316194244 0.4396267135407222 -0.10701335910978395
4.48 -0.16471836628618458 -0.028609728259803575 0.1311306928043454 0.09509065801859162
4.5 0.10075884088378159 0.42483581503834533 0.14670403442880553 -0.012680022349063614
4.52 -0.29165312839489177 -0.11698422111630186 -0.057535980717095404 0.16530666108475064
4.54 -0.10248519071771728 -0.11698422111630186 -0.013573309363023213 0.2662948634336556
4.56 -0.4282193068324275 -0.4210216975384768 -0.0773813183766062 0.24004153172156883
4.58 -0.24547231337447206 -0.8326964994748075 -0.007165315310447202 0.48535089894614536
4.6 -0.5013181042156095 -0.7788605347492826 -0.014951986122677244 0.24493488325840235
4.62 -0.28844265628528215 -1.2483584385954791 0.021224014419164876 0.5100895881424897
4.64 -0.4410611952708657 -0.8418703753924812 0.03541867928397091 0.12359089352772394
4.66 -0.3378339434153114 -1.3543386221494882 0.07159467982581305 0.45782979625392484
4.68 -0.4173536850177126 -0.7233328241267164 0.06167201099605768 -0.05163843638678202
4.7 -0.2775770344705673 -1.3024789240476862 0.0737306778433384 0.2748137955271889
4.72 -0.32054737738137745 -0.5304968739287775 0.08578934469061912 -0.1743611028771144
4.74 -0.21732012552582325 -1.1345500856518924 0.11982934721493592 0.12445912056511538
4.76 -0.293629395018615 -0.31959769262217336 0.13188801406221665 -0.24244110792574808
4.78 -0.15064227236186012 -0.8891123762143142 0.10990667838518055 0.003625580556699648
4.8 -0.22695154185465183 -0.0625176962951494 0.08792534270814444 -0.20199311134885536
4.82 -0.08717489130750657 -0.6954997609416441 0.10990667838518055 -0.05163843638678202
4.84 -0.12693476210870716 0.031078139231575926 0.10990667838518055 -0.1671957875666673
4.86 0.016052360548047647 -0.4492853864293354 0.10990667838518055 -0.12674779098977448
4.88 -0.09359583552672561 0.2471640592715133 0.10990667838518055 -0.08629979441288176
4.9 -0.09038536341711609 -0.221557179499952 0.10990667838518055 -0.1908026715389661
4.92 -0.16348416080029826 0.32989427298352353 0.10990667838518055 -0.06029333423640358
4.94 -0.12693476210870716 -0.059307224185540366 0.10990667838518055 -0.2736986969541887
4.96 -0.16348416080029826 0.2792687803676083 0.10990667838518055 -0.01130134558940948
4.98 -0.12693476210870716 0.039475350074518564 0.10990667838518055 -0.3005733841680583
5.0 -0.16348416080029826 0.20694664805915758 0.08792534270814444 0.10577064810621829
5.02 -0.053835964725525 0.0768014138408409 0.08792534270814444 -0.2054827261494667
5.04 -0.16027368869068873 0.05951484780690716 0.08792534270814444 0.2207066437843207
5.06 -0.014076093924324405 0.039017809663363705 0.06594400703110832 -0.18588426002556444
5.08 -0.08717489130750657 -0.05136755375375241 0.06594400703110832 0.307253309732811
5.1 0.06223317556846732 0.0012342054858863031 0.04396267135407222 0.03355461277862235
5.12 -0.11730334577987855 -0.13212150084203997 0.04396267135407222 0.38739198162872546
5.14 0.17830231586245962 0.0269179823627625 0.0 0.19734663134763045
5.16 -0.07112253075945892 -0.03975987080120061 0.034040002524316826 0.3809839875761494
5.18 0.33734179906726214 0.2245177348197738 -0.0010041927934798353 0.3064959884749398
5.2 -0.09161956890300245 0.05140215769064696 0.07021600306615897 0.3199333320818746
5.22 0.3931540304165103 0.31366889275100357 -0.04069486811250141 0.4343588780377144
5.24 -0.13903458940930838 0.030905119547103503 0.07134780829020446 0.2917908738878711
5.26 0.4240591499636138 0.3329317254086608 -0.0924442102788037 0.41299889786246113
5.28 -0.1864496099156141 -0.05626977176040307 0.08767847117253585 0.1846415490219988
5.3 0.15413726519815185 0.1726580367179721 0.05791046468326965 0.2002148906464589
5.32 -0.3563547149351316 -0.2197539325607014 0.19193447676301162 0.030014878024874802
5.34 -0.39290411362672256 0.0393023303900458 0.302845347941672 0.027878880007349498
5.36 -0.6551708486870793 -0.2864317857246645 0.2205706780282323 -0.04798779585351426
5.38 -0.9270690000762644 -0.06713539357511797 0.4658800452528089 -0.0018891264819167143
5.4 -0.8085660527473942 -0.3229811844162556 0.18150135821099364 -0.009675797294146781
5.42 -1.1298554912666083 -0.18320453386911026 0.4686373987721171 0.03855887009497607
5.44 -0.6868180293720199 -0.36595152732706576 0.02825336397352375 0.04069486811250141
5.46 -1.1595264053278258 -0.2261748767799202 0.3525695978699693 0.06481220180706285
5.48 -0.45542180992187226 -0.37558294365589423 -0.11079996539914014 0.054889532977307434
5.5 -1.034567909842842 -0.16591796783517626 0.21778826453235597 0.07687086865434356
5.52 -0.2593753876143238 -0.27877663601955904 -0.21932796702466653 0.06694819982458815
5.54 -0.8634285993374387 -0.1755493841640049 0.09155092326484413 0.07900686667186888
5.56 -0.008716335506519105 -0.18197032838322394 -0.23138663387194736 0.07900686667186888
5.58 -0.5730096764284328 -0.07553260441806021 -0.0073012810665355286 0.07900686667186888
5.6 0.2515741329301142 -0.11529247521926082 -0.16895730161801845 0.025121526488041265
5.62 -0.4428644422101166 0.09758297271106661 -0.06256529801001724 0.100988202348905
5.64 0.2118142621289137 0.12771142718343867 -0.1440826466655857 0.1130468691961857
5.66 -0.33321624613534345 0.16105035376542023 -0.14759732144276513 0.09106553351914957
5.68 0.2881235316217051 -0.051825094164907236 -0.08516798918883624 0.09106553351914957
5.7 -0.1107093818761869 -0.11529247521926082 -0.23363353766899292 0.06908419784211348
5.72 0.47408099718927055 -0.22173019918442452 -0.037180193335321986 0.06908419784211348
5.74 0.19131722398537007 -0.1518418739108519 -0.29241222938965394 0.06908419784211348
5.76 0.49856517251715493 -0.22494067129403403 0.06996913153055039 0.06908419784211348
5.78 0.22543281564208353 -0.11850294732887034 -0.2292255758778539 0.06908419784211348
5.8 0.3177944456829227 -0.15826281813007095 0.22108112775049488 0.06908419784211348
5.82 0.15752075699223408 -0.012065223363706606 -0.1362709158767875 0.04710286216507737
5.84 0.10368479226670907 -0.0851640207468888 0.3118997897340359 0.04710286216507737
5.86 0.11973715281475664 0.09758297271106661 -0.0816282544350888 0.025121526488041265
5.88 0.02614131728803097 -0.008854751254097104 0.3963104576650008 0.025121526488041265
5.9 0.11529247521926082 0.17710271431346783 0.08857175818649529 0.025121526488041265
5.92 -0.0546126298002565 0.034115591656713046 0.4643904627136345 0.04710286216507737
5.94 0.1429871226567548 0.3662706519906423 0.284267781262295 -0.009922668829755392
5.96 0.0032104721096095257 0.046957480095151154 0.45584647064353323 0.02411733369456143
5.98 0.15903948320480243 0.38232301253869 0.391281140372079 -0.063808009013583
6.0 -0.050625492615915466 0.026460441951607697 0.348697145777661 0.02625333171208676
6.02 0.14175291717086852 0.5895541813245299 0.49502669624029233 -0.10349868433260456
6.04 -0.17756025472462264 0.01559482013689288 0.28437868704181524 0.07662399711873495
6.06 0.12125587902732507 0.6184484303110156 0.4396267135407222 -0.10701335910978395
6.08 -0.19805729286816603 0.004729198322177895 0.1311306928043454 0.11707199369562775
6.1 0.10075884088378159 0.45817474162032684 0.13464536758152484 0.009301313327972505
6.12 -0.29165312839489177 -0.11698422111630186 -0.07951731639413152 0.16530666108475064
6.14 -0.13903458940930838 -0.19530436116971125 -0.03555464504005928 0.2662948634336556
6.16 -0.4282193068324275 -0.5274594215036407 -0.0773813183766062 0.21806019604453272
6.18 -0.24547231337447206 -0.9057952968579897 -0.007165315310447202 0.48535089894614536
6.2 -0.5013181042156095 -0.7820710068588921 -0.014951986122677244 0.24493488325840235
6.22 -0.3249920549768733 -1.2515689107050885 0.033282681266445596 0.5200122569722452
6.24 -0.4410611952708657 -0.775192522228518 0.013437343606934821 0.11153222668044323
6.26 -0.30128454472372024 -1.3940984929506886 0.059536012978532345 0.4457711294066441
6.28 -0.4506926115996941 -0.7630926949279171 0.06167201099605768 -0.06369710323406275
6.3 -0.31091596105254893 -1.3787881935404778 0.0737306778433384 0.2748137955271889
6.32 -0.353886303963359 -0.5702567447299782 0.08578934469061912 -0.1743611028771144
6.34 -0.25065905210780476 -1.1827417712329296 0.11982934721493592 0.1024777848880792
6.36 -0.293629395018615 -0.28946923814980124 0.13188801406221665 -0.24244110792574808
6.38 -0.18719167105345122 -0.8987437925431431 0.13188801406221665 0.003625580556699648
6.4 -0.22695154185465183 0.0009496847592038308 0.09784801153789982 -0.20199311134885536
6.42 -0.050625492615915466 -0.6685817785788818 0.09784801153789982 -0.07361977206381815
6.44 -0.09038536341711609 0.09775599239553887 0.10990667838518055 -0.1671957875666673
6.46 -0.020497038143543457 -0.41915693195696363 0.10990667838518055 -0.1487291266668106
6.48 -0.12693476210870716 0.2439535871619033 0.08792534270814444 -0.09622246324263713
6.5 -0.09038536341711609 -0.1914287250275799 0.10990667838518055 -0.2106480091984769
6.52 -0.12693476210870716 0.3234733287643048 0.08792534270814444 -0.03617600054184215
6.54 -0.09038536341711609 -0.06572816840475912 0.10990667838518055 -0.3155253702907356
6.56 -0.16348416080029826 0.27605830825799876 0.10990667838518055 -0.009165347571884178
6.58 -0.053835964725525 0.036264877964909015 0.10990667838518055 -0.3303413906573245
6.6 -0.16027368869068873 0.2037361759495482 0.08792534270814444 0.11004264414126891
6.62 -0.050625492615915466 0.0768014138408409 0.08792534270814444 -0.22319206579145215
6.64 -0.16027368869068873 0.05951484780690716 0.06594400703110832 0.26894131117344355
6.66 -0.010865621814714859 0.07556720835495481 0.06594400703110832 -0.18161226399051386
6.68 -0.12051381788948812 -0.05136755375375241 0.06594400703110832 0.3554879771219338
6.7 0.13533197295164953 0.0012342054858863031 0.02198133567703611 0.03782660881367291
6.72 -0.07754347497867797 -0.12891102873243043 0.04396267135407222 0.41364531334081206
6.74 0.21806218666366015 0.03012845447237203 0.012058666847280715 0.1895599605354005
6.76 -0.031362659958258265 -0.03654939869159109 0.04609866937159754 0.4051013212707108
6.78 0.3771016698684626 0.22772820692938336 -0.010926861623235229 0.3625173266762928
6.8 -0.04864922599219218 0.018063231108665402 0.06029333423640358 0.3539733346061914
6.82 0.47789511468913864 0.28032996616902206 -0.07259887261929292 0.488244218221542
6.84 -0.1326136451900894 0.034115591656713046 0.061425139460449064 0.2775962090230651
6.86 0.5067893636756243 0.2995927988266793 -0.10023088109103379 0.42078556867469125
6.88 -0.14026879489519464 -0.08960869834238462 0.13591313856165868 0.158388217309912
6.9 0.2400779510197719 0.17586850882758165 0.04020112504128418 0.21792423028844435
6.92 -0.3768517530786752 -0.17999406175950075 0.21818780847509842 -0.008297120534492672
6.94 -0.44995055046185733 0.005963403808064241 0.3191760108240033 0.001625548295262672
6.96 -0.7122172855222137 -0.31656024019703655 0.2588826765875998 -0.08629979441288176
6.98 -0.984115436911399 -0.06392492146550832 0.4481707056108234 -0.03806512702375886
7.0 -0.82705222033032 -0.319770712306646 0.2176773587528358 -0.011811795311672086
7.02 -1.1933228723209621 -0.1767835896498913 0.4927547324666785 0.02436420523017004
7.04 -0.7502854104263733 -0.36274105521745614 0.06229336649784054 0.01657753441793998
7.06 -1.2595431850737706 -0.2563033312522925 0.3745509335470053 0.04069486811250141
7.08 -0.5586490617774263 -0.3723724715462846 -0.1349172990937016 0.030772199282746004
7.1 -1.1044562351164142 -0.2325958209991395 0.2255749353445861 0.07687086865434356
7.12 -0.2593753876143238 -0.3121155626015406 -0.2335226318894727 0.08892953550162427
7.14 -0.8698495435566574 -0.1723389120543953 0.11139626092435502 0.08892953550162427
7.16 0.02141211896585299 -0.21530925496520556 -0.25550396756650884 0.07900686667186888
7.18 -0.5794306206476518 -0.10887153100004178 0.00048538974569453945 0.1130468691961857
7.2 0.24515318871089514 0.030905119547103503 -0.2051333021598605 0.09106553351914957
7.22 -0.38260753326537245 -0.008854751254097104 -0.05477862719778718 0.06908419784211348
7.24 0.27207117107365786 0.024484175327884453 -0.17033597837767248 0.100988202348905
7.26 -0.2729593371905992 0.20081022456662082 -0.1617919863075712 0.07900686667186888
7.28 0.278492115292877 0.018063231108665402 -0.10928532288339768 0.09106553351914957
7.3 -0.15367972478699718 -0.048614622055297714 -0.23576953568651818 0.06908419784211348
7.32 0.4311106542784603 -0.18839127260244298 -0.03617600054184215 0.06908419784211348
7.34 0.14834688107456012 -0.18518080049283345 -0.28462555857742394 0.06908419784211348
7.36 0.562032553571508 -0.22494067129403403 0.045851797835988924 0.06908419784211348
7.38 0.24712945533461853 -0.11850294732887034 -0.2412842427251346 0.06908419784211348
7.4 0.34471242804568525 -0.15505234602046145 0.20902246090321422 0.06908419784211348
7.42 0.22098813804658768 0.024484175327884453 -0.1703109184011044 0.04710286216507737
7.44 0.16715217332106255 -0.0851640207468888 0.3118997897340359 0.04710286216507737
7.46 0.14986560728712864 0.10079344482067616 -0.059646918758052614 0.04710286216507737
7.48 0.05626977176040307 -0.008854751254097104 0.3863877888352455 0.04710286216507737
7.5 0.10887153100004178 0.17710271431346783 0.10063042503377599 0.0
7.52 -0.024484175327884453 0.034115591656713046 0.4764491295609152 0.025121526488041265
7.54 0.1397766505471453 0.2598329280254786 0.2743451124325398 -0.009922668829755392
7.56 0.0 0.010408081403560048 0.47996380433809466 0.02411733369456143
7.58 0.15582901109519295 0.38232301253869 0.41539847406664054 -0.05174934216630228
7.6 -0.053835964725525 0.026460441951607697 0.39793600596026363 0.02625333171208676
7.62 0.17509184375285008 0.5895541813245299 0.49502669624029233 -0.08151734865556846
7.64 -0.14422132814264108 0.01559482013689288 0.2623973513647792 0.05464266144169884
7.66 0.1545948056093066 0.6184484303110156 0.4396267135407222 -0.10701335910978395
7.68 -0.2346066915597571 -0.028609728259803575 0.1431893596516261 0.09509065801859162
7.7 0.10075884088378159 0.494724140311918 0.16868537010584164 -0.012680022349063614
7.72 -0.29165312839489177 -0.11698422111630186 -0.04547731386981468 0.16530666108475064
7.74 -0.10248519071771728 -0.15875496247812027 -0.013573309363023213 0.2662948634336556
7.76 -0.4282193068324275 -0.49091002281204965 -0.0773813183766062 0.24004153172156883
7.78 -0.24547231337447206 -0.8692458981663985 -0.007165315310447202 0.48535089894614536
7.8 -0.5013181042156095 -0.8154099334408736 -0.014951986122677244 0.24493488325840235
7.82 -0.28844265628528215 -1.2849078372870701 0.033282681266445596 0.554052259496562
7.84 -0.4410611952708657 -0.8085314488104997 0.03541867928397091 0.11153222668044323
7.86 -0.26473514603212916 -1.3575490942590973 0.07159467982581305 0.4457711294066441
7.88 -0.4173536850177126 -0.7598822228183074 0.06167201099605768 -0.06369710323406275
7.9 -0.27436656236095786 -1.3787881935404778 0.0737306778433384 0.2748137955271889
7.92 -0.353886303963359 -0.5702567447299782 0.08578934469061912 -0.20840110540143142
7.94 -0.21410965341621374 -1.1494028446509479 0.11982934721493592 0.12445912056511538
7.96 -0.293629395018615 -0.2561303115678196 0.13188801406221665 -0.24244110792574808
7.98 -0.15064227236186012 -0.8987437925431431 0.10990667838518055 0.003625580556699648
8.0 -0.22695154185465183 0.0009496847592038308 0.10990667838518055 -0.20199311134885536
8.02 -0.050625492615915466 -0.6685817785788818 0.10990667838518055 -0.07361977206381815
8.04 -0.09038536341711609 0.09775599239553887 0.10990667838518055 -0.1551371207193866
8.06 -0.053835964725525 -0.38260753326537245 0.10990667838518055 -0.13667045981952988
8.08 -0.12693476210870716 0.2772925137438851 0.10990667838518055 -0.0841637963953564
8.1 -0.09038536341711609 -0.1914287250275799 0.10990667838518055 -0.2106480091984769
8.12 -0.12693476210870716 0.2901344021823233 0.10990667838518055 -0.05815733621887826
8.14 -0.09038536341711609 -0.0625176962951494 0.10990667838518055 -0.29354403461369943
8.16 -0.16348416080029826 0.27605830825799876 0.10990667838518055 0.012815988105151943
8.18 -0.053835964725525 0.0728142766565002 0.10990667838518055 -0.29630138813300766
8.2 -0.12693476210870716 0.2037361759495482 0.10990667838518055 0.13202397981830497
8.22 -0.050625492615915466 0.0768014138408409 0.08792534270814444 -0.22319206579145215
8.24 -0.16027368869068873 0.05951484780690716 0.08792534270814444 0.2469599754964075
8.26 -0.014076093924324405 0.07556720835495481 0.06594400703110832 -0.18161226399051386
8.28 -0.12051381788948812 -0.05136755375375241 0.06594400703110832 0.3554879771219338
8.3 0.13533197295164953 0.037783604177477406 0.04396267135407222 0.025767941966392188
8.32 -0.07754347497867797 -0.12891102873243043 0.04396267135407222 0.41364531334081206
8.34 0.21806218666366015 0.06346738105435358 0.012058666847280715 0.21154129621243659
8.36 -0.031362659958258265 -0.07309879738318217 0.04609866937159754 0.4051013212707108
8.38 0.3771016698684626 0.26427760562097435 -0.010926861623235229 0.3745759935235735
8.4 -0.08519862468378318 0.018063231108665402 0.06029333423640358 0.3539733346061914
8.42 0.4080067894155661 0.3168793648606132 -0.0626762037895375 0.488244218221542
8.44 -0.1326136451900894 -0.0024338070348780536 0.061425139460449064 0.2995775447001012
8.46 0.5067893636756243 0.2995927988266793 -0.13427088361535056 0.42078556867469125
8.48 -0.17681819358678566 -0.08960869834238462 0.10187313603734187 0.158388217309912
8.5 0.20352855232818107 0.17586850882758165 0.04020112504128418 0.21792423028844435
8.52 -0.3768517530786752 -0.21654346045109185 0.2302464753223791 -0.008297120534492672
8.54 -0.4134011517702662 0.04251280249965526 0.29719467514696724 0.001625548295262672
8.56 -0.7122172855222137 -0.31656024019703655 0.2588826765875998 -0.07424112756560103
8.58 -0.9475660382198081 -0.06392492146550832 0.4481707056108234 -0.01608379134672274
8.6 -0.7905028216387289 -0.319770712306646 0.20775468992308038 -0.0337931309887082
8.62 -1.1535630015197615 -0.1767835896498913 0.4828320636369232 0.02436420523017004
8.64 -0.747074938316764 -0.39929045390904727 0.06229336649784054 0.01657753441793998
8.66 -1.21978331427257 -0.22296440467031084 0.3646282647172499 0.04069486811250141
8.68 -0.5522281175582071 -0.3723724715462846 -0.144839967923457 0.030772199282746004
8.7 -1.1345846895887868 -0.2325958209991395 0.2277109333621115 0.07687086865434356
8.72 -0.2895038420866959 -0.2755661639099496 -0.2214639650421918 0.08892953550162427
8.74 -0.8634285993374387 -0.1723389120543953 0.11139626092435502 0.07900686667186888
8.76 -0.008716335506519105 -0.17875985627361443 -0.25550396756650884 0.100988202348905
8.78 -0.5730096764284328 -0.10887153100004178 0.02246672542273061 0.07900686667186888
8.8 0.2515741329301142 -0.1486314018012424 -0.23917330468417733 0.09106553351914957
8.82 -0.303087791662971 -0.04219367783607866 -0.056914625215312556 0.09106553351914957
8.84 0.3849298392580405 -0.012065223363706606 -0.16041330954791708 0.100988202348905
8.86 -0.2665383929713801 0.0943725006014571 -0.16392798432509645 0.100988202348905
8.88 0.28491305951209606 0.0546126298002565 -0.111421320900923 0.09106553351914957
8.9 -0.18380817925936893 0.021273703218274948 -0.21592419802700738 0.09106553351914957
8.92 0.36764327322410656 -0.15505234602046145 -0.0723520010836843 0.09106553351914957
8.94 0.11821842660218802 -0.1518418739108519 -0.2988202234422299 0.06908419784211348
8.96 0.4953547004075452 -0.22494067129403403 0.031657132971182875 0.06908419784211348
8.98 0.2503399274442282 -0.08195354863727926 -0.2455562387601852 0.06908419784211348
9.0 0.34792290015529465 -0.15505234602046145 0.18276912919112742 0.06908419784211348
9.02 0.18443873935499647 -0.012065223363706606 -0.1845055832659104 0.06908419784211348
9.04 0.16715217332106255 -0.0851640207468888 0.3076277936989853 0.06908419784211348
9.06 0.07676680990394652 0.06103357401947555 -0.07384158362285873 0.04710286216507737
9.08 0.019720373068811962 -0.012065223363706606 0.3601344571231589 0.04710286216507737
9.1 0.14221045758202336 0.17389224220385835 0.07437709332168949 0.0
9.12 0.008854751254097104 0.030905119547103503 0.4282144621717925 0.025121526488041265
9.14 0.13656617843753577 0.256622455915869 0.2381691118906975 0.012058666847280715
9.16 -0.04177074136181838 0.0405365358759321 0.44378780379625243 0.0492388601826027
9.18 0.22571733636876554 0.37590206831947093 0.3692998046950429 -0.04182667333654689
9.2 -0.020497038143543457 0.020039497732388688 0.3607558126249416 0.014194664864806038
9.22 0.17188137164324055 0.5048130970519015 0.42908268920918397 -0.08365334667309378
9.24 -0.11088240156065957 0.005963403808064241 0.28651468505934063 0.05250666342417352
9.26 0.1545948056093066 0.5357182165990048 0.3758187045271391 -0.07724535262051782
9.28 -0.20126776497777568 -0.04145161669824177 0.1474613556866768 0.10287732883082168
9.3 0.06099897008258113 0.30234573052513375 0.18501603298817307 0.0050293172929218736
9.32 -0.3314129991960924 -0.20493577749853992 -0.0192239821577279 0.13905332937266385
9.34 -0.10890613493693636 -0.24469564829974047 0.024738689196344338 0.2499642005513242
9.36 -0.4346402510516465 -0.5037519112504877 -0.06318665351180011 0.21378820000948207
9.38 -0.2153438589021 -0.848748860022855 0.029010685231394967 0.43711623155702256
9.4 -0.4378507231612561 -0.6884751713321664 0.021224014419164876 0.2087588827165602
9.42 -0.29486360050450133 -1.1214236764867715 0.05740001496100704 0.5178762589547198
9.44 -0.4808210660720663 -0.7117251411741646 0.03755467730149625 0.0994735598331625
9.46 -0.30449501683332975 -1.324210167677116 0.04961334414877696 0.3897497912052913
9.48 -0.38401475843573113 -0.7265432962363259 0.06167201099605768 -0.07361977206381815
9.5 -0.2775770344705673 -1.2691399974657045 0.08578934469061912 0.2209284553433612
9.52 -0.323757849490987 -0.5304968739287775 0.09784801153789982 -0.1942064405366253
9.54 -0.18398119894384174 -1.1012111590699105 0.13188801406221665 0.11667244975288542
9.56 -0.22374106974504232 -0.2862587660401916 0.13188801406221665 -0.2161877762136614
9.58 -0.15385274447146968 -0.8557734496323329 0.10990667838518055 0.007897576591750407
9.6 -0.19361261527267032 -0.0625176962951494 0.10990667838518055 -0.19772111531380474
9.62 -0.12372428999909764 -0.6224009635584618 0.10990667838518055 -0.0814064428760482
9.64 -0.12693476210870716 0.10417693661475831 0.10990667838518055 -0.15300112270186125
9.66 -0.053835964725525 -0.3677547742663164 0.10990667838518055 -0.14445713063175997
9.68 -0.12693476210870716 0.21382513268953154 0.10990667838518055 -0.06996913153055039
9.7 -0.09038536341711609 -0.21513623528073259 0.10990667838518055 -0.21843468001070696
9.72 -0.16348416080029826 0.2298774932375791 0.10990667838518055 -0.034040002524316826
9.74 -0.09038536341711609 -0.05288627996632092 0.10990667838518055 -0.2914080365961741
9.76 -0.16348416080029826 0.21580139931325473 0.10990667838518055 0.03693332179971336
9.78 -0.053835964725525 0.04589629429373731 0.10990667838518055 -0.30622405696276306
9.8 -0.16348416080029826 0.17681819358678566 0.10990667838518055 0.1440826466655857
9.82 -0.050625492615915466 0.013334032786487334 0.08792534270814444 -0.22319206579145215
9.84 -0.16027368869068873 0.02938639333453507 0.08792534270814444 0.2590186423436881
9.86 0.05902270345885777 0.012099827300601076 0.04396267135407222 -0.11566825695940558
9.88 -0.12051381788948812 -0.0814960082261245 0.06594400703110832 0.37746931279896984
9.9 0.06544364767807685 0.007655149705105354 0.04396267135407222 0.025767941966392188
9.92 -0.11409287367026907 -0.12570055662282087 0.04396267135407222 0.4015866464935313
9.94 0.21806218666366015 0.0666778531639631 0.012058666847280715 0.19948262936515565
9.96 -0.031362659958258265 -0.03654939869159109 0.04609866937159754 0.3930426544234301
9.98 0.3771016698684626 0.23093867903899284 -0.010926861623235229 0.3625173266762928
10.0 -0.08519862468378318 0.021273703218274948 0.06029333423640358 0.3419146677589108
10.02 0.44134571599754774 0.28354043827863157 -0.07259887261929292 0.4761855513742613
10.04 -0.09606424649849818 0.0007766650747314933 0.07348380630772978 0.2995775447001012
10.06 0.5067893636756243 0.3028032709362888 -0.10023088109103379 0.42078556867469125
10.08 -0.14026879489519464 -0.08639822623277515 0.13591313856165868 0.158388217309912
10.1 0.2766273497113631 0.21241790751917267 0.04020112504128418 0.20586556344116366
10.12 -0.34351282649669335 -0.17999406175950075 0.21818780847509842 -0.008297120534492672
10.14 -0.44995055046185733 0.005963403808064241 0.3191760108240033 0.023606883972298796
10.16 -0.7122172855222137 -0.31656024019703655 0.2588826765875998 -0.07424112756560103
10.18 -0.9475660382198081 -0.06392492146550832 0.46022937245810414 -0.01608379134672274
10.2 -0.8603911469123013 -0.319770712306646 0.20775468992308038 -0.0337931309887082
10.22 -1.1535630015197615 -0.1434446630679097 0.5048133993139592 0.02436420523017004
10.24 -0.747074938316764 -0.36274105521745614 0.06229336649784054 0.01657753441793998
10.26 -1.21978331427257 -0.2563033312522925 0.3646282647172499 0.04069486811250141
10.28 -0.5887775162497985 -0.3723724715462846 -0.12285863224642087 0.030772199282746004
10.3 -1.1345846895887868 -0.2325958209991395 0.2277109333621115 0.07687086865434356
10.32 -0.2895038420866959 -0.3121155626015406 -0.2214639650421918 0.06694819982458815
10.34 -0.8634285993374387 -0.1723389120543953 0.11139626092435502 0.06694819982458815
10.36 -0.008716335506519105 -0.21530925496520556 -0.25550396756650884 0.07900686667186888
10.38 -0.5364602777368416 -0.10887153100004178 0.02246672542273061 0.09106553351914957
10.4 0.2881235316217051 -0.1486314018012424 -0.21719196900714122 0.09106553351914957
10.42 -0.303087791662971 -0.04219367783607866 -0.056914625215312556 0.09106553351914957
10.44 0.3849298392580405 -0.012065223363706606 -0.16041330954791708 0.09106553351914957
10.46 -0.2299889942797889 0.0943725006014571 -0.14194664864806036 0.1130468691961857
10.48 0.3548013847856684 0.018063231108665402 -0.08943998522388691 0.09106553351914957
10.5 -0.14725878056777775 0.021273703218274948 -0.19394286234997127 0.09106553351914957
10.52 0.4041926719156978 -0.11850294732887034 -0.05037066540664818 0.09106553351914957
10.54 0.11821842660218802 -0.1518418739108519 -0.2988202234422299 0.06908419784211348
10.56 0.5319040990991364 -0.1916017447120525 0.01959846612390218 0.06908419784211348
10.58 0.2503399274442282 -0.08195354863727926 -0.2675375744372213 0.06908419784211348
10.6 0.3812618267372764 -0.15505234602046145 0.18276912919112742 0.06908419784211348
10.62 0.18443873935499647 -0.012065223363706606 -0.16252424758887432 0.06908419784211348
10.64 0.20370157201265365 -0.0851640207468888 0.319686460546266 0.06908419784211348
10.66 0.11331620859553755 0.06103357401947555 -0.07384158362285873 0.04710286216507737
10.68 0.019720373068811962 -0.012065223363706606 0.3821157928001949 0.04710286216507737
10.7 0.14221045758202336 0.21044164089544937 0.04033709079737249 0.025121526488041265
10.72 -0.024484175327884453 0.030905119547103503 0.4282144621717925 0.025121526488041265
10.74 0.13656617843753577 0.28996138249785064 0.2381691118906975 0.012058666847280715
10.76 0.0 0.0405365358759321 0.44378780379625243 0.0492388601826027
10.78 0.22571733636876554 0.37590206831947093 0.3692998046950429 -0.04182667333654689
10.8 -0.020497038143543457 0.020039497732388688 0.3607558126249416 0.014194664864806038
10.82 0.20843077033483162 0.5048130970519015 0.4411413560564646 -0.08365334667309378
10.84 -0.11088240156065957 0.005963403808064241 0.28651468505934063 0.0404479965768928
10.86 0.1545948056093066 0.5357182165990048 0.3758187045271391 -0.07724535262051782
10.88 -0.20126776497777568 -0.04145161669824177 0.1474613556866768 0.10287732883082168
10.9 0.06099897008258113 0.30234573052513375 0.18501603298817307 0.0050293172929218736
10.92 -0.3314129991960924 -0.20493577749853992 -0.007165315310447202 0.13905332937266385
10.94 -0.10890613493693636 -0.24469564829974047 0.024738689196344338 0.2620228673986049
10.96 -0.43142977894203705 -0.5037519112504877 -0.06318665351180011 0.21378820000948207
10.98 -0.2153438589021 -0.7756500626396728 0.0070293495543588495 0.4151348958799864
11.0 -0.4378507231612561 -0.6487153005309657 0.021224014419164876 0.1867775470395241
11.02 -0.29486360050450133 -1.0816638056855712 0.05740001496100704 0.4859722544479283
11.04 -0.4109327407984935 -0.7085146690645551 0.059536012978532345 0.0895508910034071
11.06 -0.3410444155249208 -1.284450296875915 0.04961334414877696 0.4018084580525719
11.08 -0.38401475843573113 -0.7233328241267164 0.06167201099605768 -0.06156110521653742
11.1 -0.24423810788858574 -1.265929525356095 0.0737306778433384 0.23298712219064188
11.12 -0.2872084507993959 -0.527286401819168 0.09784801153789982 -0.16016643801230845
11.14 -0.18398119894384174 -1.0947902148506914 0.13188801406221665 0.10360959011212485
11.16 -0.2602904684366334 -0.2798378218209728 0.13188801406221665 -0.2161877762136614
11.18 -0.19040214316306078 -0.8409206906332769 0.10990667838518055 0.007897576591750407
11.2 -0.19361261527267032 -0.0560967520759303 0.10990667838518055 -0.19772111531380474
11.22 -0.12372428999909764 -0.6159800193392431 0.10990667838518055 -0.05942510719901209
11.24 -0.12693476210870716 0.07725895425199593 0.10990667838518055 -0.13101978702482517
11.26 -0.05704643683513454 -0.39788322873868814 0.10990667838518055 -0.13453446180200465
11.28 -0.09359583552672561 0.1836966782171591 0.10990667838518055 -0.06004646270079496
11.3 -0.05704643683513454 -0.2818140884446958 0.10990667838518055 -0.17660800667416013
11.32 -0.1301452342183167 0.1965385666555973 0.10990667838518055 -0.03617600054184215
11.34 -0.05704643683513454 -0.11956413313028387 0.10990667838518055 -0.30560270146098023
11.36 -0.1301452342183167 0.18246247273127342 0.10990667838518055 0.0007573212578712438
11.38 -0.05704643683513454 0.012557367711755843 0.10990667838518055 -0.2764560504734969
11.4 -0.16348416080029826 0.14347926700480418 0.10990667838518055 0.12988798180077965
11.42 -0.053835964725525 0.04988343147807853 0.06594400703110832 -0.21540539497922206
11.44 -0.12693476210870716 0.06593579202612626 0.08792534270814444 0.23276531063160139
11.46 0.0224733047672667 0.04543875388258272 0.06594400703110832 -0.1639029243485284
11.48 -0.08717489130750657 -0.0814960082261245 0.06594400703110832 0.307253309732811
11.5 0.06223317556846732 -0.02889424898648575 0.04396267135407222 0.055535948455658526
11.52 -0.08075394708828752 -0.162249955314412 0.04396267135407222 0.38739198162872546
11.54 0.17830231586245962 0.03012845447237203 0.0 0.18528796450034968
11.56 -0.07112253075945892 -0.07309879738318217 0.034040002524316826 0.356866653881588
11.58 0.33734179906726214 0.22772820692938336 -0.02298552847051594 0.29443732162765907
11.6 -0.05507017021141136 0.05140215769064696 0.07021600306615897 0.3199333320818746
11.62 0.3232657051429376 0.28032996616902206 -0.018713532435465294 0.42230021119043376
11.64 -0.13903458940930838 0.034115591656713046 0.07134780829020446 0.27973220704059043
11.66 0.4240591499636138 0.2995927988266793 -0.0924442102788037 0.41299889786246113
11.68 -0.11656128464204164 -0.05305929965079352 0.08767847117253585 0.1846415490219988
11.7 0.15413726519815185 0.1726580367179721 0.07989180036030574 0.18815622379917823
11.72 -0.3563547149351316 -0.18320453386911026 0.19193447676301162 0.030014878024874802
11.74 -0.39290411362672256 0.0393023303900458 0.3149040147889527 0.027878880007349498
11.76 -0.6551708486870793 -0.2498823870330734 0.2546106805525491 -0.04798779585351426
11.78 -0.9604079266582461 -0.06713539357511797 0.47793871210008965 -0.0018891264819167143
11.8 -0.7667953113855759 -0.2864317857246645 0.19356002505827435 -0.009675797294146781
11.82 -1.1298554912666083 -0.14665513517751919 0.45871472994236173 0.03855887009497607
11.84 -0.6868180293720199 -0.36595152732706576 0.01619469712624298 0.04069486811250141
11.86 -1.1595264053278258 -0.2261748767799202 0.31852959534565234 0.052753534959782133
11.88 -0.45542180992187226 -0.37558294365589423 -0.144839967923457 0.04283086613002673
11.9 -1.0679068364248234 -0.23580629310874895 0.1958069288553199 0.07687086865434356
11.92 -0.2228259889227328 -0.31532603471115017 -0.24130930270170267 0.08892953550162427
11.94 -0.8268792006458474 -0.1755493841640049 0.06642939677680285 0.07900686667186888
11.96 -0.008716335506519105 -0.18197032838322394 -0.2533679695489835 0.07900686667186888
11.98 -0.5364602777368416 -0.11208200310965129 -0.0073012810665355286 0.09106553351914957
12.0 0.2515741329301142 -0.08195354863727926 -0.19093863729505456 0.025121526488041265
12.02 -0.37297611693654364 0.13092189929304815 -0.06256529801001724 0.100988202348905
12.04 0.2118142621289137 0.16105035376542023 -0.1440826466655857 0.1130468691961857
12.06 -0.33321624613534345 0.19759975245701128 -0.14759732144276513 0.09106553351914957
12.08 0.2881235316217051 -0.051825094164907236 -0.08516798918883624 0.1130468691961857
12.1 -0.1107093818761869 -0.11529247521926082 -0.23363353766899292 0.06908419784211348
12.12 0.47408099718927055 -0.22173019918442452 -0.037180193335321986 0.06908419784211348
12.14 0.1547678252937789 -0.18518080049283345 -0.3044708962369347 0.06908419784211348
12.16 0.49856517251715493 -0.22494067129403403 0.06996913153055039 0.06908419784211348
12.18 0.22543281564208353 -0.11850294732887034 -0.25120691155488994 0.06908419784211348
12.2 0.3177944456829227 -0.15826281813007095 0.19909979207345876 0.06908419784211348
12.22 0.15752075699223408 -0.012065223363706606 -0.1582522515538237 0.04710286216507737
12.24 0.10368479226670907 -0.0851640207468888 0.33388112541107196 0.04710286216507737
12.26 0.08639822623277515 0.09758297271106661 -0.0816282544350888 0.025121526488041265
12.28 -0.010408081403560048 -0.008854751254097104 0.3963104576650008 0.04710286216507737
12.3 0.11529247521926082 0.17710271431346783 0.11055309386353146 0.025121526488041265
12.32 -0.021273703218274948 -0.0024338070348780536 0.4863717983906706 0.025121526488041265
12.34 0.1429871226567548 0.3297212532990513 0.2622864455852588 -0.009922668829755392
12.36 0.0032104721096095257 0.0802964066771327 0.4778278063205693 0.012058666847280715
12.38 0.15903948320480243 0.38232301253869 0.391281140372079 -0.063808009013583
12.4 -0.050625492615915466 -0.010088956739983408 0.3607558126249416 0.02625333171208676
12.42 0.14175291717086852 0.5530047826329386 0.5049493650700476 -0.10349868433260456
12.44 -0.14422132814264108 0.01559482013689288 0.30636002271885143 0.07662399711873495
12.46 0.15780527771891617 0.5818990316194244 0.44954938237047753 -0.10701335910978395
12.48 -0.19805729286816603 -0.0318202003694133 0.1311306928043454 0.09509065801859162
12.5 0.10075884088378159 0.421625342928736 0.13464536758152484 0.009301313327972505
12.52 -0.29165312839489177 -0.11698422111630186 -0.057535980717095404 0.16530666108475064
12.54 -0.10248519071771728 -0.15875496247812027 -0.013573309363023213 0.2662948634336556
12.56 -0.4647687055240185 -0.4575710962300678 -0.09936265405364227 0.21806019604453272
12.58 -0.24547231337447206 -0.8326964994748075 -0.007165315310447202 0.46336956326910933
12.6 -0.5013181042156095 -0.8154099334408736 -0.014951986122677244 0.24493488325840235
12.62 -0.28844265628528215 -1.2483584385954791 0.033282681266445596 0.5100895881424897
12.64 -0.4410611952708657 -0.8418703753924812 0.03541867928397091 0.10160955785068783
12.66 -0.30128454472372024 -1.3177892234578967 0.059536012978532345 0.4358484605768887
12.68 -0.4173536850177126 -0.756671750708698 0.08365334667309378 -0.07361977206381815
12.7 -0.2775770344705673 -1.3024789240476862 0.0737306778433384 0.2528324598501527
12.72 -0.3570967760729686 -0.527286401819168 0.08578934469061912 -0.1963424385541505
12.74 -0.18077072683423218 -1.1345500856518924 0.11982934721493592 0.1024777848880792
12.76 -0.293629395018615 -0.2830482939305825 0.13188801406221665 -0.24244110792574808
12.78 -0.15064227236186012 -0.8525629775227235 0.13188801406221665 -0.01835575512033642
12.8 -0.19040214316306078 -0.025968297603558548 0.07586667586086372 -0.20199311134885536
12.82 -0.08717489130750657 -0.6954997609416441 0.07586667586086372 -0.05163843638678202
12.84 -0.12693476210870716 0.06762753792316711 0.10990667838518055 -0.1671957875666673
12.86 -0.017286566033933908 -0.40751464506751695 0.10990667838518055 -0.12674779098977448
12.88 -0.12693476210870716 0.2471640592715133 0.10990667838518055 -0.08629979441288176
12.9 -0.09038536341711609 -0.221557179499952 0.10990667838518055 -0.2127840072160022
12.92 -0.16348416080029826 0.2933448742919327 0.10990667838518055 -0.06029333423640358
12.94 -0.09038536341711609 -0.09585662287713122 0.10990667838518055 -0.2956800326312248
12.96 -0.16348416080029826 0.2427193816760173 0.10990667838518055 -0.01130134558940948
12.98 -0.09038536341711609 0.002925951382927374 0.10990667838518055 -0.2885147173207776
13.0 -0.16348416080029826 0.17039724936756637 0.10990667838518055 0.13981065063053505
13.02 -0.017286566033933908 0.04025201514924988 0.06594400703110832 -0.22746406182650275
13.04 -0.12693476210870716 0.05951484780690716 0.06594400703110832 0.2207066437843207
13.06 -0.014076093924324405 0.07556720835495481 0.06594400703110832 -0.18588426002556444
13.08 -0.12372428999909764 -0.018028627171770763 0.06594400703110832 0.307253309732811
13.1 0.06223317556846732 0.0012342054858863031 0.04396267135407222 0.011573277101586288
13.12 -0.08075394708828752 -0.13212150084203997 0.04396267135407222 0.38739198162872546
13.14 0.17830231586245962 0.0269179823627625 0.0 0.17536529567059433
13.16 -0.07112253075945892 -0.07309879738318217 0.034040002524316826 0.40296532325318546
13.18 0.30079240037567095 0.19117880823779224 -0.02298552847051594 0.3064959884749398
13.2 -0.05507017021141136 0.05140215769064696 0.07021600306615897 0.3199333320818746
13.22 0.35660463172491924 0.31366889275100357 -0.018713532435465294 0.42230021119043376
13.24 -0.13903458940930838 0.030905119547103503 0.07134780829020446 0.2917908738878711
13.26 0.4240591499636138 0.2995927988266793 -0.0924442102788037 0.41299889786246113
13.28 -0.15311068333363265 -0.019720373068811962 0.10965980684957195 0.1846415490219988
13.3 0.15413726519815185 0.1726580367179721 0.05791046468326965 0.2002148906464589
13.32 -0.39290411362672256 -0.18320453386911026 0.19193447676301162 0.017956211177594078
13.34 -0.4294535123183136 0.0393023303900458 0.302845347941672 0.04986021568438557
13.36 -0.6551708486870793 -0.2864317857246645 0.2546106805525491 -0.04798779585351426
13.38 -0.9270690000762644 -0.06713539357511797 0.47793871210008965 0.01016954036536401
13.4 -0.7667953113855759 -0.28964225783427405 0.19356002505827435 -0.009675797294146781
13.42 -1.1664048899581996 -0.18320453386911026 0.45871472994236173 0.026500203247695364
13.44 -0.6868180293720199 -0.36595152732706576 0.02825336397352375 0.04069486811250141
13.46 -1.1229770066362348 -0.2261748767799202 0.3525695978699693 0.052753534959782133
13.48 -0.45542180992187226 -0.37558294365589423 -0.13278130107617625 0.054889532977307434
13.5 -1.034567909842842 -0.19925689441715785 0.21778826453235597 0.07687086865434356
13.52 -0.2593753876143238 -0.27877663601955904 -0.21932796702466653 0.08892953550162427
13.54 -0.8634285993374387 -0.1755493841640049 0.10360959011212485 0.07900686667186888
13.56 -0.008716335506519105 -0.18197032838322394 -0.2533679695489835 0.07900686667186888
13.58 -0.5364602777368416 -0.11208200310965129 0.014680054610500643 0.07900686667186888
13.6 -0.4063150435185254 0.030905119547103503 -0.16895730161801845 0.1130468691961857
13.62 -0.4063150435185254 0.09758297271106661 -0.08454663368705337 0.100988202348905
13.64 0.24836366082050487 0.12771142718343867 -0.1440826466655857 0.1130468691961857
13.66 -0.33321624613534345 0.16105035376542023 -0.14759732144276513 0.09106553351914957
13.68 0.2881235316217051 -0.08837449285649832 -0.08516798918883624 0.09106553351914957
13.7 -0.1107093818761869 -0.11529247521926082 -0.23363353766899292 0.06908419784211348
13.72 0.47408099718927055 -0.22173019918442452 -0.037180193335321986 0.06908419784211348
13.74 0.19131722398537007 -0.1518418739108519 -0.3044708962369347 0.06908419784211348
13.76 0.49856517251715493 -0.1916017447120525 0.04798779585351426 0.06908419784211348
13.78 0.22543281564208353 -0.11850294732887034 -0.25120691155488994 0.06908419784211348
13.8 0.2812450469913316 -0.12171341943847987 0.22108112775049488 0.06908419784211348
13.82 0.15752075699223408 -0.012065223363706606 -0.1582522515538237 0.04710286216507737
13.84 0.10368479226670907 -0.0851640207468888 0.3118997897340359 0.04710286216507737
13.86 0.11973715281475664 0.1341323714026577 -0.0816282544350888 0.025121526488041265
13.88 0.02614131728803097 -0.008854751254097104 0.3963104576650008 0.04710286216507737
13.9 0.11529247521926082 0.17710271431346783 0.11055309386353146 0.025121526488041265
13.92 -0.0546126298002565 -0.0024338070348780536 0.4643904627136345 0.05916152901235809
13.94 0.1429871226567548 0.3297212532990513 0.2622864455852588 -0.009922668829755392
13.96 0.0032104721096095257 0.0802964066771327 0.45584647064353323 0.012058666847280715
13.98 0.15903948320480243 0.38232301253869 0.3692998046950429 -0.063808009013583
14.0 -0.050625492615915466 -0.010088956739983408 0.348697145777661 0.02625333171208676
14.02 0.14175291717086852 0.5530047826329386 0.49502669624029233 -0.10349868433260456
14.04 -0.17756025472462264 0.01559482013689288 0.28437868704181524 0.07662399711873495
14.06 0.15780527771891617 0.651787356892997 0.4396267135407222 -0.08503202343274789
14.08 -0.19805729286816603 0.004729198322177895 0.1311306928043454 0.09509065801859162
14.1 0.10075884088378159 0.45817474162032684 0.15662670325856098 0.009301313327972505
14.12 -0.29165312839489177 -0.11698422111630186 -0.07951731639413152 0.16530666108475064
14.14 -0.10248519071771728 -0.15875496247812027 -0.013573309363023213 0.2662948634336556
14.16 -0.46155823341440916 -0.49091002281204965 -0.0773813183766062 0.21806019604453272
14.18 -0.24547231337447206 -0.8326964994748075 -0.007165315310447202 0.46336956326910933
14.2 -0.4679791776336281 -0.8154099334408736 -0.014951986122677244 0.24493488325840235
14.22 -0.28844265628528215 -1.2483584385954791 0.033282681266445596 0.5100895881424897
14.24 -0.4410611952708657 -0.8418703753924812 0.04747734613125164 0.10160955785068783
14.26 -0.3378339434153114 -1.3543386221494882 0.07159467982581305 0.4358484605768887
14.28 -0.4173536850177126 -0.7233328241267164 0.08365334667309378 -0.07361977206381815
14.3 -0.24102763577897623 -1.339028322739277 0.0737306778433384 0.2528324598501527
14.32 -0.3570967760729686 -0.5304968739287775 0.08578934469061912 -0.1963424385541505
14.34 -0.18077072683423218 -1.1377605577615013 0.11982934721493592 0.14644045624215143
14.36 -0.293629395018615 -0.24970936734860072 0.10990667838518055 -0.22045977224871197
14.38 -0.15064227236186012 -0.9256617749059054 0.10990667838518055 0.003625580556699648
14.4 -0.19040214316306078 -0.025968297603558548 0.07586667586086372 -0.20199311134885536
14.42 -0.050625492615915466 -0.732049159633235 0.07586667586086372 -0.05163843638678202
14.44 -0.12693476210870716 0.06762753792316711 0.10990667838518055 -0.1671957875666673
14.46 0.016052360548047647 -0.519173711702908 0.10990667838518055 -0.12674779098977448
14.48 -0.12693476210870716 0.21382513268953154 0.10990667838518055 -0.08629979441288176
14.5 -0.12693476210870716 -0.221557179499952 0.10990667838518055 -0.2127840072160022
14.52 -0.16348416080029826 0.32989427298352353 0.10990667838518055 -0.06029333423640358
14.54 -0.09038536341711609 -0.09585662287713122 0.10990667838518055 -0.2956800326312248
14.56 -0.16348416080029826 0.2427193816760173 0.10990667838518055 -0.01130134558940948
14.58 -0.09038536341711609 0.039475350074518564 0.10990667838518055 -0.2885147173207776
14.6 -0.16348416080029826 0.17039724936756637 0.08792534270814444 0.11782931495349891
14.62 -0.053835964725525 0.04025201514924988 0.06594400703110832 -0.22746406182650275
14.64 -0.12693476210870716 0.05951484780690716 0.08792534270814444 0.2207066437843207
14.66 -0.014076093924324405 0.039017809663363705 0.06594400703110832 -0.1639029243485284
14.68 -0.12372428999909764 -0.018028627171770763 0.06594400703110832 0.307253309732811
14.7 0.06223317556846732 -0.0353151932057048 0.04396267135407222 0.03355461277862235
14.72 -0.11730334577987855 -0.16867089953363107 0.04396267135407222 0.3654106459516894
14.74 0.17830231586245962 0.0269179823627625 0.0 0.17536529567059433
14.76 -0.07112253075945892 -0.07309879738318217 0.034040002524316826 0.40296532325318546
14.78 0.30079240037567095 0.2245177348197738 -0.02298552847051594 0.32847732415197584
14.8 -0.09161956890300245 0.08474108427262851 0.07021600306615897 0.3199333320818746
14.82 0.3931540304165103 0.31366889275100357 -0.018713532435465294 0.42230021119043376
14.84 -0.13903458940930838 0.030905119547103503 0.07134780829020446 0.27973220704059043
14.86 0.4240591499636138 0.3329317254086608 -0.0924442102788037 0.4250575647097418
14.88 -0.15311068333363265 -0.019720373068811962 0.08767847117253585 0.1846415490219988
14.9 0.15413726519815185 0.136108638026381 0.05791046468326965 0.2002148906464589
14.92 -0.3563547149351316 -0.18320453386911026 0.19193447676301162 -0.004025124499442042
14.94 -0.4294535123183136 0.0393023303900458 0.302845347941672 0.04986021568438557
14.96 -0.6551708486870793 -0.2864317857246645 0.23262934487551304 -0.04798779585351426
14.98 -0.9604079266582461 -0.06713539357511797 0.45595737642305356 -0.0018891264819167143
15.0 -0.7667953113855759 -0.3229811844162556 0.19356002505827435 -0.009675797294146781
15.02 -1.1298554912666083 -0.14665513517751919 0.45871472994236173 0.026500203247695364
15.04 -0.6868180293720199 -0.36595152732706576 0.02825336397352375 0.04069486811250141
15.06 -1.1928653319098075 -0.2261748767799202 0.330588262192933 0.052753534959782133
15.08 -0.45542180992187226 -0.37558294365589423 -0.13278130107617625 0.04283086613002673
15.1 -1.0679068364248234 -0.23580629310874895 0.21778826453235597 0.07687086865434356
15.12 -1.0968010854113093 -0.242227237327968 0.09155092326484413 0.06694819982458815
15.14 -0.8634285993374387 -0.1755493841640049 0.09155092326484413 0.07900686667186888
15.16 -0.04526573419811029 -0.18197032838322394 -0.23138663387194736 0.07900686667186888
15.18 -0.5730096764284328 -0.07553260441806021 0.014680054610500643 0.07900686667186888
15.2 0.2515741329301142 -0.11529247521926082 -0.19093863729505456 0.04710286216507737
15.22 -0.37297611693654364 0.09758297271106661 -0.08454663368705337 0.100988202348905
15.24 0.2118142621289137 0.09116202849184755 -0.1440826466655857 0.1130468691961857
15.26 -0.36976564482693425 0.16105035376542023 -0.14759732144276513 0.09106553351914957
15.28 0.2515741329301142 -0.051825094164907236 -0.08516798918883624 0.09106553351914957
15.3 -0.1107093818761869 -0.11529247521926082 -0.23363353766899292 0.06908419784211348
15.32 0.43753159849767953 -0.22173019918442452 -0.037180193335321986 0.06908419784211348
15.34 0.1547678252937789 -0.1518418739108519 -0.32645223191397077 0.06908419784211348
15.36 0.49856517251715493 -0.1916017447120525 0.04798779585351426 0.06908419784211348
15.38 0.22543281564208353 -0.11850294732887034 -0.25120691155488994 0.06908419784211348
15.4 0.2812450469913316 -0.15826281813007095 0.19909979207345876 0.06908419784211348
15.42 0.15752075699223408 -0.012065223363706606 -0.1362709158767875 0.04710286216507737
15.44 0.10368479226670907 -0.0851640207468888 0.33388112541107196 0.04710286216507737
15.46 0.11973715281475664 0.1341323714026577 -0.0816282544350888 0.025121526488041265
15.48 0.02614131728803097 -0.045404149945688164 0.37432912198796475 0.025121526488041265
15.5 0.11529247521926082 0.17710271431346783 0.11055309386353146 0.025121526488041265
15.52 0.015275695473316154 0.034115591656713046 0.4643904627136345 0.025121526488041265
15.54 0.1429871226567548 0.3297212532990513 0.2622864455852588 -0.009922668829755392
15.56 0.0032104721096095257 0.046957480095151154 0.45584647064353323 0.02411733369456143
15.58 0.19558888189639353 0.38232301253869 0.391281140372079 -0.063808009013583
15.6 -0.050625492615915466 -0.010088956739983408 0.348697145777661 0.02625333171208676
15.62 0.14175291717086852 0.5530047826329386 0.4829680293930115 -0.10349868433260456
15.64 -0.14101085603303157 0.01559482013689288 0.28437868704181524 0.05464266144169884
15.66 0.15780527771891617 0.6152379582014059 0.4396267135407222 -0.08503202343274789
15.68 -0.19805729286816603 -0.0318202003694133 0.1311306928043454 0.09509065801859162
15.7 0.10075884088378159 0.45817474162032684 0.15662670325856098 -0.012680022349063614
15.72 -0.29165312839489177 -0.11698422111630186 -0.07951731639413152 0.16530666108475064
15.74 -0.10248519071771728 -0.15875496247812027 -0.013573309363023213 0.2662948634336556
15.76 -0.46155823341440916 -0.45436062412045863 -0.0773813183766062 0.24004153172156883
15.78 -0.24547231337447206 -0.866035426056789 -0.007165315310447202 0.46336956326910933
15.8 -0.5013181042156095 -0.812199461331264 -0.014951986122677244 0.24493488325840235
15.82 -0.2551037297033007 -1.2483584385954791 0.033282681266445596 0.5100895881424897
15.84 -0.4410611952708657 -0.8418703753924812 0.03541867928397091 0.10160955785068783
15.86 -0.30128454472372024 -1.3543386221494882 0.059536012978532345 0.45782979625392484
15.88 -0.4173536850177126 -0.7233328241267164 0.08365334667309378 -0.05163843638678202
15.9 -0.2775770344705673 -1.3056893961572955 0.0737306778433384 0.30885379805150553
15.92 -0.3570967760729686 -0.4939474752371863 0.08578934469061912 -0.18428377170687
15.94 -0.21732012552582325 -1.1377605577615013 0.11982934721493592 0.15849912308943237
15.96 -0.293629395018615 -0.31959769262217336 0.10990667838518055 -0.23038244107846756
15.98 -0.15064227236186012 -0.8891123762143142 0.10990667838518055 0.003625580556699648
16.0 -0.19040214316306078 -0.0625176962951494 0.07586667586086372 -0.20199311134885536
16.02 -0.050625492615915466 -0.6954997609416441 0.09784801153789982 -0.05163843638678202
16.04 -0.09038536341711609 0.031078139231575926 0.10990667838518055 -0.1452144518896312
16.06 0.016052360548047647 -0.48262431301131686 0.10990667838518055 -0.12674779098977448
16.08 -0.12693476210870716 0.17727573399794033 0.10990667838518055 -0.08629979441288176
16.1 -0.09038536341711609 -0.221557179499952 0.10990667838518055 -0.2127840072160022
16.12 -0.16348416080029826 0.2933448742919327 0.10990667838518055 -0.06029333423640358
16.14 -0.09038536341711609 -0.09585662287713122 0.08792534270814444 -0.2956800326312248
16.16 -0.16348416080029826 0.2792687803676083 0.10990667838518055 -0.01130134558940948
16.18 -0.09038536341711609 0.039475350074518564 0.10990667838518055 -0.3005733841680583
16.2 -0.16348416080029826 0.17039724936756637 0.10990667838518055 0.11782931495349891
16.22 -0.053835964725525 0.0768014138408409 0.06594400703110832 -0.2054827261494667
16.24 -0.12693476210870716 0.05951484780690716 0.06594400703110832 0.2207066437843207
16.26 -0.014076093924324405 0.07556720835495481 0.06594400703110832 -0.18588426002556444
16.28 -0.12372428999909764 -0.05136755375375241 0.06594400703110832 0.307253309732811
16.3 0.06223317556846732 -0.001976266623723286 0.04396267135407222 0.03355461277862235
16.32 -0.08075394708828752 -0.13212150084203997 0.04396267135407222 0.38739198162872546
16.34 0.17830231586245962 0.0269179823627625 0.0 0.19734663134763045
16.36 -0.07112253075945892 -0.07309879738318217 0.034040002524316826 0.3809839875761494
16.38 0.30079240037567095 0.2245177348197738 -0.0010041927934798353 0.32847732415197584
16.4 -0.05507017021141136 0.05140215769064696 0.07021600306615897 0.3199333320818746
16.42 0.35660463172491924 0.31366889275100357 -0.018713532435465294 0.45634021371475053
16.44 -0.13903458940930838 0.030905119547103503 0.07134780829020446 0.27973220704059043
16.46 0.46060854865520484 0.29638232671706966 -0.0924442102788037 0.4250575647097418
16.48 -0.15311068333363265 -0.05626977176040307 0.08767847117253585 0.1626602133449627
16.5 0.19068666388974287 0.2059969632999536 0.03592912900623353 0.2002148906464589
16.52 -0.31980531624354036 -0.18320453386911026 0.19193447676301162 0.008033542347838683
16.54 -0.4294535123183136 0.0393023303900458 0.3149040147889527 0.04986021568438557
16.56 -0.6885097752690609 -0.28322131361505487 0.2546106805525491 -0.04798779585351426
16.58 -0.9604079266582461 -0.06713539357511797 0.45595737642305356 -0.0018891264819167143
16.6 -0.8001342379675574 -0.3229811844162556 0.19356002505827435 -0.009675797294146781
16.62 -1.0933060925750175 -0.18320453386911026 0.48069606561939776 0.026500203247695364
16.64 -0.6470581585708192 -0.36595152732706576 0.06229336649784054 0.04069486811250141
16.66 -1.1531054611086067 -0.2595138033619019 0.3426469290402138 0.052753534959782133
16.68 -0.48555026439424415 -0.37558294365589423 -0.11079996539914014 0.04283086613002673
16.7 -1.0646963643152139 -0.19925689441715785 0.22984693137963666 0.07687086865434356
16.72 -0.25295444339510476 -0.27877663601955904 -0.20726930017738585 0.08892953550162427
16.74 -0.8570076551182193 -0.1389999854724138 0.10360959011212485 0.07900686667186888
16.76 -0.03884478997889103 -0.18197032838322394 -0.24130930270170267 0.07900686667186888
16.78 -0.566588732209214 -0.11208200310965129 0.014680054610500643 0.07900686667186888
16.8 0.25799507714933334 -0.1518418739108519 -0.21291997297209064 0.09106553351914957
16.82 -0.3665551727173246 0.024484175327884453 -0.07462396485729797 0.07900686667186888
16.84 0.2515741329301142 0.09116202849184755 -0.15614131351286642 0.09106553351914957
16.86 -0.32679530191612394 0.16105035376542023 -0.1376746526130098 0.09106553351914957
16.88 0.25799507714933334 -0.01848616758292568 -0.10928532288339768 0.09106553351914957
16.9 -0.14083783634855898 -0.08195354863727926 -0.21378820000948207 0.09106553351914957
16.92 0.4074031440253073 -0.22494067129403403 -0.03617600054184215 0.09106553351914957
16.94 0.16118876951299815 -0.1518418739108519 -0.2626442229003878 0.06908419784211348
16.96 0.46843671804478304 -0.1916017447120525 0.0557744666657443 0.06908419784211348
16.98 0.22864328775169274 -0.11850294732887034 -0.2434202407426598 0.06908419784211348
17.0 0.28445551910094125 -0.1916017447120525 0.17284646036137205 0.06908419784211348
17.02 0.15752075699223408 -0.048614622055297714 -0.1504655807415936 0.04710286216507737
17.04 0.10368479226670907 -0.12171341943847987 0.2977051248692299 0.06908419784211348
17.06 0.08318775412316552 0.06103357401947555 -0.07384158362285873 0.04710286216507737
17.08 -0.010408081403560048 -0.012065223363706606 0.3601344571231589 0.04710286216507737
17.1 0.07553260441806021 0.17389224220385835 0.07437709332168949 0.0
17.12 -0.057823101909866004 0.030905119547103503 0.4501957978488287 0.025121526488041265
17.14 0.1397766505471453 0.256622455915869 0.2261104450434168 0.012058666847280715
17.16 0.0 0.007197609293950586 0.45371047262600794 0.02411733369456143
17.18 0.19237840978678394 0.33935266962787985 0.3792224735247984 -0.04182667333654689
17.2 -0.017286566033933908 -0.016509900959202416 0.3738186722657022 0.014194664864806038
17.22 0.17509184375285008 0.5048130970519015 0.42908268920918397 -0.07159467982581305
17.24 -0.14422132814264108 0.005963403808064241 0.27445601821205995 0.05250666342417352
17.26 0.1545948056093066 0.5690571431809864 0.38574137335689457 -0.08716802145027322
17.28 -0.20126776497777568 -0.04145161669824177 0.13540268883939607 0.10287732883082168
17.3 0.027660043500599488 0.30234573052513375 0.17295736614089233 0.017087984140202597
17.32 -0.3314129991960924 -0.20814624960814948 -0.0192239821577279 0.13905332937266385
17.34 -0.14224506151891783 -0.20814624960814948 0.024738689196344338 0.24004153172156883
17.36 -0.43142977894203705 -0.5037519112504877 -0.05112798666451941 0.21378820000948207
17.38 -0.2153438589021 -0.7756500626396728 0.029010685231394967 0.43711623155702256
17.4 -0.401301324469665 -0.6852646992225568 0.021224014419164876 0.1867775470395241
17.42 -0.26152467392251977 -1.0816638056855712 0.05740001496100704 0.49589492327768375
17.44 -0.4109327407984935 -0.7085146690645551 0.059536012978532345 0.07749222415612637
17.46 -0.3410444155249208 -1.3209996955675063 0.07159467982581305 0.42378979372960807
17.48 -0.38401475843573113 -0.7233328241267164 0.06167201099605768 -0.06156110521653742
17.5 -0.24423810788858574 -1.265929525356095 0.08578934469061912 0.23298712219064188
17.52 -0.2872084507993959 -0.527286401819168 0.09784801153789982 -0.16016643801230845
17.54 -0.18398119894384174 -1.0947902148506914 0.13188801406221665 0.12873111660016615
17.56 -0.2602904684366334 -0.2798378218209728 0.13188801406221665 -0.2161877762136614
17.58 -0.19040214316306078 -0.849352505413114 0.08792534270814444 0.007897576591750407
17.6 -0.19361261527267032 -0.0560967520759303 0.10990667838518055 -0.19772111531380474
17.62 -0.053835964725525 -0.6525294180308342 0.10990667838518055 -0.05942510719901209
17.64 -0.12693476210870716 0.04070955556040473 0.10990667838518055 -0.14094245585458054
17.66 -0.05704643683513454 -0.39788322873868814 0.10990667838518055 -0.10049445927768776
17.68 -0.1301452342183167 0.15035775163517798 0.10990667838518055 -0.03806512702375886
17.7 -0.05704643683513454 -0.21192576317112355 0.08792534270814444 -0.16454933982687936
17.72 -0.1301452342183167 0.1965385666555973 0.08792534270814444 -0.03617600054184215
17.74 -0.05704643683513454 -0.11956413313028387 0.08792534270814444 -0.30560270146098023
17.76 -0.1301452342183167 0.21901187142286443 0.10990667838518055 0.0007573212578712438
17.78 -0.05704643683513454 -0.05733095756181665 0.10990667838518055 -0.2885147173207776
17.8 -0.16348416080029826 0.10692986831321316 0.08792534270814444 0.12988798180077965
17.82 -0.053835964725525 0.04988343147807853 0.06594400703110832 -0.22746406182650275
17.84 -0.12693476210870716 0.02938639333453507 0.06594400703110832 0.2207066437843207
17.86 -0.014076093924324405 0.04543875388258272 0.04396267135407222 -0.1387813978604871
17.88 -0.12372428999909764 -0.0814960082261245 0.06594400703110832 0.307253309732811
17.9 0.06223317556846732 -0.02889424898648575 0.04396267135407222 0.03355461277862235
17.92 -0.11730334577987855 -0.162249955314412 0.04396267135407222 0.38739198162872546
17.94 0.17830231586245962 0.03012845447237203 0.0 0.18528796450034968
17.96 -0.07112253075945892 -0.07309879738318217 0.034040002524316826 0.3909066564059048
17.98 0.33734179906726214 0.22772820692938336 -0.02298552847051594 0.29443732162765907
18.0 -0.05507017021141136 0.05140215769064696 0.07021600306615897 0.3199333320818746
18.02 0.3598151038345287 0.28032996616902206 -0.018713532435465294 0.42230021119043376
18.04 -0.13903458940930838 -0.0024338070348780536 0.07134780829020446 0.27973220704059043
18.06 0.46060854865520484 0.2995927988266793 -0.0924442102788037 0.39101756218542494
18.08 -0.15311068333363265 -0.05305929965079352 0.08767847117253585 0.1846415490219988
18.1 0.15413726519815185 0.1726580367179721 0.07989180036030574 0.18815622379917823
18.12 -0.3563547149351316 -0.2197539325607014 0.19193447676301162 0.017956211177594078
18.14 -0.39290411362672256 0.0393023303900458 0.28086401226463587 0.027878880007349498
18.16 -0.6551708486870793 -0.2498823870330734 0.23262934487551304 -0.02600646017647816
18.18 -0.9604079266582461 -0.06713539357511797 0.47793871210008965 -0.0018891264819167143
18.2 -0.7667953113855759 -0.3229811844162556 0.19356002505827435 -0.009675797294146781
18.22 -1.1664048899581996 -0.18320453386911026 0.45871472994236173 0.03855887009497607
18.24 -0.6868180293720199 -0.36595152732706576 0.02825336397352375 0.04069486811250141
18.26 -1.1928653319098075 -0.2261748767799202 0.3525695978699693 0.052753534959782133
18.28 -0.4887607365038537 -0.37558294365589423 -0.11079996539914014 0.04283086613002673
18.3 -1.034567909842842 -0.23580629310874895 0.21778826453235597 0.07687086865434356
18.32 -0.2593753876143238 -0.27877663601955904 -0.21932796702466653 0.06694819982458815
18.34 -0.8634285993374387 -0.1755493841640049 0.09155092326484413 0.07900686667186888
18.36 -0.008716335506519105 -0.18197032838322394 -0.2533679695489835 0.07900686667186888
18.38 -0.5364602777368416 -0.11208200310965129 -0.0073012810665355286 0.1130468691961857
18.4 0.2515741329301142 -0.11529247521926082 -0.19093863729505456 0.025121526488041265
18.42 -0.4063150435185254 0.09758297271106661 -0.06256529801001724 0.100988202348905
18.44 0.2118142621289137 0.16105035376542023 -0.1440826466655857 0.1130468691961857
18.46 -0.33321624613534345 0.19759975245701128 -0.14759732144276513 0.09106553351914957
18.48 0.2515741329301142 -0.051825094164907236 -0.08516798918883624 0.09106553351914957
18.5 -0.1107093818761869 -0.1518418739108519 -0.23363353766899292 0.06908419784211348
18.52 0.47408099718927055 -0.22173019918442452 -0.037180193335321986 0.06908419784211348
18.54 0.19131722398537007 -0.1518418739108519 -0.29241222938965394 0.06908419784211348
18.56 0.49856517251715493 -0.22494067129403403 0.06996913153055039 0.06908419784211348
18.58 0.22543281564208353 -0.15505234602046145 -0.25120691155488994 0.06908419784211348
18.6 0.3177944456829227 -0.1916017447120525 0.19909979207345876 0.06908419784211348
18.62 0.15752075699223408 -0.012065223363706606 -0.1582522515538237 0.04710286216507737
18.64 0.10368479226670907 -0.0851640207468888 0.3118997897340359 0.04710286216507737
18.66 0.08639822623277515 0.1341323714026577 -0.10360959011212485 0.04710286216507737
18.68 -0.007197609293950586 -0.008854751254097104 0.3963104576650008 0.04710286216507737
18.7 0.11529247521926082 0.17710271431346783 0.08857175818649529 0.025121526488041265
18.72 -0.0546126298002565 -0.0024338070348780536 0.4643904627136345 0.04710286216507737
18.74 0.1429871226567548 0.3662706519906423 0.284267781262295 -0.009922668829755392
18.76 0.0032104721096095257 0.046957480095151154 0.45584647064353323 0.012058666847280715
18.78 0.19558888189639353 0.38232301253869 0.3692998046950429 -0.063808009013583
18.8 -0.050625492615915466 0.026460441951607697 0.348697145777661 0.02625333171208676
18.82 0.14175291717086852 0.5562152547425483 0.4829680293930115 -0.10349868433260456
18.84 -0.10767192945105 0.01559482013689288 0.28437868704181524 0.07662399711873495
18.86 0.12125587902732507 0.5818990316194244 0.4396267135407222 -0.10701335910978395
18.88 -0.2346066915597571 -0.0318202003694133 0.1311306928043454 0.09509065801859162
18.9 0.10075884088378159 0.45817474162032684 0.13464536758152484 -0.012680022349063614
18.92 -0.29165312839489177 -0.11698422111630186 -0.057535980717095404 0.16530666108475064
18.94 -0.13903458940930838 -0.15875496247812027 -0.03555464504005928 0.2662948634336556
18.96 -0.46155823341440916 -0.49091002281204965 -0.09936265405364227 0.21806019604453272
18.98 -0.24547231337447206 -0.8326964994748075 -0.007165315310447202 0.46336956326910933
19.0 -0.5013181042156095 -0.8154099334408736 -0.014951986122677244 0.24493488325840235
19.02 -0.28844265628528215 -1.2483584385954791 0.033282681266445596 0.5320709238195259
19.04 -0.4410611952708657 -0.8418703753924812 0.03541867928397091 0.10160955785068783
19.06 -0.30128454472372024 -1.3543386221494882 0.07159467982581305 0.42378979372960807
19.08 -0.4173536850177126 -0.7233328241267164 0.08365334667309378 -0.05163843638678202
19.1 -0.2775770344705673 -1.2691399974657045 0.0737306778433384 0.2748137955271889
19.12 -0.32054737738137745 -0.5304968739287775 0.08578934469061912 -0.1963424385541505
19.14 -0.21732012552582325 -1.1012111590699105 0.11982934721493592 0.12445912056511538
19.16 -0.2570799963270239 -0.31959769262217336 0.13188801406221665 -0.24244110792574808
19.18 -0.15064227236186012 -0.8891123762143142 0.13188801406221665 0.003625580556699648
19.2 -0.22695154185465183 -0.025968297603558548 0.07586667586086372 -0.20199311134885536
19.22 -0.08717489130750657 -0.6954997609416441 0.09784801153789982 -0.05163843638678202
19.24 -0.12693476210870716 0.031078139231575926 0.10990667838518055 -0.1671957875666673
19.26 -0.020497038143543457 -0.4492853864293354 0.10990667838518055 -0.12674779098977448
19.28 -0.12693476210870716 0.21382513268953154 0.10990667838518055 -0.08629979441288176
19.3 -0.09038536341711609 -0.221557179499952 0.08792534270814444 -0.1908026715389661
19.32 -0.16348416080029826 0.2933448742919327 0.10990667838518055 -0.06029333423640358
19.34 -0.09038536341711609 -0.09585662287713122 0.10990667838518055 -0.2956800326312248
19.36 -0.16348416080029826 0.2427193816760173 0.10990667838518055 -0.01130134558940948
19.38 -0.09038536341711609 0.002925951382927374 0.10990667838518055 -0.3005733841680583
19.4 -0.16348416080029826 0.20694664805915758 0.08792534270814444 0.11782931495349891
19.42 -0.053835964725525 0.043462487258859435 0.08792534270814444 -0.22746406182650275
19.44 -0.12693476210870716 0.05951484780690716 0.08792534270814444 0.2207066437843207
19.46 -0.014076093924324405 0.039017809663363705 0.06594400703110832 -0.18588426002556444
19.48 -0.08717489130750657 -0.05136755375375241 0.04396267135407222 0.307253309732811
19.5 0.06223317556846732 0.0012342054858863031 0.04396267135407222 0.03355461277862235
19.52 -0.08075394708828752 -0.13212150084203997 0.04396267135407222 0.38739198162872546
19.54 0.17830231586245962 0.0269179823627625 0.0 0.17536529567059433
19.56 -0.07112253075945892 -0.07309879738318217 0.034040002524316826 0.3809839875761494
19.58 0.33734179906726214 0.2245177348197738 -0.02298552847051594 0.32847732415197584
19.6 -0.05507017021141136 0.05140215769064696 0.07021600306615897 0.3199333320818746
19.62 0.3931540304165103 0.31366889275100357 -0.018713532435465294 0.4343588780377144
19.64 -0.13903458940930838 -0.0024338070348780536 0.07134780829020446 0.2917908738878711
19.66 0.46060854865520484 0.3329317254086608 -0.11442554595583981 0.41299889786246113
19.68 -0.11656128464204164 -0.05626977176040307 0.08767847117253585 0.1846415490219988
19.7 0.15413726519815185 0.1726580367179721 0.05791046468326965 0.2002148906464589
19.72 -0.3563547149351316 -0.2197539325607014 0.19193447676301162 -0.004025124499442042
19.74 -0.39290411362672256 0.0393023303900458 0.302845347941672 0.04986021568438557
19.76 -0.6186214499954883 -0.2864317857246645 0.2205706780282323 -0.04798779585351426
19.78 -0.9604079266582461 -0.06713539357511797 0.47793871210008965 -0.0018891264819167143
19.8 -0.7667953113855759 -0.3229811844162556 0.19356002505827435 -0.009675797294146781
19.82 -1.1664048899581996 -0.18320453386911026 0.48069606561939776 0.026500203247695364
19.84 -0.6868180293720199 -0.36595152732706576 0.02825336397352375 0.04069486811250141
19.86 -1.1595264053278258 -0.26272427547151134 0.3525695978699693 0.052753534959782133
19.88 -0.4919712086134632 -0.37558294365589423 -0.11079996539914014 0.054889532977307434
19.9 -1.034567909842842 -0.23580629310874895 0.21778826453235597 0.07687086865434356
19.92 -0.32926371288789624 -0.27877663601955904 -0.21932796702466653 0.08892953550162427
19.94 -0.8268792006458474 -0.1755493841640049 0.06642939677680285 0.07900686667186888
19.96 -0.008716335506519105 -0.18197032838322394 -0.2533679695489835 0.07900686667186888
19.98 -0.5364602777368416 -0.11208200310965129 -0.0073012810665355286 0.09106553351914957
20.0 0.2515741329301142 -0.08195354863727926 -0.19093863729505456 0.01306285964076055
