0.0 0.0 0.0 0.0 0.0
0.02 0.0 0.0 0.0 0.0
0.04 0.0 0.0 0.0 0.0
0.06 -0.6152033898305085 -0.5348644067796611 0.6590168105744931 0.6622379454724865
0.08 -0.2753236458610768 -0.3836702975068096 0.0 0.0236123924606213
0.1 -0.572185830306067 -0.7192520149534647 0.0616921370292543 0.15621286128210726
0.12 -0.04362045164005485 -0.26566968713491035 -0.5840674353834074 -0.5804770297483994
0.14 -0.19051653439012967 -0.5256543499451396 -0.28993864919009865 -0.2870867850291196
0.16 0.1318377858504886 -0.1482830805519793 -0.9496350635398598 -0.9467831993788809
0.18 0.0 -0.41485168314353443 -0.49582431365980056 -0.5380683380707296
0.2 0.20866284806485041 0.0 -1.0642211386547025 -0.9929869001618326
0.22 -0.03686640996140583 -0.3380266209291726 -0.563837417254677 -0.49223390802479255
0.24 0.13306579342842467 0.0 -0.9951002228487824 -0.9238659843559123
0.26 -0.03686640996140583 -0.1868325116563208 -0.5630988757806481 -0.44639947797885554
0.28 0.17117132264112161 0.026561153149596117 -0.9947309521117678 -0.9013180400699583
0.3 0.0 -0.1868325116563208 -0.4492513421398345 -0.4914953665507635
0.32 0.20866284806485041 0.025947149360628197 -0.8808834184709544 -0.8554836100240213
0.34 0.0 -0.14934098623259234 -0.4255955856428372 -0.42237445074484375
0.36 0.24554036969961118 0.025947149360628197 -0.8575969327109714 -0.7863626942181015
0.38 0.0 -0.14459905781817045 -0.40267837061986883 -0.3990879649848607
0.4 0.24554036969961118 0.025333145571660165 -0.812131773402049 -0.7634454791951331
0.42 -0.0006028921156132072 -0.10710753239444176 -0.3793918848598858 -0.3532535349389237
0.44 0.1693293112742174 0.06282467099538885 -0.788845287642066 -0.717611049149196
0.46 0.0 -0.1077215361834098 -0.35610539909990285 -0.3557361283628881
0.48 0.16871530748524927 0.0 -0.743010857596129 -0.7168725076751672
0.5 -0.0018308996935492705 -0.18393259460880357 -0.38113593680982133 -0.37791480191182786
0.52 0.09250424905985549 0.0 -0.6968071568131775 -0.6710380776292302
0.54 -0.040550432695214245 -0.22265212761046854 -0.2894670767179475 -0.3317111011288762
0.56 0.01690719442342975 0.0 -0.6280555117442719 -0.6022864325603245
0.58 -0.0786559619079113 -0.18516060218673985 -0.28872853524391834 -0.33097255965484734
0.6 0.016293190634461496 0.0 -0.5822210816983351 -0.5789999468003415
0.62 -0.0786559619079113 -0.1482830805519793 -0.2883592645069038 -0.2847688588718959
0.64 0.016293190634461496 0.0 -0.558934595938352 -0.5102483017314361
0.66 -0.04177844027315064 -0.14889708434094712 -0.26470350800990633 -0.21601721380299038
0.68 0.053170712269222264 -0.03703651185872886 -0.5127308951554006 -0.4640446009484846
0.7 -0.04239244406211867 -0.14951108812991515 -0.2414170222499234 -0.21527867232896153
0.72 0.015065183056525433 -0.00015899022396809182 -0.44397925008649514 -0.4178409001655332
0.74 -0.043006447851086704 -0.18823062113158034 -0.21776126575292598 -0.191622915831964
0.76 0.0 -0.038264519436665034 -0.39777554930354364 -0.3490892550966277
0.78 -0.04423445542902299 -0.1513530994968197 -0.17155756496997443 -0.1454192150490125
0.8 0.0 -0.07698405243832995 -0.35157184852059215 -0.3028855543136762
0.82 -0.04484845921799108 -0.26505568334594215 -0.14790180847297707 -0.12176345855201515
0.84 0.0 -0.11508958165102684 -0.28282020345168674 -0.25668185353072476
0.86 -0.08356799221965605 -0.22817816171118155 -0.10132883695301115 -0.09810770205501768
0.88 -0.009198945161166427 -0.15380911465269187 -0.2136992876457668 -0.23339536777074177
0.9 -0.12228752522132103 -0.2294061692891176 -0.07767308045601362 -0.09736916058098871
0.92 -0.04730447437386337 -0.15442311844166012 -0.1674955868628152 -0.18719166698779027
0.94 -0.12290152901028917 -0.2300201730780857 -0.0311001089360477 -0.05079618906102279
0.96 -0.0485324819517996 -0.1550371222306281 -0.09837467105689529 -0.11807075118187035
0.98 -0.08663801116449649 -0.19314265144332504 0.0 -0.04968837684997929
1.0 -0.04914648574076769 -0.19375665523229313 -0.006705810965021375 -0.04894983537595041
1.02 -0.0872520149534646 -0.11877360438483553 0.0 0.0
1.04 -0.08786601874243272 -0.15749313738650056 0.0 0.0
1.06 -0.08848002253140083 -0.1955986665991975 0.0 0.0
1.08 -0.12658555174409775 -0.19621267038816553 0.024453235669787132 0.004757155544812042
1.1 -0.12658555174409775 -0.19621267038816553 0.047370450692755625 0.005126426281826552
1.12 -0.1271995555330658 -0.23431819960086248 0.07028766571572412 0.028043641304795044
1.14 -0.1271995555330658 -0.27242372881355936 0.07028766571572412 0.028043641304795044
1.16 -0.20279661016949158 -0.27242372881355936 0.07028766571572412 0.05096085632776354
1.18 -0.20279661016949158 -0.27242372881355936 0.07028766571572412 0.05096085632776354
1.2 -0.20279661016949158 -0.27242372881355936 0.07028766571572412 0.05096085632776354
1.22 -0.12781355932203392 -0.27242372881355936 0.07028766571572412 0.05096085632776354
1.24 -0.12781355932203392 -0.27242372881355936 0.07028766571572412 0.05096085632776354
1.26 -0.16530508474576272 -0.27242372881355936 0.07028766571572412 0.05096085632776354
1.28 -0.12781355932203392 -0.27242372881355936 0.07028766571572412 0.05096085632776354
1.3 -0.12781355932203392 -0.38489830508474576 0.07028766571572412 0.11860468918562558
1.32 -0.12781355932203392 -0.347406779661017 0.07028766571572412 0.07313952987670305
1.34 -0.12781355932203392 -0.5717419284144218 0.07028766571572412 0.20768865411839826
1.36 -0.12781355932203392 -0.4205478191415703 0.07028766571572412 0.003649343333768651
1.38 -0.12781355932203392 -0.7192520149534647 0.07028766571572412 0.1600078703873889
1.4 -0.16530508474576272 -0.4174778001967298 0.07028766571572412 -0.027878974038054283
1.42 -0.12781355932203392 -0.7578014460578066 0.07028766571572412 0.0
1.44 -0.12781355932203392 -0.37568824825022445 0.04773972142977011 -0.2119552356958312
1.46 -0.09032203389830507 -0.7166258979002693 0.07028766571572412 -0.009762278596273932
1.48 -0.09032203389830507 -0.3773601577198053 0.04773972142977011 -0.3490892550966277
1.5 -0.09032203389830507 -0.6760643535316997 0.04773972142977011 -0.16907497154600998
1.52 -0.052830508474576265 -0.22432403708004994 0.04773972142977011 -0.3949236851425647
1.54 -0.052830508474576265 -0.48492270367924734 0.04773972142977011 -0.23634953366685757
1.56 -0.052830508474576265 -0.03379639101656523 0.04773972142977011 -0.3483507136225987
1.58 -0.015338983050847466 -0.2956230651936988 0.04773972142977011 -0.18903802067286268
1.6 -0.015338983050847466 0.0 0.04773972142977011 -0.21047815274777337
1.62 0.0 -0.25874554355893825 0.04773972142977011 -0.1864531255137613
1.64 -0.015338983050847466 0.0 0.04773972142977011 -0.11696293897082694
1.66 0.0 -0.14749897486568803 0.04773972142977011 -0.11833772018374797
1.68 0.0 0.0 0.04773972142977011 -0.0037516450689054903
1.7 0.0 -0.03212448154698394 0.04773972142977011 -0.11501428355061769
1.72 -0.015952986839815553 0.0 0.04773972142977011 0.0
1.74 0.0 0.0 0.07028766571572412 -0.06585641687155042
1.76 0.0 -0.037650515647697 0.04773972142977011 0.19004353114876926
1.78 0.0 -0.11570358543999493 0.02519177714381607 0.0
1.8 -0.011825062214361928 -0.23063417686705395 0.02519177714381607 0.44287143787545163
1.82 0.0 -0.1200016119627717 0.02519177714381607 0.15085597436909287
1.84 -0.050544595216026944 -0.19621267038816553 0.02519177714381607 0.6040304845102602
1.86 0.0 0.0 0.002643832857862058 0.2883592645069038
1.88 -0.051158599004995045 0.0 0.002643832857862058 0.6953300738651198
1.9 0.005685024324680987 0.16407707716782655 0.002643832857862058 0.3338244238158264
1.92 -0.09049213579562809 0.0 0.002643832857862058 0.7175087474140591
1.94 0.04133453838150547 0.1610070582229861 0.0 0.5360173809153836
1.96 -0.09233414716253247 0.0 0.0 0.6705665051570786
1.98 0.18884462492054838 0.007356933794262277 0.0 0.5552418885682073
2.0 -0.057912640683644157 -0.1263117517497757 0.026668860091873983 0.46246521626528997
2.02 0.3357407076706234 0.0 0.0 0.484910858816107
2.04 -0.06159666341745257 -0.20313681396413752 0.14125493520671645 0.21101209075152855
2.06 0.33679861335123645 0.0036729110604538096 0.003484676067027931 0.3215361877592118
2.08 -0.1789832700003839 -0.16687329611834506 0.20752398685165746 0.0
2.1 0.0 0.0 0.1631666397537784 0.0
2.12 -0.48321349991299095 -0.2811898837564358 0.32174079122948546 -0.11844002191888481
2.14 -0.5581965507604485 -0.018749205790333956 0.391867217511312 -0.07371340408399124
2.16 -0.857514750361311 -0.3192954129691327 0.27728114239646956 -0.16353591049079289
2.18 -1.003796829322418 -0.1318377858504886 0.45544907226201486 -0.07223632113593334
2.2 -0.8120411756809971 -0.35617293460389343 0.09135852705362024 -0.07149777966190443
2.22 -1.1867863280209623 -0.24308435454373895 0.29096658899407607 -0.002746134592998911
2.24 -0.618273408775349 -0.39243645244968606 -0.14716326699894816 0.0
2.26 -1.1061071411754688 -0.3168393978132603 0.0 0.0
2.28 -0.3822721880315503 -0.3905944410827817 -0.5142079781034588 0.0
2.3 -0.9450889712791277 -0.1638032771735045 -0.17387549112719808 0.005126426281826552
2.32 -0.0772578524326521 -0.23755832044302594 -0.6749977540012526 0.005126426281826552
2.34 -0.6353327072658077 -0.08636421117017451 -0.35610539909990285 0.028043641304795044
2.36 0.13876192942646076 -0.16073325822866408 -0.697914969024221 0.05096085632776354
2.38 -0.2911549367735992 -0.08513620359223828 -0.42623182538172927 0.05096085632776354
2.4 0.4067286414932751 -0.0839081960143021 -0.6055075674583179 0.028412912041809513
2.42 -0.10001328692114647 0.0 -0.3774432294396764 0.0
2.44 0.4079566490712114 0.012882967894975061 -0.42069276432651215 0.00549569701884102
2.46 -0.0631357652863857 0.12597154795512963 -0.3733812513325173 0.00549569701884102
2.48 0.4067286414932751 0.0 -0.25805663474364576 0.028412912041809513
2.5 0.0 -0.0839081960143021 -0.28087154803147746 0.028412912041809513
2.52 0.5179752101865254 -0.23510230528715353 -0.0037516450689054903 0.028412912041809513
2.54 0.29179805006621623 -0.16011925443969593 -0.1622234948094758 0.005864967755855488
2.56 0.6333497035052293 -0.19699677607445665 0.1398801539937954 0.005864967755855488
2.58 0.3678390065942873 -0.0839081960143021 0.0 0.005864967755855488
2.6 0.4391380347079363 -0.15889124686175973 0.43928103224044374 0.005864967755855488
2.62 0.2098908556427867 0.0 0.17092132523108233 0.005864967755855488
2.64 0.13122378206152047 -0.045188663012637104 0.7150261539900946 0.005864967755855488
2.66 0.09066223769295118 0.012268964106007002 0.3775455311748132 0.0
2.68 0.0 0.0 0.8754466591508743 0.0
2.7 0.08513620359223828 0.1235155327992572 0.5368582241245494 0.0
2.72 0.0 0.0 0.9209118184597966 0.0
2.74 0.08619410927285145 0.1966565722798106 0.6943245633892132 0.0
2.76 0.0 0.0 0.8736003054658017 0.0
2.78 0.12061561575173976 0.2316920825476671 0.7128105295680078 0.0
2.8 -0.014281077370234263 -0.015065183056525433 0.6196645865280759 0.0
2.82 0.07944006759420241 0.3785881652977419 0.5966450697699706 0.0
2.84 -0.12982567258626126 -0.018749205790333956 0.2994598159454091 0.07324183161183995
2.86 0.038878523225633066 0.3790320671893869 0.3186843235982328 0.0
2.88 -0.20787874237855936 -0.09864428694953647 5.893769876075261e-5 0.18819717746369685
2.9 0.0 0.11229336270050844 0.0 0.1212918860798638
2.92 -0.36091486301831516 -0.25168040758929217 -0.1445783718398467 0.2569488225326024
2.94 -0.13657971426491028 -0.32666345843674965 -0.12203042755389268 0.37217113738633695
2.96 -0.4752314506564059 -0.5503846034011866 -0.1667570453887863 0.3034194923174315
2.98 -0.24966829432506493 -0.8853523170588735 -0.05290951174797273 0.43612226287405426
3.0 -0.4365119176547408 -0.7310881888411815 -0.029253755250975372 0.11749687697458219
3.02 -0.28531780838188947 -1.1439388703938436 0.0 0.33965288320099213
3.04 -0.4721614317115654 -0.6885145312083849 0.0 -0.09847697279203216
3.06 -0.3215813262276819 -1.2513313144559624 0.0 0.019817383355339724
3.08 -0.4334418987099003 -0.6411989451611666 0.0 -0.48843889891951114
3.1 -0.2816337856480808 -1.204015728408744 0.0 -0.19357157125217322
3.12 -0.3178973034938734 -0.3736761349859971 0.024822506406801614 -0.6721458898402735
3.14 -0.16670319422102198 -0.9692425152428814 0.07028766571572412 -0.37902261412287125
3.16 -0.2410722412795115 -0.10263940397434185 0.07028766571572412 -0.7172417784121816
3.18 -0.12798366121935695 -0.6672981985888231 0.04773972142977011 -0.42264141974672126
3.2 -0.1648611828541177 0.07404684109413767 0.04773972142977011 -0.6019171618233103
3.22 -0.08926412821769192 -0.36245396488724774 0.04773972142977011 -0.41931798311359103
3.24 -0.08865012442872386 0.2645744871576223 0.04773972142977011 -0.4171023586915042
3.26 -0.051158599004995045 -0.09281534335085245 0.04773972142977011 -0.34687363067454086
3.28 -0.08865012442872386 0.3770490634288088 0.04773972142977011 -0.18608385477674688
3.3 -0.051158599004995045 0.0 0.04773972142977011 -0.25399465663648657
3.32 -0.1261416498524527 0.3364875190602394 0.04773972142977011 0.0
3.34 -0.050544595216026944 0.07220482972723347 0.04773972142977011 -0.1811810334604218
3.36 -0.08803612063975574 0.3321894925374624 0.04773972142977011 0.09800540031988078
3.38 -0.013667073581266231 0.10417032105024931 0.04773972142977011 -0.03998503595246605
3.4 -0.1261416498524527 0.21893081057998515 0.02519177714381607 0.39777554930354364
3.42 -0.014281077370234263 0.06589468994022923 0.02519177714381607 0.08109881882428077
3.44 -0.12675565364142075 0.06282467099538885 0.02519177714381607 0.6738899417902089
3.46 0.0 0.02164912283785142 0.002643832857862058 0.31064023979098015
3.48 -0.052386606582931206 -0.0013869978019042661 0.002643832857862058 0.9026928212828795
3.5 0.0 0.0 0.0 0.5190084976846467
3.52 -0.09110613958459626 -0.044404557326345934 0.0 0.9481579805918019
3.54 0.11570358543999493 0.011211058425393827 0.0 0.6986535104982499
3.56 -0.05545662552777164 0.0 0.0 0.8550120375518702
3.58 0.26321367197903783 0.16407707716782655 0.0 0.7393181502259842
3.6 -0.09663217368530891 0.012882967894975061 0.049586075114842476 0.6007070478771299
3.62 0.26365757387068306 0.19849858364671485 0.0 0.6449620932398721
3.64 -0.17652725484451154 0.0 0.11585512675978349 0.32522889512935654
3.66 0.33372859440639563 0.15732303548917748 0.0 0.3666320763311198
3.68 -0.21893081057998515 -0.09004823390398309 0.25372768763460896 0.0025415311227252046
3.7 0.06698988991751759 0.0786559619079113 0.18719166698779027 0.0
3.72 -0.4475639858561666 -0.20559282912001003 0.39086170703540557 -0.16501299343885079
3.74 -0.5231610404925924 -0.018749205790333956 0.48390534834020055 -0.14283431988991135
3.76 -0.8218652363044867 -0.35740094218182966 0.369319273225358 -0.23265682629671286
3.78 -1.081235895325748 -0.0943462604267597 0.5016527730449662 -0.14135723694185326
3.8 -0.8888662378953591 -0.35678693839286146 0.11464501281360323 -0.11733220970784139
3.82 -1.2629973864463562 -0.20620683290897807 0.33643174830299866 -0.026032620352981956
3.84 -0.7694675180482005 -0.430541981662383 -0.12424605197597965 0.0
3.86 -1.2566872466593522 -0.27996187617849966 0.0 0.0
3.88 -0.45725523887900804 -0.39120844487174966 -0.5374944638634418 0.0
3.9 -0.9819664929138883 -0.2400143355988984 -0.22044846264716406 0.0
3.92 -0.07602984485471581 -0.31376937886841977 -0.7215707255212185 0.0
3.94 -0.7090877505353288 -0.16257526959556828 -0.3797611555969002 0.005126426281826552
3.96 0.17809546621709366 -0.16134726201763216 -0.7666666140931266 0.00549569701884102
3.98 -0.3636819724651847 -0.08575020738120642 -0.4724355261646807 0.028412912041809513
4.0 0.40918465664914744 -0.12262772901596714 -0.6517112682412696 0.028412912041809513
4.02 -0.09694326797630642 0.0 -0.44656414524559657 0.005864967755855488
4.04 0.5241152480762064 0.0 -0.4894444093954175 0.028412912041809513
4.06 0.0 0.12535754416616152 -0.3962984663554857 0.028412912041809513
4.08 0.5228872404982701 0.0 -0.25805663474364576 0.028412912041809513
4.1 0.03426940241185944 -0.008311141377876419 -0.3034194923174315 0.005864967755855488
4.12 0.5960282799788235 -0.15950525065072785 -0.0037516450689054903 0.005864967755855488
4.14 0.2942540652220886 -0.16011925443969593 -0.20731938338138378 0.005864967755855488
4.16 0.6726832402958627 -0.19699677607445665 0.1627973690167639 0.005864967755855488
4.18 0.3643250857578015 -0.046416670590573306 0.0 0.005864967755855488
4.2 0.4409800460748406 -0.1213997214380309 0.4854847330233953 0.005864967755855488
4.22 0.2867159178571487 -0.00892514516684445 0.17202913744212572 0.0
4.24 0.20804884427588238 -0.04580266680160522 0.7837777990590002 0.0
4.26 0.16687329611834506 0.0110409565280708 0.3786533433858567 0.0
4.28 0.051328700902318114 0.0 0.9445675749567941 0.0
4.3 0.08575020738120642 0.08541000358656026 0.6063484106674837 0.0
4.32 0.0 0.0 1.0580458378605933 0.0
4.34 0.08619410927285145 0.19604256849084245 0.7634454791951331 0.0
4.36 0.0 0.0 0.9423519505347073 0.0
4.38 0.12061561575173976 0.30606112960615645 0.7811929038998988 0.0
4.4 -0.013667073581266231 0.0 0.6683508807349918 0.004120915805919972
4.42 0.07944006759420241 0.45769914077065316 0.6642889026278327 0.0
4.44 -0.12982567258626126 -0.020591217157238273 0.3216384894943486 0.1190762616577769
4.46 0.07637004864936198 0.4146815812462112 0.38595888571908044 0.0
4.48 -0.17038721695483056 -0.10110030210540882 0.0 0.21185293396069432
4.5 0.0 0.2223119238158226 0.0 0.12239969829090716
4.52 -0.3240373413835544 -0.211288965118046 -0.23661650266873518 0.32606973833852243
4.54 -0.13780772184284645 -0.211288965118046 -0.1915206140968272 0.41911337964331735
4.56 -0.475845454445374 -0.51534909313333 -0.23587796119470633 0.3499924638373974
4.58 -0.2883878273267299 -0.9259138614274429 -0.12166115681687825 0.5277911229659282
4.6 -0.5508285052928314 -0.8472467878461767 -0.09800540031988078 0.18624852204348769
4.62 -0.32465134517252253 -1.2975889948225676 -0.029253755250975372 0.3633086396979896
4.64 -0.47338943928950167 -0.8415506518481408 0.0 -0.029725327723126693
4.66 -0.3596868554403789 -1.3281563766703242 0.0 0.0881997576872307
4.68 -0.4334418987099003 -0.6418129489501347 0.0 -0.4204257953246345
4.7 -0.2822477894370489 -1.204629732197712 0.0 -0.1488449534172796
4.72 -0.3185113072828415 -0.3736761349859971 0.0019052913838331076 -0.6728844313143025
4.74 -0.20480872343371886 -0.9698565190318493 0.047370450692755625 -0.3769092914359213
4.76 -0.27917777049220843 -0.10263940397434185 0.07028766571572412 -0.7638147499321475
4.78 -0.12859766500832503 -0.6672981985888231 0.04773972142977011 -0.46921439126668724
4.8 -0.20296671206681455 0.07404684109413767 0.02519177714381607 -0.6484901333432762
4.82 -0.05177260279396312 -0.437437015734706 0.04773972142977011 -0.4204257953246345
4.84 -0.08865012442872386 0.18959143631016445 0.04773972142977011 -0.48622327449742414
4.86 0.0 -0.1731543264017001 0.04773972142977011 -0.3708986579085527
4.88 -0.050544595216026944 0.41515459264150584 0.04773972142977011 -0.2555740413196815
4.9 -0.051158599004995045 0.0 0.04773972142977011 -0.27838895460751295
4.92 -0.1261416498524527 0.48829563212205856 0.04773972142977011 -0.049586075114842476
4.94 -0.08865012442872386 0.07343283730516931 0.04773972142977011 -0.20520606069443376
4.96 -0.1261416498524527 0.40901455475182463 0.04773972142977011 0.028884484513960834
4.98 -0.08865012442872386 0.14350385784088265 0.04773972142977011 -0.06401006318647795
5.0 -0.1261416498524527 0.29575587279434673 0.02519177714381607 0.3282853627606092
5.02 -0.013667073581266231 0.14271975215459126 0.02519177714381607 0.08284287077421632
5.04 -0.12675565364142075 0.10154420399705394 0.02519177714381607 0.6043997552472746
5.06 0.0 0.06098265962848454 0.002643832857862058 0.21897137969910613
5.08 -0.05177260279396312 0.0 0.002643832857862058 0.7881067461680371
5.1 0.0 0.0 0.0 0.5179006854736032
5.12 -0.09049213579562809 -0.04317654974840984 0.0 0.9019542798088507
5.14 0.07882606380523427 0.0 0.0 0.6753670247382668
5.16 -0.05484262173880361 0.0 0.0 0.8320948225289018
5.18 0.2263361503442773 0.16530508474576272 0.0 0.6713050466311077
5.2 -0.09540416610737296 0.0 0.049216804377827994 0.6007070478771299
5.22 0.26014365303419745 0.23721811664837994 0.0 0.623152690427947
5.24 -0.17529924726657525 0.0 0.0925686409998005 0.371432595912308
5.26 0.2605875549258427 0.23353409391457125 0.0 0.39028783282811724
5.28 -0.25519432842577755 -0.051328700902318114 0.16205882754273498 0.07166244692864521
5.3 0.0 0.04177844027315064 0.1631666397537784 0.024350933934650265
5.32 -0.4451079707002941 -0.24247035075477075 0.32174079122948546 -0.07297486260996228
5.34 -0.4825994961240229 0.0 0.41441516179726606 -0.09626134836994521
5.36 -0.7438121665121886 -0.3186814091801645 0.27728114239646956 -0.16353591049079289
5.38 -1.0031828255334498 -0.09373225663779167 0.45507980152500044 -0.09515353615890185
5.4 -0.8542746295191477 -0.35617293460389343 0.06844131203065176 -0.07149777966190443
5.42 -1.1486807988082655 -0.204978825331042 0.2680493739711076 0.0
5.44 -0.6551509304101097 -0.39243645244968606 -0.16971121128490213 0.0
5.46 -1.1048791335975325 -0.24124234317683435 0.0 0.0
5.48 -0.34355265502988547 -0.3905944410827817 -0.4916600338175045 0.0
5.5 -0.9063694382774627 -0.1638032771735045 -0.1967927061501667 0.0
5.52 -0.07602984485471581 -0.2756638496557228 -0.697914969024221 0.0
5.54 -0.6722102289005687 -0.16196126580660025 -0.37902261412287125 0.00549569701884102
5.56 0.10188440779169977 -0.16073325822866408 -0.7208321840471896 0.00549569701884102
5.58 -0.32741845461939184 -0.04764467816850948 -0.44877976966768335 0.00549569701884102
5.6 0.4079566490712114 -0.08452219980327025 -0.5829596231723639 0.0
5.62 -0.17438233397963637 0.011654960317038887 -0.3999911737256304 0.028043641304795044
5.64 0.3710791274364504 0.05037449331870392 -0.42032349358949767 0.05096085632776354
5.66 -0.06190775770844986 0.08848002253140083 -0.3500947655725343 0.028412912041809513
5.68 0.44544817449493984 -0.007697137588908304 -0.21222220469770875 0.028412912041809513
5.7 0.03242739104495501 -0.08452219980327025 -0.2801330065574485 0.005864967755855488
5.72 0.6322917978246163 -0.19761077986342473 0.0 0.005864967755855488
5.74 0.3305175830678812 -0.12201372522699905 -0.1611156825984323 0.005864967755855488
5.76 0.6339637072941977 -0.19699677607445665 0.18608385477674688 0.005864967755855488
5.78 0.3303474811705584 -0.0839081960143021 0.0 0.005864967755855488
5.8 0.40164650928420736 -0.12078571764906285 0.5309498923323177 0.005864967755855488
5.82 0.2098908556427867 0.0 0.21712502601403377 0.0
5.84 0.13122378206152047 -0.04580266680160522 0.7612298547730463 0.0
5.86 0.12815376311667992 0.011654960317038887 0.3786533433858567 0.0
5.88 0.012609167900652973 0.0 0.9216503599338257 0.0
5.9 0.08452219980327025 0.08541000358656026 0.6059791399304693 0.0
5.92 0.0 0.0 1.0125806785516704 0.0
5.94 0.08558010548388334 0.2716396231272682 0.7856241527440726 0.0
5.96 0.0 0.0 0.9194347355117387 0.0
5.98 0.08251008653904285 0.26856960418242776 0.7582756888769304 0.0
6.0 -0.014281077370234263 0.0 0.6196645865280759 0.004120915805919972
6.02 0.04133453838150547 0.45769914077065316 0.6642889026278327 0.0
6.04 -0.16793120179895815 -0.020591217157238273 0.3216384894943486 0.1190762616577769
6.06 0.0007729940129361235 0.4521731066699403 0.38595888571908044 0.0
6.08 -0.2084927461675274 -0.06299477289271199 0.0 0.2344008782466484
6.1 0.0 0.26041745302851943 0.0 0.14494764257686119
6.12 -0.3240373413835544 -0.211288965118046 -0.25916444695468926 0.32606973833852243
6.14 -0.17529924726657525 -0.2916279481688934 -0.21406855838278122 0.41911337964331735
6.16 -0.475845454445374 -0.6284376731934846 -0.23587796119470633 0.3274445195514434
6.18 -0.2883878273267299 -1.0008969122749005 -0.12166115681687825 0.5277911229659282
6.2 -0.5508285052928314 -0.8466327840572085 -0.09800540031988078 0.18624852204348769
6.22 -0.36214287059625133 -1.2969749910335993 -0.0063365402280068095 0.36293936896097506
6.24 -0.47338943928950167 -0.7653395934227469 -0.005597998753977859 -0.052642542746095256
6.26 -0.32219533001665007 -1.3650338983050847 0.0 0.0652825426642622
6.28 -0.47154742792259713 -0.6786904705848955 0.0 -0.4433430103476031
6.3 -0.32035331864974587 -1.2789987792562019 0.0 -0.1488449534172796
6.32 -0.35661683649553844 -0.4105536566207579 0.0019052913838331076 -0.6728844313143025
6.34 -0.24291425264641575 -1.0114759690810322 0.047370450692755625 -0.39945723572187536
6.36 -0.27917777049220843 -0.0639198709726771 0.07028766571572412 -0.7638147499321475
6.38 -0.1660891904320539 -0.6654561872219189 0.07028766571572412 -0.46921439126668724
6.4 -0.20296671206681455 0.15087190330849903 0.024822506406801614 -0.6484901333432762
6.42 -0.014281077370234263 -0.3981034789440731 0.024822506406801614 -0.44297373961058856
6.44 -0.051158599004995045 0.2658024947355581 0.04773972142977011 -0.48622327449742414
6.46 0.0 -0.1344347934000351 0.04773972142977011 -0.3934466021945067
6.48 -0.08865012442872386 0.4157685964304733 0.02519177714381607 -0.25520477058266694
6.5 -0.051158599004995045 0.0 0.04773972142977011 -0.27765041313348404
6.52 -0.08865012442872386 0.4895236396999953 0.02519177714381607 -0.0037516450689054903
6.54 -0.051158599004995045 0.07466084488310537 0.04773972142977011 -0.22701546350635876
6.56 -0.1261416498524527 0.40962855854079255 0.04773972142977011 0.05217097027394382
6.58 -0.013667073581266231 0.14411786162985057 0.04773972142977011 -0.06290225097543461
6.6 -0.12675565364142075 0.2963698765833151 0.02519177714381607 0.37485833428057513
6.62 -0.014281077370234263 0.14271975215459126 0.02519177714381607 0.1068678980082281
6.64 -0.12675565364142075 0.10154420399705394 0.002643832857862058 0.6960686153391487
6.66 0.0 0.09847418505221345 0.002643832857862058 0.2655443512190721
6.68 -0.08987813200666006 0.0 0.002643832857862058 0.8797756062599111
6.7 0.0425625459594417 0.0 0.0 0.5644736569935691
6.72 -0.053614614160867435 -0.043790553537377874 0.0 0.9710751956147705
6.74 0.11570358543999493 0.0 0.0 0.6990227812352645
6.76 -0.01796510010404284 0.0 0.0033823743318910082 0.8779292525748388
6.78 0.26321367197903783 0.16469108095679466 0.0 0.7393181502259842
6.8 -0.05914064826158022 0.0 0.049586075114842476 0.6461722071860523
6.82 0.33925462850710836 0.199112587435683 0.0 0.6678793082628407
6.84 -0.17652725484451154 0.0 0.09293791173681498 0.32522889512935654
6.86 0.33372859440639563 0.19542856470187436 0.0 0.3666320763311198
6.88 -0.21954481436895307 -0.08943423011501506 0.25372768763460896 0.0025415311227252046
6.9 0.02888436070482031 0.04116443648418261 0.18719166698779027 0.0003259067006383676
6.92 -0.48566951506886363 -0.20559282912001003 0.39086170703540557 -0.16501299343885079
6.94 -0.5606525659163213 -0.018749205790333956 0.48390534834020055 -0.16538226417586538
6.96 -0.8218652363044867 -0.35740094218182966 0.369319273225358 -0.2555740413196815
6.98 -1.081235895325748 -0.0943462604267597 0.4791048287590122 -0.1639051812278073
7.0 -0.8888662378953591 -0.35678693839286146 0.13719295709955726 -0.09478426542188736
7.02 -1.2255058610226275 -0.20620683290897807 0.3138838040170446 -0.026032620352981956
7.04 -0.7319759926244715 -0.3930504562386542 -0.12424605197597965 -0.002376863855984429
7.06 -1.2191957212356233 -0.27996187617849966 0.0 0.0
7.08 -0.45725523887900804 -0.39120844487174966 -0.5374944638634418 0.0
7.1 -0.9819664929138883 -0.2400143355988984 -0.22044846264716406 0.0
7.12 -0.07602984485471581 -0.31376937886841977 -0.7441186698071725 0.005126426281826552
7.14 -0.670982221322632 -0.16257526959556828 -0.3797611555969002 0.005126426281826552
7.16 0.14060394079336475 -0.19883878744136102 -0.7666666140931266 0.00549569701884102
7.18 -0.326190447041456 -0.08575020738120642 -0.4724355261646807 0.05096085632776354
7.2 0.40918465664914744 0.0 -0.6517112682412696 0.028412912041809513
7.22 -0.09694326797630642 0.0 -0.4236469302226279 0.005864967755855488
7.24 0.4485181934397808 0.0 -0.4894444093954175 0.028043641304795044
7.26 0.0 0.12535754416616152 -0.3962984663554857 0.00549569701884102
7.28 0.4472901858618445 0.0 -0.25805663474364576 0.028412912041809513
7.3 0.0 -0.008311141377876419 -0.3034194923174315 0.005864967755855488
7.32 0.5960282799788235 -0.15950525065072785 -0.0037516450689054903 0.005864967755855488
7.34 0.2942540652220886 -0.16011925443969593 -0.1847714390954298 0.005864967755855488
7.36 0.7107887695085593 -0.19699677607445665 0.1402494247308099 0.005864967755855488
7.38 0.3643250857578015 -0.0839081960143021 0.0 0.005864967755855488
7.4 0.4409800460748406 -0.1213997214380309 0.5080326773093493 0.005864967755855488
7.42 0.2867159178571487 0.0 0.1716598667051113 0.0
7.44 0.20804884427588238 -0.04580266680160522 0.7612298547730463 0.0
7.46 0.16687329611834506 0.0110409565280708 0.4012012876718108 0.0
7.48 0.051328700902318114 0.0 0.9220196306708401 0.0
7.5 0.08575020738120642 0.08541000358656026 0.6288963549534377 0.0
7.52 0.0 0.0 1.035497893574639 0.0
7.54 0.08619410927285145 0.15855104306711365 0.7859934234810872 0.0
7.56 0.0 0.0 0.9652691655576757 0.0
7.58 0.08312409032801096 0.26856960418242776 0.8041101189228674 0.0
7.6 -0.013667073581266231 0.0 0.6912680957579604 0.004120915805919972
7.62 0.07944006759420241 0.45769914077065316 0.6642889026278327 0.0
7.64 -0.12982567258626126 -0.020591217157238273 0.29909054520839456 0.09652831737182288
7.66 0.038878523225633066 0.4521731066699403 0.38595888571908044 0.0
7.68 -0.2459842715912562 -0.10110030210540882 0.0 0.21185293396069432
7.7 0.0 0.29790897845224834 0.0 0.12239969829090716
7.72 -0.3240373413835544 -0.211288965118046 -0.2136992876457668 0.32606973833852243
7.74 -0.13780772184284645 -0.2541364227451645 -0.1915206140968272 0.41911337964331735
7.76 -0.475845454445374 -0.590946147769756 -0.23587796119470633 0.3499924638373974
7.78 -0.2883878273267299 -0.9634053868511716 -0.12166115681687825 0.5277911229659282
7.8 -0.5508285052928314 -0.8847383132699056 -0.09800540031988078 0.18624852204348769
7.82 -0.32465134517252253 -1.3350805202462963 -0.0063365402280068095 0.40840452826989765
7.84 -0.47338943928950167 -0.8034451226354438 0.0 -0.052642542746095256
7.86 -0.2847038045929213 -1.3275423728813562 0.0 0.0652825426642622
7.88 -0.4334418987099003 -0.6793044743738637 0.0 -0.4433430103476031
7.9 -0.28286179322601707 -1.2789987792562019 0.0 -0.1488449534172796
7.92 -0.35661683649553844 -0.4105536566207579 0.0019052913838331076 -0.7183495906232251
7.94 -0.205422727222687 -0.9733704398683354 0.047370450692755625 -0.3769092914359213
7.96 -0.27917777049220843 -0.025814341759980042 0.07028766571572412 -0.7638147499321475
7.98 -0.12859766500832503 -0.6654561872219189 0.04773972142977011 -0.46921439126668724
8.0 -0.20296671206681455 0.15087190330849903 0.04773972142977011 -0.6484901333432762
8.02 -0.014281077370234263 -0.3981034789440731 0.04773972142977011 -0.44297373961058856
8.04 -0.051158599004995045 0.2658024947355581 0.04773972142977011 -0.46330605947445574
8.06 -0.013667073581266231 -0.09694326797630642 0.04773972142977011 -0.3705293871715382
8.08 -0.08865012442872386 0.45387412564317037 0.04773972142977011 -0.23228755555969832
8.1 -0.051158599004995045 0.0 0.04773972142977011 -0.27765041313348404
8.12 -0.08865012442872386 0.45141811048729824 0.04773972142977011 -0.026299589354859515
8.14 -0.051158599004995045 0.07404684109413767 0.04773972142977011 -0.2044675192204048
8.16 -0.1261416498524527 0.40962855854079255 0.04773972142977011 0.07471891455989785
8.18 -0.013667073581266231 0.1816093870535797 0.04773972142977011 -0.017437091666512083
8.2 -0.08865012442872386 0.2963698765833151 0.04773972142977011 0.39740627856652916
8.22 -0.014281077370234263 0.14271975215459126 0.02519177714381607 0.1068678980082281
8.24 -0.12675565364142075 0.10154420399705394 0.02519177714381607 0.6735206710531947
8.26 0.0 0.09847418505221345 0.002643832857862058 0.2655443512190721
8.28 -0.08987813200666006 0.0 0.002643832857862058 0.8797756062599111
8.3 0.0425625459594417 0.016737092526106723 0.0 0.5415564419706007
8.32 -0.053614614160867435 -0.043790553537377874 0.0 0.9710751956147705
8.34 0.11570358543999493 0.011825062214361928 0.0 0.7215707255212185
8.36 -0.01796510010404284 -0.009983050847457625 0.0033823743318910082 0.8779292525748388
8.38 0.26321367197903783 0.2021826063805235 0.0 0.7622353652489529
8.4 -0.09663217368530891 0.0 0.049586075114842476 0.6461722071860523
8.42 0.26365757387068306 0.23660411285941174 0.0 0.6678793082628407
8.44 -0.17652725484451154 0.0 0.09293791173681498 0.3477768394153105
8.46 0.33372859440639563 0.19542856470187436 0.0 0.3666320763311198
8.48 -0.257036339792682 -0.08943423011501506 0.20826252832568642 0.0025415311227252046
8.5 0.0 0.04116443648418261 0.18719166698779027 0.0003259067006383676
8.52 -0.48566951506886363 -0.24308435454373895 0.41377892205837397 -0.16501299343885079
8.54 -0.5231610404925924 0.0 0.46135740405424647 -0.16538226417586538
8.56 -0.8218652363044867 -0.35740094218182966 0.369319273225358 -0.23265682629671286
8.58 -1.0437443699020192 -0.0943462604267597 0.4791048287590122 -0.14135723694185326
8.6 -0.8513747124716302 -0.35678693839286146 0.1375622278365717 -0.11733220970784139
8.62 -1.1886283393878667 -0.20620683290897807 0.31425307475405906 -0.026032620352981956
8.64 -0.7325899964134399 -0.430541981662383 -0.12424605197597965 -0.002376863855984429
8.66 -1.1823181996008627 -0.24185634696580272 0.0 0.0
8.68 -0.4584832464569441 -0.39120844487174966 -0.5371251931264271 0.0
8.7 -1.0206860259155537 -0.2400143355988984 -0.197161976887181 0.0
8.72 -0.11474937785638101 -0.27627785344469097 -0.7212014547842038 0.005126426281826552
8.74 -0.6722102289005687 -0.16257526959556828 -0.3797611555969002 0.00549569701884102
8.76 0.10188440779169977 -0.16134726201763216 -0.7666666140931266 0.028043641304795044
8.78 -0.32741845461939184 -0.08575020738120642 -0.44988758187872674 0.00549569701884102
8.8 0.4079566490712114 -0.12262772901596714 -0.6971764275501919 0.028412912041809513
8.82 -0.023188224706784444 -0.009539148955812593 -0.446933415982611 0.028412912041809513
8.84 0.5603787659219992 0.0 -0.48981368013243204 0.028043641304795044
8.86 0.0 0.012268964106007002 -0.4195849521154687 0.028043641304795044
8.88 0.44606217828390843 0.0 -0.2813431205036289 0.028412912041809513
8.9 0.0 0.0 -0.3041580337914604 0.028412912041809513
8.92 0.5192032177644617 -0.1213997214380309 -0.07250329013781098 0.028412912041809513
8.94 0.2555345322204238 -0.12201372522699905 -0.23097513987838125 0.005864967755855488
8.96 0.6345777110831656 -0.19699677607445665 0.09404572394785843 0.005864967755855488
8.98 0.3637110819688338 -0.046416670590573306 0.0 0.005864967755855488
9.0 0.44036604228587234 -0.1213997214380309 0.4389117615034293 0.005864967755855488
9.02 0.24922439243341982 0.0 0.12545616592215975 0.005864967755855488
9.04 0.20804884427588238 -0.04580266680160522 0.7146568832530804 0.005864967755855488
9.06 0.09189024527088735 0.0 0.35499758688885924 0.0
9.08 0.013837175478589203 0.0 0.8528987148649203 0.0
9.1 0.12385573659390336 0.08602400737552851 0.559775439147518 0.0
9.12 0.0 0.0 0.9438290334827653 0.0
9.14 0.08680811306181957 0.1591650468560818 0.7172417784121816 0.0
9.16 0.0 0.0 0.8965175204887703 0.006603509229884452
9.18 0.15872114496443668 0.269797611760364 0.7357277445909762 0.0
9.2 0.0 0.0 0.6425818015510445 0.0
9.22 0.08005407138317044 0.3785881652977419 0.5966450697699706 0.0
9.24 -0.09172014337356438 -0.018749205790333956 0.3449249752543317 0.07324183161183995
9.26 0.038878523225633066 0.3790320671893869 0.3416015386212013 0.0
9.28 -0.20787874237855936 -0.09864428694953647 0.02297615272172923 0.18819717746369685
9.3 0.0 0.11229336270050844 0.0 0.09837467105689529
9.32 -0.36091486301831516 -0.289785936801989 -0.1445783718398467 0.2569488225326024
9.34 -0.13657971426491028 -0.32666345843674965 -0.09948248326793865 0.3496231931003829
9.36 -0.47461744686743773 -0.5884901326138834 -0.18967426041175478 0.28087154803147746
9.38 -0.24966829432506493 -0.9228438424826024 -0.05290951174797273 0.43612226287405426
9.4 -0.4740034430784696 -0.7310881888411815 -0.029253755250975372 0.11749687697458219
9.42 -0.3234233375945864 -1.1439388703938436 0.0 0.33965288320099213
9.44 -0.5102669609242623 -0.6885145312083849 0.0 -0.07555975776906365
9.46 -0.3215813262276819 -1.2894368436686594 0.0 0.0
9.48 -0.39533636949720347 -0.6411989451611666 0.0 -0.44297373961058856
9.5 -0.2822477894370489 -1.1665242029850154 0.0019052913838331076 -0.19357157125217322
9.52 -0.3178973034938734 -0.3736761349859971 0.024822506406801614 -0.6721458898402735
9.54 -0.16670319422102198 -0.9317509898191523 0.07028766571572412 -0.3532535349389237
9.56 -0.2035807158557827 -0.0645338747616448 0.07028766571572412 -0.6946938341262274
9.58 -0.12798366121935695 -0.6291926693761263 0.04773972142977011 -0.42264141974672126
9.6 -0.1648611828541177 0.07404684109413767 0.04773972142977011 -0.6019171618233103
9.62 -0.08926412821769192 -0.36245396488724774 0.04773972142977011 -0.41931798311359103
9.64 -0.08865012442872386 0.2645744871576223 0.04773972142977011 -0.4400195737144727
9.66 -0.013667073581266231 -0.09342934713982037 0.04773972142977011 -0.34687363067454086
9.68 -0.08865012442872386 0.3770490634288088 0.04773972142977011 -0.18608385477674688
9.7 -0.051158599004995045 0.0 0.04773972142977011 -0.25399465663648657
9.72 -0.1261416498524527 0.37397904448396807 0.04773972142977011 0.0
9.74 -0.051158599004995045 0.07220482972723347 0.04773972142977011 -0.1811810334604218
9.76 -0.1261416498524527 0.3321894925374624 0.04773972142977011 0.1205533446058348
9.78 -0.013667073581266231 0.14227585026294615 0.04773972142977011 -0.01706782092949749
9.8 -0.1261416498524527 0.257036339792682 0.04773972142977011 0.42032349358949767
9.82 -0.014281077370234263 0.06589468994022923 0.02519177714381607 0.1068678980082281
9.84 -0.12675565364142075 0.06282467099538885 0.02519177714381607 0.6964378860761631
9.86 0.0 0.02164912283785142 0.0 0.33318818407693424
9.88 -0.08987813200666006 0.0 0.002643832857862058 0.9023235505458651
9.9 0.0 0.0 0.0 0.5415564419706007
9.92 -0.09110613958459626 -0.044404557326345934 0.0 0.9481579805918019
9.94 0.11570358543999493 0.011211058425393827 0.0 0.6986535104982499
9.96 -0.01796510010404284 0.0 0.0033823743318910082 0.8550120375518702
9.98 0.26321367197903783 0.16407707716782655 0.0 0.7393181502259842
10.0 -0.09663217368530891 0.0 0.049586075114842476 0.6232549921630839
10.02 0.3017631030833799 0.19849858364671485 0.0 0.6449620932398721
10.04 -0.13903572942078263 0.0 0.11585512675978349 0.3477768394153105
10.06 0.33372859440639563 0.1948145609129064 0.0 0.3666320763311198
10.08 -0.21954481436895307 -0.09004823390398309 0.25372768763460896 0.0025415311227252046
10.1 0.066375886128549 0.0786559619079113 0.18719166698779027 0.0
10.12 -0.4475639858561666 -0.20559282912001003 0.39086170703540557 -0.16501299343885079
10.14 -0.5606525659163213 -0.018749205790333956 0.48390534834020055 -0.14283431988991135
10.16 -0.8218652363044867 -0.35740094218182966 0.369319273225358 -0.23265682629671286
10.18 -1.0437443699020192 -0.0943462604267597 0.5020220437819807 -0.14135723694185326
10.2 -0.926971767108056 -0.35678693839286146 0.1375622278365717 -0.11733220970784139
10.22 -1.1886283393878667 -0.16810130369628123 0.336801019040013 -0.026032620352981956
10.24 -0.7325899964134399 -0.3930504562386542 -0.12424605197597965 -0.002376863855984429
10.26 -1.1823181996008627 -0.27996187617849966 0.0 0.0
10.28 -0.495974771880673 -0.39120844487174966 -0.514577248840473 0.0
10.3 -1.0206860259155537 -0.2400143355988984 -0.197161976887181 0.0
10.32 -0.11474937785638101 -0.31376937886841977 -0.7212014547842038 0.0
10.34 -0.6722102289005687 -0.16257526959556828 -0.3797611555969002 0.0
10.36 0.10188440779169977 -0.19883878744136102 -0.7666666140931266 0.00549569701884102
10.38 -0.2899269291956627 -0.08575020738120642 -0.44988758187872674 0.028412912041809513
10.4 0.44544817449493984 -0.12262772901596714 -0.674628483264238 0.028412912041809513
10.42 -0.023188224706784444 -0.009539148955812593 -0.446933415982611 0.028412912041809513
10.44 0.5603787659219992 0.0 -0.48981368013243204 0.028412912041809513
10.46 0.0 0.012268964106007002 -0.3970370078295146 0.05096085632776354
10.48 0.521659232920334 0.0 -0.2587951762176749 0.028412912041809513
10.5 0.0 0.0 -0.28161008950550637 0.028412912041809513
10.52 0.5566947431881903 -0.0839081960143021 -0.04995534585185696 0.028412912041809513
10.54 0.2555345322204238 -0.12201372522699905 -0.23097513987838125 0.005864967755855488
10.56 0.6720692365068945 -0.15889124686175973 0.07112850892488998 0.005864967755855488
10.58 0.3637110819688338 -0.046416670590573306 0.0 0.005864967755855488
10.6 0.4784715714985696 -0.1213997214380309 0.4389117615034293 0.005864967755855488
10.62 0.24922439243341982 0.0 0.14800411020811383 0.005864967755855488
10.64 0.24554036969961118 -0.04580266680160522 0.7375740982760486 0.005864967755855488
10.66 0.12938177069461615 0.0 0.35499758688885924 0.0
10.68 0.013837175478589203 0.0 0.8754466591508743 0.0
10.7 0.12385573659390336 0.1235155327992572 0.5143102798385952 0.0
10.72 0.0 0.0 0.9438290334827653 0.0
10.74 0.08680811306181957 0.19727057606877874 0.7172417784121816 0.0
10.76 0.0 0.0 0.8965175204887703 0.006603509229884452
10.78 0.15872114496443668 0.269797611760364 0.7357277445909762 0.0
10.8 0.0 0.0 0.6425818015510445 0.0
10.82 0.1175455968068993 0.3785881652977419 0.6195622847929392 0.0
10.84 -0.09172014337356438 -0.018749205790333956 0.3449249752543317 0.050324616588871426
10.86 0.038878523225633066 0.3790320671893869 0.3416015386212013 0.0
10.88 -0.20787874237855936 -0.09864428694953647 0.02297615272172923 0.18819717746369685
10.9 0.0 0.11229336270050844 0.0 0.09837467105689529
10.92 -0.36091486301831516 -0.289785936801989 -0.12166115681687825 0.2569488225326024
10.94 -0.13657971426491028 -0.32666345843674965 -0.09948248326793865 0.37254040812335143
10.96 -0.4752314506564059 -0.5884901326138834 -0.18967426041175478 0.28087154803147746
10.98 -0.24966829432506493 -0.8478607916351446 -0.07545745603392678 0.41357431858810023
11.0 -0.4740034430784696 -0.694210667206421 -0.029253755250975372 0.09494893268862817
11.02 -0.3234233375945864 -1.107061348759083 0.0 0.31747420965205253
11.04 -0.4346699062878366 -0.689128534997353 0.0 -0.07519048703204928
11.06 -0.35907285165141073 -1.2525593220338986 0.0 0.02018665409235426
11.08 -0.39533636949720347 -0.6418129489501347 0.0 -0.42005652458762
11.1 -0.24414226022435198 -1.1671382067739833 0.0 -0.1706543562292046
11.12 -0.2804057780701446 -0.3742901387749649 0.024822506406801614 -0.6266807305313511
11.14 -0.16670319422102198 -0.9329789973970888 0.07028766571572412 -0.35610539909990285
11.16 -0.2410722412795115 -0.0657618823395813 0.07028766571572412 -0.6946938341262274
11.18 -0.16547518664308575 -0.6256787485396409 0.04773972142977011 -0.42264141974672126
11.2 -0.1648611828541177 0.07281883351620139 0.04773972142977011 -0.6019171618233103
11.22 -0.08926412821769192 -0.3636819724651847 0.04773972142977011 -0.396770038827637
11.24 -0.08865012442872386 0.22524095036698893 0.04773972142977011 -0.41747162942851873
11.26 -0.01305306979229813 -0.13214888014148535 0.04773972142977011 -0.3472429014115554
11.28 -0.050544595216026944 0.33832953042714314 0.04773972142977011 -0.1864531255137613
11.3 -0.01305306979229813 -0.020902311448235344 0.04773972142977011 -0.23218525382456157
11.32 -0.08803612063975574 0.335873515271271 0.04773972142977011 -0.0037516450689054903
11.34 -0.01305306979229813 0.0 0.04773972142977011 -0.2273847342433733
11.36 -0.08803612063975574 0.2940839633247658 0.04773972142977011 0.051801699536929396
11.38 -0.01305306979229813 0.10417032105024931 0.04773972142977011 -0.018175633140540992
11.4 -0.1261416498524527 0.21893081057998515 0.04773972142977011 0.3741197928065461
11.42 -0.013667073581266231 0.10338621536395814 0.002643832857862058 0.08321214151123085
11.44 -0.08865012442872386 0.10031619641911776 0.02519177714381607 0.627316970270243
11.46 0.0 0.059754652050548474 0.002643832857862058 0.2415193239850602
11.48 -0.05177260279396312 0.0 0.002643832857862058 0.7881067461680371
11.5 0.0 0.0 0.0 0.5404486297595574
11.52 -0.05300061037189932 -0.08189608275007479 0.0 0.9019542798088507
11.54 0.07882606380523427 0.0 0.0 0.6524498097152984
11.56 -0.05484262173880361 -0.009983050847457625 0.0 0.7862603924829648
11.58 0.2263361503442773 0.16469108095679466 0.0 0.6483878316081393
11.6 -0.057912640683644157 0.0 0.049216804377827994 0.6007070478771299
11.62 0.1845465983977716 0.199112587435683 0.0 0.6002354754049786
11.64 -0.17529924726657525 0.0 0.0925686409998005 0.3485153808893395
11.66 0.2605875549258427 0.19542856470187436 0.0 0.39028783282811724
11.68 -0.17959727378935203 -0.051942704691286146 0.16205882754273498 0.07166244692864521
11.7 0.0 0.04177844027315064 0.1857145840397324 0.0014337189116818139
11.72 -0.4451079707002941 -0.204978825331042 0.32174079122948546 -0.07297486260996228
11.74 -0.4825994961240229 0.0 0.43733237682023457 -0.09626134836994521
11.76 -0.7438121665121886 -0.2811898837564358 0.3227463017053921 -0.16353591049079289
11.78 -1.041288354746147 -0.09373225663779167 0.47799701654796894 -0.09515353615890185
11.8 -0.811427171892029 -0.3186814091801645 0.09135852705362024 -0.07149777966190443
11.82 -1.1486807988082655 -0.1674872999073131 0.2684186447081221 0.0
11.84 -0.6551509304101097 -0.39243645244968606 -0.19262842630787064 0.0
11.86 -1.1048791335975325 -0.24124234317683435 0.0 0.0
11.88 -0.34355265502988547 -0.3905944410827817 -0.5371251931264271 0.0
11.9 -0.9444749674901596 -0.23940033180993026 -0.21934065043612078 0.0
11.92 -0.03853831943098712 -0.3131553750794517 -0.720462913310175 0.005126426281826552
11.94 -0.6347187034768396 -0.16196126580660025 -0.4047916933068186 0.00549569701884102
11.96 0.10188440779169977 -0.16073325822866408 -0.7433801283331436 0.00549569701884102
11.98 -0.2899269291956627 -0.08513620359223828 -0.44877976966768335 0.028412912041809513
12.0 0.4079566490712114 -0.046416670590573306 -0.6055075674583179 0.0
12.02 -0.09878527934321063 0.0497604895297358 -0.3999911737256304 0.028043641304795044
12.04 0.3710791274364504 0.08848002253140083 -0.42032349358949767 0.05096085632776354
12.06 -0.06190775770844986 0.12597154795512963 -0.3500947655725343 0.028412912041809513
12.08 0.44544817449493984 -0.007697137588908304 -0.21222220469770875 0.05096085632776354
12.1 0.03242739104495501 -0.08452219980327025 -0.2801330065574485 0.005864967755855488
12.12 0.6322917978246163 -0.19761077986342473 0.0 0.005864967755855488
12.14 0.2930260576441523 -0.16011925443969593 -0.1840328976214008 0.005864967755855488
12.16 0.6339637072941977 -0.19699677607445665 0.18608385477674688 0.005864967755855488
12.18 0.3303474811705584 -0.0839081960143021 0.0 0.005864967755855488
12.2 0.40164650928420736 -0.12078571764906285 0.5084019480463637 0.005864967755855488
12.22 0.2098908556427867 0.0 0.1945770817280798 0.0
12.24 0.13122378206152047 -0.04580266680160522 0.7837777990590002 0.0
12.26 0.09004823390398309 0.011654960317038887 0.3786533433858567 0.0
12.28 0.0 0.0 0.9216503599338257 0.0
12.3 0.08452219980327025 0.08541000358656026 0.6285270842164234 0.0
12.32 0.0 0.0 1.0351286228376244 0.0
12.34 0.08558010548388334 0.2341480977035394 0.7630762084581186 0.0
12.36 0.0 0.0 0.9419826797976927 0.0
12.38 0.08251008653904285 0.26856960418242776 0.7582756888769304 0.0
12.4 -0.014281077370234263 -0.015679186845493465 0.6425818015510445 0.004120915805919972
12.42 0.04133453838150547 0.42020761534692425 0.6639196318908183 0.0
12.44 -0.12982567258626126 -0.020591217157238273 0.3441864337803026 0.1190762616577769
12.46 0.038264519436665034 0.4146815812462112 0.3855896149820659 0.0
12.48 -0.2084927461675274 -0.1004862983164409 0.0 0.21185293396069432
12.5 0.0 0.22292592760479096 0.0 0.14494764257686119
12.52 -0.3240373413835544 -0.211288965118046 -0.23661650266873518 0.32606973833852243
12.54 -0.13780772184284645 -0.2541364227451645 -0.1915206140968272 0.41911337964331735
12.56 -0.5133369798691028 -0.5528406185570587 -0.2584259054806603 0.3274445195514434
12.58 -0.2883878273267299 -0.9259138614274429 -0.12166115681687825 0.5052431786799743
12.6 -0.5508285052928314 -0.8847383132699056 -0.09800540031988078 0.18624852204348769
12.62 -0.32465134517252253 -1.2975889948225676 -0.0063365402280068095 0.3633086396979896
12.64 -0.47338943928950167 -0.8415506518481408 0.0 -0.05227327200908072
12.66 -0.32219533001665007 -1.2906648512465955 0.0 0.06565181340127674
12.68 -0.4334418987099003 -0.6799184781628316 0.0 -0.44297373961058856
12.7 -0.2822477894370489 -1.204629732197712 0.0 -0.17139289770323368
12.72 -0.3560028327065703 -0.3742901387749649 0.0019052913838331076 -0.6954323756002565
12.74 -0.1673171980099901 -0.9698565190318493 0.047370450692755625 -0.39945723572187536
12.76 -0.27917777049220843 -0.06514787855061338 0.07028766571572412 -0.7638147499321475
12.78 -0.12859766500832503 -0.6298066731650949 0.07028766571572412 -0.4917623355526413
12.8 -0.16547518664308575 0.11153836651786636 0.002274562120847576 -0.6484901333432762
12.82 -0.05177260279396312 -0.437437015734706 0.002274562120847576 -0.4204257953246345
12.84 -0.08865012442872386 0.22708296173389314 0.04773972142977011 -0.48622327449742414
12.86 0.0 -0.13030686877458114 0.04773972142977011 -0.3708986579085527
12.88 -0.08865012442872386 0.41515459264150584 0.04773972142977011 -0.2555740413196815
12.9 -0.051158599004995045 0.0 0.04773972142977011 -0.300936898893467
12.92 -0.1261416498524527 0.4508041066983299 0.04773972142977011 -0.049586075114842476
12.94 -0.051158599004995045 0.03594131188144062 0.04773972142977011 -0.22775400498038778
12.96 -0.1261416498524527 0.3715230293280957 0.04773972142977011 0.028884484513960834
12.98 -0.051158599004995045 0.10601233241715352 0.04773972142977011 -0.0410928481635095
13.0 -0.1261416498524527 0.2582643473706178 0.04773972142977011 0.3737505220695317
13.02 0.0 0.10522822673086235 0.002643832857862058 0.060294926488262346
13.04 -0.08865012442872386 0.10154420399705394 0.002643832857862058 0.6043997552472746
13.06 0.0 0.09847418505221345 0.002643832857862058 0.21897137969910613
13.08 -0.08926412821769192 0.0 0.002643832857862058 0.7881067461680371
13.1 0.0 0.0 0.0 0.4953527411876493
13.12 -0.05300061037189932 -0.04317654974840984 0.0 0.9019542798088507
13.14 0.07882606380523427 0.0 0.0 0.6528190804523128
13.16 -0.05484262173880361 -0.009983050847457625 0.0 0.8546427668148557
13.18 0.18884462492054838 0.1271995555330658 0.0 0.6713050466311077
13.2 -0.057912640683644157 0.0 0.049216804377827994 0.6007070478771299
13.22 0.22265212761046854 0.23721811664837994 0.0 0.6002354754049786
13.24 -0.17529924726657525 0.0 0.0925686409998005 0.371432595912308
13.26 0.2605875549258427 0.19542856470187436 0.0 0.39028783282811724
13.28 -0.21708879921308072 -0.013837175478589203 0.184606771828689 0.07166244692864521
13.3 0.0 0.04177844027315064 0.1631666397537784 0.024350933934650265
13.32 -0.4825994961240229 -0.204978825331042 0.32174079122948546 -0.09589207763293078
13.34 -0.5200910215477517 0.0 0.41441516179726606 -0.07371340408399124
13.36 -0.7438121665121886 -0.3186814091801645 0.3227463017053921 -0.16353591049079289
13.38 -1.0031828255334498 -0.09373225663779167 0.47799701654796894 -0.07223632113593334
13.4 -0.811427171892029 -0.3180674053911966 0.09135852705362024 -0.07149777966190443
13.42 -1.1861723242319941 -0.204978825331042 0.2684186447081221 -0.002746134592998911
13.44 -0.6551509304101097 -0.39243645244968606 -0.16971121128490213 0.0
13.46 -1.0673876081738038 -0.24124234317683435 0.0 0.0
13.48 -0.34355265502988547 -0.3905944410827817 -0.5142079781034588 0.0
13.5 -0.9063694382774627 -0.20190880638620146 -0.1967927061501667 0.0
13.52 -0.07602984485471581 -0.2756638496557228 -0.697914969024221 0.005126426281826552
13.54 -0.6722102289005687 -0.16196126580660025 -0.35610539909990285 0.00549569701884102
13.56 0.10188440779169977 -0.16073325822866408 -0.7433801283331436 0.00549569701884102
13.58 -0.2899269291956627 -0.08513620359223828 -0.42623182538172927 0.00549569701884102
13.6 -0.13689080855590768 0.0 -0.5829596231723639 0.05096085632776354
13.62 -0.13689080855590768 0.011654960317038887 -0.4225391180115845 0.028043641304795044
13.64 0.4085706528601793 0.05037449331870392 -0.42032349358949767 0.05096085632776354
13.66 -0.06190775770844986 0.08848002253140083 -0.3500947655725343 0.028412912041809513
13.68 0.44544817449493984 -0.045188663012637104 -0.21222220469770875 0.028412912041809513
13.7 0.03242739104495501 -0.08452219980327025 -0.2801330065574485 0.005864967755855488
13.72 0.6322917978246163 -0.19761077986342473 0.0 0.005864967755855488
13.74 0.3305175830678812 -0.12201372522699905 -0.1840328976214008 0.005864967755855488
13.76 0.6339637072941977 -0.15889124686175973 0.16353591049079289 0.005864967755855488
13.78 0.3303474811705584 -0.0839081960143021 0.0 0.005864967755855488
13.8 0.3641549838604787 -0.08329419222533402 0.5309498923323177 0.005864967755855488
13.82 0.2098908556427867 0.0 0.1945770817280798 0.0
13.84 0.13122378206152047 -0.04580266680160522 0.7612298547730463 0.0
13.86 0.12815376311667992 0.04914648574076769 0.3786533433858567 0.0
13.88 0.012609167900652973 0.0 0.9216503599338257 0.0
13.9 0.08452219980327025 0.08541000358656026 0.6285270842164234 0.0
13.92 0.0 0.0 1.0125806785516704 0.00623423849286997
13.94 0.08558010548388334 0.2341480977035394 0.7630762084581186 0.0
13.96 0.0 0.0 0.9194347355117387 0.0
13.98 0.08251008653904285 0.26856960418242776 0.7357277445909762 0.0
14.0 -0.014281077370234263 -0.015679186845493465 0.6196645865280759 0.004120915805919972
14.02 0.04133453838150547 0.42020761534692425 0.6642889026278327 0.0
14.04 -0.16793120179895815 -0.020591217157238273 0.3216384894943486 0.1190762616577769
14.06 0.038264519436665034 0.49027863588263715 0.38595888571908044 0.0
14.08 -0.2084927461675274 -0.06299477289271199 0.0 0.21185293396069432
14.1 0.0 0.26041745302851943 0.0 0.14494764257686119
14.12 -0.3240373413835544 -0.211288965118046 -0.25916444695468926 0.32606973833852243
14.14 -0.13780772184284645 -0.2541364227451645 -0.1915206140968272 0.41911337964331735
14.16 -0.5139509836580709 -0.590946147769756 -0.23587796119470633 0.3274445195514434
14.18 -0.2883878273267299 -0.9259138614274429 -0.12166115681687825 0.5052431786799743
14.2 -0.5127229760801346 -0.8847383132699056 -0.09800540031988078 0.18624852204348769
14.22 -0.32465134517252253 -1.2975889948225676 -0.0063365402280068095 0.3633086396979896
14.24 -0.47338943928950167 -0.8415506518481408 0.0 -0.05227327200908072
14.26 -0.3596868554403789 -1.3281563766703242 0.0 0.06565181340127674
14.28 -0.4334418987099003 -0.6418129489501347 0.0 -0.44297373961058856
14.3 -0.24475626401332012 -1.2421212576214407 0.0 -0.17139289770323368
14.32 -0.3560028327065703 -0.3736761349859971 0.0019052913838331076 -0.6954323756002565
14.34 -0.1673171980099901 -0.9692425152428814 0.047370450692755625 -0.3543613471499673
14.36 -0.27917777049220843 -0.027042349337916327 0.04773972142977011 -0.7412668056461935
14.38 -0.12859766500832503 -0.7047897240125527 0.04773972142977011 -0.46921439126668724
14.4 -0.16547518664308575 0.11153836651786636 0.002274562120847576 -0.6484901333432762
14.42 -0.014281077370234263 -0.47492854115843425 0.002274562120847576 -0.4204257953246345
14.44 -0.08865012442872386 0.22708296173389314 0.04773972142977011 -0.48622327449742414
14.46 0.0 -0.24875138103812583 0.04773972142977011 -0.3708986579085527
14.48 -0.08865012442872386 0.3770490634288088 0.04773972142977011 -0.2555740413196815
14.5 -0.08865012442872386 0.0 0.04773972142977011 -0.300936898893467
14.52 -0.1261416498524527 0.48829563212205856 0.04773972142977011 -0.049586075114842476
14.54 -0.051158599004995045 0.03594131188144062 0.04773972142977011 -0.22775400498038778
14.56 -0.1261416498524527 0.3715230293280957 0.04773972142977011 0.028884484513960834
14.58 -0.051158599004995045 0.14350385784088265 0.04773972142977011 -0.0410928481635095
14.6 -0.1261416498524527 0.2582643473706178 0.02519177714381607 0.3512025777835776
14.62 -0.013667073581266231 0.10522822673086235 0.002643832857862058 0.060294926488262346
14.64 -0.08865012442872386 0.10154420399705394 0.02519177714381607 0.6043997552472746
14.66 0.0 0.06098265962848454 0.002643832857862058 0.2415193239850602
14.68 -0.08926412821769192 0.0 0.002643832857862058 0.7881067461680371
14.7 0.0 0.0 0.0 0.5179006854736032
14.72 -0.09049213579562809 -0.08066807517213864 0.0 0.8794063355228967
14.74 0.07882606380523427 0.0 0.0 0.6528190804523128
14.76 -0.05484262173880361 -0.009983050847457625 0.0 0.8546427668148557
14.78 0.18884462492054838 0.16530508474576272 0.0 0.6938529909170617
14.8 -0.09540416610737296 0.014110975472911236 0.049216804377827994 0.6007070478771299
14.82 0.26014365303419745 0.23721811664837994 0.0 0.6002354754049786
14.84 -0.17529924726657525 0.0 0.0925686409998005 0.3485153808893395
14.86 0.2605875549258427 0.23353409391457125 0.0 0.41320504785108575
14.88 -0.21708879921308072 -0.013837175478589203 0.16205882754273498 0.07166244692864521
14.9 0.0 0.004286914849421841 0.1631666397537784 0.024350933934650265
14.92 -0.4451079707002941 -0.204978825331042 0.32174079122948546 -0.11844002191888481
14.94 -0.5200910215477517 0.0 0.41441516179726606 -0.07371340408399124
14.96 -0.7438121665121886 -0.3186814091801645 0.30019835741943807 -0.16353591049079289
14.98 -1.041288354746147 -0.09373225663779167 0.45544907226201486 -0.09515353615890185
15.0 -0.811427171892029 -0.35617293460389343 0.09135852705362024 -0.07149777966190443
15.02 -1.1486807988082655 -0.1674872999073131 0.2684186447081221 -0.002746134592998911
15.04 -0.6551509304101097 -0.39243645244968606 -0.16971121128490213 0.0
15.06 -1.1429846628102296 -0.24124234317683435 0.0 0.0
15.08 -0.34355265502988547 -0.3905944410827817 -0.5142079781034588 0.0
15.1 -0.9444749674901596 -0.23940033180993026 -0.1967927061501667 0.0
15.12 -0.9389489333894467 -0.23817232423199403 -0.37902261412287125 0.0
15.14 -0.6722102289005687 -0.16196126580660025 -0.37902261412287125 0.00549569701884102
15.16 0.06439288236797086 -0.16073325822866408 -0.7208321840471896 0.00549569701884102
15.18 -0.32741845461939184 -0.04764467816850948 -0.42623182538172927 0.00549569701884102
15.2 0.4079566490712114 -0.08452219980327025 -0.6055075674583179 0.0
15.22 -0.09878527934321063 0.011654960317038887 -0.4225391180115845 0.028043641304795044
15.24 0.3710791274364504 0.012882967894975061 -0.42032349358949767 0.05096085632776354
15.26 -0.09939928313217855 0.08848002253140083 -0.3500947655725343 0.028412912041809513
15.28 0.4079566490712114 -0.007697137588908304 -0.21222220469770875 0.028412912041809513
15.3 0.03242739104495501 -0.08452219980327025 -0.2801330065574485 0.005864967755855488
15.32 0.5948002724008874 -0.19761077986342473 0.0 0.005864967755855488
15.34 0.2930260576441523 -0.12201372522699905 -0.20658084190735482 0.005864967755855488
15.36 0.6339637072941977 -0.15889124686175973 0.16353591049079289 0.005864967755855488
15.38 0.3303474811705584 -0.0839081960143021 0.0 0.005864967755855488
15.4 0.3641549838604787 -0.12078571764906285 0.5084019480463637 0.005864967755855488
15.42 0.2098908556427867 0.0 0.21712502601403377 0.0
15.44 0.13122378206152047 -0.04580266680160522 0.7837777990590002 0.0
15.46 0.12815376311667992 0.04914648574076769 0.3786533433858567 0.0
15.48 0.012609167900652973 -0.00892514516684445 0.8991024156478717 0.0
15.5 0.08452219980327025 0.08541000358656026 0.6285270842164234 0.0
15.52 0.0 0.0 1.0125806785516704 0.0
15.54 0.08558010548388334 0.2341480977035394 0.7630762084581186 0.0
15.56 0.0 0.0 0.9194347355117387 0.0
15.58 0.1200016119627717 0.26856960418242776 0.7582756888769304 0.0
15.6 -0.014281077370234263 -0.015679186845493465 0.6196645865280759 0.004120915805919972
15.62 0.04133453838150547 0.42020761534692425 0.6413716876048641 0.0
15.64 -0.13043967637522935 -0.020591217157238273 0.3216384894943486 0.09652831737182288
15.66 0.038264519436665034 0.452787110458908 0.38595888571908044 0.0
15.68 -0.2084927461675274 -0.1004862983164409 0.0 0.21185293396069432
15.7 0.0 0.26041745302851943 0.0 0.12239969829090716
15.72 -0.3240373413835544 -0.211288965118046 -0.25916444695468926 0.32606973833852243
15.74 -0.13780772184284645 -0.2541364227451645 -0.1915206140968272 0.41911337964331735
15.76 -0.5139509836580709 -0.5534546223460273 -0.23587796119470633 0.3499924638373974
15.78 -0.2883878273267299 -0.9640193906401398 -0.12166115681687825 0.5052431786799743
15.8 -0.5508285052928314 -0.8853523170588735 -0.09800540031988078 0.18624852204348769
15.82 -0.2865458159598256 -1.2975889948225676 -0.0063365402280068095 0.3633086396979896
15.84 -0.47338943928950167 -0.8415506518481408 0.0 -0.05227327200908072
15.86 -0.32219533001665007 -1.3281563766703242 0.0 0.0881997576872307
15.88 -0.4334418987099003 -0.6418129489501347 0.0 -0.4204257953246345
15.9 -0.2822477894370489 -1.204015728408744 0.0 -0.10337979410835724
15.92 -0.3560028327065703 -0.336184609562268 0.0019052913838331076 -0.6725151605772881
15.94 -0.20480872343371886 -0.9692425152428814 0.047370450692755625 -0.3314441321269987
15.96 -0.27917777049220843 -0.10263940397434185 0.04773972142977011 -0.7408975349091791
15.98 -0.12859766500832503 -0.6672981985888231 0.04773972142977011 -0.46921439126668724
16.0 -0.16547518664308575 0.07404684109413767 0.002274562120847576 -0.6484901333432762
16.02 -0.014281077370234263 -0.437437015734706 0.024822506406801614 -0.4204257953246345
16.04 -0.051158599004995045 0.18959143631016445 0.04773972142977011 -0.46367533021147017
16.06 0.0 -0.21125985561439714 0.04773972142977011 -0.3708986579085527
16.08 -0.08865012442872386 0.33955753800507965 0.04773972142977011 -0.2555740413196815
16.1 -0.051158599004995045 0.0 0.04773972142977011 -0.300936898893467
16.12 -0.1261416498524527 0.4508041066983299 0.04773972142977011 -0.049586075114842476
16.14 -0.051158599004995045 0.03594131188144062 0.02519177714381607 -0.22775400498038778
16.16 -0.1261416498524527 0.40901455475182463 0.04773972142977011 0.028884484513960834
16.18 -0.051158599004995045 0.14350385784088265 0.04773972142977011 -0.06401006318647795
16.2 -0.1261416498524527 0.2582643473706178 0.04773972142977011 0.3512025777835776
16.22 -0.013667073581266231 0.14271975215459126 0.002643832857862058 0.08284287077421632
16.24 -0.08865012442872386 0.10154420399705394 0.002643832857862058 0.6043997552472746
16.26 0.0 0.09847418505221345 0.002643832857862058 0.21897137969910613
16.28 -0.08926412821769192 0.0 0.002643832857862058 0.7881067461680371
16.3 0.0 0.0 0.0 0.5179006854736032
16.32 -0.05300061037189932 -0.04317654974840984 0.0 0.9019542798088507
16.34 0.07882606380523427 0.0 0.0 0.6753670247382668
16.36 -0.05484262173880361 -0.009983050847457625 0.0 0.8320948225289018
16.38 0.18884462492054838 0.16530508474576272 0.0 0.6938529909170617
16.4 -0.057912640683644157 0.0 0.049216804377827994 0.6007070478771299
16.42 0.22265212761046854 0.23721811664837994 0.0 0.6457006347139009
16.44 -0.17529924726657525 0.0 0.0925686409998005 0.3485153808893395
16.46 0.29807908034957115 0.19604256849084245 0.0 0.41320504785108575
16.48 -0.21708879921308072 -0.051328700902318114 0.16205882754273498 0.04911450264269118
16.5 0.0 0.07988396948584747 0.14061869546782438 0.024350933934650265
16.52 -0.4076164452765651 -0.204978825331042 0.32174079122948546 -0.0955228068959163
16.54 -0.5200910215477517 0.0 0.43733237682023457 -0.07371340408399124
16.56 -0.7819176957248855 -0.3192954129691327 0.3227463017053921 -0.16353591049079289
16.58 -1.041288354746147 -0.09373225663779167 0.45544907226201486 -0.09515353615890185
16.6 -0.849532701104726 -0.35617293460389343 0.09135852705362024 -0.07149777966190443
16.62 -1.1111892733845365 -0.204978825331042 0.29096658899407607 -0.002746134592998911
16.64 -0.618273408775349 -0.39243645244968606 -0.12424605197597965 0.0
16.66 -1.1061071411754688 -0.2793478723895314 0.0 0.0
16.68 -0.3822721880315503 -0.3905944410827817 -0.4916600338175045 0.0
16.7 -0.9450889712791277 -0.20190880638620146 -0.17387549112719808 0.0
16.72 -0.0772578524326521 -0.2756638496557228 -0.6749977540012526 0.005126426281826552
16.74 -0.6734382364785045 -0.1244697403828714 -0.35610539909990285 0.00549569701884102
16.76 0.0631648747900348 -0.16073325822866408 -0.720462913310175 0.00549569701884102
16.78 -0.3286464621973279 -0.08513620359223828 -0.42623182538172927 0.00549569701884102
16.8 0.4067286414932751 -0.12201372522699905 -0.6280555117442719 0.028412912041809513
16.82 -0.10001328692114647 0.0 -0.42290838874859893 0.00549569701884102
16.84 0.4079566490712114 0.012882967894975061 -0.44324070861246617 0.028412912041809513
16.86 -0.0631357652863857 0.08848002253140083 -0.3504640363095488 0.028412912041809513
16.88 0.4067286414932751 0.0 -0.25805663474364576 0.028412912041809513
16.9 0.0 -0.046416670590573306 -0.28087154803147746 0.028412912041809513
16.92 0.5560807393992224 -0.19699677607445665 -0.0037516450689054903 0.028412912041809513
16.94 0.29179805006621623 -0.12201372522699905 -0.1622234948094758 0.005864967755855488
16.96 0.5952441742925325 -0.15889124686175973 0.1398801539937954 0.005864967755855488
16.98 0.32973347738159026 -0.0839081960143021 0.0 0.005864967755855488
17.0 0.36354098007151053 -0.15889124686175973 0.43928103224044374 0.005864967755855488
17.02 0.2098908556427867 -0.008311141377876419 0.17092132523108233 0.0
17.04 0.13122378206152047 -0.08329419222533402 0.7150261539900946 0.005864967755855488
17.06 0.09066223769295118 0.0 0.35499758688885924 0.0
17.08 0.0 0.0 0.8528987148649203 0.0
17.1 0.04764467816850948 0.08602400737552851 0.559775439147518 0.0
17.12 0.0 0.0 0.9663769777687192 0.0
17.14 0.08619410927285145 0.1591650468560818 0.6943245633892132 0.0
17.16 0.0 0.0 0.8961482497517557 0.0
17.18 0.12061561575173976 0.2323060863366352 0.7353584738539618 0.0
17.2 0.0 -0.014451179267557401 0.6454336657120234 0.0
17.22 0.07944006759420241 0.3785881652977419 0.5966450697699706 0.0
17.24 -0.12982567258626126 -0.018749205790333956 0.32200776023136307 0.07324183161183995
17.26 0.038878523225633066 0.41713759640208387 0.3412322678841868 0.0
17.28 -0.20787874237855936 -0.09864428694953647 5.893769876075261e-5 0.18819717746369685
17.3 0.0 0.11229336270050844 0.0 0.1212918860798638
17.32 -0.36091486301831516 -0.28917193301302085 -0.1445783718398467 0.2569488225326024
17.34 -0.17468524347760722 -0.28917193301302085 -0.09948248326793865 0.3499924638373974
17.36 -0.4752314506564059 -0.5884901326138834 -0.1667570453887863 0.28087154803147746
17.38 -0.24966829432506493 -0.8478607916351446 -0.05290951174797273 0.43612226287405426
17.4 -0.4365119176547408 -0.7317021926301497 -0.029253755250975372 0.09494893268862817
17.42 -0.28531780838188947 -1.107061348759083 0.0 0.31710493891503805
17.44 -0.4346699062878366 -0.689128534997353 0.0 -0.09810770205501768
17.46 -0.35907285165141073 -1.2900508474576273 0.0 0.04273459837830823
17.48 -0.39533636949720347 -0.6418129489501347 0.0 -0.42005652458762
17.5 -0.24414226022435198 -1.1671382067739833 0.0019052913838331076 -0.1706543562292046
17.52 -0.2804057780701446 -0.3742901387749649 0.024822506406801614 -0.6266807305313511
17.54 -0.16670319422102198 -0.9329789973970888 0.07028766571572412 -0.3303363199159553
17.56 -0.2410722412795115 -0.0657618823395813 0.07028766571572412 -0.6946938341262274
17.58 -0.16547518664308575 -0.6304206769540632 0.02519177714381607 -0.42264141974672126
17.6 -0.1648611828541177 0.07281883351620139 0.04773972142977011 -0.6019171618233103
17.62 -0.013667073581266231 -0.4011734978889134 0.04773972142977011 -0.396770038827637
17.64 -0.08865012442872386 0.18774942494326025 0.04773972142977011 -0.4171023586915042
17.66 -0.01305306979229813 -0.13214888014148535 0.04773972142977011 -0.3017777421026328
17.68 -0.08803612063975574 0.30022400121444653 0.04773972142977011 -0.1639051812278073
17.7 -0.01305306979229813 0.0 0.02519177714381607 -0.209268038801593
17.72 -0.08803612063975574 0.335873515271271 0.02519177714381607 -0.0037516450689054903
17.74 -0.01305306979229813 0.0 0.02519177714381607 -0.2273847342433733
17.76 -0.08803612063975574 0.3315754887484947 0.04773972142977011 0.051801699536929396
17.78 -0.01305306979229813 0.028573266413823573 0.04773972142977011 -0.0410928481635095
17.8 -0.1261416498524527 0.18143928515625624 0.02519177714381607 0.3741197928065461
17.82 -0.013667073581266231 0.10338621536395814 0.002643832857862058 0.060294926488262346
17.84 -0.08865012442872386 0.06282467099538885 0.002643832857862058 0.6043997552472746
17.86 0.0 0.059754652050548474 0.0 0.26728840316900754
17.88 -0.08926412821769192 0.0 0.002643832857862058 0.7881067461680371
17.9 0.0 0.0 0.0 0.5179006854736032
17.92 -0.09049213579562809 -0.08189608275007479 0.0 0.9019542798088507
17.94 0.07882606380523427 0.0 0.0 0.6524498097152984
17.96 -0.05484262173880361 -0.009983050847457625 0.0 0.8317255517918871
17.98 0.2263361503442773 0.16469108095679466 0.0 0.6483878316081393
18.0 -0.057912640683644157 0.0 0.049216804377827994 0.6007070478771299
18.02 0.2220381238215005 0.199112587435683 0.0 0.6002354754049786
18.04 -0.17529924726657525 0.0 0.0925686409998005 0.3485153808893395
18.06 0.29807908034957115 0.19542856470187436 0.0 0.3677398885421633
18.08 -0.21708879921308072 -0.051942704691286146 0.16205882754273498 0.07166244692864521
18.1 0.0 0.04177844027315064 0.1857145840397324 0.0014337189116818139
18.12 -0.4451079707002941 -0.24247035075477075 0.32174079122948546 -0.09589207763293078
18.14 -0.4825994961240229 0.0 0.391867217511312 -0.09626134836994521
18.16 -0.7438121665121886 -0.2811898837564358 0.30019835741943807 -0.14098796620483886
18.18 -1.041288354746147 -0.09373225663779167 0.47799701654796894 -0.09515353615890185
18.2 -0.811427171892029 -0.35617293460389343 0.09135852705362024 -0.07149777966190443
18.22 -1.1861723242319941 -0.204978825331042 0.2684186447081221 0.0
18.24 -0.6551509304101097 -0.39243645244968606 -0.16971121128490213 0.0
18.26 -1.1429846628102296 -0.24124234317683435 0.0 0.0
18.28 -0.3816581842425824 -0.3905944410827817 -0.4916600338175045 0.0
18.3 -0.9063694382774627 -0.23940033180993026 -0.1967927061501667 0.0
18.32 -0.07602984485471581 -0.2756638496557228 -0.697914969024221 0.0
18.34 -0.6722102289005687 -0.16196126580660025 -0.37902261412287125 0.00549569701884102
18.36 0.10188440779169977 -0.16073325822866408 -0.7433801283331436 0.00549569701884102
18.38 -0.2899269291956627 -0.08513620359223828 -0.44877976966768335 0.05096085632776354
18.4 0.4079566490712114 -0.08452219980327025 -0.6055075674583179 0.0
18.42 -0.13689080855590768 0.011654960317038887 -0.3999911737256304 0.028043641304795044
18.44 0.3710791274364504 0.08848002253140083 -0.42032349358949767 0.05096085632776354
18.46 -0.06190775770844986 0.12597154795512963 -0.3500947655725343 0.028412912041809513
18.48 0.4079566490712114 -0.007697137588908304 -0.21222220469770875 0.028412912041809513
18.5 0.03242739104495501 -0.12201372522699905 -0.2801330065574485 0.005864967755855488
18.52 0.6322917978246163 -0.19761077986342473 0.0 0.005864967755855488
18.54 0.3305175830678812 -0.12201372522699905 -0.1611156825984323 0.005864967755855488
18.56 0.6339637072941977 -0.19699677607445665 0.18608385477674688 0.005864967755855488
18.58 0.3303474811705584 -0.1213997214380309 0.0 0.005864967755855488
18.6 0.40164650928420736 -0.15889124686175973 0.5084019480463637 0.005864967755855488
18.62 0.2098908556427867 0.0 0.1945770817280798 0.0
18.64 0.13122378206152047 -0.04580266680160522 0.7612298547730463 0.0
18.66 0.09004823390398309 0.04914648574076769 0.35610539909990285 0.0
18.68 0.0 0.0 0.9216503599338257 0.0
18.7 0.08452219980327025 0.08541000358656026 0.6059791399304693 0.0
18.72 0.0 0.0 1.0125806785516704 0.0
18.74 0.08558010548388334 0.2716396231272682 0.7856241527440726 0.0
18.76 0.0 0.0 0.9194347355117387 0.0
18.78 0.1200016119627717 0.26856960418242776 0.7357277445909762 0.0
18.8 -0.014281077370234263 0.0 0.6196645865280759 0.004120915805919972
18.82 0.04133453838150547 0.4195936115579562 0.6413716876048641 0.0
18.84 -0.09233414716253247 -0.020591217157238273 0.3216384894943486 0.1190762616577769
18.86 0.0007729940129361235 0.4146815812462112 0.38595888571908044 0.0
18.88 -0.2459842715912562 -0.1004862983164409 0.0 0.21185293396069432
18.9 0.0 0.26041745302851943 0.0 0.12239969829090716
18.92 -0.3240373413835544 -0.211288965118046 -0.23661650266873518 0.32606973833852243
18.94 -0.17529924726657525 -0.2541364227451645 -0.21406855838278122 0.41911337964331735
18.96 -0.5139509836580709 -0.590946147769756 -0.2584259054806603 0.3274445195514434
18.98 -0.2883878273267299 -0.9259138614274429 -0.12166115681687825 0.5052431786799743
19.0 -0.5508285052928314 -0.8847383132699056 -0.09800540031988078 0.18624852204348769
19.02 -0.32465134517252253 -1.2975889948225676 -0.0063365402280068095 0.38585658398394357
19.04 -0.47338943928950167 -0.8415506518481408 0.0 -0.05227327200908072
19.06 -0.32219533001665007 -1.3281563766703242 0.0 0.04273459837830823
19.08 -0.4334418987099003 -0.6418129489501347 0.0 -0.4204257953246345
19.1 -0.2822477894370489 -1.1665242029850154 0.0 -0.1488449534172796
19.12 -0.3185113072828415 -0.3736761349859971 0.0019052913838331076 -0.6954323756002565
19.14 -0.20480872343371886 -0.9317509898191523 0.047370450692755625 -0.3769092914359213
19.16 -0.24168624506847963 -0.10263940397434185 0.07028766571572412 -0.7638147499321475
19.18 -0.12859766500832503 -0.6672981985888231 0.07028766571572412 -0.46921439126668724
19.2 -0.20296671206681455 0.11153836651786636 0.002274562120847576 -0.6484901333432762
19.22 -0.05177260279396312 -0.437437015734706 0.024822506406801614 -0.4204257953246345
19.24 -0.08865012442872386 0.18959143631016445 0.04773972142977011 -0.48622327449742414
19.26 0.0 -0.1731543264017001 0.04773972142977011 -0.3708986579085527
19.28 -0.08865012442872386 0.3770490634288088 0.04773972142977011 -0.2555740413196815
19.3 -0.051158599004995045 0.0 0.02519177714381607 -0.27838895460751295
19.32 -0.1261416498524527 0.4508041066983299 0.04773972142977011 -0.049586075114842476
19.34 -0.051158599004995045 0.03594131188144062 0.04773972142977011 -0.22775400498038778
19.36 -0.1261416498524527 0.3715230293280957 0.04773972142977011 0.028884484513960834
19.38 -0.051158599004995045 0.10601233241715352 0.04773972142977011 -0.06401006318647795
19.4 -0.1261416498524527 0.29575587279434673 0.02519177714381607 0.3512025777835776
19.42 -0.013667073581266231 0.10461422294189443 0.02519177714381607 0.060294926488262346
19.44 -0.08865012442872386 0.10154420399705394 0.02519177714381607 0.6043997552472746
19.46 0.0 0.06098265962848454 0.002643832857862058 0.21897137969910613
19.48 -0.05177260279396312 0.0 0.0 0.7881067461680371
19.5 0.0 0.0 0.0 0.5179006854736032
19.52 -0.05300061037189932 -0.04317654974840984 0.0 0.9019542798088507
19.54 0.07882606380523427 0.0 0.0 0.6528190804523128
19.56 -0.05484262173880361 -0.009983050847457625 0.0 0.8320948225289018
19.58 0.2263361503442773 0.16530508474576272 0.0 0.6938529909170617
19.6 -0.057912640683644157 0.0 0.049216804377827994 0.6007070478771299
19.62 0.26014365303419745 0.23721811664837994 0.0 0.623152690427947
19.64 -0.17529924726657525 0.0 0.0925686409998005 0.371432595912308
19.66 0.29807908034957115 0.23353409391457125 0.0 0.39028783282811724
19.68 -0.17959727378935203 -0.051328700902318114 0.16205882754273498 0.07166244692864521
19.7 0.0 0.04177844027315064 0.1631666397537784 0.024350933934650265
19.72 -0.4451079707002941 -0.24247035075477075 0.32174079122948546 -0.11844002191888481
19.74 -0.4825994961240229 0.0 0.41441516179726606 -0.07371340408399124
19.76 -0.7063206410884597 -0.3186814091801645 0.27728114239646956 -0.16353591049079289
19.78 -1.041288354746147 -0.09373225663779167 0.47799701654796894 -0.09515353615890185
19.8 -0.811427171892029 -0.35617293460389343 0.09135852705362024 -0.07149777966190443
19.82 -1.1861723242319941 -0.204978825331042 0.29096658899407607 -0.002746134592998911
19.84 -0.6551509304101097 -0.39243645244968606 -0.16971121128490213 0.0
19.86 -1.1048791335975325 -0.27873386860056326 0.0 0.0
19.88 -0.38104418045361427 -0.3905944410827817 -0.4916600338175045 0.0
19.9 -0.9063694382774627 -0.23940033180993026 -0.1967927061501667 0.0
19.92 -0.15162689949114155 -0.2756638496557228 -0.697914969024221 0.005126426281826552
19.94 -0.6347187034768396 -0.16196126580660025 -0.4047916933068186 0.00549569701884102
19.96 0.10188440779169977 -0.16073325822866408 -0.7433801283331436 0.00549569701884102
19.98 -0.2899269291956627 -0.08513620359223828 -0.44877976966768335 0.028412912041809513
20.0 0.4079566490712114 -0.046416670590573306 -0.6055075674583179 0.0
