vendredi 13 décembre 2024	11:04:04	Sampling Period : 50  ms		Experiment

t	Alpha1L		Alpha2L		Alpha1R		Alpha2R		T_Alpha1L	T_Alpha2L	T_Alpha1R	T_Alpha2R
0	0,000000E+0	0,000000E+0	0,000000E+0	0,000000E+0
1	0,000000E+0	0,000000E+0	0,000000E+0	0,000000E+0
2	0,000000E+0	0,000000E+0	0,000000E+0	0,000000E+0
3	0,000000E+0	6,000000E+0	0,000000E+0	65,532000E+3
4	0,000000E+0	1,000000E+0	0,000000E+0	0,000000E+0
5	0,000000E+0	3,000000E+0	0,000000E+0	65,533000E+3
6	0,000000E+0	0,000000E+0	0,000000E+0	0,000000E+0
7	0,000000E+0	2,000000E+0	2,000000E+0	65,532000E+3
8	0,000000E+0	0,000000E+0	1,000000E+0	0,000000E+0
9	0,000000E+0	3,000000E+0	5,000000E+0	65,534000E+3
10	2,000000E+0	0,000000E+0	3,000000E+0	0,000000E+0
11	0,000000E+0	3,000000E+0	9,000000E+0	0,000000E+0
12	2,000000E+0	0,000000E+0	7,000000E+0	0,000000E+0
13	0,000000E+0	1,000000E+0	6,000000E+0	65,533000E+3
14	0,000000E+0	0,000000E+0	4,000000E+0	65,535000E+3
15	0,000000E+0	2,000000E+0	5,000000E+0	65,531000E+3
16	0,000000E+0	0,000000E+0	3,000000E+0	65,531000E+3
17	0,000000E+0	2,000000E+0	4,000000E+0	65,528000E+3
18	1,000000E+0	0,000000E+0	3,000000E+0	65,530000E+3
19	0,000000E+0	5,000000E+0	4,000000E+0	65,526000E+3
20	2,000000E+0	1,000000E+0	2,000000E+0	65,530000E+3
21	0,000000E+0	7,000000E+0	4,000000E+0	65,528000E+3
22	2,000000E+0	1,000000E+0	0,000000E+0	65,532000E+3
23	0,000000E+0	5,000000E+0	4,000000E+0	65,530000E+3
24	1,000000E+0	1,000000E+0	3,000000E+0	65,535000E+3
25	0,000000E+0	3,000000E+0	4,000000E+0	65,531000E+3
26	0,000000E+0	0,000000E+0	3,000000E+0	65,535000E+3
27	0,000000E+0	3,000000E+0	6,000000E+0	65,533000E+3
28	0,000000E+0	0,000000E+0	5,000000E+0	0,000000E+0
29	0,000000E+0	4,000000E+0	6,000000E+0	65,535000E+3
30	0,000000E+0	0,000000E+0	5,000000E+0	0,000000E+0
31	0,000000E+0	5,000000E+0	7,000000E+0	65,535000E+3
32	0,000000E+0	0,000000E+0	4,000000E+0	0,000000E+0
33	0,000000E+0	4,000000E+0	5,000000E+0	65,531000E+3
34	0,000000E+0	0,000000E+0	3,000000E+0	0,000000E+0
35	0,000000E+0	6,000000E+0	6,000000E+0	65,532000E+3
36	1,000000E+0	1,000000E+0	2,000000E+0	0,000000E+0
37	0,000000E+0	5,000000E+0	5,000000E+0	65,532000E+3
38	0,000000E+0	2,000000E+0	3,000000E+0	0,000000E+0
39	0,000000E+0	7,000000E+0	5,000000E+0	65,533000E+3
40	0,000000E+0	2,000000E+0	3,000000E+0	0,000000E+0
41	0,000000E+0	7,000000E+0	6,000000E+0	65,530000E+3
42	0,000000E+0	2,000000E+0	5,000000E+0	65,535000E+3
43	0,000000E+0	4,000000E+0	8,000000E+0	65,531000E+3
44	0,000000E+0	2,000000E+0	6,000000E+0	65,534000E+3
45	0,000000E+0	6,000000E+0	8,000000E+0	65,531000E+3
46	0,000000E+0	1,000000E+0	6,000000E+0	65,533000E+3
47	0,000000E+0	5,000000E+0	7,000000E+0	65,529000E+3
48	0,000000E+0	1,000000E+0	6,000000E+0	65,532000E+3
49	0,000000E+0	6,000000E+0	7,000000E+0	65,527000E+3
50	0,000000E+0	2,000000E+0	4,000000E+0	65,532000E+3
51	0,000000E+0	6,000000E+0	6,000000E+0	65,529000E+3
52	0,000000E+0	2,000000E+0	5,000000E+0	65,534000E+3
53	0,000000E+0	5,000000E+0	6,000000E+0	65,531000E+3
54	0,000000E+0	2,000000E+0	5,000000E+0	65,535000E+3
55	0,000000E+0	6,000000E+0	6,000000E+0	65,530000E+3
56	0,000000E+0	3,000000E+0	5,000000E+0	65,535000E+3
57	0,000000E+0	6,000000E+0	5,000000E+0	65,532000E+3
58	0,000000E+0	4,000000E+0	4,000000E+0	65,535000E+3
59	0,000000E+0	7,000000E+0	6,000000E+0	65,533000E+3
60	0,000000E+0	4,000000E+0	5,000000E+0	65,535000E+3
61	0,000000E+0	6,000000E+0	8,000000E+0	65,532000E+3
62	0,000000E+0	3,000000E+0	7,000000E+0	65,535000E+3
63	65,535000E+3	6,000000E+0	7,000000E+0	65,532000E+3
64	0,000000E+0	2,000000E+0	6,000000E+0	65,535000E+3
65	0,000000E+0	7,000000E+0	10,000000E+0	65,532000E+3
66	0,000000E+0	3,000000E+0	8,000000E+0	65,535000E+3
67	0,000000E+0	5,000000E+0	9,000000E+0	65,531000E+3
68	0,000000E+0	4,000000E+0	7,000000E+0	65,533000E+3
69	0,000000E+0	7,000000E+0	8,000000E+0	65,529000E+3
70	0,000000E+0	4,000000E+0	6,000000E+0	65,533000E+3
71	0,000000E+0	7,000000E+0	9,000000E+0	65,529000E+3
72	0,000000E+0	5,000000E+0	6,000000E+0	65,534000E+3
73	0,000000E+0	8,000000E+0	8,000000E+0	65,532000E+3
74	0,000000E+0	4,000000E+0	7,000000E+0	65,534000E+3
75	0,000000E+0	7,000000E+0	8,000000E+0	65,529000E+3
76	0,000000E+0	4,000000E+0	8,000000E+0	65,533000E+3
77	65,535000E+3	8,000000E+0	10,000000E+0	65,528000E+3
78	0,000000E+0	4,000000E+0	7,000000E+0	65,532000E+3
79	65,535000E+3	6,000000E+0	9,000000E+0	65,529000E+3
80	0,000000E+0	5,000000E+0	8,000000E+0	65,528000E+3
81	0,000000E+0	7,000000E+0	10,000000E+0	65,525000E+3
82	0,000000E+0	4,000000E+0	8,000000E+0	65,530000E+3
83	0,000000E+0	8,000000E+0	10,000000E+0	65,523000E+3
84	0,000000E+0	5,000000E+0	10,000000E+0	65,530000E+3
85	0,000000E+0	7,000000E+0	12,000000E+0	65,526000E+3
86	0,000000E+0	4,000000E+0	10,000000E+0	65,529000E+3
87	65,535000E+3	8,000000E+0	10,000000E+0	65,527000E+3
88	65,535000E+3	5,000000E+0	7,000000E+0	65,528000E+3
89	65,535000E+3	7,000000E+0	10,000000E+0	65,525000E+3
90	65,535000E+3	5,000000E+0	9,000000E+0	65,530000E+3
91	65,535000E+3	8,000000E+0	11,000000E+0	65,528000E+3
92	65,535000E+3	6,000000E+0	9,000000E+0	65,531000E+3
93	65,535000E+3	9,000000E+0	10,000000E+0	65,528000E+3
94	0,000000E+0	6,000000E+0	8,000000E+0	65,532000E+3
95	65,534000E+3	9,000000E+0	10,000000E+0	65,529000E+3
96	65,535000E+3	6,000000E+0	9,000000E+0	65,530000E+3
97	65,534000E+3	10,000000E+0	10,000000E+0	65,531000E+3
98	65,535000E+3	4,000000E+0	8,000000E+0	65,532000E+3
99	65,534000E+3	8,000000E+0	10,000000E+0	65,528000E+3
100	0,000000E+0	6,000000E+0	9,000000E+0	65,532000E+3
101	65,534000E+3	8,000000E+0	10,000000E+0	65,529000E+3
102	65,535000E+3	6,000000E+0	9,000000E+0	65,532000E+3
103	65,535000E+3	9,000000E+0	10,000000E+0	65,529000E+3
104	65,535000E+3	7,000000E+0	8,000000E+0	65,532000E+3
105	65,534000E+3	11,000000E+0	10,000000E+0	65,528000E+3
106	65,535000E+3	8,000000E+0	11,000000E+0	65,530000E+3
107	65,535000E+3	10,000000E+0	11,000000E+0	65,528000E+3
108	65,535000E+3	7,000000E+0	12,000000E+0	65,530000E+3
109	65,534000E+3	12,000000E+0	10,000000E+0	65,526000E+3
110	65,535000E+3	6,000000E+0	10,000000E+0	65,530000E+3
111	65,534000E+3	9,000000E+0	12,000000E+0	65,528000E+3
112	65,535000E+3	6,000000E+0	11,000000E+0	65,528000E+3
113	65,533000E+3	9,000000E+0	12,000000E+0	65,528000E+3
114	65,534000E+3	7,000000E+0	10,000000E+0	65,531000E+3
115	65,532000E+3	10,000000E+0	12,000000E+0	65,528000E+3
116	65,533000E+3	6,000000E+0	10,000000E+0	65,529000E+3
117	65,532000E+3	9,000000E+0	12,000000E+0	65,526000E+3
118	65,534000E+3	7,000000E+0	11,000000E+0	65,528000E+3
119	65,532000E+3	10,000000E+0	12,000000E+0	65,526000E+3
120	65,534000E+3	8,000000E+0	10,000000E+0	65,529000E+3
121	65,534000E+3	11,000000E+0	12,000000E+0	65,524000E+3
122	65,535000E+3	7,000000E+0	11,000000E+0	65,527000E+3
123	65,534000E+3	12,000000E+0	13,000000E+0	65,523000E+3
124	65,534000E+3	7,000000E+0	11,000000E+0	65,525000E+3
125	65,532000E+3	9,000000E+0	12,000000E+0	65,520000E+3
126	65,533000E+3	7,000000E+0	10,000000E+0	65,525000E+3
127	65,533000E+3	8,000000E+0	11,000000E+0	65,522000E+3
128	65,535000E+3	8,000000E+0	11,000000E+0	65,526000E+3
129	65,534000E+3	11,000000E+0	11,000000E+0	65,525000E+3
130	65,534000E+3	9,000000E+0	11,000000E+0	65,527000E+3
131	65,534000E+3	10,000000E+0	14,000000E+0	65,524000E+3
132	65,533000E+3	8,000000E+0	11,000000E+0	65,528000E+3
133	65,533000E+3	11,000000E+0	12,000000E+0	65,525000E+3
134	65,534000E+3	10,000000E+0	11,000000E+0	65,527000E+3
135	65,534000E+3	13,000000E+0	14,000000E+0	65,523000E+3
136	65,533000E+3	9,000000E+0	13,000000E+0	65,527000E+3
137	65,532000E+3	13,000000E+0	14,000000E+0	65,524000E+3
138	65,533000E+3	10,000000E+0	12,000000E+0	65,527000E+3
139	65,532000E+3	9,000000E+0	12,000000E+0	65,523000E+3
140	65,533000E+3	9,000000E+0	11,000000E+0	65,528000E+3
141	65,530000E+3	11,000000E+0	13,000000E+0	65,525000E+3
142	65,534000E+3	11,000000E+0	13,000000E+0	65,529000E+3
143	65,534000E+3	13,000000E+0	15,000000E+0	65,526000E+3
144	65,534000E+3	9,000000E+0	14,000000E+0	65,527000E+3
145	65,532000E+3	12,000000E+0	13,000000E+0	65,525000E+3
146	65,531000E+3	10,000000E+0	11,000000E+0	65,527000E+3
147	65,529000E+3	11,000000E+0	12,000000E+0	65,524000E+3
148	65,531000E+3	9,000000E+0	12,000000E+0	65,527000E+3
149	65,531000E+3	12,000000E+0	13,000000E+0	65,524000E+3
150	65,530000E+3	11,000000E+0	13,000000E+0	65,527000E+3
151	65,531000E+3	12,000000E+0	16,000000E+0	65,526000E+3
152	65,530000E+3	11,000000E+0	12,000000E+0	65,527000E+3
153	65,530000E+3	11,000000E+0	13,000000E+0	65,523000E+3
154	65,531000E+3	11,000000E+0	13,000000E+0	65,526000E+3
155	65,532000E+3	12,000000E+0	14,000000E+0	65,523000E+3
156	65,533000E+3	10,000000E+0	12,000000E+0	65,526000E+3
157	65,531000E+3	12,000000E+0	14,000000E+0	65,524000E+3
158	65,532000E+3	11,000000E+0	13,000000E+0	65,526000E+3
159	65,530000E+3	13,000000E+0	13,000000E+0	65,524000E+3
160	65,530000E+3	10,000000E+0	13,000000E+0	65,526000E+3
161	65,530000E+3	13,000000E+0	14,000000E+0	65,524000E+3
162	65,531000E+3	11,000000E+0	12,000000E+0	65,526000E+3
163	65,530000E+3	12,000000E+0	13,000000E+0	65,523000E+3
164	65,530000E+3	11,000000E+0	13,000000E+0	65,527000E+3
165	65,530000E+3	12,000000E+0	13,000000E+0	65,523000E+3
166	65,530000E+3	11,000000E+0	14,000000E+0	65,524000E+3
167	65,531000E+3	13,000000E+0	15,000000E+0	65,523000E+3
168	65,532000E+3	11,000000E+0	14,000000E+0	65,523000E+3
169	65,529000E+3	13,000000E+0	16,000000E+0	65,521000E+3
170	65,531000E+3	13,000000E+0	12,000000E+0	65,524000E+3
171	65,527000E+3	14,000000E+0	14,000000E+0	65,519000E+3
172	65,530000E+3	11,000000E+0	13,000000E+0	65,522000E+3
173	65,529000E+3	14,000000E+0	14,000000E+0	65,522000E+3
174	65,530000E+3	11,000000E+0	14,000000E+0	65,523000E+3
175	65,530000E+3	14,000000E+0	16,000000E+0	65,519000E+3
176	65,530000E+3	10,000000E+0	16,000000E+0	65,522000E+3
177	65,528000E+3	13,000000E+0	15,000000E+0	65,522000E+3
178	65,529000E+3	11,000000E+0	13,000000E+0	65,523000E+3
179	65,527000E+3	14,000000E+0	16,000000E+0	65,521000E+3
180	65,529000E+3	11,000000E+0	14,000000E+0	65,523000E+3
181	65,528000E+3	13,000000E+0	14,000000E+0	65,521000E+3
182	65,530000E+3	11,000000E+0	14,000000E+0	65,522000E+3
183	65,528000E+3	11,000000E+0	16,000000E+0	65,521000E+3
184	65,529000E+3	12,000000E+0	14,000000E+0	65,523000E+3
185	65,528000E+3	14,000000E+0	15,000000E+0	65,523000E+3
186	65,528000E+3	11,000000E+0	14,000000E+0	65,522000E+3
187	65,526000E+3	13,000000E+0	17,000000E+0	65,519000E+3
188	65,527000E+3	11,000000E+0	15,000000E+0	65,521000E+3
189	65,525000E+3	13,000000E+0	16,000000E+0	65,519000E+3
190	65,526000E+3	12,000000E+0	15,000000E+0	65,523000E+3
191	65,526000E+3	13,000000E+0	17,000000E+0	65,519000E+3
192	65,528000E+3	12,000000E+0	15,000000E+0	65,522000E+3
193	65,527000E+3	17,000000E+0	18,000000E+0	65,523000E+3
194	65,527000E+3	12,000000E+0	16,000000E+0	65,523000E+3
195	65,527000E+3	15,000000E+0	17,000000E+0	65,523000E+3
196	65,528000E+3	11,000000E+0	15,000000E+0	65,523000E+3
197	65,528000E+3	13,000000E+0	18,000000E+0	65,522000E+3
198	65,527000E+3	12,000000E+0	15,000000E+0	65,524000E+3
199	65,527000E+3	14,000000E+0	16,000000E+0	65,524000E+3
200	65,528000E+3	12,000000E+0	14,000000E+0	65,524000E+3
201	65,528000E+3	15,000000E+0	17,000000E+0	65,522000E+3
202	65,528000E+3	12,000000E+0	16,000000E+0	65,523000E+3
203	65,527000E+3	13,000000E+0	18,000000E+0	65,521000E+3
204	65,527000E+3	11,000000E+0	18,000000E+0	65,524000E+3
205	65,528000E+3	12,000000E+0	19,000000E+0	65,522000E+3
206	65,528000E+3	13,000000E+0	16,000000E+0	65,525000E+3
207	65,527000E+3	14,000000E+0	19,000000E+0	65,523000E+3
208	65,528000E+3	14,000000E+0	18,000000E+0	65,524000E+3
209	65,528000E+3	17,000000E+0	18,000000E+0	65,523000E+3
210	65,528000E+3	13,000000E+0	18,000000E+0	65,525000E+3
211	65,527000E+3	15,000000E+0	17,000000E+0	65,520000E+3
212	65,528000E+3	12,000000E+0	16,000000E+0	65,524000E+3
213	65,527000E+3	14,000000E+0	15,000000E+0	65,525000E+3
214	65,527000E+3	13,000000E+0	15,000000E+0	65,523000E+3
215	65,528000E+3	15,000000E+0	16,000000E+0	65,521000E+3
216	65,529000E+3	15,000000E+0	16,000000E+0	65,524000E+3
217	65,527000E+3	15,000000E+0	17,000000E+0	65,523000E+3
218	65,527000E+3	14,000000E+0	17,000000E+0	65,523000E+3
219	65,528000E+3	16,000000E+0	18,000000E+0	65,522000E+3
220	65,527000E+3	14,000000E+0	18,000000E+0	65,522000E+3
221	65,527000E+3	16,000000E+0	19,000000E+0	65,524000E+3
222	65,528000E+3	13,000000E+0	18,000000E+0	65,524000E+3
223	65,527000E+3	15,000000E+0	18,000000E+0	65,524000E+3
224	65,527000E+3	15,000000E+0	19,000000E+0	65,525000E+3
225	65,527000E+3	17,000000E+0	19,000000E+0	65,521000E+3
226	65,528000E+3	16,000000E+0	19,000000E+0	65,524000E+3
227	65,526000E+3	18,000000E+0	19,000000E+0	65,523000E+3
228	65,527000E+3	17,000000E+0	19,000000E+0	65,522000E+3
229	65,526000E+3	17,000000E+0	20,000000E+0	65,520000E+3
230	65,527000E+3	14,000000E+0	19,000000E+0	65,521000E+3
231	65,528000E+3	16,000000E+0	19,000000E+0	65,521000E+3
232	65,527000E+3	16,000000E+0	20,000000E+0	65,522000E+3
233	65,526000E+3	14,000000E+0	19,000000E+0	65,523000E+3
234	65,526000E+3	14,000000E+0	19,000000E+0	65,523000E+3
235	65,526000E+3	14,000000E+0	20,000000E+0	65,522000E+3
236	65,527000E+3	15,000000E+0	19,000000E+0	65,523000E+3
237	65,527000E+3	18,000000E+0	19,000000E+0	65,522000E+3
238	65,528000E+3	16,000000E+0	20,000000E+0	65,522000E+3
239	65,526000E+3	15,000000E+0	19,000000E+0	65,521000E+3
240	65,526000E+3	15,000000E+0	19,000000E+0	65,521000E+3
241	65,526000E+3	16,000000E+0	19,000000E+0	65,521000E+3
242	65,527000E+3	16,000000E+0	19,000000E+0	65,522000E+3
243	65,527000E+3	16,000000E+0	19,000000E+0	65,520000E+3
244	65,527000E+3	16,000000E+0	19,000000E+0	65,520000E+3
245	65,527000E+3	17,000000E+0	20,000000E+0	65,520000E+3
246	65,527000E+3	17,000000E+0	20,000000E+0	65,520000E+3
247	65,527000E+3	20,000000E+0	19,000000E+0	65,520000E+3
248	65,527000E+3	20,000000E+0	20,000000E+0	65,521000E+3
249	65,527000E+3	19,000000E+0	20,000000E+0	65,521000E+3
250	65,527000E+3	16,000000E+0	19,000000E+0	65,521000E+3
251	65,527000E+3	15,000000E+0	19,000000E+0	65,521000E+3
252	65,527000E+3	16,000000E+0	20,000000E+0	65,522000E+3
253	65,527000E+3	16,000000E+0	19,000000E+0	65,521000E+3
254	65,527000E+3	16,000000E+0	19,000000E+0	65,521000E+3
255	65,527000E+3	16,000000E+0	19,000000E+0	65,521000E+3
256	65,527000E+3	16,000000E+0	19,000000E+0	65,521000E+3
257	65,527000E+3	16,000000E+0	19,000000E+0	65,521000E+3
258	65,527000E+3	16,000000E+0	19,000000E+0	65,521000E+3
259	65,527000E+3	16,000000E+0	19,000000E+0	65,521000E+3
260	65,527000E+3	16,000000E+0	19,000000E+0	65,521000E+3
261	65,527000E+3	16,000000E+0	19,000000E+0	65,522000E+3
262	65,527000E+3	16,000000E+0	19,000000E+0	65,521000E+3
263	65,527000E+3	16,000000E+0	19,000000E+0	65,522000E+3
264	65,527000E+3	16,000000E+0	19,000000E+0	65,521000E+3
265	65,527000E+3	16,000000E+0	20,000000E+0	65,521000E+3
266	65,527000E+3	16,000000E+0	19,000000E+0	65,521000E+3
267	65,527000E+3	16,000000E+0	19,000000E+0	65,521000E+3
268	65,527000E+3	16,000000E+0	19,000000E+0	65,521000E+3
269	65,527000E+3	16,000000E+0	20,000000E+0	65,521000E+3
270	65,527000E+3	16,000000E+0	19,000000E+0	65,521000E+3
271	65,527000E+3	16,000000E+0	19,000000E+0	65,521000E+3
272	65,527000E+3	16,000000E+0	20,000000E+0	65,521000E+3
273	65,527000E+3	16,000000E+0	20,000000E+0	65,522000E+3
274	65,527000E+3	16,000000E+0	19,000000E+0	65,521000E+3
275	65,527000E+3	16,000000E+0	19,000000E+0	65,521000E+3
276	65,527000E+3	16,000000E+0	19,000000E+0	65,521000E+3
277	65,527000E+3	16,000000E+0	19,000000E+0	65,521000E+3
278	65,527000E+3	15,000000E+0	19,000000E+0	65,523000E+3
279	65,527000E+3	16,000000E+0	19,000000E+0	65,522000E+3
280	65,527000E+3	16,000000E+0	19,000000E+0	65,521000E+3
281	65,527000E+3	16,000000E+0	19,000000E+0	65,521000E+3
282	65,527000E+3	16,000000E+0	19,000000E+0	65,521000E+3
283	65,527000E+3	16,000000E+0	19,000000E+0	65,522000E+3
284	65,527000E+3	16,000000E+0	19,000000E+0	65,522000E+3
285	65,527000E+3	16,000000E+0	19,000000E+0	65,522000E+3
286	65,527000E+3	16,000000E+0	19,000000E+0	65,522000E+3
287	65,527000E+3	16,000000E+0	19,000000E+0	65,522000E+3
288	65,527000E+3	16,000000E+0	19,000000E+0	65,522000E+3
289	65,527000E+3	16,000000E+0	19,000000E+0	65,521000E+3
290	65,527000E+3	16,000000E+0	19,000000E+0	65,521000E+3
291	65,527000E+3	16,000000E+0	19,000000E+0	65,521000E+3
292	65,527000E+3	16,000000E+0	19,000000E+0	65,522000E+3
293	65,527000E+3	16,000000E+0	19,000000E+0	65,522000E+3
294	65,527000E+3	16,000000E+0	19,000000E+0	65,522000E+3
295	65,527000E+3	16,000000E+0	19,000000E+0	65,521000E+3
296	65,527000E+3	16,000000E+0	19,000000E+0	65,521000E+3
297	65,526000E+3	16,000000E+0	19,000000E+0	65,522000E+3
298	65,527000E+3	16,000000E+0	19,000000E+0	65,521000E+3
299	65,527000E+3	16,000000E+0	19,000000E+0	65,522000E+3
300	65,527000E+3	16,000000E+0	19,000000E+0	65,522000E+3
301	65,527000E+3	16,000000E+0	19,000000E+0	65,521000E+3
302	65,527000E+3	16,000000E+0	19,000000E+0	65,522000E+3
303	65,527000E+3	16,000000E+0	19,000000E+0	65,522000E+3
304	65,527000E+3	16,000000E+0	19,000000E+0	65,521000E+3
305	65,527000E+3	16,000000E+0	19,000000E+0	65,521000E+3
306	65,527000E+3	16,000000E+0	19,000000E+0	65,522000E+3
307	65,527000E+3	16,000000E+0	19,000000E+0	65,522000E+3
308	65,527000E+3	16,000000E+0	19,000000E+0	65,521000E+3
309	65,527000E+3	16,000000E+0	19,000000E+0	65,521000E+3
310	65,527000E+3	16,000000E+0	19,000000E+0	65,521000E+3
311	65,527000E+3	16,000000E+0	19,000000E+0	65,521000E+3
312	65,527000E+3	16,000000E+0	19,000000E+0	65,522000E+3
313	65,527000E+3	16,000000E+0	19,000000E+0	65,521000E+3
314	65,527000E+3	16,000000E+0	19,000000E+0	65,522000E+3
315	65,527000E+3	16,000000E+0	19,000000E+0	65,521000E+3
316	65,527000E+3	16,000000E+0	19,000000E+0	65,522000E+3
317	65,527000E+3	16,000000E+0	19,000000E+0	65,521000E+3
318	65,527000E+3	16,000000E+0	19,000000E+0	65,521000E+3
319	65,527000E+3	16,000000E+0	19,000000E+0	65,521000E+3
320	65,527000E+3	16,000000E+0	19,000000E+0	65,521000E+3
321	65,527000E+3	16,000000E+0	19,000000E+0	65,522000E+3
322	65,527000E+3	16,000000E+0	19,000000E+0	65,522000E+3
323	65,527000E+3	16,000000E+0	19,000000E+0	65,521000E+3
324	65,527000E+3	16,000000E+0	19,000000E+0	65,521000E+3
325	65,527000E+3	16,000000E+0	19,000000E+0	65,522000E+3
326	65,527000E+3	16,000000E+0	19,000000E+0	65,521000E+3
327	65,527000E+3	16,000000E+0	19,000000E+0	65,522000E+3
328	65,527000E+3	15,000000E+0	19,000000E+0	65,522000E+3
329	65,527000E+3	15,000000E+0	19,000000E+0	65,521000E+3
330	65,527000E+3	15,000000E+0	19,000000E+0	65,522000E+3
331	65,527000E+3	15,000000E+0	19,000000E+0	65,521000E+3
332	65,527000E+3	15,000000E+0	19,000000E+0	65,521000E+3
333	65,527000E+3	15,000000E+0	19,000000E+0	65,522000E+3
334	65,527000E+3	15,000000E+0	19,000000E+0	65,522000E+3
335	65,527000E+3	15,000000E+0	19,000000E+0	65,521000E+3
336	65,527000E+3	15,000000E+0	19,000000E+0	65,521000E+3
337	65,527000E+3	16,000000E+0	19,000000E+0	65,520000E+3
338	65,527000E+3	15,000000E+0	19,000000E+0	65,521000E+3
339	65,526000E+3	15,000000E+0	19,000000E+0	65,522000E+3
340	65,526000E+3	15,000000E+0	19,000000E+0	65,522000E+3
341	65,527000E+3	15,000000E+0	19,000000E+0	65,522000E+3
342	65,527000E+3	15,000000E+0	19,000000E+0	65,522000E+3
343	65,527000E+3	15,000000E+0	19,000000E+0	65,521000E+3
344	65,527000E+3	15,000000E+0	19,000000E+0	65,522000E+3
345	65,527000E+3	15,000000E+0	19,000000E+0	65,521000E+3
346	65,527000E+3	15,000000E+0	19,000000E+0	65,522000E+3
347	65,527000E+3	15,000000E+0	19,000000E+0	65,521000E+3
348	65,527000E+3	15,000000E+0	19,000000E+0	65,521000E+3
349	65,527000E+3	15,000000E+0	19,000000E+0	65,521000E+3
350	65,527000E+3	15,000000E+0	19,000000E+0	65,521000E+3
351	65,527000E+3	15,000000E+0	19,000000E+0	65,522000E+3
352	65,527000E+3	15,000000E+0	19,000000E+0	65,522000E+3
353	65,527000E+3	15,000000E+0	19,000000E+0	65,522000E+3
354	65,527000E+3	16,000000E+0	19,000000E+0	65,522000E+3
355	65,527000E+3	16,000000E+0	19,000000E+0	65,522000E+3
356	65,527000E+3	16,000000E+0	19,000000E+0	65,522000E+3
357	65,527000E+3	16,000000E+0	19,000000E+0	65,522000E+3
358	65,527000E+3	16,000000E+0	19,000000E+0	65,521000E+3
359	65,527000E+3	15,000000E+0	19,000000E+0	65,522000E+3
360	65,527000E+3	15,000000E+0	19,000000E+0	65,521000E+3
361	65,527000E+3	15,000000E+0	19,000000E+0	65,521000E+3
362	65,527000E+3	15,000000E+0	19,000000E+0	65,522000E+3
363	65,527000E+3	15,000000E+0	19,000000E+0	65,522000E+3
364	65,527000E+3	15,000000E+0	19,000000E+0	65,522000E+3
365	65,527000E+3	15,000000E+0	19,000000E+0	65,521000E+3
366	65,527000E+3	15,000000E+0	19,000000E+0	65,521000E+3
367	65,527000E+3	15,000000E+0	19,000000E+0	65,521000E+3
368	65,527000E+3	15,000000E+0	19,000000E+0	65,521000E+3
369	65,527000E+3	15,000000E+0	19,000000E+0	65,522000E+3
370	65,527000E+3	15,000000E+0	19,000000E+0	65,521000E+3
371	65,527000E+3	15,000000E+0	19,000000E+0	65,521000E+3
372	65,527000E+3	15,000000E+0	19,000000E+0	65,523000E+3
373	65,527000E+3	15,000000E+0	19,000000E+0	65,521000E+3
374	65,527000E+3	15,000000E+0	19,000000E+0	65,522000E+3
375	65,527000E+3	15,000000E+0	19,000000E+0	65,522000E+3
376	65,527000E+3	15,000000E+0	19,000000E+0	65,521000E+3
377	65,527000E+3	15,000000E+0	19,000000E+0	65,522000E+3
378	65,527000E+3	15,000000E+0	19,000000E+0	65,521000E+3
379	65,527000E+3	15,000000E+0	19,000000E+0	65,522000E+3
380	65,527000E+3	15,000000E+0	19,000000E+0	65,522000E+3
381	65,527000E+3	15,000000E+0	19,000000E+0	65,522000E+3
382	65,527000E+3	15,000000E+0	19,000000E+0	65,522000E+3
383	65,527000E+3	15,000000E+0	19,000000E+0	65,522000E+3
384	65,527000E+3	15,000000E+0	19,000000E+0	65,522000E+3
385	65,527000E+3	15,000000E+0	19,000000E+0	65,522000E+3
386	65,527000E+3	15,000000E+0	19,000000E+0	65,521000E+3
387	65,527000E+3	15,000000E+0	19,000000E+0	65,521000E+3
388	65,527000E+3	15,000000E+0	19,000000E+0	65,522000E+3
389	65,527000E+3	15,000000E+0	19,000000E+0	65,522000E+3
390	65,527000E+3	15,000000E+0	19,000000E+0	65,521000E+3
391	65,527000E+3	15,000000E+0	19,000000E+0	65,521000E+3
392	65,527000E+3	15,000000E+0	19,000000E+0	65,521000E+3
393	65,527000E+3	15,000000E+0	19,000000E+0	65,522000E+3
394	65,527000E+3	16,000000E+0	19,000000E+0	65,521000E+3
395	65,527000E+3	16,000000E+0	19,000000E+0	65,522000E+3
396	65,527000E+3	16,000000E+0	19,000000E+0	65,523000E+3
397	65,527000E+3	16,000000E+0	19,000000E+0	65,521000E+3
398	65,527000E+3	15,000000E+0	19,000000E+0	65,521000E+3
399	65,527000E+3	15,000000E+0	19,000000E+0	65,521000E+3
400	65,527000E+3	15,000000E+0	19,000000E+0	65,521000E+3
401	65,527000E+3	15,000000E+0	19,000000E+0	65,521000E+3
402	65,527000E+3	15,000000E+0	19,000000E+0	65,522000E+3
403	65,527000E+3	15,000000E+0	19,000000E+0	65,521000E+3
404	65,527000E+3	15,000000E+0	19,000000E+0	65,521000E+3
405	65,527000E+3	15,000000E+0	19,000000E+0	65,521000E+3
406	65,527000E+3	15,000000E+0	19,000000E+0	65,521000E+3
407	65,527000E+3	15,000000E+0	19,000000E+0	65,522000E+3
408	65,527000E+3	15,000000E+0	19,000000E+0	65,521000E+3
409	65,527000E+3	15,000000E+0	19,000000E+0	65,522000E+3
410	65,527000E+3	15,000000E+0	19,000000E+0	65,522000E+3
411	65,527000E+3	15,000000E+0	19,000000E+0	65,521000E+3
412	65,527000E+3	15,000000E+0	19,000000E+0	65,521000E+3
413	65,527000E+3	15,000000E+0	19,000000E+0	65,521000E+3
414	65,527000E+3	15,000000E+0	19,000000E+0	65,521000E+3
415	65,527000E+3	16,000000E+0	19,000000E+0	65,522000E+3
416	65,527000E+3	16,000000E+0	19,000000E+0	65,521000E+3
417	65,527000E+3	16,000000E+0	19,000000E+0	65,521000E+3
418	65,527000E+3	16,000000E+0	19,000000E+0	65,522000E+3
419	65,527000E+3	16,000000E+0	19,000000E+0	65,521000E+3
420	65,527000E+3	16,000000E+0	19,000000E+0	65,521000E+3
421	65,527000E+3	16,000000E+0	19,000000E+0	65,522000E+3
422	65,527000E+3	16,000000E+0	19,000000E+0	65,522000E+3
423	65,527000E+3	16,000000E+0	19,000000E+0	65,522000E+3
424	65,527000E+3	15,000000E+0	19,000000E+0	65,522000E+3
425	65,527000E+3	15,000000E+0	19,000000E+0	65,521000E+3
426	65,527000E+3	16,000000E+0	19,000000E+0	65,521000E+3
427	65,527000E+3	16,000000E+0	19,000000E+0	65,520000E+3
428	65,527000E+3	16,000000E+0	19,000000E+0	65,521000E+3
429	65,527000E+3	16,000000E+0	19,000000E+0	65,521000E+3
430	65,527000E+3	15,000000E+0	19,000000E+0	65,522000E+3
431	65,527000E+3	15,000000E+0	19,000000E+0	65,522000E+3
432	65,527000E+3	15,000000E+0	19,000000E+0	65,522000E+3
433	65,527000E+3	15,000000E+0	19,000000E+0	65,522000E+3
434	65,527000E+3	15,000000E+0	19,000000E+0	65,522000E+3
435	65,527000E+3	15,000000E+0	19,000000E+0	65,522000E+3
436	65,527000E+3	15,000000E+0	19,000000E+0	65,521000E+3
437	65,527000E+3	15,000000E+0	19,000000E+0	65,522000E+3
438	65,527000E+3	15,000000E+0	19,000000E+0	65,521000E+3
439	65,527000E+3	15,000000E+0	19,000000E+0	65,522000E+3
440	65,527000E+3	15,000000E+0	19,000000E+0	65,522000E+3
441	65,527000E+3	15,000000E+0	19,000000E+0	65,521000E+3
442	65,527000E+3	15,000000E+0	19,000000E+0	65,522000E+3
443	65,527000E+3	15,000000E+0	19,000000E+0	65,521000E+3
444	65,527000E+3	15,000000E+0	19,000000E+0	65,521000E+3
445	65,527000E+3	15,000000E+0	19,000000E+0	65,522000E+3
446	65,527000E+3	15,000000E+0	19,000000E+0	65,521000E+3
447	65,527000E+3	15,000000E+0	19,000000E+0	65,521000E+3
448	65,527000E+3	15,000000E+0	19,000000E+0	65,521000E+3
449	65,527000E+3	15,000000E+0	19,000000E+0	65,522000E+3
450	65,527000E+3	15,000000E+0	19,000000E+0	65,521000E+3
451	65,527000E+3	15,000000E+0	19,000000E+0	65,522000E+3
452	65,527000E+3	15,000000E+0	19,000000E+0	65,522000E+3
453	65,527000E+3	15,000000E+0	19,000000E+0	65,522000E+3
454	65,527000E+3	15,000000E+0	19,000000E+0	65,522000E+3
455	65,527000E+3	15,000000E+0	19,000000E+0	65,522000E+3
456	65,527000E+3	15,000000E+0	19,000000E+0	65,521000E+3
457	65,527000E+3	15,000000E+0	19,000000E+0	65,521000E+3
458	65,527000E+3	15,000000E+0	19,000000E+0	65,521000E+3
459	65,527000E+3	15,000000E+0	19,000000E+0	65,521000E+3
460	65,526000E+3	16,000000E+0	19,000000E+0	65,521000E+3
461	65,526000E+3	16,000000E+0	19,000000E+0	65,522000E+3
462	65,527000E+3	16,000000E+0	19,000000E+0	65,521000E+3
463	65,527000E+3	16,000000E+0	19,000000E+0	65,522000E+3
464	65,527000E+3	15,000000E+0	19,000000E+0	65,522000E+3
465	65,527000E+3	15,000000E+0	19,000000E+0	65,522000E+3
466	65,527000E+3	15,000000E+0	19,000000E+0	65,521000E+3
467	65,527000E+3	15,000000E+0	19,000000E+0	65,521000E+3
468	65,527000E+3	15,000000E+0	19,000000E+0	65,522000E+3
469	65,527000E+3	15,000000E+0	19,000000E+0	65,521000E+3
470	65,527000E+3	15,000000E+0	19,000000E+0	65,522000E+3
471	65,527000E+3	15,000000E+0	19,000000E+0	65,521000E+3
472	65,527000E+3	15,000000E+0	19,000000E+0	65,522000E+3
473	65,527000E+3	15,000000E+0	19,000000E+0	65,521000E+3
474	65,527000E+3	15,000000E+0	19,000000E+0	65,522000E+3
475	65,527000E+3	15,000000E+0	19,000000E+0	65,521000E+3
476	65,527000E+3	15,000000E+0	19,000000E+0	65,522000E+3
477	65,527000E+3	15,000000E+0	19,000000E+0	65,522000E+3
478	65,527000E+3	15,000000E+0	19,000000E+0	65,522000E+3
479	65,527000E+3	15,000000E+0	19,000000E+0	65,521000E+3
480	65,527000E+3	15,000000E+0	19,000000E+0	65,521000E+3
481	65,527000E+3	15,000000E+0	19,000000E+0	65,522000E+3
482	65,527000E+3	15,000000E+0	18,000000E+0	65,521000E+3
483	65,527000E+3	15,000000E+0	18,000000E+0	65,522000E+3
484	65,527000E+3	15,000000E+0	18,000000E+0	65,522000E+3
485	65,527000E+3	15,000000E+0	19,000000E+0	65,521000E+3
486	65,527000E+3	15,000000E+0	19,000000E+0	65,521000E+3
487	65,527000E+3	15,000000E+0	19,000000E+0	65,522000E+3
488	65,527000E+3	15,000000E+0	19,000000E+0	65,521000E+3
489	65,527000E+3	15,000000E+0	19,000000E+0	65,522000E+3
490	65,527000E+3	15,000000E+0	19,000000E+0	65,522000E+3
491	65,527000E+3	15,000000E+0	19,000000E+0	65,522000E+3
492	65,527000E+3	15,000000E+0	19,000000E+0	65,522000E+3
493	65,527000E+3	15,000000E+0	19,000000E+0	65,521000E+3
494	65,527000E+3	15,000000E+0	19,000000E+0	65,522000E+3
495	65,527000E+3	15,000000E+0	19,000000E+0	65,522000E+3
496	65,527000E+3	15,000000E+0	19,000000E+0	65,521000E+3
497	65,527000E+3	15,000000E+0	19,000000E+0	65,521000E+3
498	65,527000E+3	15,000000E+0	19,000000E+0	65,521000E+3
499	65,527000E+3	15,000000E+0	19,000000E+0	65,522000E+3
500	65,527000E+3	15,000000E+0	19,000000E+0	65,522000E+3
501	65,527000E+3	15,000000E+0	19,000000E+0	65,522000E+3
502	65,527000E+3	15,000000E+0	19,000000E+0	65,522000E+3
503	65,527000E+3	15,000000E+0	19,000000E+0	65,522000E+3
504	65,527000E+3	15,000000E+0	19,000000E+0	65,521000E+3
505	65,527000E+3	15,000000E+0	24,000000E+0	65,516000E+3
506	65,527000E+3	15,000000E+0	22,000000E+0	65,519000E+3
507	65,528000E+3	14,000000E+0	26,000000E+0	65,512000E+3
508	65,532000E+3	14,000000E+0	21,000000E+0	65,531000E+3
509	65,534000E+3	14,000000E+0	26,000000E+0	65,518000E+3
510	65,532000E+3	15,000000E+0	17,000000E+0	1,000000E+0
511	65,531000E+3	15,000000E+0	22,000000E+0	65,518000E+3
512	65,531000E+3	4,000000E+0	14,000000E+0	65,530000E+3
513	65,535000E+3	20,000000E+0	30,000000E+0	65,522000E+3
514	65,535000E+3	13,000000E+0	21,000000E+0	8,000000E+0
515	65,534000E+3	11,000000E+0	24,000000E+0	65,521000E+3
516	65,532000E+3	12,000000E+0	8,000000E+0	0,000000E+0
517	65,532000E+3	11,000000E+0	16,000000E+0	65,515000E+3
518	65,532000E+3	11,000000E+0	5,000000E+0	0,000000E+0
519	65,531000E+3	11,000000E+0	19,000000E+0	65,514000E+3
520	65,531000E+3	11,000000E+0	12,000000E+0	1,000000E+0
521	65,534000E+3	11,000000E+0	20,000000E+0	65,516000E+3
522	65,534000E+3	11,000000E+0	13,000000E+0	0,000000E+0
523	65,534000E+3	11,000000E+0	21,000000E+0	65,518000E+3
524	65,534000E+3	11,000000E+0	18,000000E+0	65,533000E+3
525	65,534000E+3	11,000000E+0	22,000000E+0	65,518000E+3
526	65,534000E+3	11,000000E+0	17,000000E+0	65,525000E+3
527	65,534000E+3	11,000000E+0	22,000000E+0	65,521000E+3
528	65,533000E+3	11,000000E+0	23,000000E+0	65,518000E+3
529	65,534000E+3	11,000000E+0	27,000000E+0	65,529000E+3
530	65,534000E+3	11,000000E+0	25,000000E+0	65,528000E+3
531	65,534000E+3	11,000000E+0	25,000000E+0	0,000000E+0
532	65,533000E+3	11,000000E+0	27,000000E+0	65,523000E+3
533	65,534000E+3	11,000000E+0	27,000000E+0	0,000000E+0
534	65,534000E+3	11,000000E+0	27,000000E+0	65,514000E+3
535	0,000000E+0	11,000000E+0	8,000000E+0	65,534000E+3
536	65,535000E+3	11,000000E+0	11,000000E+0	65,509000E+3
537	65,533000E+3	8,000000E+0	4,000000E+0	65,535000E+3
538	65,531000E+3	8,000000E+0	12,000000E+0	65,494000E+3
539	65,531000E+3	8,000000E+0	3,000000E+0	65,535000E+3
540	65,531000E+3	8,000000E+0	15,000000E+0	65,493000E+3
541	65,533000E+3	8,000000E+0	7,000000E+0	2,000000E+0
542	65,534000E+3	8,000000E+0	16,000000E+0	65,487000E+3
543	65,535000E+3	5,000000E+0	7,000000E+0	1,000000E+0
544	65,535000E+3	5,000000E+0	18,000000E+0	65,494000E+3
545	0,000000E+0	2,000000E+0	9,000000E+0	0,000000E+0
546	65,535000E+3	4,000000E+0	20,000000E+0	65,495000E+3
547	0,000000E+0	2,000000E+0	7,000000E+0	65,534000E+3
548	65,534000E+3	2,000000E+0	19,000000E+0	65,501000E+3
549	0,000000E+0	7,000000E+0	8,000000E+0	65,531000E+3
550	65,531000E+3	8,000000E+0	16,000000E+0	65,518000E+3
551	0,000000E+0	5,000000E+0	9,000000E+0	65,525000E+3
552	65,533000E+3	11,000000E+0	12,000000E+0	65,531000E+3
553	2,000000E+0	8,000000E+0	8,000000E+0	65,526000E+3
554	65,534000E+3	13,000000E+0	12,000000E+0	65,531000E+3
555	0,000000E+0	11,000000E+0	7,000000E+0	65,530000E+3
556	65,535000E+3	10,000000E+0	11,000000E+0	65,531000E+3
557	65,532000E+3	24,000000E+0	5,000000E+0	65,529000E+3
558	65,533000E+3	5,000000E+0	6,000000E+0	65,528000E+3
559	65,527000E+3	23,000000E+0	4,000000E+0	65,528000E+3
560	65,533000E+3	65,532000E+3	5,000000E+0	65,525000E+3
561	65,524000E+3	18,000000E+0	0,000000E+0	65,525000E+3
562	65,533000E+3	65,513000E+3	3,000000E+0	65,523000E+3
563	65,520000E+3	18,000000E+0	1,000000E+0	65,526000E+3
564	0,000000E+0	65,506000E+3	5,000000E+0	65,525000E+3
565	65,522000E+3	42,000000E+0	3,000000E+0	65,525000E+3
566	1,000000E+0	65,504000E+3	5,000000E+0	65,526000E+3
567	65,516000E+3	48,000000E+0	0,000000E+0	0,000000E+0
568	0,000000E+0	65,503000E+3	1,000000E+0	65,529000E+3
569	65,521000E+3	51,000000E+0	0,000000E+0	65,529000E+3
570	4,000000E+0	65,512000E+3	0,000000E+0	65,527000E+3
571	65,528000E+3	42,000000E+0	0,000000E+0	65,527000E+3
572	7,000000E+0	65,523000E+3	3,000000E+0	65,528000E+3
573	65,531000E+3	48,000000E+0	1,000000E+0	65,528000E+3
574	1,000000E+0	65,532000E+3	3,000000E+0	65,528000E+3
575	65,532000E+3	27,000000E+0	1,000000E+0	65,528000E+3
576	65,534000E+3	14,000000E+0	4,000000E+0	65,528000E+3
577	65,523000E+3	13,000000E+0	3,000000E+0	65,528000E+3
578	65,529000E+3	15,000000E+0	3,000000E+0	65,529000E+3
579	65,522000E+3	8,000000E+0	3,000000E+0	65,529000E+3
580	65,523000E+3	10,000000E+0	2,000000E+0	65,528000E+3
581	65,523000E+3	3,000000E+0	2,000000E+0	65,528000E+3
582	65,522000E+3	20,000000E+0	1,000000E+0	65,528000E+3
583	65,524000E+3	3,000000E+0	0,000000E+0	65,528000E+3
584	65,522000E+3	31,000000E+0	1,000000E+0	65,528000E+3
585	65,525000E+3	4,000000E+0	0,000000E+0	65,528000E+3
586	65,516000E+3	35,000000E+0	1,000000E+0	65,528000E+3
587	65,532000E+3	4,000000E+0	0,000000E+0	65,528000E+3
588	65,524000E+3	45,000000E+0	0,000000E+0	65,528000E+3
589	65,533000E+3	2,000000E+0	0,000000E+0	65,530000E+3
590	65,519000E+3	51,000000E+0	2,000000E+0	65,530000E+3
591	65,533000E+3	65,528000E+3	0,000000E+0	65,530000E+3
592	65,516000E+3	62,000000E+0	4,000000E+0	65,532000E+3
593	65,530000E+3	65,520000E+3	0,000000E+0	65,533000E+3
594	65,511000E+3	58,000000E+0	0,000000E+0	65,534000E+3
595	65,527000E+3	65,528000E+3	0,000000E+0	65,532000E+3
596	65,511000E+3	47,000000E+0	0,000000E+0	65,532000E+3
597	65,530000E+3	0,000000E+0	65,535000E+3	65,532000E+3
598	65,510000E+3	34,000000E+0	0,000000E+0	65,530000E+3
599	65,528000E+3	8,000000E+0	65,526000E+3	65,531000E+3
600	65,514000E+3	16,000000E+0	65,534000E+3	65,528000E+3
601	65,528000E+3	13,000000E+0	65,527000E+3	65,529000E+3
602	65,523000E+3	6,000000E+0	0,000000E+0	65,525000E+3
603	65,527000E+3	10,000000E+0	65,528000E+3	65,527000E+3
604	65,524000E+3	5,000000E+0	65,534000E+3	65,525000E+3
605	65,524000E+3	7,000000E+0	65,534000E+3	65,518000E+3
606	65,524000E+3	7,000000E+0	0,000000E+0	65,526000E+3
607	65,526000E+3	9,000000E+0	2,000000E+0	65,519000E+3
608	65,524000E+3	8,000000E+0	0,000000E+0	0,000000E+0
609	65,525000E+3	6,000000E+0	14,000000E+0	65,521000E+3
610	65,523000E+3	8,000000E+0	9,000000E+0	6,000000E+0
611	65,532000E+3	10,000000E+0	24,000000E+0	65,520000E+3
612	65,532000E+3	12,000000E+0	13,000000E+0	16,000000E+0
613	65,534000E+3	9,000000E+0	21,000000E+0	65,510000E+3
614	65,532000E+3	11,000000E+0	1,000000E+0	11,000000E+0
615	65,530000E+3	11,000000E+0	8,000000E+0	65,520000E+3
616	65,532000E+3	10,000000E+0	65,535000E+3	0,000000E+0
617	65,534000E+3	9,000000E+0	7,000000E+0	65,514000E+3
618	65,534000E+3	13,000000E+0	65,534000E+3	0,000000E+0
619	65,534000E+3	7,000000E+0	6,000000E+0	65,507000E+3
620	65,535000E+3	17,000000E+0	2,000000E+0	2,000000E+0
621	0,000000E+0	10,000000E+0	11,000000E+0	65,518000E+3
622	65,535000E+3	11,000000E+0	8,000000E+0	0,000000E+0
623	65,532000E+3	11,000000E+0	10,000000E+0	65,517000E+3
624	65,528000E+3	10,000000E+0	3,000000E+0	65,527000E+3
625	65,529000E+3	10,000000E+0	10,000000E+0	65,518000E+3
626	65,529000E+3	10,000000E+0	9,000000E+0	65,520000E+3
627	65,532000E+3	10,000000E+0	16,000000E+0	65,520000E+3
628	65,532000E+3	10,000000E+0	13,000000E+0	65,518000E+3
629	65,534000E+3	10,000000E+0	17,000000E+0	65,532000E+3
630	65,534000E+3	10,000000E+0	15,000000E+0	65,521000E+3
631	65,535000E+3	10,000000E+0	16,000000E+0	65,533000E+3
632	65,534000E+3	10,000000E+0	18,000000E+0	65,515000E+3
633	0,000000E+0	10,000000E+0	17,000000E+0	65,533000E+3
634	65,535000E+3	10,000000E+0	23,000000E+0	65,508000E+3
635	0,000000E+0	7,000000E+0	9,000000E+0	65,532000E+3
636	65,535000E+3	7,000000E+0	7,000000E+0	65,503000E+3
637	65,534000E+3	7,000000E+0	0,000000E+0	1,000000E+0
638	65,532000E+3	6,000000E+0	8,000000E+0	65,487000E+3
639	65,529000E+3	6,000000E+0	0,000000E+0	0,000000E+0
640	65,530000E+3	6,000000E+0	11,000000E+0	65,488000E+3
641	65,532000E+3	3,000000E+0	2,000000E+0	65,535000E+3
642	65,534000E+3	4,000000E+0	15,000000E+0	65,493000E+3
643	0,000000E+0	2,000000E+0	4,000000E+0	65,534000E+3
644	0,000000E+0	6,000000E+0	13,000000E+0	65,492000E+3
645	0,000000E+0	4,000000E+0	5,000000E+0	65,530000E+3
646	65,535000E+3	3,000000E+0	13,000000E+0	65,502000E+3
647	3,000000E+0	7,000000E+0	6,000000E+0	65,527000E+3
648	65,533000E+3	6,000000E+0	13,000000E+0	65,519000E+3
649	4,000000E+0	5,000000E+0	7,000000E+0	65,524000E+3
650	65,535000E+3	13,000000E+0	12,000000E+0	65,528000E+3
651	5,000000E+0	8,000000E+0	7,000000E+0	65,524000E+3
652	65,534000E+3	11,000000E+0	13,000000E+0	65,529000E+3
653	0,000000E+0	11,000000E+0	5,000000E+0	65,529000E+3
654	65,531000E+3	11,000000E+0	9,000000E+0	65,532000E+3
655	65,527000E+3	21,000000E+0	5,000000E+0	65,530000E+3
656	65,530000E+3	2,000000E+0	6,000000E+0	65,528000E+3
657	65,524000E+3	22,000000E+0	2,000000E+0	65,528000E+3
658	65,529000E+3	65,525000E+3	5,000000E+0	65,526000E+3
659	65,519000E+3	18,000000E+0	2,000000E+0	65,527000E+3
660	65,532000E+3	65,514000E+3	4,000000E+0	65,524000E+3
661	65,521000E+3	16,000000E+0	2,000000E+0	65,527000E+3
662	1,000000E+0	65,510000E+3	6,000000E+0	65,526000E+3
663	65,524000E+3	33,000000E+0	4,000000E+0	65,529000E+3
664	7,000000E+0	65,508000E+3	4,000000E+0	65,525000E+3
665	65,526000E+3	46,000000E+0	0,000000E+0	65,527000E+3
666	7,000000E+0	65,509000E+3	1,000000E+0	65,525000E+3
667	65,525000E+3	52,000000E+0	0,000000E+0	65,528000E+3
668	10,000000E+0	65,512000E+3	1,000000E+0	65,526000E+3
669	65,531000E+3	49,000000E+0	0,000000E+0	65,527000E+3
670	6,000000E+0	65,522000E+3	3,000000E+0	65,530000E+3
671	65,521000E+3	36,000000E+0	0,000000E+0	65,532000E+3
672	65,527000E+3	65,524000E+3	0,000000E+0	65,531000E+3
673	65,516000E+3	32,000000E+0	0,000000E+0	65,529000E+3
674	65,524000E+3	0,000000E+0	3,000000E+0	65,528000E+3
675	65,524000E+3	23,000000E+0	3,000000E+0	65,529000E+3
676	65,535000E+3	27,000000E+0	5,000000E+0	65,531000E+3
677	65,532000E+3	9,000000E+0	5,000000E+0	65,530000E+3
678	65,530000E+3	12,000000E+0	4,000000E+0	65,529000E+3
679	65,524000E+3	0,000000E+0	2,000000E+0	65,529000E+3
680	65,520000E+3	20,000000E+0	0,000000E+0	65,530000E+3
681	65,522000E+3	2,000000E+0	0,000000E+0	65,529000E+3
682	65,522000E+3	31,000000E+0	0,000000E+0	65,529000E+3
683	65,524000E+3	1,000000E+0	0,000000E+0	65,528000E+3
684	65,514000E+3	35,000000E+0	0,000000E+0	65,529000E+3
685	65,530000E+3	4,000000E+0	0,000000E+0	65,529000E+3
686	65,522000E+3	43,000000E+0	1,000000E+0	65,530000E+3
687	65,534000E+3	0,000000E+0	0,000000E+0	65,531000E+3
688	65,519000E+3	50,000000E+0	3,000000E+0	65,532000E+3
689	65,535000E+3	65,530000E+3	2,000000E+0	65,531000E+3
690	65,516000E+3	63,000000E+0	4,000000E+0	65,532000E+3
691	65,529000E+3	65,518000E+3	0,000000E+0	65,533000E+3
692	65,511000E+3	57,000000E+0	0,000000E+0	65,535000E+3
693	65,527000E+3	65,527000E+3	65,534000E+3	65,533000E+3
694	65,511000E+3	51,000000E+0	0,000000E+0	65,533000E+3
695	65,529000E+3	0,000000E+0	65,532000E+3	65,533000E+3
696	65,509000E+3	35,000000E+0	65,534000E+3	65,530000E+3
697	65,528000E+3	8,000000E+0	65,525000E+3	65,533000E+3
698	65,515000E+3	16,000000E+0	65,534000E+3	65,529000E+3
699	65,529000E+3	13,000000E+0	65,528000E+3	65,530000E+3
700	65,523000E+3	6,000000E+0	0,000000E+0	65,524000E+3
701	65,526000E+3	9,000000E+0	65,529000E+3	65,528000E+3
702	65,522000E+3	4,000000E+0	0,000000E+0	65,526000E+3
703	65,523000E+3	7,000000E+0	65,535000E+3	65,518000E+3
704	65,522000E+3	6,000000E+0	0,000000E+0	65,526000E+3
705	65,526000E+3	9,000000E+0	2,000000E+0	65,518000E+3
706	65,523000E+3	7,000000E+0	0,000000E+0	0,000000E+0
707	65,525000E+3	5,000000E+0	15,000000E+0	65,517000E+3
708	65,523000E+3	9,000000E+0	9,000000E+0	5,000000E+0
709	65,531000E+3	9,000000E+0	25,000000E+0	65,519000E+3
710	65,532000E+3	12,000000E+0	12,000000E+0	16,000000E+0
711	65,534000E+3	10,000000E+0	19,000000E+0	65,513000E+3
712	65,531000E+3	11,000000E+0	1,000000E+0	7,000000E+0
713	65,529000E+3	9,000000E+0	9,000000E+0	65,514000E+3
714	65,531000E+3	11,000000E+0	0,000000E+0	5,000000E+0
715	65,534000E+3	12,000000E+0	8,000000E+0	65,517000E+3
716	65,534000E+3	13,000000E+0	0,000000E+0	0,000000E+0
717	65,534000E+3	5,000000E+0	7,000000E+0	65,506000E+3
718	0,000000E+0	17,000000E+0	4,000000E+0	0,000000E+0
719	0,000000E+0	10,000000E+0	14,000000E+0	65,517000E+3
720	65,535000E+3	10,000000E+0	10,000000E+0	0,000000E+0
721	65,532000E+3	9,000000E+0	12,000000E+0	65,517000E+3
722	65,527000E+3	10,000000E+0	2,000000E+0	65,527000E+3
723	65,529000E+3	9,000000E+0	5,000000E+0	65,517000E+3
724	65,527000E+3	9,000000E+0	8,000000E+0	65,520000E+3
725	65,531000E+3	10,000000E+0	15,000000E+0	65,519000E+3
726	65,532000E+3	9,000000E+0	13,000000E+0	65,517000E+3
727	65,533000E+3	10,000000E+0	18,000000E+0	65,532000E+3
728	65,533000E+3	10,000000E+0	17,000000E+0	65,522000E+3
729	65,535000E+3	9,000000E+0	17,000000E+0	65,535000E+3
730	65,534000E+3	9,000000E+0	19,000000E+0	65,514000E+3
731	65,534000E+3	9,000000E+0	18,000000E+0	65,530000E+3
732	65,534000E+3	10,000000E+0	24,000000E+0	65,509000E+3
733	65,535000E+3	6,000000E+0	9,000000E+0	65,535000E+3
734	65,535000E+3	6,000000E+0	9,000000E+0	65,498000E+3
735	65,533000E+3	6,000000E+0	0,000000E+0	2,000000E+0
736	65,532000E+3	6,000000E+0	9,000000E+0	65,490000E+3
737	65,529000E+3	6,000000E+0	0,000000E+0	0,000000E+0
738	65,529000E+3	5,000000E+0	10,000000E+0	65,486000E+3
739	65,531000E+3	4,000000E+0	2,000000E+0	0,000000E+0
740	65,533000E+3	3,000000E+0	16,000000E+0	65,492000E+3
741	0,000000E+0	2,000000E+0	5,000000E+0	65,533000E+3
742	65,535000E+3	5,000000E+0	14,000000E+0	65,493000E+3
743	0,000000E+0	4,000000E+0	4,000000E+0	65,530000E+3
744	65,535000E+3	3,000000E+0	12,000000E+0	65,502000E+3
745	2,000000E+0	7,000000E+0	6,000000E+0	65,528000E+3
746	65,533000E+3	6,000000E+0	13,000000E+0	65,520000E+3
747	4,000000E+0	6,000000E+0	8,000000E+0	65,525000E+3
748	65,534000E+3	13,000000E+0	11,000000E+0	65,528000E+3
749	3,000000E+0	9,000000E+0	7,000000E+0	65,523000E+3
750	65,535000E+3	11,000000E+0	12,000000E+0	65,530000E+3
751	0,000000E+0	11,000000E+0	6,000000E+0	65,529000E+3
752	65,531000E+3	10,000000E+0	9,000000E+0	65,532000E+3
753	65,527000E+3	20,000000E+0	4,000000E+0	65,530000E+3
754	65,528000E+3	2,000000E+0	6,000000E+0	65,528000E+3
755	65,524000E+3	21,000000E+0	2,000000E+0	65,528000E+3
756	65,530000E+3	65,525000E+3	5,000000E+0	65,527000E+3
757	65,519000E+3	12,000000E+0	1,000000E+0	65,526000E+3
758	65,533000E+3	65,514000E+3	4,000000E+0	65,524000E+3
759	65,521000E+3	15,000000E+0	2,000000E+0	65,526000E+3
760	1,000000E+0	65,511000E+3	6,000000E+0	65,526000E+3
761	65,526000E+3	27,000000E+0	2,000000E+0	65,528000E+3
762	7,000000E+0	65,509000E+3	4,000000E+0	65,525000E+3
763	65,526000E+3	46,000000E+0	1,000000E+0	65,526000E+3
764	7,000000E+0	65,511000E+3	2,000000E+0	65,524000E+3
765	65,528000E+3	50,000000E+0	0,000000E+0	65,526000E+3
766	9,000000E+0	65,513000E+3	1,000000E+0	65,525000E+3
767	65,530000E+3	50,000000E+0	0,000000E+0	65,526000E+3
768	5,000000E+0	65,521000E+3	2,000000E+0	65,528000E+3
769	65,520000E+3	42,000000E+0	0,000000E+0	65,534000E+3
770	65,527000E+3	65,523000E+3	0,000000E+0	65,531000E+3
771	65,515000E+3	31,000000E+0	0,000000E+0	65,529000E+3
772	65,524000E+3	0,000000E+0	3,000000E+0	65,528000E+3
773	65,523000E+3	24,000000E+0	3,000000E+0	65,528000E+3
774	65,535000E+3	24,000000E+0	4,000000E+0	65,529000E+3
775	65,534000E+3	10,000000E+0	5,000000E+0	65,529000E+3
776	65,530000E+3	12,000000E+0	4,000000E+0	65,530000E+3
777	65,524000E+3	2,000000E+0	3,000000E+0	65,530000E+3
778	65,522000E+3	15,000000E+0	0,000000E+0	65,529000E+3
779	65,524000E+3	65,512000E+3	0,000000E+0	65,529000E+3
780	65,523000E+3	31,000000E+0	1,000000E+0	65,529000E+3
781	65,525000E+3	3,000000E+0	0,000000E+0	65,528000E+3
782	65,512000E+3	42,000000E+0	0,000000E+0	65,530000E+3
783	65,530000E+3	65,526000E+3	1,000000E+0	65,529000E+3
784	65,520000E+3	52,000000E+0	0,000000E+0	65,529000E+3
785	65,535000E+3	65,515000E+3	3,000000E+0	65,528000E+3
786	65,520000E+3	64,000000E+0	3,000000E+0	65,533000E+3
787	0,000000E+0	65,529000E+3	3,000000E+0	65,532000E+3
788	65,518000E+3	65,000000E+0	5,000000E+0	65,533000E+3
789	65,531000E+3	65,520000E+3	1,000000E+0	65,533000E+3
790	65,511000E+3	54,000000E+0	0,000000E+0	65,534000E+3
791	65,527000E+3	65,533000E+3	65,534000E+3	65,533000E+3
792	65,510000E+3	50,000000E+0	65,535000E+3	65,531000E+3
793	65,529000E+3	0,000000E+0	65,531000E+3	65,532000E+3
794	65,511000E+3	32,000000E+0	65,534000E+3	65,529000E+3
795	65,529000E+3	8,000000E+0	65,527000E+3	65,530000E+3
796	65,517000E+3	18,000000E+0	65,535000E+3	65,528000E+3
797	65,530000E+3	15,000000E+0	65,528000E+3	65,530000E+3
798	65,525000E+3	8,000000E+0	0,000000E+0	65,524000E+3
799	65,527000E+3	9,000000E+0	65,530000E+3	65,526000E+3
800	65,522000E+3	4,000000E+0	0,000000E+0	65,525000E+3
801	65,522000E+3	6,000000E+0	65,534000E+3	65,519000E+3
802	65,522000E+3	5,000000E+0	0,000000E+0	65,526000E+3
803	65,526000E+3	8,000000E+0	0,000000E+0	65,519000E+3
804	65,524000E+3	8,000000E+0	0,000000E+0	0,000000E+0
805	65,525000E+3	5,000000E+0	13,000000E+0	65,522000E+3
806	65,523000E+3	9,000000E+0	10,000000E+0	7,000000E+0
807	65,532000E+3	9,000000E+0	23,000000E+0	65,519000E+3
808	65,532000E+3	13,000000E+0	12,000000E+0	15,000000E+0
809	65,534000E+3	11,000000E+0	21,000000E+0	65,509000E+3
810	65,532000E+3	12,000000E+0	0,000000E+0	6,000000E+0
811	65,531000E+3	10,000000E+0	7,000000E+0	65,516000E+3
812	65,532000E+3	12,000000E+0	0,000000E+0	5,000000E+0
813	65,535000E+3	12,000000E+0	9,000000E+0	65,514000E+3
814	65,534000E+3	13,000000E+0	65,535000E+3	0,000000E+0
815	65,534000E+3	8,000000E+0	8,000000E+0	65,505000E+3
816	0,000000E+0	17,000000E+0	3,000000E+0	1,000000E+0
817	0,000000E+0	11,000000E+0	12,000000E+0	65,518000E+3
818	65,535000E+3	11,000000E+0	10,000000E+0	0,000000E+0
819	65,532000E+3	9,000000E+0	10,000000E+0	65,515000E+3
820	65,527000E+3	10,000000E+0	1,000000E+0	65,526000E+3
821	65,529000E+3	9,000000E+0	8,000000E+0	65,516000E+3
822	65,530000E+3	10,000000E+0	8,000000E+0	65,519000E+3
823	65,534000E+3	10,000000E+0	16,000000E+0	65,521000E+3
824	65,532000E+3	10,000000E+0	13,000000E+0	65,519000E+3
825	65,535000E+3	10,000000E+0	17,000000E+0	65,534000E+3
826	65,534000E+3	10,000000E+0	15,000000E+0	65,522000E+3
827	65,535000E+3	10,000000E+0	16,000000E+0	65,533000E+3
828	65,534000E+3	10,000000E+0	18,000000E+0	65,515000E+3
829	65,534000E+3	10,000000E+0	16,000000E+0	0,000000E+0
830	65,535000E+3	10,000000E+0	24,000000E+0	65,509000E+3
831	65,535000E+3	6,000000E+0	8,000000E+0	0,000000E+0
832	0,000000E+0	6,000000E+0	8,000000E+0	65,499000E+3
833	65,535000E+3	7,000000E+0	0,000000E+0	2,000000E+0
834	65,533000E+3	6,000000E+0	8,000000E+0	65,488000E+3
835	65,529000E+3	6,000000E+0	0,000000E+0	65,535000E+3
836	65,530000E+3	6,000000E+0	11,000000E+0	65,490000E+3
837	65,532000E+3	4,000000E+0	2,000000E+0	65,530000E+3
838	65,534000E+3	3,000000E+0	14,000000E+0	65,492000E+3
839	0,000000E+0	4,000000E+0	5,000000E+0	65,534000E+3
840	0,000000E+0	6,000000E+0	13,000000E+0	65,490000E+3
841	0,000000E+0	5,000000E+0	4,000000E+0	65,527000E+3
842	0,000000E+0	3,000000E+0	14,000000E+0	65,504000E+3
843	3,000000E+0	8,000000E+0	6,000000E+0	65,529000E+3
844	65,535000E+3	6,000000E+0	13,000000E+0	65,518000E+3
845	4,000000E+0	7,000000E+0	7,000000E+0	65,523000E+3
846	65,535000E+3	12,000000E+0	12,000000E+0	65,528000E+3
847	5,000000E+0	10,000000E+0	6,000000E+0	65,522000E+3
848	65,535000E+3	10,000000E+0	12,000000E+0	65,530000E+3
849	0,000000E+0	10,000000E+0	5,000000E+0	65,529000E+3
850	65,530000E+3	10,000000E+0	9,000000E+0	65,532000E+3
851	65,527000E+3	22,000000E+0	6,000000E+0	65,531000E+3
852	65,530000E+3	3,000000E+0	6,000000E+0	65,528000E+3
853	65,524000E+3	21,000000E+0	2,000000E+0	65,528000E+3
854	65,529000E+3	65,526000E+3	5,000000E+0	65,526000E+3
855	65,519000E+3	23,000000E+0	1,000000E+0	65,526000E+3
856	65,534000E+3	65,514000E+3	4,000000E+0	65,524000E+3
857	65,522000E+3	13,000000E+0	2,000000E+0	65,527000E+3
858	2,000000E+0	65,511000E+3	6,000000E+0	65,526000E+3
859	65,525000E+3	29,000000E+0	3,000000E+0	65,528000E+3
860	7,000000E+0	65,510000E+3	4,000000E+0	65,524000E+3
861	65,527000E+3	42,000000E+0	0,000000E+0	65,527000E+3
862	9,000000E+0	65,510000E+3	2,000000E+0	65,524000E+3
863	65,527000E+3	54,000000E+0	0,000000E+0	65,528000E+3
864	8,000000E+0	65,512000E+3	1,000000E+0	65,526000E+3
865	65,529000E+3	51,000000E+0	0,000000E+0	65,526000E+3
866	5,000000E+0	65,523000E+3	2,000000E+0	65,528000E+3
867	65,520000E+3	44,000000E+0	0,000000E+0	65,534000E+3
868	65,526000E+3	65,523000E+3	0,000000E+0	65,530000E+3
869	65,513000E+3	27,000000E+0	0,000000E+0	65,528000E+3
870	65,524000E+3	0,000000E+0	3,000000E+0	65,527000E+3
871	65,523000E+3	27,000000E+0	3,000000E+0	65,528000E+3
872	65,535000E+3	24,000000E+0	4,000000E+0	65,529000E+3
873	65,535000E+3	8,000000E+0	5,000000E+0	65,528000E+3
874	65,532000E+3	12,000000E+0	4,000000E+0	65,529000E+3
875	65,525000E+3	0,000000E+0	3,000000E+0	65,529000E+3
876	65,521000E+3	21,000000E+0	0,000000E+0	65,529000E+3
877	65,522000E+3	1,000000E+0	0,000000E+0	65,529000E+3
878	65,523000E+3	32,000000E+0	1,000000E+0	65,529000E+3
879	65,522000E+3	2,000000E+0	0,000000E+0	65,529000E+3
880	65,514000E+3	36,000000E+0	1,000000E+0	65,528000E+3
881	65,530000E+3	8,000000E+0	0,000000E+0	65,529000E+3
882	65,522000E+3	44,000000E+0	0,000000E+0	65,530000E+3
883	65,533000E+3	1,000000E+0	0,000000E+0	65,532000E+3
884	65,520000E+3	52,000000E+0	3,000000E+0	65,531000E+3
885	65,533000E+3	65,533000E+3	2,000000E+0	65,531000E+3
886	65,515000E+3	65,000000E+0	3,000000E+0	65,532000E+3
887	65,529000E+3	65,518000E+3	0,000000E+0	65,533000E+3
888	65,511000E+3	56,000000E+0	0,000000E+0	65,534000E+3
889	65,526000E+3	65,535000E+3	65,535000E+3	65,531000E+3
890	65,512000E+3	50,000000E+0	65,535000E+3	65,532000E+3
891	65,528000E+3	0,000000E+0	65,533000E+3	65,531000E+3
892	65,509000E+3	34,000000E+0	0,000000E+0	65,530000E+3
893	65,528000E+3	7,000000E+0	65,526000E+3	65,533000E+3
894	65,514000E+3	17,000000E+0	65,534000E+3	65,528000E+3
895	65,529000E+3	14,000000E+0	65,528000E+3	65,529000E+3
896	65,524000E+3	7,000000E+0	0,000000E+0	65,524000E+3
897	65,526000E+3	10,000000E+0	65,529000E+3	65,527000E+3
898	65,521000E+3	4,000000E+0	65,535000E+3	65,525000E+3
899	65,522000E+3	7,000000E+0	65,535000E+3	65,519000E+3
900	65,522000E+3	6,000000E+0	65,535000E+3	65,525000E+3
901	65,526000E+3	9,000000E+0	1,000000E+0	65,518000E+3
902	65,524000E+3	8,000000E+0	0,000000E+0	0,000000E+0
903	65,525000E+3	5,000000E+0	15,000000E+0	65,519000E+3
904	65,522000E+3	9,000000E+0	8,000000E+0	6,000000E+0
905	65,531000E+3	10,000000E+0	24,000000E+0	65,524000E+3
906	65,532000E+3	12,000000E+0	12,000000E+0	16,000000E+0
907	65,534000E+3	11,000000E+0	19,000000E+0	65,516000E+3
908	65,531000E+3	13,000000E+0	1,000000E+0	7,000000E+0
909	65,530000E+3	6,000000E+0	9,000000E+0	65,514000E+3
910	65,534000E+3	2,000000E+0	4,000000E+0	10,000000E+0
911	0,000000E+0	6,000000E+0	17,000000E+0	65,521000E+3
912	65,535000E+3	11,000000E+0	2,000000E+0	5,000000E+0
913	65,533000E+3	13,000000E+0	9,000000E+0	65,517000E+3
914	65,534000E+3	11,000000E+0	0,000000E+0	0,000000E+0
915	65,534000E+3	12,000000E+0	6,000000E+0	65,515000E+3
916	65,529000E+3	11,000000E+0	0,000000E+0	65,530000E+3
917	65,528000E+3	11,000000E+0	5,000000E+0	65,514000E+3
918	65,527000E+3	11,000000E+0	3,000000E+0	65,526000E+3
919	65,531000E+3	10,000000E+0	14,000000E+0	65,518000E+3
920	65,531000E+3	10,000000E+0	14,000000E+0	65,520000E+3
921	65,534000E+3	10,000000E+0	21,000000E+0	65,521000E+3
922	65,532000E+3	8,000000E+0	15,000000E+0	65,520000E+3
923	65,530000E+3	10,000000E+0	17,000000E+0	65,533000E+3
924	65,530000E+3	10,000000E+0	14,000000E+0	65,521000E+3
925	65,534000E+3	10,000000E+0	14,000000E+0	65,534000E+3
926	65,534000E+3	10,000000E+0	17,000000E+0	65,514000E+3
927	0,000000E+0	10,000000E+0	19,000000E+0	65,533000E+3
928	65,535000E+3	10,000000E+0	27,000000E+0	65,509000E+3
929	65,535000E+3	7,000000E+0	10,000000E+0	65,533000E+3
930	65,535000E+3	7,000000E+0	8,000000E+0	65,503000E+3
931	65,533000E+3	6,000000E+0	0,000000E+0	0,000000E+0
932	65,532000E+3	6,000000E+0	7,000000E+0	65,488000E+3
933	65,528000E+3	5,000000E+0	0,000000E+0	65,535000E+3
934	65,530000E+3	5,000000E+0	12,000000E+0	65,487000E+3
935	65,531000E+3	3,000000E+0	4,000000E+0	0,000000E+0
936	65,532000E+3	3,000000E+0	16,000000E+0	65,492000E+3
937	0,000000E+0	2,000000E+0	6,000000E+0	65,533000E+3
938	65,535000E+3	5,000000E+0	15,000000E+0	65,490000E+3
939	0,000000E+0	5,000000E+0	4,000000E+0	65,529000E+3
940	0,000000E+0	4,000000E+0	14,000000E+0	65,500000E+3
941	2,000000E+0	7,000000E+0	6,000000E+0	65,528000E+3
942	65,534000E+3	6,000000E+0	13,000000E+0	65,519000E+3
943	3,000000E+0	5,000000E+0	7,000000E+0	65,523000E+3
944	0,000000E+0	13,000000E+0	13,000000E+0	65,529000E+3
945	4,000000E+0	9,000000E+0	7,000000E+0	65,524000E+3
946	65,534000E+3	11,000000E+0	12,000000E+0	65,529000E+3
947	0,000000E+0	11,000000E+0	5,000000E+0	65,527000E+3
948	65,529000E+3	11,000000E+0	9,000000E+0	65,531000E+3
949	65,526000E+3	21,000000E+0	5,000000E+0	65,530000E+3
950	65,529000E+3	3,000000E+0	6,000000E+0	65,529000E+3
951	65,524000E+3	24,000000E+0	2,000000E+0	65,528000E+3
952	65,529000E+3	65,525000E+3	4,000000E+0	65,526000E+3
953	65,518000E+3	18,000000E+0	1,000000E+0	65,525000E+3
954	65,533000E+3	65,514000E+3	5,000000E+0	65,524000E+3
955	65,522000E+3	20,000000E+0	3,000000E+0	65,527000E+3
956	2,000000E+0	65,511000E+3	6,000000E+0	65,526000E+3
957	65,525000E+3	32,000000E+0	3,000000E+0	65,528000E+3
958	6,000000E+0	65,509000E+3	4,000000E+0	65,524000E+3
959	65,526000E+3	42,000000E+0	0,000000E+0	65,529000E+3
960	4,000000E+0	65,510000E+3	1,000000E+0	65,526000E+3
961	65,525000E+3	54,000000E+0	0,000000E+0	65,533000E+3
962	7,000000E+0	65,511000E+3	0,000000E+0	65,527000E+3
963	65,527000E+3	46,000000E+0	0,000000E+0	65,528000E+3
964	3,000000E+0	65,522000E+3	0,000000E+0	65,528000E+3
965	65,517000E+3	55,000000E+0	65,535000E+3	0,000000E+0
966	65,525000E+3	65,519000E+3	0,000000E+0	65,525000E+3
967	65,513000E+3	29,000000E+0	65,533000E+3	65,527000E+3
968	65,526000E+3	0,000000E+0	3,000000E+0	65,527000E+3
969	65,525000E+3	28,000000E+0	4,000000E+0	65,529000E+3
970	65,535000E+3	21,000000E+0	6,000000E+0	65,529000E+3
971	65,535000E+3	9,000000E+0	6,000000E+0	65,530000E+3
972	65,532000E+3	13,000000E+0	5,000000E+0	65,530000E+3
973	65,526000E+3	0,000000E+0	1,000000E+0	65,530000E+3
974	65,521000E+3	21,000000E+0	0,000000E+0	65,530000E+3
975	65,521000E+3	0,000000E+0	0,000000E+0	65,530000E+3
976	65,520000E+3	33,000000E+0	0,000000E+0	65,530000E+3
977	65,524000E+3	3,000000E+0	0,000000E+0	65,529000E+3
978	65,514000E+3	37,000000E+0	0,000000E+0	65,530000E+3
979	65,532000E+3	3,000000E+0	0,000000E+0	65,529000E+3
980	65,522000E+3	45,000000E+0	0,000000E+0	65,530000E+3
981	65,535000E+3	0,000000E+0	0,000000E+0	65,532000E+3
982	65,519000E+3	49,000000E+0	3,000000E+0	65,532000E+3
983	65,534000E+3	65,525000E+3	0,000000E+0	65,531000E+3
984	65,516000E+3	64,000000E+0	3,000000E+0	65,533000E+3
985	65,530000E+3	65,519000E+3	0,000000E+0	65,533000E+3
986	65,511000E+3	57,000000E+0	0,000000E+0	65,534000E+3
987	65,527000E+3	65,531000E+3	65,534000E+3	65,533000E+3
988	65,511000E+3	47,000000E+0	0,000000E+0	65,532000E+3
989	65,530000E+3	1,000000E+0	65,532000E+3	65,531000E+3
990	65,510000E+3	34,000000E+0	0,000000E+0	65,529000E+3
991	65,528000E+3	7,000000E+0	65,525000E+3	65,531000E+3
992	65,515000E+3	16,000000E+0	65,535000E+3	65,528000E+3
993	65,529000E+3	14,000000E+0	65,528000E+3	65,529000E+3
994	65,524000E+3	7,000000E+0	0,000000E+0	65,523000E+3
995	65,528000E+3	11,000000E+0	65,528000E+3	65,526000E+3
996	65,523000E+3	4,000000E+0	65,535000E+3	65,525000E+3
997	65,523000E+3	6,000000E+0	65,534000E+3	65,518000E+3
998	65,523000E+3	6,000000E+0	0,000000E+0	65,526000E+3
999	65,527000E+3	9,000000E+0	0,000000E+0	65,516000E+3
1000	65,525000E+3	8,000000E+0	0,000000E+0	0,000000E+0
