vendredi 13 décembre 2024	11:09:02	Sampling Period : 50  ms		Experiment

t	Alpha1L		Alpha2L		Alpha1R		Alpha2R		T_Alpha1L	T_Alpha2L	T_Alpha1R	T_Alpha2R
0	1,022000E+3	1,022000E+3	1,026000E+3	1,025000E+3
1	1,021000E+3	1,022000E+3	1,026000E+3	1,024000E+3
2	1,021000E+3	1,023000E+3	1,026000E+3	1,024000E+3
3	1,021000E+3	1,024000E+3	1,026000E+3	1,023000E+3
4	1,021000E+3	1,026000E+3	1,026000E+3	1,021000E+3
5	1,021000E+3	1,029000E+3	1,026000E+3	1,019000E+3
6	1,020000E+3	1,032000E+3	1,026000E+3	1,016000E+3
7	1,020000E+3	1,035000E+3	1,026000E+3	1,013000E+3
8	1,018000E+3	1,039000E+3	1,027000E+3	1,010000E+3
9	1,017000E+3	1,041000E+3	1,027000E+3	1,008000E+3
10	1,015000E+3	1,044000E+3	1,028000E+3	1,004000E+3
11	1,014000E+3	1,047000E+3	1,030000E+3	1,001000E+3
12	1,013000E+3	1,050000E+3	1,031000E+3	998,000000E+0
13	1,012000E+3	1,053000E+3	1,032000E+3	995,000000E+0
14	1,010000E+3	1,056000E+3	1,034000E+3	992,000000E+0
15	1,009000E+3	1,060000E+3	1,035000E+3	990,000000E+0
16	1,007000E+3	1,062000E+3	1,037000E+3	987,000000E+0
17	1,007000E+3	1,065000E+3	1,039000E+3	984,000000E+0
18	1,005000E+3	1,067000E+3	1,041000E+3	982,000000E+0
19	1,003000E+3	1,070000E+3	1,042000E+3	979,000000E+0
20	1,002000E+3	1,073000E+3	1,043000E+3	976,000000E+0
21	1,001000E+3	1,075000E+3	1,045000E+3	973,000000E+0
22	999,000000E+0	1,078000E+3	1,046000E+3	970,000000E+0
23	998,000000E+0	1,081000E+3	1,047000E+3	967,000000E+0
24	996,000000E+0	1,085000E+3	1,049000E+3	964,000000E+0
25	996,000000E+0	1,088000E+3	1,050000E+3	961,000000E+0
26	994,000000E+0	1,090000E+3	1,051000E+3	958,000000E+0
27	993,000000E+0	1,093000E+3	1,052000E+3	955,000000E+0
28	992,000000E+0	1,096000E+3	1,054000E+3	952,000000E+0
29	992,000000E+0	1,099000E+3	1,055000E+3	949,000000E+0
30	990,000000E+0	1,102000E+3	1,056000E+3	945,000000E+0
31	989,000000E+0	1,104000E+3	1,057000E+3	943,000000E+0
32	987,000000E+0	1,108000E+3	1,059000E+3	940,000000E+0
33	986,000000E+0	1,110000E+3	1,060000E+3	938,000000E+0
34	984,000000E+0	1,113000E+3	1,061000E+3	935,000000E+0
35	983,000000E+0	1,116000E+3	1,062000E+3	932,000000E+0
36	981,000000E+0	1,119000E+3	1,064000E+3	929,000000E+0
37	980,000000E+0	1,121000E+3	1,065000E+3	927,000000E+0
38	978,000000E+0	1,124000E+3	1,067000E+3	924,000000E+0
39	977,000000E+0	1,127000E+3	1,068000E+3	921,000000E+0
40	976,000000E+0	1,129000E+3	1,069000E+3	918,000000E+0
41	975,000000E+0	1,131000E+3	1,070000E+3	916,000000E+0
42	973,000000E+0	1,135000E+3	1,071000E+3	913,000000E+0
43	972,000000E+0	1,137000E+3	1,073000E+3	911,000000E+0
44	972,000000E+0	1,140000E+3	1,074000E+3	907,000000E+0
45	971,000000E+0	1,143000E+3	1,075000E+3	904,000000E+0
46	969,000000E+0	1,145000E+3	1,076000E+3	902,000000E+0
47	969,000000E+0	1,148000E+3	1,077000E+3	900,000000E+0
48	967,000000E+0	1,151000E+3	1,079000E+3	898,000000E+0
49	966,000000E+0	1,153000E+3	1,080000E+3	895,000000E+0
50	965,000000E+0	1,156000E+3	1,081000E+3	892,000000E+0
51	964,000000E+0	1,159000E+3	1,082000E+3	890,000000E+0
52	962,000000E+0	1,161000E+3	1,083000E+3	887,000000E+0
53	961,000000E+0	1,164000E+3	1,085000E+3	884,000000E+0
54	960,000000E+0	1,166000E+3	1,086000E+3	882,000000E+0
55	958,000000E+0	1,169000E+3	1,088000E+3	879,000000E+0
56	957,000000E+0	1,172000E+3	1,088000E+3	876,000000E+0
57	956,000000E+0	1,174000E+3	1,089000E+3	874,000000E+0
58	954,000000E+0	1,177000E+3	1,090000E+3	871,000000E+0
59	953,000000E+0	1,180000E+3	1,092000E+3	869,000000E+0
60	952,000000E+0	1,182000E+3	1,093000E+3	867,000000E+0
61	951,000000E+0	1,184000E+3	1,094000E+3	865,000000E+0
62	950,000000E+0	1,187000E+3	1,095000E+3	861,000000E+0
63	949,000000E+0	1,189000E+3	1,096000E+3	859,000000E+0
64	947,000000E+0	1,192000E+3	1,098000E+3	856,000000E+0
65	946,000000E+0	1,194000E+3	1,098000E+3	853,000000E+0
66	945,000000E+0	1,197000E+3	1,099000E+3	850,000000E+0
67	944,000000E+0	1,199000E+3	1,100000E+3	848,000000E+0
68	943,000000E+0	1,202000E+3	1,102000E+3	846,000000E+0
69	942,000000E+0	1,204000E+3	1,103000E+3	844,000000E+0
70	941,000000E+0	1,207000E+3	1,104000E+3	841,000000E+0
71	939,000000E+0	1,209000E+3	1,105000E+3	839,000000E+0
72	938,000000E+0	1,212000E+3	1,106000E+3	837,000000E+0
73	937,000000E+0	1,214000E+3	1,108000E+3	834,000000E+0
74	936,000000E+0	1,217000E+3	1,109000E+3	831,000000E+0
75	935,000000E+0	1,219000E+3	1,110000E+3	829,000000E+0
76	934,000000E+0	1,222000E+3	1,111000E+3	826,000000E+0
77	933,000000E+0	1,223000E+3	1,112000E+3	824,000000E+0
78	932,000000E+0	1,226000E+3	1,113000E+3	822,000000E+0
79	930,000000E+0	1,228000E+3	1,114000E+3	819,000000E+0
80	930,000000E+0	1,230000E+3	1,116000E+3	817,000000E+0
81	928,000000E+0	1,233000E+3	1,117000E+3	815,000000E+0
82	928,000000E+0	1,236000E+3	1,118000E+3	813,000000E+0
83	927,000000E+0	1,238000E+3	1,119000E+3	811,000000E+0
84	925,000000E+0	1,240000E+3	1,120000E+3	808,000000E+0
85	925,000000E+0	1,242000E+3	1,120000E+3	806,000000E+0
86	923,000000E+0	1,244000E+3	1,122000E+3	804,000000E+0
87	923,000000E+0	1,246000E+3	1,123000E+3	801,000000E+0
88	922,000000E+0	1,249000E+3	1,124000E+3	799,000000E+0
89	921,000000E+0	1,251000E+3	1,125000E+3	797,000000E+0
90	920,000000E+0	1,253000E+3	1,125000E+3	794,000000E+0
91	919,000000E+0	1,256000E+3	1,127000E+3	792,000000E+0
92	918,000000E+0	1,258000E+3	1,128000E+3	790,000000E+0
93	917,000000E+0	1,260000E+3	1,129000E+3	788,000000E+0
94	915,000000E+0	1,263000E+3	1,130000E+3	785,000000E+0
95	914,000000E+0	1,265000E+3	1,131000E+3	783,000000E+0
96	913,000000E+0	1,267000E+3	1,132000E+3	781,000000E+0
97	912,000000E+0	1,269000E+3	1,132000E+3	778,000000E+0
98	911,000000E+0	1,271000E+3	1,134000E+3	776,000000E+0
99	910,000000E+0	1,274000E+3	1,135000E+3	774,000000E+0
100	909,000000E+0	1,276000E+3	1,136000E+3	772,000000E+0
101	908,000000E+0	1,278000E+3	1,137000E+3	769,000000E+0
102	907,000000E+0	1,280000E+3	1,137000E+3	767,000000E+0
103	906,000000E+0	1,282000E+3	1,139000E+3	765,000000E+0
104	905,000000E+0	1,284000E+3	1,139000E+3	763,000000E+0
105	904,000000E+0	1,287000E+3	1,141000E+3	761,000000E+0
106	903,000000E+0	1,289000E+3	1,141000E+3	759,000000E+0
107	902,000000E+0	1,291000E+3	1,142000E+3	757,000000E+0
108	901,000000E+0	1,294000E+3	1,144000E+3	755,000000E+0
109	901,000000E+0	1,295000E+3	1,144000E+3	753,000000E+0
110	900,000000E+0	1,297000E+3	1,146000E+3	751,000000E+0
111	899,000000E+0	1,299000E+3	1,146000E+3	748,000000E+0
112	898,000000E+0	1,301000E+3	1,147000E+3	746,000000E+0
113	897,000000E+0	1,303000E+3	1,149000E+3	744,000000E+0
114	896,000000E+0	1,305000E+3	1,149000E+3	743,000000E+0
115	895,000000E+0	1,307000E+3	1,150000E+3	741,000000E+0
116	894,000000E+0	1,309000E+3	1,151000E+3	739,000000E+0
117	893,000000E+0	1,311000E+3	1,152000E+3	737,000000E+0
118	892,000000E+0	1,313000E+3	1,153000E+3	734,000000E+0
119	891,000000E+0	1,315000E+3	1,153000E+3	732,000000E+0
120	891,000000E+0	1,317000E+3	1,154000E+3	730,000000E+0
121	890,000000E+0	1,318000E+3	1,155000E+3	728,000000E+0
122	889,000000E+0	1,321000E+3	1,157000E+3	727,000000E+0
123	887,000000E+0	1,323000E+3	1,158000E+3	725,000000E+0
124	887,000000E+0	1,326000E+3	1,159000E+3	724,000000E+0
125	886,000000E+0	1,327000E+3	1,159000E+3	722,000000E+0
126	885,000000E+0	1,328000E+3	1,160000E+3	720,000000E+0
127	884,000000E+0	1,331000E+3	1,161000E+3	718,000000E+0
128	883,000000E+0	1,332000E+3	1,161000E+3	716,000000E+0
129	883,000000E+0	1,334000E+3	1,163000E+3	714,000000E+0
130	882,000000E+0	1,335000E+3	1,163000E+3	712,000000E+0
131	881,000000E+0	1,337000E+3	1,164000E+3	710,000000E+0
132	880,000000E+0	1,340000E+3	1,165000E+3	708,000000E+0
133	879,000000E+0	1,342000E+3	1,166000E+3	706,000000E+0
134	879,000000E+0	1,343000E+3	1,167000E+3	704,000000E+0
135	878,000000E+0	1,345000E+3	1,167000E+3	703,000000E+0
136	877,000000E+0	1,347000E+3	1,168000E+3	701,000000E+0
137	876,000000E+0	1,348000E+3	1,169000E+3	699,000000E+0
138	875,000000E+0	1,350000E+3	1,170000E+3	698,000000E+0
139	874,000000E+0	1,352000E+3	1,171000E+3	696,000000E+0
140	873,000000E+0	1,354000E+3	1,172000E+3	694,000000E+0
141	873,000000E+0	1,356000E+3	1,172000E+3	692,000000E+0
142	872,000000E+0	1,357000E+3	1,173000E+3	690,000000E+0
143	871,000000E+0	1,359000E+3	1,174000E+3	688,000000E+0
144	870,000000E+0	1,361000E+3	1,174000E+3	687,000000E+0
145	870,000000E+0	1,362000E+3	1,175000E+3	685,000000E+0
146	869,000000E+0	1,364000E+3	1,176000E+3	683,000000E+0
147	868,000000E+0	1,366000E+3	1,177000E+3	682,000000E+0
148	867,000000E+0	1,367000E+3	1,178000E+3	681,000000E+0
149	866,000000E+0	1,369000E+3	1,178000E+3	679,000000E+0
150	866,000000E+0	1,370000E+3	1,179000E+3	677,000000E+0
151	865,000000E+0	1,371000E+3	1,180000E+3	675,000000E+0
152	864,000000E+0	1,373000E+3	1,181000E+3	674,000000E+0
153	864,000000E+0	1,375000E+3	1,181000E+3	672,000000E+0
154	863,000000E+0	1,377000E+3	1,182000E+3	671,000000E+0
155	862,000000E+0	1,378000E+3	1,183000E+3	670,000000E+0
156	861,000000E+0	1,380000E+3	1,184000E+3	668,000000E+0
157	861,000000E+0	1,382000E+3	1,185000E+3	666,000000E+0
158	860,000000E+0	1,383000E+3	1,185000E+3	664,000000E+0
159	859,000000E+0	1,384000E+3	1,186000E+3	663,000000E+0
160	859,000000E+0	1,386000E+3	1,187000E+3	662,000000E+0
161	858,000000E+0	1,388000E+3	1,187000E+3	661,000000E+0
162	857,000000E+0	1,389000E+3	1,188000E+3	659,000000E+0
163	857,000000E+0	1,390000E+3	1,189000E+3	658,000000E+0
164	856,000000E+0	1,392000E+3	1,189000E+3	656,000000E+0
165	855,000000E+0	1,393000E+3	1,190000E+3	655,000000E+0
166	855,000000E+0	1,395000E+3	1,190000E+3	653,000000E+0
167	854,000000E+0	1,396000E+3	1,191000E+3	651,000000E+0
168	854,000000E+0	1,397000E+3	1,192000E+3	650,000000E+0
169	853,000000E+0	1,398000E+3	1,192000E+3	648,000000E+0
170	852,000000E+0	1,400000E+3	1,193000E+3	647,000000E+0
171	852,000000E+0	1,401000E+3	1,194000E+3	647,000000E+0
172	851,000000E+0	1,403000E+3	1,195000E+3	645,000000E+0
173	851,000000E+0	1,404000E+3	1,195000E+3	644,000000E+0
174	850,000000E+0	1,406000E+3	1,196000E+3	642,000000E+0
175	849,000000E+0	1,406000E+3	1,196000E+3	641,000000E+0
176	849,000000E+0	1,408000E+3	1,196000E+3	640,000000E+0
177	848,000000E+0	1,409000E+3	1,197000E+3	639,000000E+0
178	848,000000E+0	1,411000E+3	1,198000E+3	637,000000E+0
179	847,000000E+0	1,412000E+3	1,198000E+3	636,000000E+0
180	846,000000E+0	1,413000E+3	1,199000E+3	635,000000E+0
181	846,000000E+0	1,414000E+3	1,199000E+3	633,000000E+0
182	845,000000E+0	1,416000E+3	1,200000E+3	633,000000E+0
183	845,000000E+0	1,417000E+3	1,201000E+3	631,000000E+0
184	844,000000E+0	1,417000E+3	1,201000E+3	630,000000E+0
185	844,000000E+0	1,419000E+3	1,202000E+3	628,000000E+0
186	844,000000E+0	1,420000E+3	1,202000E+3	627,000000E+0
187	843,000000E+0	1,421000E+3	1,203000E+3	627,000000E+0
188	843,000000E+0	1,423000E+3	1,203000E+3	626,000000E+0
189	842,000000E+0	1,424000E+3	1,203000E+3	625,000000E+0
190	842,000000E+0	1,425000E+3	1,204000E+3	624,000000E+0
191	841,000000E+0	1,426000E+3	1,205000E+3	622,000000E+0
192	841,000000E+0	1,427000E+3	1,205000E+3	621,000000E+0
193	840,000000E+0	1,427000E+3	1,206000E+3	620,000000E+0
194	840,000000E+0	1,429000E+3	1,206000E+3	619,000000E+0
195	839,000000E+0	1,430000E+3	1,207000E+3	618,000000E+0
196	839,000000E+0	1,430000E+3	1,207000E+3	616,000000E+0
197	838,000000E+0	1,431000E+3	1,207000E+3	615,000000E+0
198	838,000000E+0	1,433000E+3	1,208000E+3	615,000000E+0
199	838,000000E+0	1,434000E+3	1,208000E+3	614,000000E+0
200	837,000000E+0	1,434000E+3	1,209000E+3	613,000000E+0
201	837,000000E+0	1,435000E+3	1,209000E+3	612,000000E+0
202	836,000000E+0	1,436000E+3	1,210000E+3	611,000000E+0
203	835,000000E+0	1,437000E+3	1,210000E+3	611,000000E+0
204	835,000000E+0	1,438000E+3	1,210000E+3	610,000000E+0
205	835,000000E+0	1,439000E+3	1,210000E+3	609,000000E+0
206	834,000000E+0	1,441000E+3	1,211000E+3	607,000000E+0
207	833,000000E+0	1,441000E+3	1,211000E+3	606,000000E+0
208	834,000000E+0	1,442000E+3	1,212000E+3	605,000000E+0
209	833,000000E+0	1,442000E+3	1,212000E+3	605,000000E+0
210	833,000000E+0	1,443000E+3	1,212000E+3	604,000000E+0
211	832,000000E+0	1,444000E+3	1,213000E+3	603,000000E+0
212	831,000000E+0	1,445000E+3	1,213000E+3	603,000000E+0
213	832,000000E+0	1,446000E+3	1,213000E+3	602,000000E+0
214	831,000000E+0	1,446000E+3	1,214000E+3	601,000000E+0
215	831,000000E+0	1,447000E+3	1,215000E+3	600,000000E+0
216	830,000000E+0	1,448000E+3	1,215000E+3	599,000000E+0
217	831,000000E+0	1,449000E+3	1,215000E+3	599,000000E+0
218	830,000000E+0	1,449000E+3	1,216000E+3	598,000000E+0
219	830,000000E+0	1,449000E+3	1,216000E+3	597,000000E+0
220	830,000000E+0	1,450000E+3	1,216000E+3	596,000000E+0
221	829,000000E+0	1,451000E+3	1,216000E+3	596,000000E+0
222	829,000000E+0	1,451000E+3	1,217000E+3	596,000000E+0
223	829,000000E+0	1,452000E+3	1,217000E+3	595,000000E+0
224	828,000000E+0	1,452000E+3	1,217000E+3	594,000000E+0
225	828,000000E+0	1,452000E+3	1,217000E+3	594,000000E+0
226	828,000000E+0	1,453000E+3	1,217000E+3	593,000000E+0
227	828,000000E+0	1,454000E+3	1,218000E+3	593,000000E+0
228	828,000000E+0	1,455000E+3	1,218000E+3	592,000000E+0
229	827,000000E+0	1,455000E+3	1,218000E+3	592,000000E+0
230	827,000000E+0	1,455000E+3	1,218000E+3	592,000000E+0
231	827,000000E+0	1,456000E+3	1,218000E+3	591,000000E+0
232	826,000000E+0	1,456000E+3	1,219000E+3	591,000000E+0
233	826,000000E+0	1,457000E+3	1,219000E+3	590,000000E+0
234	826,000000E+0	1,457000E+3	1,219000E+3	590,000000E+0
235	826,000000E+0	1,458000E+3	1,219000E+3	589,000000E+0
236	825,000000E+0	1,458000E+3	1,219000E+3	589,000000E+0
237	825,000000E+0	1,458000E+3	1,220000E+3	589,000000E+0
238	826,000000E+0	1,458000E+3	1,220000E+3	589,000000E+0
239	825,000000E+0	1,458000E+3	1,220000E+3	588,000000E+0
240	825,000000E+0	1,459000E+3	1,220000E+3	588,000000E+0
241	825,000000E+0	1,460000E+3	1,220000E+3	588,000000E+0
242	825,000000E+0	1,460000E+3	1,220000E+3	587,000000E+0
243	825,000000E+0	1,460000E+3	1,220000E+3	588,000000E+0
244	824,000000E+0	1,460000E+3	1,220000E+3	588,000000E+0
245	825,000000E+0	1,460000E+3	1,221000E+3	587,000000E+0
246	824,000000E+0	1,460000E+3	1,221000E+3	588,000000E+0
247	825,000000E+0	1,460000E+3	1,221000E+3	587,000000E+0
248	824,000000E+0	1,460000E+3	1,221000E+3	587,000000E+0
249	825,000000E+0	1,460000E+3	1,221000E+3	587,000000E+0
250	824,000000E+0	1,461000E+3	1,221000E+3	587,000000E+0
251	825,000000E+0	1,461000E+3	1,221000E+3	587,000000E+0
252	824,000000E+0	1,461000E+3	1,221000E+3	587,000000E+0
253	824,000000E+0	1,461000E+3	1,221000E+3	587,000000E+0
254	825,000000E+0	1,461000E+3	1,221000E+3	587,000000E+0
255	824,000000E+0	1,461000E+3	1,221000E+3	587,000000E+0
256	824,000000E+0	1,461000E+3	1,221000E+3	587,000000E+0
257	825,000000E+0	1,461000E+3	1,221000E+3	587,000000E+0
258	824,000000E+0	1,461000E+3	1,221000E+3	587,000000E+0
259	825,000000E+0	1,461000E+3	1,221000E+3	587,000000E+0
260	825,000000E+0	1,461000E+3	1,221000E+3	587,000000E+0
261	824,000000E+0	1,461000E+3	1,221000E+3	587,000000E+0
262	824,000000E+0	1,461000E+3	1,221000E+3	587,000000E+0
263	824,000000E+0	1,461000E+3	1,221000E+3	587,000000E+0
264	824,000000E+0	1,461000E+3	1,220000E+3	588,000000E+0
265	824,000000E+0	1,461000E+3	1,221000E+3	587,000000E+0
266	824,000000E+0	1,461000E+3	1,221000E+3	587,000000E+0
267	824,000000E+0	1,461000E+3	1,221000E+3	587,000000E+0
268	824,000000E+0	1,461000E+3	1,221000E+3	587,000000E+0
269	824,000000E+0	1,461000E+3	1,221000E+3	587,000000E+0
270	824,000000E+0	1,461000E+3	1,221000E+3	587,000000E+0
271	825,000000E+0	1,461000E+3	1,221000E+3	587,000000E+0
272	824,000000E+0	1,461000E+3	1,221000E+3	587,000000E+0
273	824,000000E+0	1,461000E+3	1,221000E+3	587,000000E+0
274	824,000000E+0	1,461000E+3	1,221000E+3	587,000000E+0
275	825,000000E+0	1,461000E+3	1,221000E+3	587,000000E+0
276	824,000000E+0	1,461000E+3	1,221000E+3	587,000000E+0
277	824,000000E+0	1,461000E+3	1,221000E+3	587,000000E+0
278	824,000000E+0	1,461000E+3	1,221000E+3	587,000000E+0
279	824,000000E+0	1,461000E+3	1,221000E+3	587,000000E+0
280	824,000000E+0	1,461000E+3	1,221000E+3	587,000000E+0
281	824,000000E+0	1,461000E+3	1,221000E+3	587,000000E+0
282	824,000000E+0	1,461000E+3	1,221000E+3	587,000000E+0
283	824,000000E+0	1,461000E+3	1,221000E+3	587,000000E+0
284	824,000000E+0	1,461000E+3	1,221000E+3	587,000000E+0
285	824,000000E+0	1,461000E+3	1,221000E+3	587,000000E+0
286	825,000000E+0	1,461000E+3	1,221000E+3	587,000000E+0
287	824,000000E+0	1,461000E+3	1,221000E+3	587,000000E+0
288	824,000000E+0	1,461000E+3	1,221000E+3	587,000000E+0
289	824,000000E+0	1,461000E+3	1,221000E+3	587,000000E+0
290	824,000000E+0	1,461000E+3	1,221000E+3	587,000000E+0
291	824,000000E+0	1,461000E+3	1,221000E+3	587,000000E+0
292	824,000000E+0	1,461000E+3	1,221000E+3	587,000000E+0
293	824,000000E+0	1,461000E+3	1,221000E+3	587,000000E+0
294	824,000000E+0	1,461000E+3	1,221000E+3	587,000000E+0
295	824,000000E+0	1,461000E+3	1,221000E+3	587,000000E+0
296	824,000000E+0	1,461000E+3	1,221000E+3	587,000000E+0
297	824,000000E+0	1,461000E+3	1,221000E+3	587,000000E+0
298	824,000000E+0	1,461000E+3	1,221000E+3	587,000000E+0
299	825,000000E+0	1,461000E+3	1,221000E+3	587,000000E+0
300	824,000000E+0	1,461000E+3	1,221000E+3	587,000000E+0
301	824,000000E+0	1,461000E+3	1,221000E+3	587,000000E+0
302	825,000000E+0	1,461000E+3	1,221000E+3	587,000000E+0
303	824,000000E+0	1,461000E+3	1,221000E+3	587,000000E+0
304	824,000000E+0	1,461000E+3	1,221000E+3	587,000000E+0
305	825,000000E+0	1,461000E+3	1,221000E+3	587,000000E+0
306	824,000000E+0	1,461000E+3	1,221000E+3	587,000000E+0
307	824,000000E+0	1,461000E+3	1,221000E+3	587,000000E+0
308	824,000000E+0	1,461000E+3	1,221000E+3	588,000000E+0
309	824,000000E+0	1,461000E+3	1,221000E+3	587,000000E+0
310	824,000000E+0	1,461000E+3	1,221000E+3	587,000000E+0
311	824,000000E+0	1,461000E+3	1,221000E+3	587,000000E+0
312	824,000000E+0	1,461000E+3	1,221000E+3	587,000000E+0
313	824,000000E+0	1,461000E+3	1,221000E+3	587,000000E+0
314	824,000000E+0	1,461000E+3	1,220000E+3	587,000000E+0
315	824,000000E+0	1,461000E+3	1,221000E+3	587,000000E+0
316	824,000000E+0	1,461000E+3	1,221000E+3	587,000000E+0
317	824,000000E+0	1,461000E+3	1,221000E+3	587,000000E+0
318	824,000000E+0	1,461000E+3	1,221000E+3	588,000000E+0
319	824,000000E+0	1,461000E+3	1,221000E+3	587,000000E+0
320	824,000000E+0	1,461000E+3	1,221000E+3	587,000000E+0
321	824,000000E+0	1,461000E+3	1,221000E+3	587,000000E+0
322	824,000000E+0	1,461000E+3	1,221000E+3	587,000000E+0
323	824,000000E+0	1,461000E+3	1,221000E+3	587,000000E+0
324	824,000000E+0	1,461000E+3	1,221000E+3	587,000000E+0
325	825,000000E+0	1,461000E+3	1,221000E+3	587,000000E+0
326	824,000000E+0	1,461000E+3	1,221000E+3	587,000000E+0
327	824,000000E+0	1,461000E+3	1,221000E+3	587,000000E+0
328	824,000000E+0	1,461000E+3	1,221000E+3	587,000000E+0
329	824,000000E+0	1,461000E+3	1,221000E+3	587,000000E+0
330	824,000000E+0	1,461000E+3	1,221000E+3	587,000000E+0
331	824,000000E+0	1,461000E+3	1,221000E+3	587,000000E+0
332	824,000000E+0	1,461000E+3	1,221000E+3	587,000000E+0
333	824,000000E+0	1,461000E+3	1,221000E+3	587,000000E+0
334	824,000000E+0	1,461000E+3	1,221000E+3	587,000000E+0
335	824,000000E+0	1,461000E+3	1,221000E+3	587,000000E+0
336	824,000000E+0	1,461000E+3	1,221000E+3	587,000000E+0
337	824,000000E+0	1,461000E+3	1,221000E+3	587,000000E+0
338	825,000000E+0	1,461000E+3	1,221000E+3	587,000000E+0
339	824,000000E+0	1,461000E+3	1,221000E+3	587,000000E+0
340	824,000000E+0	1,461000E+3	1,221000E+3	587,000000E+0
341	825,000000E+0	1,461000E+3	1,221000E+3	587,000000E+0
342	824,000000E+0	1,461000E+3	1,221000E+3	587,000000E+0
343	824,000000E+0	1,461000E+3	1,221000E+3	587,000000E+0
344	824,000000E+0	1,461000E+3	1,221000E+3	587,000000E+0
345	824,000000E+0	1,461000E+3	1,221000E+3	587,000000E+0
346	824,000000E+0	1,461000E+3	1,221000E+3	587,000000E+0
347	824,000000E+0	1,461000E+3	1,221000E+3	587,000000E+0
348	824,000000E+0	1,461000E+3	1,221000E+3	587,000000E+0
349	824,000000E+0	1,461000E+3	1,221000E+3	587,000000E+0
350	824,000000E+0	1,461000E+3	1,221000E+3	587,000000E+0
351	825,000000E+0	1,461000E+3	1,221000E+3	587,000000E+0
352	824,000000E+0	1,461000E+3	1,221000E+3	587,000000E+0
353	824,000000E+0	1,461000E+3	1,221000E+3	587,000000E+0
354	824,000000E+0	1,461000E+3	1,221000E+3	587,000000E+0
355	824,000000E+0	1,461000E+3	1,221000E+3	588,000000E+0
356	824,000000E+0	1,461000E+3	1,221000E+3	588,000000E+0
357	824,000000E+0	1,461000E+3	1,221000E+3	587,000000E+0
358	824,000000E+0	1,461000E+3	1,221000E+3	587,000000E+0
359	824,000000E+0	1,461000E+3	1,221000E+3	587,000000E+0
360	824,000000E+0	1,461000E+3	1,221000E+3	587,000000E+0
361	824,000000E+0	1,461000E+3	1,221000E+3	587,000000E+0
362	824,000000E+0	1,461000E+3	1,221000E+3	587,000000E+0
363	824,000000E+0	1,461000E+3	1,221000E+3	587,000000E+0
364	824,000000E+0	1,461000E+3	1,221000E+3	587,000000E+0
365	824,000000E+0	1,461000E+3	1,221000E+3	587,000000E+0
366	824,000000E+0	1,461000E+3	1,221000E+3	587,000000E+0
367	824,000000E+0	1,461000E+3	1,221000E+3	587,000000E+0
368	824,000000E+0	1,461000E+3	1,221000E+3	587,000000E+0
369	824,000000E+0	1,461000E+3	1,221000E+3	588,000000E+0
370	824,000000E+0	1,461000E+3	1,221000E+3	587,000000E+0
371	824,000000E+0	1,461000E+3	1,221000E+3	587,000000E+0
372	824,000000E+0	1,461000E+3	1,221000E+3	587,000000E+0
373	824,000000E+0	1,461000E+3	1,221000E+3	587,000000E+0
374	825,000000E+0	1,461000E+3	1,221000E+3	587,000000E+0
375	824,000000E+0	1,461000E+3	1,221000E+3	587,000000E+0
376	824,000000E+0	1,461000E+3	1,220000E+3	587,000000E+0
377	824,000000E+0	1,461000E+3	1,221000E+3	587,000000E+0
378	824,000000E+0	1,461000E+3	1,221000E+3	587,000000E+0
379	824,000000E+0	1,461000E+3	1,221000E+3	587,000000E+0
380	824,000000E+0	1,461000E+3	1,221000E+3	587,000000E+0
381	824,000000E+0	1,461000E+3	1,221000E+3	587,000000E+0
382	824,000000E+0	1,461000E+3	1,221000E+3	587,000000E+0
383	824,000000E+0	1,461000E+3	1,221000E+3	588,000000E+0
384	824,000000E+0	1,461000E+3	1,221000E+3	587,000000E+0
385	824,000000E+0	1,461000E+3	1,221000E+3	587,000000E+0
386	824,000000E+0	1,461000E+3	1,221000E+3	587,000000E+0
387	824,000000E+0	1,461000E+3	1,221000E+3	587,000000E+0
388	824,000000E+0	1,461000E+3	1,220000E+3	587,000000E+0
389	825,000000E+0	1,461000E+3	1,221000E+3	587,000000E+0
390	824,000000E+0	1,461000E+3	1,221000E+3	587,000000E+0
391	824,000000E+0	1,461000E+3	1,221000E+3	587,000000E+0
392	824,000000E+0	1,461000E+3	1,221000E+3	587,000000E+0
393	824,000000E+0	1,461000E+3	1,221000E+3	587,000000E+0
394	824,000000E+0	1,461000E+3	1,221000E+3	587,000000E+0
395	824,000000E+0	1,461000E+3	1,221000E+3	587,000000E+0
396	824,000000E+0	1,461000E+3	1,221000E+3	587,000000E+0
397	824,000000E+0	1,461000E+3	1,221000E+3	587,000000E+0
398	824,000000E+0	1,461000E+3	1,221000E+3	587,000000E+0
399	824,000000E+0	1,461000E+3	1,221000E+3	587,000000E+0
400	824,000000E+0	1,461000E+3	1,221000E+3	587,000000E+0
401	824,000000E+0	1,461000E+3	1,221000E+3	587,000000E+0
402	824,000000E+0	1,461000E+3	1,221000E+3	587,000000E+0
403	824,000000E+0	1,461000E+3	1,221000E+3	588,000000E+0
404	824,000000E+0	1,461000E+3	1,221000E+3	587,000000E+0
405	824,000000E+0	1,461000E+3	1,221000E+3	587,000000E+0
406	824,000000E+0	1,461000E+3	1,221000E+3	587,000000E+0
407	824,000000E+0	1,461000E+3	1,221000E+3	587,000000E+0
408	824,000000E+0	1,461000E+3	1,221000E+3	587,000000E+0
409	824,000000E+0	1,461000E+3	1,221000E+3	587,000000E+0
410	824,000000E+0	1,461000E+3	1,221000E+3	587,000000E+0
411	824,000000E+0	1,461000E+3	1,221000E+3	587,000000E+0
412	824,000000E+0	1,461000E+3	1,221000E+3	587,000000E+0
413	824,000000E+0	1,461000E+3	1,221000E+3	587,000000E+0
414	824,000000E+0	1,461000E+3	1,221000E+3	587,000000E+0
415	824,000000E+0	1,461000E+3	1,221000E+3	587,000000E+0
416	824,000000E+0	1,461000E+3	1,221000E+3	587,000000E+0
417	824,000000E+0	1,461000E+3	1,221000E+3	587,000000E+0
418	824,000000E+0	1,461000E+3	1,221000E+3	587,000000E+0
419	824,000000E+0	1,461000E+3	1,221000E+3	587,000000E+0
420	824,000000E+0	1,461000E+3	1,221000E+3	587,000000E+0
421	824,000000E+0	1,461000E+3	1,221000E+3	587,000000E+0
422	824,000000E+0	1,460000E+3	1,221000E+3	587,000000E+0
423	824,000000E+0	1,461000E+3	1,221000E+3	587,000000E+0
424	824,000000E+0	1,461000E+3	1,221000E+3	587,000000E+0
425	824,000000E+0	1,461000E+3	1,221000E+3	587,000000E+0
426	824,000000E+0	1,461000E+3	1,221000E+3	588,000000E+0
427	824,000000E+0	1,461000E+3	1,221000E+3	587,000000E+0
428	824,000000E+0	1,461000E+3	1,221000E+3	587,000000E+0
429	824,000000E+0	1,461000E+3	1,221000E+3	587,000000E+0
430	824,000000E+0	1,461000E+3	1,221000E+3	587,000000E+0
431	824,000000E+0	1,461000E+3	1,221000E+3	587,000000E+0
432	824,000000E+0	1,461000E+3	1,221000E+3	587,000000E+0
433	824,000000E+0	1,461000E+3	1,221000E+3	587,000000E+0
434	824,000000E+0	1,461000E+3	1,221000E+3	587,000000E+0
435	824,000000E+0	1,461000E+3	1,221000E+3	587,000000E+0
436	824,000000E+0	1,461000E+3	1,221000E+3	587,000000E+0
437	824,000000E+0	1,461000E+3	1,221000E+3	587,000000E+0
438	824,000000E+0	1,461000E+3	1,221000E+3	587,000000E+0
439	824,000000E+0	1,461000E+3	1,221000E+3	587,000000E+0
440	824,000000E+0	1,461000E+3	1,221000E+3	587,000000E+0
441	824,000000E+0	1,461000E+3	1,221000E+3	587,000000E+0
442	824,000000E+0	1,461000E+3	1,221000E+3	587,000000E+0
443	824,000000E+0	1,461000E+3	1,221000E+3	588,000000E+0
444	824,000000E+0	1,461000E+3	1,221000E+3	587,000000E+0
445	824,000000E+0	1,462000E+3	1,221000E+3	587,000000E+0
446	824,000000E+0	1,461000E+3	1,221000E+3	587,000000E+0
447	824,000000E+0	1,461000E+3	1,221000E+3	587,000000E+0
448	824,000000E+0	1,461000E+3	1,221000E+3	587,000000E+0
449	825,000000E+0	1,461000E+3	1,221000E+3	587,000000E+0
450	824,000000E+0	1,461000E+3	1,221000E+3	587,000000E+0
451	824,000000E+0	1,461000E+3	1,221000E+3	587,000000E+0
452	824,000000E+0	1,461000E+3	1,221000E+3	587,000000E+0
453	824,000000E+0	1,461000E+3	1,221000E+3	587,000000E+0
454	824,000000E+0	1,461000E+3	1,221000E+3	587,000000E+0
455	824,000000E+0	1,461000E+3	1,221000E+3	587,000000E+0
456	824,000000E+0	1,461000E+3	1,221000E+3	587,000000E+0
457	824,000000E+0	1,461000E+3	1,221000E+3	587,000000E+0
458	824,000000E+0	1,461000E+3	1,221000E+3	587,000000E+0
459	824,000000E+0	1,461000E+3	1,221000E+3	588,000000E+0
460	824,000000E+0	1,461000E+3	1,221000E+3	587,000000E+0
461	824,000000E+0	1,461000E+3	1,221000E+3	587,000000E+0
462	824,000000E+0	1,461000E+3	1,221000E+3	587,000000E+0
463	824,000000E+0	1,461000E+3	1,221000E+3	587,000000E+0
464	824,000000E+0	1,461000E+3	1,221000E+3	587,000000E+0
465	824,000000E+0	1,461000E+3	1,221000E+3	587,000000E+0
466	824,000000E+0	1,461000E+3	1,221000E+3	587,000000E+0
467	824,000000E+0	1,461000E+3	1,221000E+3	587,000000E+0
468	824,000000E+0	1,461000E+3	1,221000E+3	587,000000E+0
469	824,000000E+0	1,461000E+3	1,221000E+3	587,000000E+0
470	824,000000E+0	1,461000E+3	1,221000E+3	587,000000E+0
471	824,000000E+0	1,461000E+3	1,221000E+3	587,000000E+0
472	824,000000E+0	1,461000E+3	1,221000E+3	587,000000E+0
473	824,000000E+0	1,461000E+3	1,221000E+3	587,000000E+0
474	824,000000E+0	1,461000E+3	1,221000E+3	587,000000E+0
475	824,000000E+0	1,461000E+3	1,221000E+3	587,000000E+0
476	824,000000E+0	1,461000E+3	1,221000E+3	587,000000E+0
477	824,000000E+0	1,461000E+3	1,221000E+3	587,000000E+0
478	824,000000E+0	1,461000E+3	1,221000E+3	587,000000E+0
479	824,000000E+0	1,461000E+3	1,221000E+3	587,000000E+0
480	824,000000E+0	1,461000E+3	1,221000E+3	587,000000E+0
481	824,000000E+0	1,461000E+3	1,221000E+3	587,000000E+0
482	824,000000E+0	1,461000E+3	1,221000E+3	587,000000E+0
483	824,000000E+0	1,461000E+3	1,221000E+3	587,000000E+0
484	824,000000E+0	1,461000E+3	1,221000E+3	587,000000E+0
485	824,000000E+0	1,461000E+3	1,221000E+3	587,000000E+0
486	824,000000E+0	1,461000E+3	1,221000E+3	587,000000E+0
487	824,000000E+0	1,461000E+3	1,221000E+3	587,000000E+0
488	824,000000E+0	1,461000E+3	1,221000E+3	587,000000E+0
489	824,000000E+0	1,461000E+3	1,221000E+3	587,000000E+0
490	825,000000E+0	1,461000E+3	1,221000E+3	587,000000E+0
491	824,000000E+0	1,461000E+3	1,221000E+3	587,000000E+0
492	824,000000E+0	1,461000E+3	1,221000E+3	587,000000E+0
493	824,000000E+0	1,461000E+3	1,221000E+3	587,000000E+0
494	824,000000E+0	1,461000E+3	1,221000E+3	587,000000E+0
495	824,000000E+0	1,461000E+3	1,221000E+3	587,000000E+0
496	824,000000E+0	1,461000E+3	1,221000E+3	587,000000E+0
497	824,000000E+0	1,461000E+3	1,221000E+3	587,000000E+0
498	824,000000E+0	1,461000E+3	1,221000E+3	587,000000E+0
499	824,000000E+0	1,461000E+3	1,221000E+3	587,000000E+0
500	824,000000E+0	1,461000E+3	1,221000E+3	587,000000E+0
501	824,000000E+0	1,461000E+3	1,221000E+3	587,000000E+0
502	824,000000E+0	1,461000E+3	1,221000E+3	587,000000E+0
503	824,000000E+0	1,461000E+3	1,221000E+3	587,000000E+0
504	824,000000E+0	1,461000E+3	1,221000E+3	587,000000E+0
505	824,000000E+0	1,461000E+3	1,221000E+3	587,000000E+0
506	824,000000E+0	1,461000E+3	1,222000E+3	583,000000E+0
507	824,000000E+0	1,461000E+3	1,224000E+3	578,000000E+0
508	824,000000E+0	1,461000E+3	1,228000E+3	567,000000E+0
509	824,000000E+0	1,461000E+3	1,232000E+3	554,000000E+0
510	823,000000E+0	1,461000E+3	1,240000E+3	536,000000E+0
511	824,000000E+0	1,461000E+3	1,247000E+3	518,000000E+0
512	823,000000E+0	1,462000E+3	1,257000E+3	497,000000E+0
513	822,000000E+0	1,461000E+3	1,267000E+3	475,000000E+0
514	821,000000E+0	1,462000E+3	1,278000E+3	450,000000E+0
515	823,000000E+0	1,462000E+3	1,290000E+3	426,000000E+0
516	823,000000E+0	1,462000E+3	1,304000E+3	402,000000E+0
517	823,000000E+0	1,462000E+3	1,318000E+3	380,000000E+0
518	823,000000E+0	1,462000E+3	1,332000E+3	356,000000E+0
519	823,000000E+0	1,462000E+3	1,346000E+3	335,000000E+0
520	823,000000E+0	1,462000E+3	1,360000E+3	313,000000E+0
521	823,000000E+0	1,462000E+3	1,372000E+3	295,000000E+0
522	823,000000E+0	1,462000E+3	1,385000E+3	276,000000E+0
523	823,000000E+0	1,462000E+3	1,397000E+3	262,000000E+0
524	823,000000E+0	1,462000E+3	1,408000E+3	250,000000E+0
525	823,000000E+0	1,462000E+3	1,419000E+3	239,000000E+0
526	824,000000E+0	1,462000E+3	1,428000E+3	232,000000E+0
527	824,000000E+0	1,462000E+3	1,436000E+3	226,000000E+0
528	824,000000E+0	1,462000E+3	1,443000E+3	223,000000E+0
529	824,000000E+0	1,462000E+3	1,448000E+3	223,000000E+0
530	824,000000E+0	1,462000E+3	1,453000E+3	226,000000E+0
531	824,000000E+0	1,462000E+3	1,456000E+3	229,000000E+0
532	825,000000E+0	1,462000E+3	1,459000E+3	237,000000E+0
533	825,000000E+0	1,462000E+3	1,460000E+3	246,000000E+0
534	825,000000E+0	1,462000E+3	1,459000E+3	260,000000E+0
535	826,000000E+0	1,462000E+3	1,459000E+3	274,000000E+0
536	827,000000E+0	1,462000E+3	1,457000E+3	292,000000E+0
537	827,000000E+0	1,462000E+3	1,453000E+3	312,000000E+0
538	829,000000E+0	1,462000E+3	1,448000E+3	331,000000E+0
539	830,000000E+0	1,462000E+3	1,441000E+3	356,000000E+0
540	831,000000E+0	1,462000E+3	1,434000E+3	378,000000E+0
541	833,000000E+0	1,462000E+3	1,424000E+3	405,000000E+0
542	834,000000E+0	1,462000E+3	1,414000E+3	430,000000E+0
543	836,000000E+0	1,462000E+3	1,403000E+3	457,000000E+0
544	837,000000E+0	1,461000E+3	1,391000E+3	482,000000E+0
545	840,000000E+0	1,461000E+3	1,379000E+3	509,000000E+0
546	844,000000E+0	1,460000E+3	1,367000E+3	528,000000E+0
547	847,000000E+0	1,460000E+3	1,356000E+3	554,000000E+0
548	852,000000E+0	1,459000E+3	1,343000E+3	571,000000E+0
549	856,000000E+0	1,457000E+3	1,332000E+3	587,000000E+0
550	861,000000E+0	1,455000E+3	1,322000E+3	597,000000E+0
551	867,000000E+0	1,453000E+3	1,312000E+3	603,000000E+0
552	874,000000E+0	1,449000E+3	1,303000E+3	604,000000E+0
553	883,000000E+0	1,444000E+3	1,296000E+3	604,000000E+0
554	892,000000E+0	1,439000E+3	1,288000E+3	602,000000E+0
555	901,000000E+0	1,436000E+3	1,281000E+3	599,000000E+0
556	908,000000E+0	1,438000E+3	1,276000E+3	596,000000E+0
557	914,000000E+0	1,442000E+3	1,271000E+3	594,000000E+0
558	916,000000E+0	1,455000E+3	1,265000E+3	591,000000E+0
559	918,000000E+0	1,469000E+3	1,261000E+3	590,000000E+0
560	915,000000E+0	1,491000E+3	1,257000E+3	589,000000E+0
561	909,000000E+0	1,511000E+3	1,253000E+3	589,000000E+0
562	901,000000E+0	1,538000E+3	1,250000E+3	588,000000E+0
563	890,000000E+0	1,564000E+3	1,248000E+3	588,000000E+0
564	878,000000E+0	1,592000E+3	1,245000E+3	587,000000E+0
565	864,000000E+0	1,620000E+3	1,242000E+3	586,000000E+0
566	848,000000E+0	1,646000E+3	1,240000E+3	584,000000E+0
567	835,000000E+0	1,672000E+3	1,240000E+3	585,000000E+0
568	820,000000E+0	1,697000E+3	1,239000E+3	585,000000E+0
569	803,000000E+0	1,724000E+3	1,238000E+3	586,000000E+0
570	788,000000E+0	1,744000E+3	1,238000E+3	585,000000E+0
571	771,000000E+0	1,767000E+3	1,236000E+3	585,000000E+0
572	754,000000E+0	1,781000E+3	1,234000E+3	585,000000E+0
573	738,000000E+0	1,798000E+3	1,231000E+3	585,000000E+0
574	723,000000E+0	1,811000E+3	1,229000E+3	585,000000E+0
575	709,000000E+0	1,822000E+3	1,228000E+3	585,000000E+0
576	695,000000E+0	1,829000E+3	1,227000E+3	584,000000E+0
577	683,000000E+0	1,835000E+3	1,226000E+3	585,000000E+0
578	671,000000E+0	1,835000E+3	1,226000E+3	584,000000E+0
579	661,000000E+0	1,835000E+3	1,225000E+3	585,000000E+0
580	652,000000E+0	1,831000E+3	1,225000E+3	585,000000E+0
581	645,000000E+0	1,825000E+3	1,224000E+3	584,000000E+0
582	639,000000E+0	1,815000E+3	1,224000E+3	584,000000E+0
583	633,000000E+0	1,803000E+3	1,224000E+3	584,000000E+0
584	630,000000E+0	1,786000E+3	1,223000E+3	585,000000E+0
585	628,000000E+0	1,768000E+3	1,223000E+3	585,000000E+0
586	628,000000E+0	1,747000E+3	1,222000E+3	585,000000E+0
587	629,000000E+0	1,726000E+3	1,222000E+3	585,000000E+0
588	631,000000E+0	1,702000E+3	1,220000E+3	585,000000E+0
589	635,000000E+0	1,676000E+3	1,218000E+3	584,000000E+0
590	641,000000E+0	1,652000E+3	1,214000E+3	585,000000E+0
591	648,000000E+0	1,620000E+3	1,213000E+3	585,000000E+0
592	656,000000E+0	1,598000E+3	1,210000E+3	585,000000E+0
593	665,000000E+0	1,565000E+3	1,209000E+3	585,000000E+0
594	676,000000E+0	1,544000E+3	1,206000E+3	585,000000E+0
595	686,000000E+0	1,514000E+3	1,204000E+3	586,000000E+0
596	697,000000E+0	1,497000E+3	1,201000E+3	587,000000E+0
597	708,000000E+0	1,472000E+3	1,198000E+3	588,000000E+0
598	718,000000E+0	1,461000E+3	1,193000E+3	590,000000E+0
599	728,000000E+0	1,445000E+3	1,187000E+3	592,000000E+0
600	736,000000E+0	1,442000E+3	1,181000E+3	595,000000E+0
601	745,000000E+0	1,441000E+3	1,173000E+3	597,000000E+0
602	752,000000E+0	1,442000E+3	1,164000E+3	602,000000E+0
603	759,000000E+0	1,445000E+3	1,156000E+3	606,000000E+0
604	767,000000E+0	1,449000E+3	1,149000E+3	607,000000E+0
605	773,000000E+0	1,452000E+3	1,142000E+3	607,000000E+0
606	779,000000E+0	1,454000E+3	1,139000E+3	600,000000E+0
607	783,000000E+0	1,456000E+3	1,136000E+3	592,000000E+0
608	788,000000E+0	1,458000E+3	1,136000E+3	575,000000E+0
609	792,000000E+0	1,459000E+3	1,136000E+3	558,000000E+0
610	796,000000E+0	1,460000E+3	1,142000E+3	532,000000E+0
611	799,000000E+0	1,460000E+3	1,149000E+3	510,000000E+0
612	801,000000E+0	1,460000E+3	1,159000E+3	482,000000E+0
613	803,000000E+0	1,460000E+3	1,171000E+3	456,000000E+0
614	806,000000E+0	1,460000E+3	1,185000E+3	428,000000E+0
615	808,000000E+0	1,460000E+3	1,199000E+3	403,000000E+0
616	809,000000E+0	1,461000E+3	1,215000E+3	375,000000E+0
617	811,000000E+0	1,461000E+3	1,231000E+3	351,000000E+0
618	812,000000E+0	1,461000E+3	1,247000E+3	326,000000E+0
619	813,000000E+0	1,462000E+3	1,262000E+3	305,000000E+0
620	815,000000E+0	1,462000E+3	1,278000E+3	283,000000E+0
621	815,000000E+0	1,462000E+3	1,293000E+3	265,000000E+0
622	817,000000E+0	1,462000E+3	1,308000E+3	249,000000E+0
623	818,000000E+0	1,462000E+3	1,322000E+3	237,000000E+0
624	819,000000E+0	1,462000E+3	1,337000E+3	227,000000E+0
625	820,000000E+0	1,462000E+3	1,350000E+3	218,000000E+0
626	821,000000E+0	1,462000E+3	1,363000E+3	214,000000E+0
627	821,000000E+0	1,462000E+3	1,375000E+3	212,000000E+0
628	822,000000E+0	1,462000E+3	1,383000E+3	213,000000E+0
629	822,000000E+0	1,462000E+3	1,392000E+3	214,000000E+0
630	823,000000E+0	1,462000E+3	1,400000E+3	222,000000E+0
631	823,000000E+0	1,462000E+3	1,406000E+3	231,000000E+0
632	824,000000E+0	1,462000E+3	1,411000E+3	245,000000E+0
633	824,000000E+0	1,462000E+3	1,413000E+3	259,000000E+0
634	825,000000E+0	1,462000E+3	1,414000E+3	277,000000E+0
635	826,000000E+0	1,462000E+3	1,414000E+3	296,000000E+0
636	828,000000E+0	1,462000E+3	1,413000E+3	317,000000E+0
637	828,000000E+0	1,462000E+3	1,412000E+3	341,000000E+0
638	830,000000E+0	1,462000E+3	1,408000E+3	365,000000E+0
639	832,000000E+0	1,462000E+3	1,403000E+3	393,000000E+0
640	834,000000E+0	1,462000E+3	1,396000E+3	417,000000E+0
641	836,000000E+0	1,462000E+3	1,388000E+3	447,000000E+0
642	839,000000E+0	1,461000E+3	1,378000E+3	473,000000E+0
643	840,000000E+0	1,461000E+3	1,370000E+3	501,000000E+0
644	843,000000E+0	1,460000E+3	1,359000E+3	525,000000E+0
645	845,000000E+0	1,460000E+3	1,349000E+3	548,000000E+0
646	848,000000E+0	1,459000E+3	1,339000E+3	568,000000E+0
647	853,000000E+0	1,457000E+3	1,329000E+3	584,000000E+0
648	859,000000E+0	1,455000E+3	1,319000E+3	595,000000E+0
649	866,000000E+0	1,452000E+3	1,310000E+3	602,000000E+0
650	874,000000E+0	1,448000E+3	1,302000E+3	604,000000E+0
651	884,000000E+0	1,443000E+3	1,295000E+3	603,000000E+0
652	894,000000E+0	1,437000E+3	1,288000E+3	601,000000E+0
653	903,000000E+0	1,435000E+3	1,282000E+3	598,000000E+0
654	910,000000E+0	1,437000E+3	1,276000E+3	596,000000E+0
655	917,000000E+0	1,442000E+3	1,271000E+3	594,000000E+0
656	921,000000E+0	1,455000E+3	1,266000E+3	591,000000E+0
657	921,000000E+0	1,469000E+3	1,261000E+3	590,000000E+0
658	917,000000E+0	1,491000E+3	1,257000E+3	589,000000E+0
659	911,000000E+0	1,511000E+3	1,253000E+3	589,000000E+0
660	902,000000E+0	1,539000E+3	1,250000E+3	588,000000E+0
661	891,000000E+0	1,564000E+3	1,247000E+3	587,000000E+0
662	879,000000E+0	1,591000E+3	1,244000E+3	587,000000E+0
663	864,000000E+0	1,620000E+3	1,242000E+3	586,000000E+0
664	850,000000E+0	1,644000E+3	1,240000E+3	586,000000E+0
665	835,000000E+0	1,673000E+3	1,238000E+3	586,000000E+0
666	819,000000E+0	1,696000E+3	1,238000E+3	585,000000E+0
667	803,000000E+0	1,724000E+3	1,236000E+3	586,000000E+0
668	787,000000E+0	1,743000E+3	1,235000E+3	585,000000E+0
669	771,000000E+0	1,767000E+3	1,233000E+3	585,000000E+0
670	754,000000E+0	1,781000E+3	1,232000E+3	585,000000E+0
671	739,000000E+0	1,798000E+3	1,231000E+3	585,000000E+0
672	724,000000E+0	1,811000E+3	1,231000E+3	585,000000E+0
673	711,000000E+0	1,823000E+3	1,230000E+3	585,000000E+0
674	697,000000E+0	1,830000E+3	1,229000E+3	585,000000E+0
675	684,000000E+0	1,835000E+3	1,228000E+3	585,000000E+0
676	672,000000E+0	1,836000E+3	1,227000E+3	585,000000E+0
677	662,000000E+0	1,835000E+3	1,226000E+3	585,000000E+0
678	652,000000E+0	1,831000E+3	1,225000E+3	585,000000E+0
679	644,000000E+0	1,825000E+3	1,225000E+3	585,000000E+0
680	638,000000E+0	1,814000E+3	1,224000E+3	584,000000E+0
681	633,000000E+0	1,802000E+3	1,224000E+3	584,000000E+0
682	630,000000E+0	1,786000E+3	1,223000E+3	585,000000E+0
683	628,000000E+0	1,769000E+3	1,222000E+3	585,000000E+0
684	628,000000E+0	1,748000E+3	1,221000E+3	585,000000E+0
685	629,000000E+0	1,726000E+3	1,221000E+3	585,000000E+0
686	632,000000E+0	1,702000E+3	1,218000E+3	585,000000E+0
687	635,000000E+0	1,676000E+3	1,217000E+3	585,000000E+0
688	640,000000E+0	1,653000E+3	1,215000E+3	584,000000E+0
689	648,000000E+0	1,620000E+3	1,213000E+3	585,000000E+0
690	656,000000E+0	1,597000E+3	1,211000E+3	585,000000E+0
691	666,000000E+0	1,566000E+3	1,210000E+3	585,000000E+0
692	676,000000E+0	1,543000E+3	1,207000E+3	585,000000E+0
693	686,000000E+0	1,514000E+3	1,205000E+3	586,000000E+0
694	697,000000E+0	1,496000E+3	1,202000E+3	587,000000E+0
695	707,000000E+0	1,471000E+3	1,198000E+3	588,000000E+0
696	718,000000E+0	1,460000E+3	1,193000E+3	590,000000E+0
697	728,000000E+0	1,445000E+3	1,187000E+3	592,000000E+0
698	736,000000E+0	1,442000E+3	1,181000E+3	595,000000E+0
699	745,000000E+0	1,441000E+3	1,173000E+3	597,000000E+0
700	752,000000E+0	1,442000E+3	1,164000E+3	602,000000E+0
701	760,000000E+0	1,445000E+3	1,156000E+3	606,000000E+0
702	767,000000E+0	1,449000E+3	1,149000E+3	607,000000E+0
703	773,000000E+0	1,452000E+3	1,142000E+3	607,000000E+0
704	779,000000E+0	1,455000E+3	1,138000E+3	600,000000E+0
705	783,000000E+0	1,456000E+3	1,136000E+3	591,000000E+0
706	788,000000E+0	1,458000E+3	1,135000E+3	575,000000E+0
707	792,000000E+0	1,459000E+3	1,137000E+3	558,000000E+0
708	796,000000E+0	1,459000E+3	1,142000E+3	532,000000E+0
709	799,000000E+0	1,460000E+3	1,149000E+3	510,000000E+0
710	801,000000E+0	1,460000E+3	1,160000E+3	482,000000E+0
711	803,000000E+0	1,460000E+3	1,171000E+3	457,000000E+0
712	806,000000E+0	1,460000E+3	1,185000E+3	428,000000E+0
713	808,000000E+0	1,460000E+3	1,199000E+3	403,000000E+0
714	810,000000E+0	1,461000E+3	1,216000E+3	375,000000E+0
715	811,000000E+0	1,461000E+3	1,231000E+3	351,000000E+0
716	813,000000E+0	1,461000E+3	1,248000E+3	326,000000E+0
717	813,000000E+0	1,463000E+3	1,262000E+3	305,000000E+0
718	813,000000E+0	1,462000E+3	1,278000E+3	283,000000E+0
719	814,000000E+0	1,462000E+3	1,293000E+3	265,000000E+0
720	816,000000E+0	1,462000E+3	1,308000E+3	250,000000E+0
721	818,000000E+0	1,462000E+3	1,322000E+3	237,000000E+0
722	819,000000E+0	1,462000E+3	1,337000E+3	227,000000E+0
723	820,000000E+0	1,462000E+3	1,350000E+3	218,000000E+0
724	821,000000E+0	1,462000E+3	1,363000E+3	214,000000E+0
725	821,000000E+0	1,462000E+3	1,374000E+3	212,000000E+0
726	822,000000E+0	1,462000E+3	1,384000E+3	214,000000E+0
727	823,000000E+0	1,462000E+3	1,393000E+3	215,000000E+0
728	823,000000E+0	1,462000E+3	1,400000E+3	221,000000E+0
729	823,000000E+0	1,462000E+3	1,406000E+3	231,000000E+0
730	824,000000E+0	1,462000E+3	1,410000E+3	244,000000E+0
731	824,000000E+0	1,462000E+3	1,413000E+3	259,000000E+0
732	825,000000E+0	1,462000E+3	1,414000E+3	277,000000E+0
733	826,000000E+0	1,462000E+3	1,414000E+3	296,000000E+0
734	828,000000E+0	1,462000E+3	1,413000E+3	317,000000E+0
735	829,000000E+0	1,462000E+3	1,412000E+3	341,000000E+0
736	830,000000E+0	1,462000E+3	1,408000E+3	364,000000E+0
737	832,000000E+0	1,462000E+3	1,403000E+3	393,000000E+0
738	834,000000E+0	1,462000E+3	1,396000E+3	417,000000E+0
739	836,000000E+0	1,462000E+3	1,388000E+3	447,000000E+0
740	838,000000E+0	1,462000E+3	1,379000E+3	473,000000E+0
741	841,000000E+0	1,461000E+3	1,370000E+3	501,000000E+0
742	843,000000E+0	1,460000E+3	1,359000E+3	525,000000E+0
743	845,000000E+0	1,460000E+3	1,349000E+3	549,000000E+0
744	848,000000E+0	1,459000E+3	1,339000E+3	568,000000E+0
745	852,000000E+0	1,458000E+3	1,329000E+3	584,000000E+0
746	859,000000E+0	1,455000E+3	1,319000E+3	595,000000E+0
747	866,000000E+0	1,452000E+3	1,309000E+3	602,000000E+0
748	883,000000E+0	1,443000E+3	1,295000E+3	603,000000E+0
749	883,000000E+0	1,443000E+3	1,295000E+3	603,000000E+0
750	894,000000E+0	1,438000E+3	1,288000E+3	601,000000E+0
751	903,000000E+0	1,435000E+3	1,282000E+3	598,000000E+0
752	910,000000E+0	1,437000E+3	1,276000E+3	596,000000E+0
753	917,000000E+0	1,442000E+3	1,272000E+3	593,000000E+0
754	920,000000E+0	1,455000E+3	1,266000E+3	592,000000E+0
755	921,000000E+0	1,469000E+3	1,261000E+3	590,000000E+0
756	916,000000E+0	1,490000E+3	1,258000E+3	589,000000E+0
757	911,000000E+0	1,511000E+3	1,253000E+3	588,000000E+0
758	902,000000E+0	1,538000E+3	1,250000E+3	588,000000E+0
759	891,000000E+0	1,565000E+3	1,248000E+3	587,000000E+0
760	879,000000E+0	1,590000E+3	1,245000E+3	587,000000E+0
761	865,000000E+0	1,621000E+3	1,242000E+3	586,000000E+0
762	850,000000E+0	1,644000E+3	1,240000E+3	586,000000E+0
763	833,000000E+0	1,675000E+3	1,238000E+3	586,000000E+0
764	818,000000E+0	1,696000E+3	1,237000E+3	585,000000E+0
765	802,000000E+0	1,722000E+3	1,236000E+3	585,000000E+0
766	788,000000E+0	1,742000E+3	1,235000E+3	585,000000E+0
767	772,000000E+0	1,766000E+3	1,234000E+3	585,000000E+0
768	755,000000E+0	1,780000E+3	1,233000E+3	585,000000E+0
769	741,000000E+0	1,796000E+3	1,235000E+3	581,000000E+0
770	728,000000E+0	1,811000E+3	1,235000E+3	585,000000E+0
771	715,000000E+0	1,824000E+3	1,234000E+3	586,000000E+0
772	701,000000E+0	1,831000E+3	1,231000E+3	585,000000E+0
773	687,000000E+0	1,836000E+3	1,228000E+3	585,000000E+0
774	673,000000E+0	1,836000E+3	1,225000E+3	585,000000E+0
775	662,000000E+0	1,836000E+3	1,224000E+3	584,000000E+0
776	651,000000E+0	1,831000E+3	1,223000E+3	584,000000E+0
777	643,000000E+0	1,825000E+3	1,223000E+3	584,000000E+0
778	637,000000E+0	1,815000E+3	1,223000E+3	584,000000E+0
779	633,000000E+0	1,803000E+3	1,222000E+3	584,000000E+0
780	630,000000E+0	1,786000E+3	1,222000E+3	585,000000E+0
781	629,000000E+0	1,769000E+3	1,222000E+3	584,000000E+0
782	629,000000E+0	1,748000E+3	1,221000E+3	585,000000E+0
783	629,000000E+0	1,726000E+3	1,220000E+3	585,000000E+0
784	632,000000E+0	1,704000E+3	1,218000E+3	584,000000E+0
785	635,000000E+0	1,674000E+3	1,218000E+3	584,000000E+0
786	641,000000E+0	1,653000E+3	1,216000E+3	585,000000E+0
787	647,000000E+0	1,620000E+3	1,214000E+3	585,000000E+0
788	656,000000E+0	1,598000E+3	1,211000E+3	585,000000E+0
789	665,000000E+0	1,566000E+3	1,210000E+3	585,000000E+0
790	676,000000E+0	1,541000E+3	1,206000E+3	585,000000E+0
791	686,000000E+0	1,514000E+3	1,205000E+3	586,000000E+0
792	697,000000E+0	1,497000E+3	1,201000E+3	587,000000E+0
793	708,000000E+0	1,471000E+3	1,198000E+3	588,000000E+0
794	717,000000E+0	1,461000E+3	1,193000E+3	590,000000E+0
795	727,000000E+0	1,445000E+3	1,187000E+3	592,000000E+0
796	736,000000E+0	1,442000E+3	1,180000E+3	595,000000E+0
797	745,000000E+0	1,441000E+3	1,173000E+3	597,000000E+0
798	753,000000E+0	1,442000E+3	1,164000E+3	602,000000E+0
799	760,000000E+0	1,445000E+3	1,156000E+3	606,000000E+0
800	767,000000E+0	1,449000E+3	1,149000E+3	607,000000E+0
801	773,000000E+0	1,451000E+3	1,142000E+3	607,000000E+0
802	779,000000E+0	1,455000E+3	1,139000E+3	600,000000E+0
803	784,000000E+0	1,457000E+3	1,136000E+3	591,000000E+0
804	788,000000E+0	1,458000E+3	1,136000E+3	575,000000E+0
805	792,000000E+0	1,459000E+3	1,137000E+3	558,000000E+0
806	796,000000E+0	1,459000E+3	1,142000E+3	532,000000E+0
807	799,000000E+0	1,460000E+3	1,149000E+3	510,000000E+0
808	801,000000E+0	1,460000E+3	1,160000E+3	482,000000E+0
809	803,000000E+0	1,460000E+3	1,171000E+3	457,000000E+0
810	806,000000E+0	1,460000E+3	1,185000E+3	429,000000E+0
811	808,000000E+0	1,460000E+3	1,199000E+3	403,000000E+0
812	809,000000E+0	1,461000E+3	1,215000E+3	376,000000E+0
813	810,000000E+0	1,461000E+3	1,231000E+3	350,000000E+0
814	812,000000E+0	1,461000E+3	1,247000E+3	327,000000E+0
815	812,000000E+0	1,464000E+3	1,262000E+3	305,000000E+0
816	811,000000E+0	1,462000E+3	1,278000E+3	284,000000E+0
817	812,000000E+0	1,462000E+3	1,292000E+3	265,000000E+0
818	813,000000E+0	1,462000E+3	1,307000E+3	249,000000E+0
819	816,000000E+0	1,462000E+3	1,321000E+3	236,000000E+0
820	820,000000E+0	1,462000E+3	1,337000E+3	226,000000E+0
821	821,000000E+0	1,462000E+3	1,350000E+3	218,000000E+0
822	823,000000E+0	1,462000E+3	1,364000E+3	215,000000E+0
823	823,000000E+0	1,462000E+3	1,376000E+3	213,000000E+0
824	823,000000E+0	1,462000E+3	1,385000E+3	214,000000E+0
825	823,000000E+0	1,462000E+3	1,394000E+3	215,000000E+0
826	823,000000E+0	1,462000E+3	1,400000E+3	220,000000E+0
827	823,000000E+0	1,462000E+3	1,406000E+3	230,000000E+0
828	824,000000E+0	1,462000E+3	1,410000E+3	243,000000E+0
829	824,000000E+0	1,462000E+3	1,413000E+3	258,000000E+0
830	825,000000E+0	1,462000E+3	1,414000E+3	277,000000E+0
831	826,000000E+0	1,462000E+3	1,414000E+3	297,000000E+0
832	827,000000E+0	1,462000E+3	1,413000E+3	317,000000E+0
833	828,000000E+0	1,462000E+3	1,411000E+3	340,000000E+0
834	830,000000E+0	1,462000E+3	1,408000E+3	364,000000E+0
835	832,000000E+0	1,462000E+3	1,403000E+3	393,000000E+0
836	834,000000E+0	1,462000E+3	1,396000E+3	417,000000E+0
837	836,000000E+0	1,462000E+3	1,388000E+3	447,000000E+0
838	838,000000E+0	1,462000E+3	1,378000E+3	473,000000E+0
839	840,000000E+0	1,461000E+3	1,370000E+3	501,000000E+0
840	843,000000E+0	1,461000E+3	1,359000E+3	525,000000E+0
841	845,000000E+0	1,460000E+3	1,349000E+3	548,000000E+0
842	849,000000E+0	1,459000E+3	1,338000E+3	568,000000E+0
843	852,000000E+0	1,457000E+3	1,329000E+3	584,000000E+0
844	859,000000E+0	1,455000E+3	1,319000E+3	595,000000E+0
845	866,000000E+0	1,452000E+3	1,310000E+3	602,000000E+0
846	875,000000E+0	1,448000E+3	1,302000E+3	603,000000E+0
847	884,000000E+0	1,442000E+3	1,295000E+3	604,000000E+0
848	893,000000E+0	1,437000E+3	1,288000E+3	601,000000E+0
849	902,000000E+0	1,435000E+3	1,282000E+3	599,000000E+0
850	910,000000E+0	1,437000E+3	1,277000E+3	596,000000E+0
851	916,000000E+0	1,442000E+3	1,272000E+3	594,000000E+0
852	921,000000E+0	1,455000E+3	1,266000E+3	591,000000E+0
853	921,000000E+0	1,469000E+3	1,262000E+3	590,000000E+0
854	917,000000E+0	1,490000E+3	1,258000E+3	589,000000E+0
855	911,000000E+0	1,511000E+3	1,254000E+3	589,000000E+0
856	902,000000E+0	1,538000E+3	1,250000E+3	588,000000E+0
857	891,000000E+0	1,564000E+3	1,247000E+3	587,000000E+0
858	879,000000E+0	1,591000E+3	1,245000E+3	586,000000E+0
859	865,000000E+0	1,620000E+3	1,242000E+3	586,000000E+0
860	850,000000E+0	1,644000E+3	1,239000E+3	586,000000E+0
861	833,000000E+0	1,675000E+3	1,238000E+3	586,000000E+0
862	818,000000E+0	1,696000E+3	1,237000E+3	586,000000E+0
863	802,000000E+0	1,720000E+3	1,236000E+3	585,000000E+0
864	788,000000E+0	1,742000E+3	1,236000E+3	585,000000E+0
865	772,000000E+0	1,765000E+3	1,235000E+3	585,000000E+0
866	755,000000E+0	1,782000E+3	1,235000E+3	585,000000E+0
867	741,000000E+0	1,796000E+3	1,235000E+3	579,000000E+0
868	728,000000E+0	1,812000E+3	1,235000E+3	585,000000E+0
869	716,000000E+0	1,824000E+3	1,235000E+3	586,000000E+0
870	702,000000E+0	1,831000E+3	1,232000E+3	586,000000E+0
871	687,000000E+0	1,836000E+3	1,228000E+3	586,000000E+0
872	673,000000E+0	1,836000E+3	1,226000E+3	585,000000E+0
873	661,000000E+0	1,836000E+3	1,224000E+3	585,000000E+0
874	651,000000E+0	1,831000E+3	1,223000E+3	585,000000E+0
875	643,000000E+0	1,825000E+3	1,223000E+3	584,000000E+0
876	637,000000E+0	1,815000E+3	1,222000E+3	585,000000E+0
877	633,000000E+0	1,803000E+3	1,222000E+3	585,000000E+0
878	630,000000E+0	1,787000E+3	1,222000E+3	584,000000E+0
879	629,000000E+0	1,768000E+3	1,222000E+3	584,000000E+0
880	629,000000E+0	1,748000E+3	1,221000E+3	584,000000E+0
881	629,000000E+0	1,725000E+3	1,220000E+3	585,000000E+0
882	632,000000E+0	1,705000E+3	1,218000E+3	585,000000E+0
883	635,000000E+0	1,675000E+3	1,218000E+3	584,000000E+0
884	641,000000E+0	1,653000E+3	1,216000E+3	585,000000E+0
885	648,000000E+0	1,620000E+3	1,214000E+3	585,000000E+0
886	656,000000E+0	1,599000E+3	1,211000E+3	585,000000E+0
887	666,000000E+0	1,566000E+3	1,209000E+3	585,000000E+0
888	676,000000E+0	1,543000E+3	1,207000E+3	585,000000E+0
889	686,000000E+0	1,514000E+3	1,205000E+3	586,000000E+0
890	697,000000E+0	1,497000E+3	1,201000E+3	587,000000E+0
891	708,000000E+0	1,472000E+3	1,198000E+3	588,000000E+0
892	717,000000E+0	1,460000E+3	1,193000E+3	590,000000E+0
893	728,000000E+0	1,445000E+3	1,187000E+3	592,000000E+0
894	736,000000E+0	1,442000E+3	1,180000E+3	595,000000E+0
895	745,000000E+0	1,441000E+3	1,173000E+3	597,000000E+0
896	753,000000E+0	1,442000E+3	1,165000E+3	602,000000E+0
897	760,000000E+0	1,445000E+3	1,156000E+3	606,000000E+0
898	772,000000E+0	1,452000E+3	1,142000E+3	607,000000E+0
899	772,000000E+0	1,452000E+3	1,142000E+3	607,000000E+0
900	779,000000E+0	1,455000E+3	1,138000E+3	600,000000E+0
901	783,000000E+0	1,456000E+3	1,136000E+3	591,000000E+0
902	788,000000E+0	1,458000E+3	1,136000E+3	575,000000E+0
903	792,000000E+0	1,459000E+3	1,136000E+3	558,000000E+0
904	796,000000E+0	1,459000E+3	1,142000E+3	532,000000E+0
905	799,000000E+0	1,460000E+3	1,149000E+3	510,000000E+0
906	801,000000E+0	1,460000E+3	1,160000E+3	481,000000E+0
907	803,000000E+0	1,461000E+3	1,171000E+3	457,000000E+0
908	805,000000E+0	1,461000E+3	1,184000E+3	428,000000E+0
909	806,000000E+0	1,461000E+3	1,198000E+3	403,000000E+0
910	809,000000E+0	1,462000E+3	1,214000E+3	377,000000E+0
911	810,000000E+0	1,462000E+3	1,230000E+3	351,000000E+0
912	812,000000E+0	1,462000E+3	1,246000E+3	326,000000E+0
913	814,000000E+0	1,463000E+3	1,261000E+3	305,000000E+0
914	814,000000E+0	1,462000E+3	1,278000E+3	283,000000E+0
915	815,000000E+0	1,462000E+3	1,293000E+3	265,000000E+0
916	816,000000E+0	1,462000E+3	1,308000E+3	249,000000E+0
917	817,000000E+0	1,462000E+3	1,322000E+3	237,000000E+0
918	819,000000E+0	1,462000E+3	1,337000E+3	227,000000E+0
919	820,000000E+0	1,462000E+3	1,350000E+3	218,000000E+0
920	821,000000E+0	1,462000E+3	1,363000E+3	214,000000E+0
921	821,000000E+0	1,462000E+3	1,374000E+3	212,000000E+0
922	822,000000E+0	1,462000E+3	1,384000E+3	213,000000E+0
923	823,000000E+0	1,463000E+3	1,392000E+3	215,000000E+0
924	823,000000E+0	1,462000E+3	1,400000E+3	222,000000E+0
925	823,000000E+0	1,462000E+3	1,406000E+3	231,000000E+0
926	824,000000E+0	1,462000E+3	1,411000E+3	244,000000E+0
927	825,000000E+0	1,462000E+3	1,413000E+3	259,000000E+0
928	825,000000E+0	1,462000E+3	1,414000E+3	276,000000E+0
929	826,000000E+0	1,462000E+3	1,414000E+3	296,000000E+0
930	827,000000E+0	1,462000E+3	1,413000E+3	316,000000E+0
931	828,000000E+0	1,462000E+3	1,412000E+3	341,000000E+0
932	830,000000E+0	1,462000E+3	1,408000E+3	364,000000E+0
933	832,000000E+0	1,462000E+3	1,403000E+3	393,000000E+0
934	834,000000E+0	1,462000E+3	1,396000E+3	417,000000E+0
935	836,000000E+0	1,463000E+3	1,388000E+3	447,000000E+0
936	838,000000E+0	1,462000E+3	1,378000E+3	472,000000E+0
937	840,000000E+0	1,461000E+3	1,370000E+3	501,000000E+0
938	843,000000E+0	1,461000E+3	1,359000E+3	524,000000E+0
939	845,000000E+0	1,460000E+3	1,349000E+3	548,000000E+0
940	848,000000E+0	1,459000E+3	1,339000E+3	568,000000E+0
941	853,000000E+0	1,457000E+3	1,329000E+3	584,000000E+0
942	859,000000E+0	1,455000E+3	1,319000E+3	595,000000E+0
943	866,000000E+0	1,452000E+3	1,310000E+3	602,000000E+0
944	875,000000E+0	1,448000E+3	1,302000E+3	603,000000E+0
945	884,000000E+0	1,443000E+3	1,295000E+3	603,000000E+0
946	894,000000E+0	1,438000E+3	1,288000E+3	602,000000E+0
947	902,000000E+0	1,435000E+3	1,282000E+3	599,000000E+0
948	910,000000E+0	1,437000E+3	1,277000E+3	596,000000E+0
949	918,000000E+0	1,443000E+3	1,271000E+3	594,000000E+0
950	921,000000E+0	1,455000E+3	1,266000E+3	591,000000E+0
951	921,000000E+0	1,469000E+3	1,261000E+3	590,000000E+0
952	917,000000E+0	1,491000E+3	1,257000E+3	589,000000E+0
953	911,000000E+0	1,512000E+3	1,253000E+3	589,000000E+0
954	902,000000E+0	1,539000E+3	1,250000E+3	588,000000E+0
955	891,000000E+0	1,564000E+3	1,247000E+3	587,000000E+0
956	879,000000E+0	1,591000E+3	1,245000E+3	587,000000E+0
957	864,000000E+0	1,619000E+3	1,242000E+3	586,000000E+0
958	849,000000E+0	1,644000E+3	1,240000E+3	586,000000E+0
959	834,000000E+0	1,674000E+3	1,238000E+3	585,000000E+0
960	818,000000E+0	1,696000E+3	1,237000E+3	585,000000E+0
961	802,000000E+0	1,723000E+3	1,236000E+3	585,000000E+0
962	788,000000E+0	1,743000E+3	1,236000E+3	585,000000E+0
963	771,000000E+0	1,766000E+3	1,233000E+3	585,000000E+0
964	755,000000E+0	1,781000E+3	1,233000E+3	585,000000E+0
965	740,000000E+0	1,797000E+3	1,233000E+3	582,000000E+0
966	726,000000E+0	1,811000E+3	1,233000E+3	585,000000E+0
967	712,000000E+0	1,823000E+3	1,232000E+3	585,000000E+0
968	699,000000E+0	1,830000E+3	1,229000E+3	585,000000E+0
969	686,000000E+0	1,835000E+3	1,227000E+3	585,000000E+0
970	672,000000E+0	1,836000E+3	1,226000E+3	585,000000E+0
971	662,000000E+0	1,836000E+3	1,225000E+3	585,000000E+0
972	651,000000E+0	1,831000E+3	1,224000E+3	585,000000E+0
973	644,000000E+0	1,825000E+3	1,224000E+3	585,000000E+0
974	638,000000E+0	1,815000E+3	1,224000E+3	585,000000E+0
975	633,000000E+0	1,803000E+3	1,224000E+3	585,000000E+0
976	630,000000E+0	1,787000E+3	1,223000E+3	585,000000E+0
977	628,000000E+0	1,768000E+3	1,222000E+3	585,000000E+0
978	629,000000E+0	1,748000E+3	1,221000E+3	585,000000E+0
979	629,000000E+0	1,725000E+3	1,220000E+3	585,000000E+0
980	632,000000E+0	1,704000E+3	1,218000E+3	585,000000E+0
981	635,000000E+0	1,675000E+3	1,217000E+3	585,000000E+0
982	641,000000E+0	1,653000E+3	1,215000E+3	585,000000E+0
983	648,000000E+0	1,621000E+3	1,214000E+3	584,000000E+0
984	656,000000E+0	1,597000E+3	1,211000E+3	585,000000E+0
985	665,000000E+0	1,566000E+3	1,210000E+3	585,000000E+0
986	676,000000E+0	1,542000E+3	1,207000E+3	586,000000E+0
987	686,000000E+0	1,514000E+3	1,205000E+3	586,000000E+0
988	697,000000E+0	1,495000E+3	1,202000E+3	587,000000E+0
989	707,000000E+0	1,471000E+3	1,198000E+3	588,000000E+0
990	718,000000E+0	1,460000E+3	1,193000E+3	590,000000E+0
991	727,000000E+0	1,445000E+3	1,187000E+3	592,000000E+0
992	736,000000E+0	1,442000E+3	1,180000E+3	595,000000E+0
993	745,000000E+0	1,441000E+3	1,173000E+3	597,000000E+0
994	753,000000E+0	1,442000E+3	1,164000E+3	602,000000E+0
995	760,000000E+0	1,445000E+3	1,156000E+3	606,000000E+0
996	767,000000E+0	1,449000E+3	1,148000E+3	607,000000E+0
997	773,000000E+0	1,451000E+3	1,142000E+3	607,000000E+0
998	779,000000E+0	1,455000E+3	1,139000E+3	600,000000E+0
999	784,000000E+0	1,456000E+3	1,136000E+3	591,000000E+0
1000	788,000000E+0	1,458000E+3	1,135000E+3	575,000000E+0
