0 0.000000E+0 65.528000E+3 0.000000E+0 0.000000E+0
1 7.000000E+0 65.528000E+3 0.000000E+0 0.000000E+0
2 7.000000E+0 65.528000E+3 0.000000E+0 0.000000E+0
3 0.000000E+0 330.000000E+0 65.528000E+3 65.514000E+3
4 7.000000E+0 168.000000E+0 65.528000E+3 65.521000E+3
5 65.528000E+3 112.000000E+0 21.000000E+0 65.493000E+3
6 65.528000E+3 56.000000E+0 7.000000E+0 65.507000E+3
7 65.500000E+3 49.000000E+0 28.000000E+0 65.479000E+3
8 65.500000E+3 14.000000E+0 14.000000E+0 65.500000E+3
9 65.486000E+3 35.000000E+0 28.000000E+0 65.479000E+3
10 65.493000E+3 14.000000E+0 21.000000E+0 65.500000E+3
11 65.479000E+3 42.000000E+0 42.000000E+0 65.486000E+3
12 65.500000E+3 28.000000E+0 49.000000E+0 65.500000E+3
13 65.493000E+3 49.000000E+0 63.000000E+0 65.486000E+3
14 65.507000E+3 35.000000E+0 56.000000E+0 65.507000E+3
15 65.514000E+3 56.000000E+0 63.000000E+0 65.486000E+3
16 65.528000E+3 28.000000E+0 49.000000E+0 65.507000E+3
17 65.514000E+3 49.000000E+0 56.000000E+0 65.479000E+3
18 65.528000E+3 28.000000E+0 42.000000E+0 65.500000E+3
19 65.514000E+3 49.000000E+0 49.000000E+0 65.472000E+3
20 65.521000E+3 28.000000E+0 42.000000E+0 65.486000E+3
21 65.514000E+3 49.000000E+0 49.000000E+0 65.465000E+3
22 65.528000E+3 35.000000E+0 35.000000E+0 65.493000E+3
23 65.514000E+3 56.000000E+0 35.000000E+0 65.472000E+3
24 65.521000E+3 35.000000E+0 28.000000E+0 65.493000E+3
25 65.500000E+3 49.000000E+0 42.000000E+0 65.472000E+3
26 65.507000E+3 28.000000E+0 35.000000E+0 65.500000E+3
27 65.493000E+3 42.000000E+0 49.000000E+0 65.479000E+3
28 65.493000E+3 28.000000E+0 42.000000E+0 65.500000E+3
29 65.486000E+3 49.000000E+0 49.000000E+0 65.479000E+3
30 65.493000E+3 28.000000E+0 35.000000E+0 65.507000E+3
31 65.486000E+3 49.000000E+0 56.000000E+0 65.493000E+3
32 65.500000E+3 28.000000E+0 49.000000E+0 65.500000E+3
33 65.493000E+3 42.000000E+0 42.000000E+0 65.486000E+3
34 65.507000E+3 28.000000E+0 42.000000E+0 65.507000E+3
35 65.507000E+3 56.000000E+0 49.000000E+0 65.486000E+3
36 65.521000E+3 35.000000E+0 35.000000E+0 65.507000E+3
37 65.521000E+3 49.000000E+0 49.000000E+0 65.472000E+3
38 65.528000E+3 35.000000E+0 42.000000E+0 65.500000E+3
39 65.514000E+3 56.000000E+0 42.000000E+0 65.486000E+3
40 65.528000E+3 35.000000E+0 35.000000E+0 65.500000E+3
41 65.514000E+3 49.000000E+0 49.000000E+0 65.479000E+3
42 65.521000E+3 35.000000E+0 42.000000E+0 65.500000E+3
43 65.500000E+3 56.000000E+0 42.000000E+0 65.486000E+3
44 65.500000E+3 35.000000E+0 42.000000E+0 65.500000E+3
45 65.493000E+3 49.000000E+0 56.000000E+0 65.479000E+3
46 65.500000E+3 28.000000E+0 42.000000E+0 65.500000E+3
47 65.486000E+3 42.000000E+0 49.000000E+0 65.486000E+3
48 65.493000E+3 21.000000E+0 42.000000E+0 65.500000E+3
49 65.493000E+3 49.000000E+0 42.000000E+0 65.486000E+3
50 65.507000E+3 35.000000E+0 42.000000E+0 65.500000E+3
51 65.500000E+3 49.000000E+0 49.000000E+0 65.472000E+3
52 65.507000E+3 28.000000E+0 42.000000E+0 65.493000E+3
53 65.500000E+3 49.000000E+0 49.000000E+0 65.479000E+3
54 65.514000E+3 35.000000E+0 42.000000E+0 65.493000E+3
55 65.507000E+3 56.000000E+0 49.000000E+0 65.479000E+3
56 65.514000E+3 35.000000E+0 42.000000E+0 65.500000E+3
57 65.500000E+3 49.000000E+0 49.000000E+0 65.486000E+3
58 65.507000E+3 35.000000E+0 35.000000E+0 65.500000E+3
59 65.507000E+3 49.000000E+0 42.000000E+0 65.493000E+3
60 65.507000E+3 28.000000E+0 42.000000E+0 65.500000E+3
61 65.507000E+3 49.000000E+0 49.000000E+0 65.486000E+3
62 65.514000E+3 28.000000E+0 42.000000E+0 65.507000E+3
63 65.493000E+3 49.000000E+0 49.000000E+0 65.486000E+3
64 65.507000E+3 28.000000E+0 42.000000E+0 65.500000E+3
65 65.500000E+3 49.000000E+0 49.000000E+0 65.479000E+3
66 65.507000E+3 28.000000E+0 42.000000E+0 65.500000E+3
67 65.507000E+3 49.000000E+0 49.000000E+0 65.486000E+3
68 65.514000E+3 28.000000E+0 49.000000E+0 65.507000E+3
69 65.500000E+3 56.000000E+0 49.000000E+0 65.493000E+3
70 65.507000E+3 35.000000E+0 42.000000E+0 65.500000E+3
71 65.500000E+3 49.000000E+0 42.000000E+0 65.486000E+3
72 65.507000E+3 35.000000E+0 42.000000E+0 65.500000E+3
73 65.507000E+3 49.000000E+0 49.000000E+0 65.486000E+3
74 65.514000E+3 35.000000E+0 42.000000E+0 65.500000E+3
75 65.507000E+3 49.000000E+0 49.000000E+0 65.486000E+3
76 65.507000E+3 35.000000E+0 42.000000E+0 65.500000E+3
77 65.507000E+3 49.000000E+0 49.000000E+0 65.486000E+3
78 65.507000E+3 35.000000E+0 42.000000E+0 65.500000E+3
79 65.500000E+3 49.000000E+0 56.000000E+0 65.486000E+3
80 65.507000E+3 35.000000E+0 49.000000E+0 65.500000E+3
81 65.500000E+3 56.000000E+0 49.000000E+0 65.486000E+3
82 65.507000E+3 35.000000E+0 49.000000E+0 65.500000E+3
83 65.500000E+3 49.000000E+0 56.000000E+0 65.486000E+3
84 65.514000E+3 35.000000E+0 49.000000E+0 65.493000E+3
85 65.500000E+3 42.000000E+0 56.000000E+0 65.479000E+3
86 65.514000E+3 35.000000E+0 42.000000E+0 65.493000E+3
87 65.500000E+3 49.000000E+0 49.000000E+0 65.479000E+3
88 65.514000E+3 35.000000E+0 42.000000E+0 65.493000E+3
89 65.500000E+3 42.000000E+0 49.000000E+0 65.479000E+3
90 65.507000E+3 35.000000E+0 42.000000E+0 65.493000E+3
91 65.500000E+3 56.000000E+0 49.000000E+0 65.486000E+3
92 65.507000E+3 35.000000E+0 42.000000E+0 65.500000E+3
93 65.493000E+3 49.000000E+0 49.000000E+0 65.479000E+3
94 65.507000E+3 35.000000E+0 42.000000E+0 65.500000E+3
95 65.500000E+3 56.000000E+0 49.000000E+0 65.486000E+3
96 65.500000E+3 35.000000E+0 42.000000E+0 65.500000E+3
97 65.500000E+3 49.000000E+0 49.000000E+0 65.479000E+3
98 65.507000E+3 35.000000E+0 42.000000E+0 65.493000E+3
99 65.500000E+3 56.000000E+0 49.000000E+0 65.486000E+3
100 65.507000E+3 35.000000E+0 42.000000E+0 65.500000E+3
101 65.500000E+3 49.000000E+0 49.000000E+0 65.479000E+3
102 65.507000E+3 35.000000E+0 42.000000E+0 65.500000E+3
103 65.500000E+3 49.000000E+0 49.000000E+0 65.486000E+3
104 65.507000E+3 35.000000E+0 42.000000E+0 65.500000E+3
105 65.500000E+3 56.000000E+0 56.000000E+0 65.486000E+3
106 65.507000E+3 35.000000E+0 42.000000E+0 65.500000E+3
107 65.507000E+3 56.000000E+0 56.000000E+0 65.486000E+3
108 65.514000E+3 42.000000E+0 42.000000E+0 65.500000E+3
109 65.500000E+3 49.000000E+0 49.000000E+0 65.486000E+3
110 65.507000E+3 35.000000E+0 42.000000E+0 65.500000E+3
111 65.500000E+3 49.000000E+0 49.000000E+0 65.479000E+3
112 65.507000E+3 35.000000E+0 49.000000E+0 65.500000E+3
113 65.500000E+3 49.000000E+0 56.000000E+0 65.486000E+3
114 65.507000E+3 35.000000E+0 42.000000E+0 65.493000E+3
115 65.500000E+3 49.000000E+0 42.000000E+0 65.493000E+3
116 65.507000E+3 35.000000E+0 42.000000E+0 65.500000E+3
117 65.500000E+3 49.000000E+0 49.000000E+0 65.486000E+3
118 65.500000E+3 35.000000E+0 42.000000E+0 65.500000E+3
119 65.500000E+3 49.000000E+0 49.000000E+0 65.486000E+3
120 65.507000E+3 35.000000E+0 49.000000E+0 65.500000E+3
121 65.507000E+3 49.000000E+0 49.000000E+0 65.486000E+3
122 65.507000E+3 42.000000E+0 49.000000E+0 65.500000E+3
123 65.500000E+3 56.000000E+0 49.000000E+0 65.486000E+3
124 65.507000E+3 42.000000E+0 42.000000E+0 65.500000E+3
125 65.500000E+3 56.000000E+0 49.000000E+0 65.479000E+3
126 65.507000E+3 42.000000E+0 42.000000E+0 65.493000E+3
127 65.500000E+3 49.000000E+0 49.000000E+0 65.486000E+3
128 65.507000E+3 35.000000E+0 49.000000E+0 65.493000E+3
129 65.500000E+3 42.000000E+0 49.000000E+0 65.479000E+3
130 65.507000E+3 35.000000E+0 42.000000E+0 65.493000E+3
131 65.500000E+3 56.000000E+0 56.000000E+0 65.486000E+3
132 65.514000E+3 35.000000E+0 49.000000E+0 65.493000E+3
133 65.500000E+3 49.000000E+0 49.000000E+0 65.486000E+3
134 65.507000E+3 42.000000E+0 42.000000E+0 65.493000E+3
135 65.500000E+3 49.000000E+0 49.000000E+0 65.479000E+3
136 65.514000E+3 35.000000E+0 49.000000E+0 65.493000E+3
137 65.500000E+3 49.000000E+0 56.000000E+0 65.486000E+3
138 65.507000E+3 35.000000E+0 49.000000E+0 65.500000E+3
139 65.500000E+3 49.000000E+0 49.000000E+0 65.479000E+3
140 65.507000E+3 35.000000E+0 56.000000E+0 65.493000E+3
141 65.507000E+3 56.000000E+0 49.000000E+0 65.486000E+3
142 65.507000E+3 35.000000E+0 49.000000E+0 65.493000E+3
143 65.500000E+3 49.000000E+0 49.000000E+0 65.486000E+3
144 65.507000E+3 35.000000E+0 49.000000E+0 65.493000E+3
145 65.507000E+3 56.000000E+0 56.000000E+0 65.486000E+3
146 65.507000E+3 35.000000E+0 49.000000E+0 65.500000E+3
147 65.500000E+3 49.000000E+0 49.000000E+0 65.493000E+3
148 65.507000E+3 42.000000E+0 42.000000E+0 65.500000E+3
149 65.500000E+3 49.000000E+0 49.000000E+0 65.486000E+3
150 65.507000E+3 35.000000E+0 42.000000E+0 65.500000E+3
151 65.500000E+3 49.000000E+0 42.000000E+0 65.486000E+3
152 65.507000E+3 42.000000E+0 42.000000E+0 65.500000E+3
153 65.507000E+3 49.000000E+0 56.000000E+0 65.486000E+3
154 65.507000E+3 42.000000E+0 49.000000E+0 65.493000E+3
155 65.500000E+3 49.000000E+0 49.000000E+0 65.493000E+3
156 65.507000E+3 42.000000E+0 42.000000E+0 65.500000E+3
157 65.507000E+3 42.000000E+0 49.000000E+0 65.486000E+3
158 65.507000E+3 35.000000E+0 49.000000E+0 65.500000E+3
159 65.500000E+3 49.000000E+0 49.000000E+0 65.486000E+3
160 65.500000E+3 42.000000E+0 42.000000E+0 65.500000E+3
161 65.500000E+3 49.000000E+0 49.000000E+0 65.486000E+3
162 65.507000E+3 42.000000E+0 42.000000E+0 65.500000E+3
163 65.507000E+3 49.000000E+0 49.000000E+0 65.486000E+3
164 65.507000E+3 35.000000E+0 42.000000E+0 65.500000E+3
165 65.500000E+3 49.000000E+0 49.000000E+0 65.486000E+3
166 65.507000E+3 42.000000E+0 42.000000E+0 65.500000E+3
167 65.500000E+3 42.000000E+0 42.000000E+0 65.486000E+3
168 65.507000E+3 35.000000E+0 42.000000E+0 65.500000E+3
169 65.507000E+3 49.000000E+0 49.000000E+0 65.486000E+3
170 65.507000E+3 42.000000E+0 49.000000E+0 65.493000E+3
171 65.507000E+3 49.000000E+0 49.000000E+0 65.493000E+3
172 65.507000E+3 42.000000E+0 42.000000E+0 65.500000E+3
173 65.500000E+3 49.000000E+0 49.000000E+0 65.486000E+3
174 65.500000E+3 42.000000E+0 42.000000E+0 65.493000E+3
175 65.500000E+3 42.000000E+0 42.000000E+0 65.486000E+3
176 65.507000E+3 35.000000E+0 42.000000E+0 65.493000E+3
177 65.500000E+3 49.000000E+0 49.000000E+0 65.486000E+3
178 65.507000E+3 35.000000E+0 42.000000E+0 65.500000E+3
179 65.500000E+3 42.000000E+0 49.000000E+0 65.486000E+3
180 65.507000E+3 35.000000E+0 49.000000E+0 65.493000E+3
181 65.507000E+3 49.000000E+0 49.000000E+0 65.486000E+3
182 65.507000E+3 42.000000E+0 42.000000E+0 65.500000E+3
183 65.507000E+3 49.000000E+0 49.000000E+0 65.486000E+3
184 65.507000E+3 35.000000E+0 49.000000E+0 65.493000E+3
185 65.507000E+3 42.000000E+0 49.000000E+0 65.486000E+3
186 65.507000E+3 35.000000E+0 42.000000E+0 65.500000E+3
187 65.500000E+3 49.000000E+0 49.000000E+0 65.493000E+3
188 65.507000E+3 42.000000E+0 42.000000E+0 65.493000E+3
189 65.500000E+3 42.000000E+0 49.000000E+0 65.486000E+3
190 65.507000E+3 35.000000E+0 49.000000E+0 65.493000E+3
191 65.500000E+3 42.000000E+0 49.000000E+0 65.486000E+3
192 65.507000E+3 35.000000E+0 42.000000E+0 65.493000E+3
193 65.500000E+3 42.000000E+0 49.000000E+0 65.486000E+3
194 65.507000E+3 42.000000E+0 42.000000E+0 65.493000E+3
195 65.500000E+3 49.000000E+0 49.000000E+0 65.486000E+3
196 65.507000E+3 35.000000E+0 49.000000E+0 65.493000E+3
197 65.500000E+3 49.000000E+0 49.000000E+0 65.486000E+3
198 65.507000E+3 35.000000E+0 49.000000E+0 65.493000E+3
199 65.500000E+3 49.000000E+0 49.000000E+0 65.493000E+3
200 65.507000E+3 35.000000E+0 42.000000E+0 65.500000E+3
201 65.500000E+3 42.000000E+0 42.000000E+0 65.493000E+3
202 65.507000E+3 35.000000E+0 42.000000E+0 65.500000E+3
203 65.500000E+3 42.000000E+0 49.000000E+0 65.500000E+3
204 65.507000E+3 35.000000E+0 42.000000E+0 65.500000E+3
205 65.500000E+3 42.000000E+0 49.000000E+0 65.493000E+3
206 65.507000E+3 35.000000E+0 49.000000E+0 65.500000E+3
207 65.507000E+3 35.000000E+0 49.000000E+0 65.493000E+3
208 65.507000E+3 35.000000E+0 49.000000E+0 65.500000E+3
209 65.507000E+3 42.000000E+0 49.000000E+0 65.500000E+3
210 65.507000E+3 42.000000E+0 49.000000E+0 65.507000E+3
211 65.500000E+3 42.000000E+0 49.000000E+0 65.493000E+3
212 65.507000E+3 35.000000E+0 42.000000E+0 65.500000E+3
213 65.507000E+3 42.000000E+0 49.000000E+0 65.493000E+3
214 65.507000E+3 35.000000E+0 42.000000E+0 65.500000E+3
215 65.507000E+3 42.000000E+0 49.000000E+0 65.493000E+3
216 65.507000E+3 42.000000E+0 42.000000E+0 65.500000E+3
217 65.500000E+3 42.000000E+0 42.000000E+0 65.500000E+3
218 65.507000E+3 42.000000E+0 42.000000E+0 65.500000E+3
219 65.507000E+3 42.000000E+0 42.000000E+0 65.493000E+3
220 65.507000E+3 35.000000E+0 42.000000E+0 65.500000E+3
221 65.500000E+3 42.000000E+0 42.000000E+0 65.500000E+3
222 65.507000E+3 35.000000E+0 42.000000E+0 65.500000E+3
223 65.507000E+3 42.000000E+0 42.000000E+0 65.500000E+3
224 65.514000E+3 42.000000E+0 42.000000E+0 65.507000E+3
225 65.500000E+3 42.000000E+0 42.000000E+0 65.500000E+3
226 65.507000E+3 35.000000E+0 42.000000E+0 65.500000E+3
227 65.507000E+3 49.000000E+0 49.000000E+0 65.500000E+3
228 65.514000E+3 42.000000E+0 49.000000E+0 65.500000E+3
229 65.507000E+3 35.000000E+0 49.000000E+0 65.500000E+3
230 65.507000E+3 35.000000E+0 42.000000E+0 65.500000E+3
231 65.514000E+3 42.000000E+0 49.000000E+0 65.493000E+3
232 65.514000E+3 42.000000E+0 49.000000E+0 65.500000E+3
233 65.507000E+3 42.000000E+0 49.000000E+0 65.493000E+3
234 65.507000E+3 42.000000E+0 42.000000E+0 65.500000E+3
235 65.507000E+3 42.000000E+0 42.000000E+0 65.500000E+3
236 65.507000E+3 35.000000E+0 42.000000E+0 65.507000E+3
237 65.507000E+3 35.000000E+0 49.000000E+0 65.500000E+3
238 65.507000E+3 35.000000E+0 49.000000E+0 65.500000E+3
239 65.507000E+3 42.000000E+0 49.000000E+0 65.500000E+3
240 65.514000E+3 35.000000E+0 42.000000E+0 65.500000E+3
241 65.507000E+3 42.000000E+0 42.000000E+0 65.500000E+3
242 65.507000E+3 35.000000E+0 42.000000E+0 65.500000E+3
243 65.507000E+3 35.000000E+0 42.000000E+0 65.500000E+3
244 65.507000E+3 35.000000E+0 42.000000E+0 65.507000E+3
245 65.514000E+3 35.000000E+0 49.000000E+0 65.500000E+3
246 65.514000E+3 35.000000E+0 49.000000E+0 65.500000E+3
247 65.514000E+3 42.000000E+0 42.000000E+0 65.500000E+3
248 65.514000E+3 42.000000E+0 49.000000E+0 65.500000E+3
249 65.507000E+3 42.000000E+0 42.000000E+0 65.500000E+3
250 65.514000E+3 35.000000E+0 42.000000E+0 65.500000E+3
251 65.514000E+3 35.000000E+0 42.000000E+0 65.500000E+3
252 65.514000E+3 35.000000E+0 42.000000E+0 65.507000E+3
253 65.514000E+3 35.000000E+0 42.000000E+0 65.500000E+3
254 65.514000E+3 35.000000E+0 42.000000E+0 65.507000E+3
255 65.514000E+3 28.000000E+0 42.000000E+0 65.500000E+3
256 65.514000E+3 35.000000E+0 42.000000E+0 65.500000E+3
257 65.514000E+3 35.000000E+0 42.000000E+0 65.500000E+3
258 65.514000E+3 35.000000E+0 42.000000E+0 65.500000E+3
259 65.514000E+3 35.000000E+0 42.000000E+0 65.500000E+3
260 65.507000E+3 35.000000E+0 42.000000E+0 65.507000E+3
261 65.514000E+3 35.000000E+0 42.000000E+0 65.507000E+3
262 65.514000E+3 35.000000E+0 42.000000E+0 65.507000E+3
263 65.514000E+3 35.000000E+0 42.000000E+0 65.507000E+3
264 65.514000E+3 35.000000E+0 42.000000E+0 65.507000E+3
265 65.514000E+3 35.000000E+0 42.000000E+0 65.500000E+3
266 65.514000E+3 35.000000E+0 42.000000E+0 65.500000E+3
267 65.514000E+3 35.000000E+0 42.000000E+0 65.507000E+3
268 65.514000E+3 35.000000E+0 42.000000E+0 65.500000E+3
269 65.507000E+3 35.000000E+0 42.000000E+0 65.507000E+3
270 65.514000E+3 35.000000E+0 42.000000E+0 65.507000E+3
271 65.514000E+3 35.000000E+0 42.000000E+0 65.500000E+3
272 65.514000E+3 35.000000E+0 42.000000E+0 65.507000E+3
273 65.514000E+3 35.000000E+0 42.000000E+0 65.507000E+3
274 65.514000E+3 35.000000E+0 42.000000E+0 65.500000E+3
275 65.514000E+3 35.000000E+0 42.000000E+0 65.507000E+3
276 65.514000E+3 35.000000E+0 42.000000E+0 65.507000E+3
277 65.514000E+3 35.000000E+0 42.000000E+0 65.507000E+3
278 65.514000E+3 35.000000E+0 42.000000E+0 65.507000E+3
279 65.514000E+3 35.000000E+0 42.000000E+0 65.507000E+3
280 65.514000E+3 35.000000E+0 42.000000E+0 65.507000E+3
281 65.514000E+3 35.000000E+0 42.000000E+0 65.507000E+3
282 65.514000E+3 35.000000E+0 42.000000E+0 65.500000E+3
283 65.507000E+3 35.000000E+0 42.000000E+0 65.507000E+3
284 65.514000E+3 35.000000E+0 42.000000E+0 65.507000E+3
285 65.514000E+3 35.000000E+0 42.000000E+0 65.500000E+3
286 65.507000E+3 35.000000E+0 42.000000E+0 65.507000E+3
287 65.514000E+3 35.000000E+0 42.000000E+0 65.500000E+3
288 65.514000E+3 35.000000E+0 42.000000E+0 65.507000E+3
289 65.514000E+3 35.000000E+0 42.000000E+0 65.500000E+3
290 65.514000E+3 35.000000E+0 42.000000E+0 65.500000E+3
291 65.514000E+3 35.000000E+0 42.000000E+0 65.507000E+3
292 65.514000E+3 35.000000E+0 42.000000E+0 65.507000E+3
293 65.514000E+3 35.000000E+0 42.000000E+0 65.507000E+3
294 65.514000E+3 35.000000E+0 42.000000E+0 65.507000E+3
295 65.514000E+3 35.000000E+0 42.000000E+0 65.500000E+3
296 65.514000E+3 35.000000E+0 42.000000E+0 65.507000E+3
297 65.514000E+3 35.000000E+0 42.000000E+0 65.507000E+3
298 65.514000E+3 35.000000E+0 42.000000E+0 65.507000E+3
299 65.514000E+3 35.000000E+0 42.000000E+0 65.500000E+3
300 65.514000E+3 35.000000E+0 42.000000E+0 65.507000E+3
301 65.514000E+3 35.000000E+0 42.000000E+0 65.500000E+3
302 65.514000E+3 35.000000E+0 42.000000E+0 65.507000E+3
303 65.514000E+3 35.000000E+0 42.000000E+0 65.507000E+3
304 65.514000E+3 35.000000E+0 42.000000E+0 65.507000E+3
305 65.514000E+3 35.000000E+0 49.000000E+0 65.507000E+3
306 65.514000E+3 35.000000E+0 42.000000E+0 65.507000E+3
307 65.514000E+3 35.000000E+0 42.000000E+0 65.507000E+3
308 65.514000E+3 35.000000E+0 42.000000E+0 65.500000E+3
309 65.514000E+3 35.000000E+0 42.000000E+0 65.500000E+3
310 65.514000E+3 35.000000E+0 42.000000E+0 65.507000E+3
311 65.514000E+3 35.000000E+0 42.000000E+0 65.500000E+3
312 65.514000E+3 35.000000E+0 42.000000E+0 65.507000E+3
313 65.514000E+3 35.000000E+0 42.000000E+0 65.507000E+3
314 65.514000E+3 35.000000E+0 42.000000E+0 65.507000E+3
315 65.514000E+3 35.000000E+0 42.000000E+0 65.500000E+3
316 65.514000E+3 35.000000E+0 42.000000E+0 65.507000E+3
317 65.514000E+3 35.000000E+0 42.000000E+0 65.507000E+3
318 65.514000E+3 35.000000E+0 42.000000E+0 65.500000E+3
319 65.507000E+3 35.000000E+0 42.000000E+0 65.500000E+3
320 65.514000E+3 35.000000E+0 42.000000E+0 65.500000E+3
321 65.514000E+3 35.000000E+0 42.000000E+0 65.507000E+3
322 65.514000E+3 35.000000E+0 42.000000E+0 65.507000E+3
323 65.514000E+3 35.000000E+0 42.000000E+0 65.507000E+3
324 65.514000E+3 35.000000E+0 42.000000E+0 65.500000E+3
325 65.514000E+3 35.000000E+0 42.000000E+0 65.507000E+3
326 65.514000E+3 35.000000E+0 42.000000E+0 65.507000E+3
327 65.514000E+3 35.000000E+0 42.000000E+0 65.507000E+3
328 65.514000E+3 35.000000E+0 42.000000E+0 65.500000E+3
329 65.514000E+3 35.000000E+0 42.000000E+0 65.507000E+3
330 65.507000E+3 35.000000E+0 42.000000E+0 65.507000E+3
331 65.514000E+3 35.000000E+0 42.000000E+0 65.507000E+3
332 65.514000E+3 35.000000E+0 42.000000E+0 65.507000E+3
333 65.514000E+3 35.000000E+0 42.000000E+0 65.500000E+3
334 65.507000E+3 35.000000E+0 42.000000E+0 65.500000E+3
335 65.514000E+3 35.000000E+0 42.000000E+0 65.500000E+3
336 65.514000E+3 35.000000E+0 42.000000E+0 65.507000E+3
337 65.514000E+3 35.000000E+0 42.000000E+0 65.507000E+3
338 65.514000E+3 35.000000E+0 42.000000E+0 65.507000E+3
339 65.514000E+3 35.000000E+0 42.000000E+0 65.507000E+3
340 65.514000E+3 35.000000E+0 42.000000E+0 65.507000E+3
341 65.514000E+3 35.000000E+0 42.000000E+0 65.507000E+3
342 65.514000E+3 35.000000E+0 42.000000E+0 65.507000E+3
343 65.514000E+3 35.000000E+0 42.000000E+0 65.507000E+3
344 65.514000E+3 35.000000E+0 42.000000E+0 65.507000E+3
345 65.514000E+3 35.000000E+0 42.000000E+0 65.500000E+3
346 65.514000E+3 35.000000E+0 42.000000E+0 65.507000E+3
347 65.514000E+3 35.000000E+0 42.000000E+0 65.507000E+3
348 65.514000E+3 35.000000E+0 42.000000E+0 65.500000E+3
349 65.514000E+3 35.000000E+0 42.000000E+0 65.500000E+3
350 65.514000E+3 35.000000E+0 42.000000E+0 65.500000E+3
351 65.514000E+3 35.000000E+0 42.000000E+0 65.507000E+3
352 65.514000E+3 35.000000E+0 42.000000E+0 65.507000E+3
353 65.514000E+3 35.000000E+0 42.000000E+0 65.507000E+3
354 65.514000E+3 35.000000E+0 42.000000E+0 65.507000E+3
355 65.514000E+3 35.000000E+0 42.000000E+0 65.500000E+3
356 65.514000E+3 35.000000E+0 42.000000E+0 65.500000E+3
357 65.514000E+3 35.000000E+0 42.000000E+0 65.507000E+3
358 65.514000E+3 35.000000E+0 42.000000E+0 65.507000E+3
359 65.514000E+3 35.000000E+0 42.000000E+0 65.500000E+3
360 65.514000E+3 35.000000E+0 42.000000E+0 65.507000E+3
361 65.514000E+3 35.000000E+0 42.000000E+0 65.507000E+3
362 65.507000E+3 35.000000E+0 42.000000E+0 65.507000E+3
363 65.514000E+3 35.000000E+0 42.000000E+0 65.500000E+3
364 65.514000E+3 35.000000E+0 42.000000E+0 65.507000E+3
365 65.514000E+3 35.000000E+0 42.000000E+0 65.500000E+3
366 65.514000E+3 35.000000E+0 42.000000E+0 65.500000E+3
367 65.514000E+3 35.000000E+0 42.000000E+0 65.507000E+3
368 65.514000E+3 35.000000E+0 42.000000E+0 65.500000E+3
369 65.514000E+3 35.000000E+0 42.000000E+0 65.500000E+3
370 65.514000E+3 35.000000E+0 42.000000E+0 65.507000E+3
371 65.514000E+3 35.000000E+0 42.000000E+0 65.507000E+3
372 65.514000E+3 35.000000E+0 42.000000E+0 65.507000E+3
373 65.514000E+3 35.000000E+0 42.000000E+0 65.507000E+3
374 65.514000E+3 35.000000E+0 42.000000E+0 65.507000E+3
375 65.514000E+3 35.000000E+0 42.000000E+0 65.500000E+3
376 65.514000E+3 35.000000E+0 42.000000E+0 65.507000E+3
377 65.514000E+3 35.000000E+0 42.000000E+0 65.500000E+3
378 65.507000E+3 35.000000E+0 42.000000E+0 65.500000E+3
379 65.514000E+3 35.000000E+0 42.000000E+0 65.500000E+3
380 65.514000E+3 35.000000E+0 42.000000E+0 65.507000E+3
381 65.514000E+3 35.000000E+0 42.000000E+0 65.500000E+3
382 65.514000E+3 35.000000E+0 42.000000E+0 65.507000E+3
383 65.514000E+3 35.000000E+0 42.000000E+0 65.507000E+3
384 65.514000E+3 35.000000E+0 42.000000E+0 65.507000E+3
385 65.514000E+3 35.000000E+0 42.000000E+0 65.500000E+3
386 65.514000E+3 35.000000E+0 42.000000E+0 65.500000E+3
387 65.514000E+3 35.000000E+0 42.000000E+0 65.500000E+3
388 65.514000E+3 35.000000E+0 42.000000E+0 65.507000E+3
389 65.514000E+3 35.000000E+0 42.000000E+0 65.507000E+3
390 65.514000E+3 35.000000E+0 42.000000E+0 65.500000E+3
391 65.507000E+3 35.000000E+0 42.000000E+0 65.507000E+3
392 65.514000E+3 35.000000E+0 42.000000E+0 65.507000E+3
393 65.507000E+3 35.000000E+0 42.000000E+0 65.507000E+3
394 65.514000E+3 35.000000E+0 42.000000E+0 65.507000E+3
395 65.514000E+3 35.000000E+0 42.000000E+0 65.507000E+3
396 65.514000E+3 35.000000E+0 42.000000E+0 65.500000E+3
397 65.507000E+3 35.000000E+0 42.000000E+0 65.507000E+3
398 65.514000E+3 35.000000E+0 42.000000E+0 65.500000E+3
399 65.514000E+3 35.000000E+0 42.000000E+0 65.507000E+3
400 65.514000E+3 35.000000E+0 42.000000E+0 65.507000E+3
401 65.514000E+3 35.000000E+0 42.000000E+0 65.507000E+3
402 65.507000E+3 35.000000E+0 42.000000E+0 65.507000E+3
403 65.514000E+3 35.000000E+0 42.000000E+0 65.507000E+3
404 65.514000E+3 35.000000E+0 42.000000E+0 65.507000E+3
405 65.514000E+3 35.000000E+0 42.000000E+0 65.500000E+3
406 65.514000E+3 35.000000E+0 42.000000E+0 65.507000E+3
407 65.514000E+3 35.000000E+0 42.000000E+0 65.500000E+3
408 65.514000E+3 35.000000E+0 42.000000E+0 65.507000E+3
409 65.514000E+3 35.000000E+0 42.000000E+0 65.507000E+3
410 65.514000E+3 35.000000E+0 42.000000E+0 65.507000E+3
411 65.514000E+3 35.000000E+0 42.000000E+0 65.500000E+3
412 65.514000E+3 35.000000E+0 42.000000E+0 65.507000E+3
413 65.514000E+3 35.000000E+0 42.000000E+0 65.507000E+3
414 65.507000E+3 35.000000E+0 42.000000E+0 65.507000E+3
415 65.514000E+3 35.000000E+0 42.000000E+0 65.507000E+3
416 65.514000E+3 35.000000E+0 42.000000E+0 65.507000E+3
417 65.514000E+3 35.000000E+0 42.000000E+0 65.507000E+3
418 65.514000E+3 35.000000E+0 42.000000E+0 65.507000E+3
419 65.514000E+3 35.000000E+0 42.000000E+0 65.507000E+3
420 65.514000E+3 35.000000E+0 42.000000E+0 65.507000E+3
421 65.514000E+3 35.000000E+0 42.000000E+0 65.507000E+3
422 65.514000E+3 35.000000E+0 42.000000E+0 65.500000E+3
423 65.514000E+3 35.000000E+0 42.000000E+0 65.507000E+3
424 65.514000E+3 35.000000E+0 42.000000E+0 65.507000E+3
425 65.514000E+3 35.000000E+0 42.000000E+0 65.507000E+3
426 65.514000E+3 35.000000E+0 42.000000E+0 65.507000E+3
427 65.514000E+3 35.000000E+0 42.000000E+0 65.507000E+3
428 65.514000E+3 35.000000E+0 42.000000E+0 65.507000E+3
429 65.514000E+3 35.000000E+0 42.000000E+0 65.507000E+3
430 65.514000E+3 35.000000E+0 42.000000E+0 65.500000E+3
431 65.514000E+3 35.000000E+0 42.000000E+0 65.500000E+3
432 65.514000E+3 35.000000E+0 42.000000E+0 65.507000E+3
433 65.514000E+3 35.000000E+0 42.000000E+0 65.507000E+3
434 65.514000E+3 35.000000E+0 42.000000E+0 65.507000E+3
435 65.514000E+3 35.000000E+0 42.000000E+0 65.507000E+3
436 65.514000E+3 35.000000E+0 42.000000E+0 65.507000E+3
437 65.514000E+3 35.000000E+0 42.000000E+0 65.500000E+3
438 65.514000E+3 35.000000E+0 42.000000E+0 65.500000E+3
439 65.514000E+3 35.000000E+0 42.000000E+0 65.507000E+3
440 65.514000E+3 35.000000E+0 42.000000E+0 65.500000E+3
441 65.514000E+3 35.000000E+0 42.000000E+0 65.507000E+3
442 65.514000E+3 35.000000E+0 42.000000E+0 65.507000E+3
443 65.514000E+3 35.000000E+0 42.000000E+0 65.507000E+3
444 65.514000E+3 35.000000E+0 42.000000E+0 65.507000E+3
445 65.514000E+3 35.000000E+0 42.000000E+0 65.507000E+3
446 65.514000E+3 35.000000E+0 42.000000E+0 65.500000E+3
447 65.514000E+3 35.000000E+0 42.000000E+0 65.507000E+3
448 65.514000E+3 35.000000E+0 42.000000E+0 65.500000E+3
449 65.514000E+3 35.000000E+0 42.000000E+0 65.507000E+3
450 65.514000E+3 35.000000E+0 42.000000E+0 65.507000E+3
451 65.514000E+3 35.000000E+0 42.000000E+0 65.507000E+3
452 65.514000E+3 35.000000E+0 42.000000E+0 65.500000E+3
453 65.514000E+3 35.000000E+0 42.000000E+0 65.500000E+3
454 65.514000E+3 35.000000E+0 42.000000E+0 65.500000E+3
455 65.514000E+3 35.000000E+0 42.000000E+0 65.507000E+3
456 65.514000E+3 35.000000E+0 42.000000E+0 65.507000E+3
457 65.514000E+3 35.000000E+0 42.000000E+0 65.507000E+3
458 65.507000E+3 35.000000E+0 42.000000E+0 65.507000E+3
459 65.514000E+3 35.000000E+0 42.000000E+0 65.507000E+3
460 65.514000E+3 35.000000E+0 42.000000E+0 65.507000E+3
461 65.514000E+3 35.000000E+0 42.000000E+0 65.507000E+3
462 65.514000E+3 35.000000E+0 42.000000E+0 65.500000E+3
463 65.514000E+3 35.000000E+0 42.000000E+0 65.507000E+3
464 65.514000E+3 35.000000E+0 42.000000E+0 65.507000E+3
465 65.514000E+3 35.000000E+0 42.000000E+0 65.507000E+3
466 65.514000E+3 35.000000E+0 42.000000E+0 65.507000E+3
467 65.514000E+3 35.000000E+0 42.000000E+0 65.500000E+3
468 65.514000E+3 35.000000E+0 42.000000E+0 65.507000E+3
469 65.514000E+3 35.000000E+0 42.000000E+0 65.507000E+3
470 65.514000E+3 35.000000E+0 42.000000E+0 65.507000E+3
471 65.514000E+3 35.000000E+0 42.000000E+0 65.507000E+3
472 65.514000E+3 35.000000E+0 42.000000E+0 65.507000E+3
473 65.514000E+3 35.000000E+0 42.000000E+0 65.507000E+3
474 65.514000E+3 35.000000E+0 42.000000E+0 65.500000E+3
475 65.514000E+3 28.000000E+0 42.000000E+0 65.507000E+3
476 65.514000E+3 35.000000E+0 42.000000E+0 65.500000E+3
477 65.514000E+3 35.000000E+0 42.000000E+0 65.507000E+3
478 65.514000E+3 35.000000E+0 42.000000E+0 65.507000E+3
479 65.514000E+3 35.000000E+0 42.000000E+0 65.500000E+3
480 65.514000E+3 35.000000E+0 42.000000E+0 65.507000E+3
481 65.514000E+3 35.000000E+0 42.000000E+0 65.507000E+3
482 65.514000E+3 35.000000E+0 42.000000E+0 65.500000E+3
483 65.514000E+3 35.000000E+0 42.000000E+0 65.507000E+3
484 65.514000E+3 35.000000E+0 42.000000E+0 65.507000E+3
485 65.514000E+3 35.000000E+0 42.000000E+0 65.500000E+3
486 65.514000E+3 35.000000E+0 42.000000E+0 65.507000E+3
487 65.514000E+3 35.000000E+0 42.000000E+0 65.507000E+3
488 65.514000E+3 35.000000E+0 42.000000E+0 65.507000E+3
489 65.514000E+3 35.000000E+0 42.000000E+0 65.500000E+3
490 65.514000E+3 35.000000E+0 42.000000E+0 65.507000E+3
491 65.514000E+3 35.000000E+0 42.000000E+0 65.507000E+3
492 65.514000E+3 35.000000E+0 42.000000E+0 65.507000E+3
493 65.514000E+3 35.000000E+0 42.000000E+0 65.500000E+3
494 65.514000E+3 35.000000E+0 42.000000E+0 65.507000E+3
495 65.514000E+3 35.000000E+0 42.000000E+0 65.500000E+3
496 65.514000E+3 35.000000E+0 42.000000E+0 65.500000E+3
497 65.514000E+3 35.000000E+0 42.000000E+0 65.507000E+3
498 65.514000E+3 35.000000E+0 42.000000E+0 65.507000E+3
499 65.514000E+3 35.000000E+0 42.000000E+0 65.507000E+3
500 65.514000E+3 35.000000E+0 42.000000E+0 65.507000E+3
501 65.514000E+3 35.000000E+0 42.000000E+0 65.507000E+3
502 65.514000E+3 35.000000E+0 42.000000E+0 65.507000E+3
503 65.514000E+3 35.000000E+0 42.000000E+0 65.507000E+3
504 65.514000E+3 35.000000E+0 42.000000E+0 65.507000E+3
505 65.514000E+3 35.000000E+0 42.000000E+0 65.500000E+3
506 65.514000E+3 35.000000E+0 42.000000E+0 65.493000E+3
507 65.514000E+3 35.000000E+0 84.000000E+0 65.430000E+3
508 65.514000E+3 35.000000E+0 70.000000E+0 65.465000E+3
509 65.514000E+3 35.000000E+0 154.000000E+0 65.332000E+3
510 65.514000E+3 35.000000E+0 126.000000E+0 65.423000E+3
511 65.521000E+3 28.000000E+0 225.000000E+0 65.268000E+3
512 65.521000E+3 28.000000E+0 168.000000E+0 65.381000E+3
513 65.521000E+3 28.000000E+0 281.000000E+0 65.212000E+3
514 65.521000E+3 28.000000E+0 217.000000E+0 65.374000E+3
515 65.528000E+3 28.000000E+0 330.000000E+0 65.177000E+3
516 65.528000E+3 28.000000E+0 246.000000E+0 65.346000E+3
517 65.521000E+3 28.000000E+0 351.000000E+0 65.177000E+3
518 65.521000E+3 28.000000E+0 253.000000E+0 65.339000E+3
519 65.521000E+3 28.000000E+0 351.000000E+0 65.205000E+3
520 65.521000E+3 28.000000E+0 260.000000E+0 65.346000E+3
521 65.528000E+3 28.000000E+0 337.000000E+0 65.240000E+3
522 65.528000E+3 28.000000E+0 246.000000E+0 65.374000E+3
523 65.528000E+3 28.000000E+0 316.000000E+0 65.296000E+3
524 65.528000E+3 28.000000E+0 232.000000E+0 65.402000E+3
525 65.528000E+3 28.000000E+0 288.000000E+0 65.353000E+3
526 65.528000E+3 28.000000E+0 217.000000E+0 65.430000E+3
527 0.000000E+0 28.000000E+0 246.000000E+0 65.416000E+3
528 0.000000E+0 28.000000E+0 182.000000E+0 65.458000E+3
529 0.000000E+0 28.000000E+0 196.000000E+0 65.486000E+3
530 65.528000E+3 28.000000E+0 154.000000E+0 65.493000E+3
531 0.000000E+0 28.000000E+0 140.000000E+0 35.000000E+0
532 0.000000E+0 28.000000E+0 119.000000E+0 7.000000E+0
533 7.000000E+0 28.000000E+0 91.000000E+0 119.000000E+0
534 0.000000E+0 28.000000E+0 77.000000E+0 49.000000E+0
535 14.000000E+0 28.000000E+0 28.000000E+0 189.000000E+0
536 14.000000E+0 28.000000E+0 28.000000E+0 84.000000E+0
537 14.000000E+0 28.000000E+0 65.486000E+3 246.000000E+0
538 7.000000E+0 28.000000E+0 65.500000E+3 105.000000E+0
539 14.000000E+0 21.000000E+0 65.409000E+3 302.000000E+0
540 7.000000E+0 21.000000E+0 65.451000E+3 133.000000E+0
541 28.000000E+0 21.000000E+0 65.353000E+3 337.000000E+0
542 14.000000E+0 21.000000E+0 65.416000E+3 147.000000E+0
543 35.000000E+0 14.000000E+0 65.325000E+3 351.000000E+0
544 28.000000E+0 14.000000E+0 65.402000E+3 147.000000E+0
545 63.000000E+0 14.000000E+0 65.289000E+3 344.000000E+0
546 42.000000E+0 14.000000E+0 65.374000E+3 147.000000E+0
547 70.000000E+0 0.000000E+0 65.289000E+3 302.000000E+0
548 49.000000E+0 7.000000E+0 65.374000E+3 126.000000E+0
549 105.000000E+0 65.528000E+3 65.311000E+3 189.000000E+0
550 70.000000E+0 0.000000E+0 65.381000E+3 91.000000E+0
551 154.000000E+0 65.507000E+3 65.339000E+3 84.000000E+0
552 112.000000E+0 65.528000E+3 65.402000E+3 35.000000E+0
553 210.000000E+0 65.493000E+3 65.388000E+3 65.514000E+3
554 154.000000E+0 65.521000E+3 65.444000E+3 65.514000E+3
555 210.000000E+0 65.514000E+3 65.409000E+3 65.472000E+3
556 147.000000E+0 0.000000E+0 65.451000E+3 65.493000E+3
557 119.000000E+0 84.000000E+0 65.430000E+3 65.479000E+3
558 84.000000E+0 63.000000E+0 65.465000E+3 65.493000E+3
559 65.521000E+3 232.000000E+0 65.444000E+3 65.493000E+3
560 65.514000E+3 126.000000E+0 65.472000E+3 65.500000E+3
561 65.381000E+3 330.000000E+0 65.458000E+3 65.500000E+3
562 65.423000E+3 168.000000E+0 65.486000E+3 65.507000E+3
563 65.282000E+3 365.000000E+0 65.472000E+3 65.500000E+3
564 65.360000E+3 189.000000E+0 65.493000E+3 65.507000E+3
565 65.212000E+3 386.000000E+0 65.486000E+3 65.500000E+3
566 65.311000E+3 196.000000E+0 65.507000E+3 65.507000E+3
567 65.184000E+3 379.000000E+0 65.500000E+3 65.514000E+3
568 65.282000E+3 189.000000E+0 65.507000E+3 65.521000E+3
569 65.149000E+3 351.000000E+0 65.493000E+3 65.514000E+3
570 65.261000E+3 175.000000E+0 65.493000E+3 65.514000E+3
571 65.156000E+3 309.000000E+0 65.493000E+3 65.514000E+3
572 65.275000E+3 161.000000E+0 65.500000E+3 65.514000E+3
573 65.170000E+3 253.000000E+0 65.514000E+3 65.507000E+3
574 65.289000E+3 140.000000E+0 65.521000E+3 65.514000E+3
575 65.198000E+3 182.000000E+0 65.528000E+3 65.514000E+3
576 65.296000E+3 105.000000E+0 0.000000E+0 65.514000E+3
577 65.233000E+3 112.000000E+0 65.528000E+3 65.514000E+3
578 65.318000E+3 77.000000E+0 0.000000E+0 65.514000E+3
579 65.282000E+3 35.000000E+0 65.528000E+3 65.514000E+3
580 65.353000E+3 35.000000E+0 65.528000E+3 65.514000E+3
581 65.325000E+3 65.486000E+3 65.528000E+3 65.514000E+3
582 65.381000E+3 65.521000E+3 0.000000E+0 65.514000E+3
583 65.388000E+3 65.402000E+3 65.521000E+3 65.514000E+3
584 65.423000E+3 65.486000E+3 65.521000E+3 65.514000E+3
585 65.451000E+3 65.325000E+3 65.514000E+3 65.514000E+3
586 65.472000E+3 65.451000E+3 65.514000E+3 65.514000E+3
587 65.528000E+3 65.282000E+3 65.507000E+3 65.514000E+3
588 65.521000E+3 65.437000E+3 65.507000E+3 65.514000E+3
589 63.000000E+0 65.226000E+3 65.500000E+3 65.514000E+3
590 42.000000E+0 65.416000E+3 65.514000E+3 65.514000E+3
591 133.000000E+0 65.191000E+3 65.500000E+3 65.521000E+3
592 84.000000E+0 65.409000E+3 65.514000E+3 65.521000E+3
593 182.000000E+0 65.170000E+3 65.493000E+3 65.528000E+3
594 112.000000E+0 65.402000E+3 65.507000E+3 65.528000E+3
595 196.000000E+0 65.198000E+3 65.472000E+3 65.528000E+3
596 126.000000E+0 65.416000E+3 65.479000E+3 65.528000E+3
597 203.000000E+0 65.268000E+3 65.430000E+3 7.000000E+0
598 133.000000E+0 65.451000E+3 65.451000E+3 0.000000E+0
599 189.000000E+0 65.395000E+3 65.388000E+3 28.000000E+0
600 119.000000E+0 65.507000E+3 65.423000E+3 7.000000E+0
601 168.000000E+0 7.000000E+0 65.360000E+3 35.000000E+0
602 105.000000E+0 14.000000E+0 65.416000E+3 7.000000E+0
603 140.000000E+0 70.000000E+0 65.332000E+3 49.000000E+0
604 91.000000E+0 49.000000E+0 65.388000E+3 21.000000E+0
605 119.000000E+0 63.000000E+0 65.374000E+3 65.514000E+3
606 77.000000E+0 42.000000E+0 65.416000E+3 65.521000E+3
607 84.000000E+0 49.000000E+0 65.479000E+3 65.381000E+3
608 56.000000E+0 42.000000E+0 65.500000E+3 65.444000E+3
609 70.000000E+0 35.000000E+0 91.000000E+0 65.268000E+3
610 42.000000E+0 28.000000E+0 84.000000E+0 65.381000E+3
611 63.000000E+0 28.000000E+0 210.000000E+0 65.191000E+3
612 42.000000E+0 28.000000E+0 161.000000E+0 65.346000E+3
613 49.000000E+0 35.000000E+0 302.000000E+0 65.156000E+3
614 35.000000E+0 35.000000E+0 225.000000E+0 65.325000E+3
615 35.000000E+0 35.000000E+0 351.000000E+0 65.142000E+3
616 21.000000E+0 28.000000E+0 246.000000E+0 65.318000E+3
617 35.000000E+0 35.000000E+0 372.000000E+0 65.149000E+3
618 21.000000E+0 35.000000E+0 274.000000E+0 65.318000E+3
619 28.000000E+0 28.000000E+0 386.000000E+0 65.191000E+3
620 21.000000E+0 21.000000E+0 274.000000E+0 65.346000E+3
621 28.000000E+0 28.000000E+0 379.000000E+0 65.240000E+3
622 21.000000E+0 28.000000E+0 274.000000E+0 65.374000E+3
623 21.000000E+0 28.000000E+0 358.000000E+0 65.325000E+3
624 7.000000E+0 28.000000E+0 267.000000E+0 65.416000E+3
625 7.000000E+0 28.000000E+0 344.000000E+0 65.388000E+3
626 0.000000E+0 28.000000E+0 246.000000E+0 65.444000E+3
627 0.000000E+0 21.000000E+0 295.000000E+0 65.465000E+3
628 0.000000E+0 28.000000E+0 217.000000E+0 65.479000E+3
629 7.000000E+0 28.000000E+0 239.000000E+0 7.000000E+0
630 7.000000E+0 28.000000E+0 182.000000E+0 65.528000E+3
631 7.000000E+0 28.000000E+0 182.000000E+0 98.000000E+0
632 7.000000E+0 28.000000E+0 140.000000E+0 35.000000E+0
633 14.000000E+0 28.000000E+0 119.000000E+0 175.000000E+0
634 14.000000E+0 28.000000E+0 98.000000E+0 77.000000E+0
635 21.000000E+0 28.000000E+0 56.000000E+0 232.000000E+0
636 14.000000E+0 28.000000E+0 56.000000E+0 105.000000E+0
637 21.000000E+0 21.000000E+0 65.521000E+3 302.000000E+0
638 21.000000E+0 14.000000E+0 65.528000E+3 140.000000E+0
639 28.000000E+0 21.000000E+0 65.444000E+3 358.000000E+0
640 21.000000E+0 21.000000E+0 65.479000E+3 154.000000E+0
641 35.000000E+0 14.000000E+0 65.381000E+3 372.000000E+0
642 21.000000E+0 14.000000E+0 65.437000E+3 161.000000E+0
643 49.000000E+0 7.000000E+0 65.346000E+3 344.000000E+0
644 35.000000E+0 14.000000E+0 65.409000E+3 154.000000E+0
645 77.000000E+0 14.000000E+0 65.332000E+3 295.000000E+0
646 63.000000E+0 14.000000E+0 65.395000E+3 140.000000E+0
647 126.000000E+0 65.528000E+3 65.332000E+3 203.000000E+0
648 91.000000E+0 0.000000E+0 65.402000E+3 98.000000E+0
649 161.000000E+0 65.514000E+3 65.353000E+3 91.000000E+0
650 112.000000E+0 0.000000E+0 65.409000E+3 42.000000E+0
651 225.000000E+0 65.486000E+3 65.402000E+3 65.521000E+3
652 154.000000E+0 65.521000E+3 65.451000E+3 65.521000E+3
653 210.000000E+0 65.514000E+3 65.416000E+3 65.479000E+3
654 147.000000E+0 0.000000E+0 65.458000E+3 65.500000E+3
655 112.000000E+0 91.000000E+0 65.430000E+3 65.479000E+3
656 63.000000E+0 63.000000E+0 65.465000E+3 65.493000E+3
657 65.507000E+3 217.000000E+0 65.444000E+3 65.493000E+3
658 65.500000E+3 112.000000E+0 65.479000E+3 65.507000E+3
659 65.381000E+3 323.000000E+0 65.458000E+3 65.500000E+3
660 65.416000E+3 161.000000E+0 65.486000E+3 65.507000E+3
661 65.289000E+3 379.000000E+0 65.472000E+3 65.500000E+3
662 65.360000E+3 175.000000E+0 65.500000E+3 65.507000E+3
663 65.226000E+3 386.000000E+0 65.486000E+3 65.500000E+3
664 65.325000E+3 182.000000E+0 65.507000E+3 65.507000E+3
665 65.191000E+3 386.000000E+0 65.500000E+3 65.507000E+3
666 65.303000E+3 182.000000E+0 65.514000E+3 65.514000E+3
667 65.170000E+3 358.000000E+0 65.507000E+3 65.514000E+3
668 65.282000E+3 175.000000E+0 65.514000E+3 65.514000E+3
669 65.163000E+3 323.000000E+0 65.500000E+3 65.514000E+3
670 65.275000E+3 147.000000E+0 65.514000E+3 65.514000E+3
671 65.177000E+3 267.000000E+0 65.507000E+3 65.514000E+3
672 65.275000E+3 147.000000E+0 65.507000E+3 0.000000E+0
673 65.191000E+3 182.000000E+0 65.500000E+3 65.514000E+3
674 65.282000E+3 98.000000E+0 65.507000E+3 65.514000E+3
675 65.212000E+3 105.000000E+0 65.514000E+3 65.514000E+3
676 65.303000E+3 70.000000E+0 0.000000E+0 65.514000E+3
677 65.268000E+3 28.000000E+0 0.000000E+0 65.514000E+3
678 65.346000E+3 28.000000E+0 7.000000E+0 65.514000E+3
679 65.332000E+3 65.486000E+3 0.000000E+0 65.521000E+3
680 65.388000E+3 65.528000E+3 0.000000E+0 65.514000E+3
681 65.395000E+3 65.402000E+3 65.521000E+3 65.521000E+3
682 65.430000E+3 65.486000E+3 65.528000E+3 65.514000E+3
683 65.458000E+3 65.318000E+3 65.521000E+3 65.521000E+3
684 65.472000E+3 65.451000E+3 65.521000E+3 65.514000E+3
685 65.521000E+3 65.282000E+3 65.514000E+3 65.514000E+3
686 65.521000E+3 65.437000E+3 65.514000E+3 65.514000E+3
687 70.000000E+0 65.226000E+3 65.507000E+3 65.514000E+3
688 42.000000E+0 65.416000E+3 65.514000E+3 65.514000E+3
689 133.000000E+0 65.177000E+3 65.493000E+3 65.521000E+3
690 84.000000E+0 65.416000E+3 65.507000E+3 65.521000E+3
691 182.000000E+0 65.170000E+3 65.493000E+3 65.528000E+3
692 112.000000E+0 65.402000E+3 65.500000E+3 65.528000E+3
693 203.000000E+0 65.198000E+3 65.465000E+3 0.000000E+0
694 133.000000E+0 65.409000E+3 65.472000E+3 65.528000E+3
695 210.000000E+0 65.275000E+3 65.423000E+3 7.000000E+0
696 133.000000E+0 65.451000E+3 65.444000E+3 0.000000E+0
697 189.000000E+0 65.395000E+3 65.388000E+3 21.000000E+0
698 119.000000E+0 65.500000E+3 65.430000E+3 7.000000E+0
699 168.000000E+0 7.000000E+0 65.360000E+3 28.000000E+0
700 105.000000E+0 14.000000E+0 65.416000E+3 14.000000E+0
701 140.000000E+0 70.000000E+0 65.339000E+3 42.000000E+0
702 91.000000E+0 49.000000E+0 65.395000E+3 21.000000E+0
703 112.000000E+0 70.000000E+0 65.374000E+3 65.514000E+3
704 77.000000E+0 42.000000E+0 65.423000E+3 65.521000E+3
705 91.000000E+0 49.000000E+0 65.486000E+3 65.381000E+3
706 56.000000E+0 42.000000E+0 65.500000E+3 65.437000E+3
707 70.000000E+0 35.000000E+0 91.000000E+0 65.261000E+3
708 42.000000E+0 28.000000E+0 77.000000E+0 65.381000E+3
709 63.000000E+0 28.000000E+0 210.000000E+0 65.191000E+3
710 42.000000E+0 28.000000E+0 154.000000E+0 65.360000E+3
711 56.000000E+0 35.000000E+0 302.000000E+0 65.135000E+3
712 35.000000E+0 35.000000E+0 225.000000E+0 65.318000E+3
713 42.000000E+0 35.000000E+0 351.000000E+0 65.128000E+3
714 21.000000E+0 28.000000E+0 253.000000E+0 65.311000E+3
715 35.000000E+0 35.000000E+0 379.000000E+0 65.142000E+3
716 35.000000E+0 35.000000E+0 267.000000E+0 65.325000E+3
717 35.000000E+0 28.000000E+0 386.000000E+0 65.191000E+3
718 14.000000E+0 28.000000E+0 281.000000E+0 65.346000E+3
719 21.000000E+0 28.000000E+0 379.000000E+0 65.247000E+3
720 7.000000E+0 28.000000E+0 274.000000E+0 65.374000E+3
721 21.000000E+0 28.000000E+0 358.000000E+0 65.318000E+3
722 14.000000E+0 28.000000E+0 260.000000E+0 65.409000E+3
723 7.000000E+0 28.000000E+0 337.000000E+0 65.381000E+3
724 0.000000E+0 28.000000E+0 246.000000E+0 65.444000E+3
725 7.000000E+0 28.000000E+0 302.000000E+0 65.465000E+3
726 0.000000E+0 28.000000E+0 225.000000E+0 65.479000E+3
727 14.000000E+0 28.000000E+0 246.000000E+0 7.000000E+0
728 7.000000E+0 28.000000E+0 182.000000E+0 98.000000E+0
729 7.000000E+0 28.000000E+0 182.000000E+0 98.000000E+0
730 7.000000E+0 28.000000E+0 140.000000E+0 35.000000E+0
731 14.000000E+0 28.000000E+0 112.000000E+0 182.000000E+0
732 14.000000E+0 28.000000E+0 98.000000E+0 84.000000E+0
733 21.000000E+0 28.000000E+0 56.000000E+0 232.000000E+0
734 14.000000E+0 28.000000E+0 56.000000E+0 105.000000E+0
735 21.000000E+0 21.000000E+0 65.514000E+3 309.000000E+0
736 21.000000E+0 21.000000E+0 65.528000E+3 133.000000E+0
737 28.000000E+0 21.000000E+0 65.444000E+3 358.000000E+0
738 14.000000E+0 21.000000E+0 65.479000E+3 154.000000E+0
739 35.000000E+0 14.000000E+0 65.381000E+3 379.000000E+0
740 21.000000E+0 14.000000E+0 65.437000E+3 161.000000E+0
741 49.000000E+0 7.000000E+0 65.339000E+3 351.000000E+0
742 35.000000E+0 14.000000E+0 65.402000E+3 161.000000E+0
743 84.000000E+0 7.000000E+0 65.325000E+3 302.000000E+0
744 70.000000E+0 14.000000E+0 65.395000E+3 140.000000E+0
745 126.000000E+0 65.528000E+3 65.332000E+3 210.000000E+0
746 98.000000E+0 0.000000E+0 65.395000E+3 98.000000E+0
747 161.000000E+0 65.514000E+3 65.346000E+3 91.000000E+0
748 112.000000E+0 0.000000E+0 65.416000E+3 42.000000E+0
749 225.000000E+0 65.486000E+3 65.402000E+3 65.521000E+3
750 154.000000E+0 65.521000E+3 65.451000E+3 65.521000E+3
751 210.000000E+0 65.514000E+3 65.416000E+3 65.479000E+3
752 147.000000E+0 0.000000E+0 65.458000E+3 65.493000E+3
753 112.000000E+0 91.000000E+0 65.430000E+3 65.479000E+3
754 63.000000E+0 63.000000E+0 65.465000E+3 65.493000E+3
755 65.500000E+3 217.000000E+0 65.444000E+3 65.493000E+3
756 65.500000E+3 119.000000E+0 65.472000E+3 65.500000E+3
757 65.374000E+3 323.000000E+0 65.451000E+3 65.500000E+3
758 65.416000E+3 168.000000E+0 65.479000E+3 65.500000E+3
759 65.289000E+3 372.000000E+0 65.472000E+3 65.500000E+3
760 65.367000E+3 182.000000E+0 65.500000E+3 65.507000E+3
761 65.226000E+3 393.000000E+0 65.486000E+3 65.500000E+3
762 65.318000E+3 189.000000E+0 65.507000E+3 65.507000E+3
763 65.191000E+3 393.000000E+0 65.500000E+3 65.507000E+3
764 65.289000E+3 203.000000E+0 65.507000E+3 65.514000E+3
765 65.163000E+3 358.000000E+0 65.493000E+3 65.514000E+3
766 65.275000E+3 175.000000E+0 65.500000E+3 65.514000E+3
767 65.156000E+3 323.000000E+0 65.493000E+3 65.514000E+3
768 65.268000E+3 147.000000E+0 65.507000E+3 65.514000E+3
769 65.170000E+3 267.000000E+0 65.507000E+3 65.514000E+3
770 65.282000E+3 147.000000E+0 65.521000E+3 65.514000E+3
771 65.191000E+3 189.000000E+0 65.521000E+3 65.514000E+3
772 65.296000E+3 105.000000E+0 65.528000E+3 65.521000E+3
773 65.226000E+3 112.000000E+0 65.528000E+3 65.521000E+3
774 65.318000E+3 70.000000E+0 0.000000E+0 65.521000E+3
775 65.275000E+3 35.000000E+0 65.528000E+3 65.521000E+3
776 65.346000E+3 35.000000E+0 0.000000E+0 65.521000E+3
777 65.325000E+3 65.479000E+3 65.528000E+3 65.521000E+3
778 65.381000E+3 65.528000E+3 0.000000E+0 65.521000E+3
779 65.388000E+3 65.402000E+3 65.521000E+3 65.514000E+3
780 65.430000E+3 65.486000E+3 65.521000E+3 65.521000E+3
781 65.458000E+3 65.325000E+3 65.514000E+3 65.514000E+3
782 65.472000E+3 65.444000E+3 65.514000E+3 65.521000E+3
783 65.528000E+3 65.275000E+3 65.514000E+3 65.521000E+3
784 65.521000E+3 65.437000E+3 65.514000E+3 65.514000E+3
785 70.000000E+0 65.226000E+3 65.514000E+3 65.521000E+3
786 42.000000E+0 65.409000E+3 65.521000E+3 65.521000E+3
787 133.000000E+0 65.184000E+3 65.500000E+3 65.521000E+3
788 77.000000E+0 65.416000E+3 65.514000E+3 65.528000E+3
789 175.000000E+0 65.177000E+3 65.493000E+3 65.528000E+3
790 112.000000E+0 65.402000E+3 65.500000E+3 65.528000E+3
791 196.000000E+0 65.198000E+3 65.472000E+3 0.000000E+0
792 126.000000E+0 65.416000E+3 65.479000E+3 65.528000E+3
793 210.000000E+0 65.268000E+3 65.423000E+3 7.000000E+0
794 126.000000E+0 65.458000E+3 65.451000E+3 0.000000E+0
795 189.000000E+0 65.395000E+3 65.388000E+3 21.000000E+0
796 119.000000E+0 65.500000E+3 65.423000E+3 7.000000E+0
797 168.000000E+0 7.000000E+0 65.360000E+3 28.000000E+0
798 105.000000E+0 14.000000E+0 65.416000E+3 14.000000E+0
799 140.000000E+0 70.000000E+0 65.332000E+3 49.000000E+0
800 84.000000E+0 49.000000E+0 65.388000E+3 21.000000E+0
801 112.000000E+0 63.000000E+0 65.374000E+3 65.514000E+3
802 70.000000E+0 49.000000E+0 65.423000E+3 65.514000E+3
803 91.000000E+0 56.000000E+0 65.479000E+3 65.381000E+3
804 56.000000E+0 42.000000E+0 65.500000E+3 65.437000E+3
805 70.000000E+0 35.000000E+0 91.000000E+0 65.261000E+3
806 42.000000E+0 28.000000E+0 84.000000E+0 65.381000E+3
807 63.000000E+0 28.000000E+0 210.000000E+0 65.184000E+3
808 49.000000E+0 35.000000E+0 161.000000E+0 65.346000E+3
809 56.000000E+0 35.000000E+0 302.000000E+0 65.149000E+3
810 35.000000E+0 35.000000E+0 217.000000E+0 65.325000E+3
811 35.000000E+0 35.000000E+0 344.000000E+0 65.135000E+3
812 21.000000E+0 35.000000E+0 246.000000E+0 65.318000E+3
813 28.000000E+0 35.000000E+0 379.000000E+0 65.142000E+3
814 21.000000E+0 28.000000E+0 260.000000E+0 65.332000E+3
815 28.000000E+0 28.000000E+0 379.000000E+0 65.205000E+3
816 14.000000E+0 28.000000E+0 274.000000E+0 65.346000E+3
817 21.000000E+0 28.000000E+0 379.000000E+0 65.240000E+3
818 14.000000E+0 28.000000E+0 267.000000E+0 65.374000E+3
819 21.000000E+0 28.000000E+0 365.000000E+0 65.318000E+3
820 14.000000E+0 28.000000E+0 260.000000E+0 65.416000E+3
821 7.000000E+0 28.000000E+0 344.000000E+0 65.381000E+3
822 0.000000E+0 28.000000E+0 246.000000E+0 65.444000E+3
823 0.000000E+0 28.000000E+0 302.000000E+0 65.465000E+3
824 0.000000E+0 28.000000E+0 217.000000E+0 65.479000E+3
825 14.000000E+0 28.000000E+0 246.000000E+0 7.000000E+0
826 7.000000E+0 28.000000E+0 182.000000E+0 65.528000E+3
827 7.000000E+0 28.000000E+0 182.000000E+0 98.000000E+0
828 7.000000E+0 28.000000E+0 140.000000E+0 35.000000E+0
829 21.000000E+0 28.000000E+0 112.000000E+0 182.000000E+0
830 14.000000E+0 28.000000E+0 98.000000E+0 77.000000E+0
831 21.000000E+0 28.000000E+0 56.000000E+0 232.000000E+0
832 14.000000E+0 28.000000E+0 56.000000E+0 105.000000E+0
833 21.000000E+0 21.000000E+0 65.514000E+3 309.000000E+0
834 21.000000E+0 21.000000E+0 65.528000E+3 140.000000E+0
835 28.000000E+0 21.000000E+0 65.444000E+3 358.000000E+0
836 14.000000E+0 21.000000E+0 65.479000E+3 154.000000E+0
837 35.000000E+0 14.000000E+0 65.381000E+3 372.000000E+0
838 21.000000E+0 14.000000E+0 65.437000E+3 168.000000E+0
839 49.000000E+0 7.000000E+0 65.339000E+3 351.000000E+0
840 35.000000E+0 14.000000E+0 65.409000E+3 154.000000E+0
841 84.000000E+0 14.000000E+0 65.325000E+3 295.000000E+0
842 63.000000E+0 14.000000E+0 65.395000E+3 140.000000E+0
843 126.000000E+0 65.528000E+3 65.325000E+3 210.000000E+0
844 98.000000E+0 0.000000E+0 65.395000E+3 98.000000E+0
845 161.000000E+0 65.514000E+3 65.346000E+3 91.000000E+0
846 112.000000E+0 0.000000E+0 65.409000E+3 42.000000E+0
847 217.000000E+0 65.486000E+3 65.402000E+3 65.521000E+3
848 154.000000E+0 65.521000E+3 65.451000E+3 65.521000E+3
849 210.000000E+0 65.514000E+3 65.416000E+3 65.479000E+3
850 147.000000E+0 0.000000E+0 65.458000E+3 65.493000E+3
851 112.000000E+0 91.000000E+0 65.430000E+3 65.479000E+3
852 63.000000E+0 63.000000E+0 65.465000E+3 65.493000E+3
853 65.507000E+3 217.000000E+0 65.437000E+3 65.493000E+3
854 65.500000E+3 119.000000E+0 65.472000E+3 65.500000E+3
855 65.381000E+3 316.000000E+0 65.458000E+3 65.500000E+3
856 65.409000E+3 161.000000E+0 65.486000E+3 65.507000E+3
857 65.289000E+3 365.000000E+0 65.472000E+3 65.500000E+3
858 65.367000E+3 175.000000E+0 65.493000E+3 65.507000E+3
859 65.226000E+3 386.000000E+0 65.486000E+3 65.500000E+3
860 65.325000E+3 182.000000E+0 65.507000E+3 65.507000E+3
861 65.191000E+3 393.000000E+0 65.500000E+3 65.507000E+3
862 65.296000E+3 189.000000E+0 65.514000E+3 65.514000E+3
863 65.170000E+3 365.000000E+0 65.500000E+3 65.514000E+3
864 65.057000E+3 168.000000E+0 65.507000E+3 65.514000E+3
865 65.163000E+3 323.000000E+0 65.500000E+3 65.514000E+3
866 65.282000E+3 147.000000E+0 65.521000E+3 65.514000E+3
867 65.177000E+3 267.000000E+0 65.521000E+3 65.514000E+3
868 65.282000E+3 147.000000E+0 65.521000E+3 65.521000E+3
869 65.191000E+3 189.000000E+0 65.514000E+3 65.514000E+3
870 65.289000E+3 105.000000E+0 65.521000E+3 65.514000E+3
871 65.219000E+3 112.000000E+0 65.521000E+3 65.521000E+3
872 65.311000E+3 70.000000E+0 65.528000E+3 65.521000E+3
873 65.268000E+3 28.000000E+0 65.521000E+3 65.521000E+3
874 65.346000E+3 28.000000E+0 65.528000E+3 65.514000E+3
875 65.332000E+3 65.486000E+3 65.528000E+3 65.521000E+3
876 65.388000E+3 65.528000E+3 65.528000E+3 65.521000E+3
877 65.395000E+3 65.395000E+3 65.521000E+3 65.514000E+3
878 65.430000E+3 65.486000E+3 65.521000E+3 65.521000E+3
879 65.458000E+3 65.325000E+3 65.514000E+3 65.514000E+3
880 65.472000E+3 65.451000E+3 65.514000E+3 65.521000E+3
881 65.528000E+3 65.282000E+3 65.514000E+3 65.514000E+3
882 65.521000E+3 65.437000E+3 65.514000E+3 65.521000E+3
883 70.000000E+0 65.226000E+3 65.507000E+3 65.521000E+3
884 42.000000E+0 65.409000E+3 65.521000E+3 65.514000E+3
885 133.000000E+0 65.184000E+3 65.500000E+3 65.521000E+3
886 84.000000E+0 65.416000E+3 65.507000E+3 65.521000E+3
887 175.000000E+0 65.170000E+3 65.486000E+3 65.528000E+3
888 112.000000E+0 65.402000E+3 65.500000E+3 65.528000E+3
889 196.000000E+0 65.205000E+3 65.472000E+3 0.000000E+0
890 126.000000E+0 65.416000E+3 65.479000E+3 0.000000E+0
891 203.000000E+0 65.275000E+3 65.423000E+3 7.000000E+0
892 133.000000E+0 65.451000E+3 65.444000E+3 0.000000E+0
893 189.000000E+0 65.395000E+3 65.388000E+3 21.000000E+0
894 119.000000E+0 65.500000E+3 65.430000E+3 7.000000E+0
895 168.000000E+0 7.000000E+0 65.367000E+3 28.000000E+0
896 112.000000E+0 14.000000E+0 65.416000E+3 14.000000E+0
897 140.000000E+0 70.000000E+0 65.332000E+3 42.000000E+0
898 91.000000E+0 49.000000E+0 65.388000E+3 21.000000E+0
899 119.000000E+0 63.000000E+0 65.374000E+3 65.514000E+3
900 77.000000E+0 42.000000E+0 65.423000E+3 65.521000E+3
901 91.000000E+0 49.000000E+0 65.479000E+3 65.381000E+3
902 56.000000E+0 42.000000E+0 65.500000E+3 65.437000E+3
903 70.000000E+0 35.000000E+0 91.000000E+0 65.261000E+3
904 42.000000E+0 28.000000E+0 84.000000E+0 65.381000E+3
905 63.000000E+0 28.000000E+0 210.000000E+0 65.177000E+3
906 42.000000E+0 28.000000E+0 161.000000E+0 65.353000E+3
907 49.000000E+0 35.000000E+0 302.000000E+0 65.142000E+3
908 35.000000E+0 35.000000E+0 217.000000E+0 65.325000E+3
909 35.000000E+0 35.000000E+0 344.000000E+0 65.135000E+3
910 21.000000E+0 35.000000E+0 253.000000E+0 65.318000E+3
911 28.000000E+0 35.000000E+0 365.000000E+0 65.149000E+3
912 21.000000E+0 35.000000E+0 260.000000E+0 65.325000E+3
913 21.000000E+0 35.000000E+0 379.000000E+0 65.198000E+3
914 14.000000E+0 28.000000E+0 274.000000E+0 65.346000E+3
915 21.000000E+0 28.000000E+0 379.000000E+0 65.247000E+3
916 14.000000E+0 35.000000E+0 274.000000E+0 65.374000E+3
917 21.000000E+0 28.000000E+0 358.000000E+0 65.325000E+3
918 14.000000E+0 28.000000E+0 260.000000E+0 65.416000E+3
919 7.000000E+0 28.000000E+0 344.000000E+0 65.388000E+3
920 7.000000E+0 28.000000E+0 246.000000E+0 65.444000E+3
921 7.000000E+0 28.000000E+0 295.000000E+0 65.465000E+3
922 0.000000E+0 28.000000E+0 217.000000E+0 65.479000E+3
923 7.000000E+0 28.000000E+0 239.000000E+0 7.000000E+0
924 7.000000E+0 28.000000E+0 182.000000E+0 65.528000E+3
925 7.000000E+0 28.000000E+0 182.000000E+0 98.000000E+0
926 7.000000E+0 28.000000E+0 140.000000E+0 35.000000E+0
927 14.000000E+0 28.000000E+0 119.000000E+0 175.000000E+0
928 14.000000E+0 28.000000E+0 98.000000E+0 77.000000E+0
929 21.000000E+0 28.000000E+0 56.000000E+0 232.000000E+0
930 14.000000E+0 28.000000E+0 56.000000E+0 105.000000E+0
931 21.000000E+0 21.000000E+0 65.521000E+3 302.000000E+0
932 14.000000E+0 21.000000E+0 65.528000E+3 126.000000E+0
933 28.000000E+0 21.000000E+0 65.444000E+3 344.000000E+0
934 14.000000E+0 21.000000E+0 65.479000E+3 147.000000E+0
935 35.000000E+0 14.000000E+0 65.388000E+3 365.000000E+0
936 21.000000E+0 14.000000E+0 65.437000E+3 161.000000E+0
937 49.000000E+0 7.000000E+0 65.339000E+3 344.000000E+0
938 35.000000E+0 14.000000E+0 65.409000E+3 154.000000E+0
939 84.000000E+0 14.000000E+0 65.332000E+3 295.000000E+0
940 70.000000E+0 14.000000E+0 65.395000E+3 140.000000E+0
941 119.000000E+0 65.528000E+3 65.339000E+3 203.000000E+0
942 98.000000E+0 0.000000E+0 65.402000E+3 98.000000E+0
943 161.000000E+0 65.514000E+3 65.353000E+3 91.000000E+0
944 112.000000E+0 0.000000E+0 65.416000E+3 42.000000E+0
945 225.000000E+0 65.486000E+3 65.402000E+3 65.521000E+3
946 154.000000E+0 65.521000E+3 65.451000E+3 65.521000E+3
947 210.000000E+0 65.514000E+3 65.416000E+3 65.472000E+3
948 147.000000E+0 0.000000E+0 65.458000E+3 65.493000E+3
949 112.000000E+0 91.000000E+0 65.430000E+3 65.479000E+3
950 63.000000E+0 63.000000E+0 65.465000E+3 65.493000E+3
951 65.500000E+3 225.000000E+0 65.444000E+3 65.493000E+3
952 65.500000E+3 112.000000E+0 65.472000E+3 65.500000E+3
953 65.381000E+3 316.000000E+0 65.458000E+3 65.500000E+3
954 65.416000E+3 161.000000E+0 65.486000E+3 65.500000E+3
955 65.289000E+3 365.000000E+0 65.472000E+3 65.500000E+3
956 65.367000E+3 175.000000E+0 65.500000E+3 65.507000E+3
957 65.226000E+3 393.000000E+0 65.486000E+3 65.500000E+3
958 65.325000E+3 182.000000E+0 65.507000E+3 65.507000E+3
959 65.191000E+3 393.000000E+0 65.500000E+3 65.507000E+3
960 65.296000E+3 189.000000E+0 65.507000E+3 65.514000E+3
961 65.170000E+3 372.000000E+0 65.500000E+3 65.514000E+3
962 65.282000E+3 168.000000E+0 65.507000E+3 65.514000E+3
963 65.163000E+3 330.000000E+0 65.493000E+3 65.514000E+3
964 65.282000E+3 154.000000E+0 65.514000E+3 65.514000E+3
965 65.177000E+3 267.000000E+0 65.514000E+3 65.514000E+3
966 65.282000E+3 147.000000E+0 65.528000E+3 65.521000E+3
967 65.198000E+3 182.000000E+0 65.514000E+3 65.514000E+3
968 65.289000E+3 105.000000E+0 65.521000E+3 65.514000E+3
969 65.226000E+3 112.000000E+0 65.528000E+3 65.514000E+3
970 65.318000E+3 70.000000E+0 0.000000E+0 65.514000E+3
971 65.275000E+3 28.000000E+0 65.528000E+3 65.521000E+3
972 65.346000E+3 35.000000E+0 0.000000E+0 65.521000E+3
973 65.332000E+3 65.486000E+3 65.528000E+3 65.521000E+3
974 65.381000E+3 65.521000E+3 65.528000E+3 65.521000E+3
975 65.402000E+3 65.423000E+3 65.521000E+3 65.514000E+3
976 65.430000E+3 65.486000E+3 65.521000E+3 65.521000E+3
977 65.458000E+3 65.325000E+3 65.514000E+3 65.521000E+3
978 65.472000E+3 65.444000E+3 65.514000E+3 65.514000E+3
979 65.528000E+3 65.268000E+3 65.514000E+3 65.521000E+3
980 65.521000E+3 65.430000E+3 65.514000E+3 65.514000E+3
981 63.000000E+0 65.219000E+3 65.507000E+3 65.514000E+3
982 42.000000E+0 65.416000E+3 65.521000E+3 65.514000E+3
983 126.000000E+0 65.184000E+3 65.500000E+3 65.528000E+3
984 77.000000E+0 65.409000E+3 65.507000E+3 65.528000E+3
985 175.000000E+0 65.170000E+3 65.493000E+3 65.528000E+3
986 112.000000E+0 65.402000E+3 65.500000E+3 65.528000E+3
987 196.000000E+0 65.198000E+3 65.472000E+3 0.000000E+0
988 126.000000E+0 65.409000E+3 65.479000E+3 65.528000E+3
989 210.000000E+0 65.268000E+3 65.423000E+3 14.000000E+0
990 133.000000E+0 65.451000E+3 65.451000E+3 0.000000E+0
991 196.000000E+0 65.395000E+3 65.381000E+3 21.000000E+0
992 119.000000E+0 65.500000E+3 65.430000E+3 7.000000E+0
993 168.000000E+0 7.000000E+0 65.367000E+3 28.000000E+0
994 105.000000E+0 14.000000E+0 65.409000E+3 7.000000E+0
995 140.000000E+0 70.000000E+0 65.332000E+3 42.000000E+0
996 84.000000E+0 49.000000E+0 65.395000E+3 14.000000E+0
997 119.000000E+0 63.000000E+0 65.374000E+3 65.514000E+3
998 70.000000E+0 42.000000E+0 65.423000E+3 65.521000E+3
999 84.000000E+0 49.000000E+0 65.479000E+3 65.381000E+3
1000 56.000000E+0 42.000000E+0 65.500000E+3 65.444000E+3
