0.0 0.0 0.0 0.0 0.0
0.02 0.0 0.0 0.0 0.0
0.04 0.0 0.0 0.0 0.0
0.06 0.0 0.01614 0.0 -0.01076
0.08 0.0 0.00269 0.0 0.0
0.1 0.0 0.00807 0.0 -0.00807
0.12 0.0 0.0 0.0 0.0
0.14 0.0 0.00538 0.00538 -0.01076
0.16 0.0 0.0 0.00269 0.0
0.18 0.0 0.00807 0.01345 -0.00538
0.2 0.00538 0.0 0.00807 0.0
0.22 0.0 0.00807 0.024210000000000002 0.0
0.24 0.00538 0.0 0.01883 0.0
0.26 0.0 0.00269 0.01614 -0.00807
0.28 0.0 0.0 0.01076 -0.00269
0.3 0.0 0.00538 0.01345 -0.01345
0.32 0.0 0.0 0.00807 -0.01345
0.34 0.0 0.00538 0.01076 -0.02152
0.36 0.00269 0.0 0.00807 -0.01614
0.38 0.0 0.01345 0.01076 -0.0269
0.4 0.00538 0.00269 0.00538 -0.01614
0.42 0.0 0.01883 0.01076 -0.02152
0.44 0.00538 0.00269 0.0 -0.01076
0.46 0.0 0.01345 0.01076 -0.01614
0.48 0.00269 0.00269 0.00807 -0.00269
0.5 0.0 0.00807 0.01076 -0.01345
0.52 0.0 0.0 0.00807 -0.00269
0.54 0.0 0.00807 0.01614 -0.00807
0.56 0.0 0.0 0.01345 0.0
0.58 0.0 0.01076 0.01614 -0.00269
0.6 0.0 0.0 0.01345 0.0
0.62 0.0 0.01345 0.01883 -0.00269
0.64 0.0 0.0 0.01076 0.0
0.66 0.0 0.01076 0.01345 -0.01345
0.68 0.0 0.0 0.00807 0.0
0.7 0.0 0.01614 0.01614 -0.01076
0.72 0.00269 0.00269 0.00538 0.0
0.74 0.0 0.01345 0.01345 -0.01076
0.76 0.0 0.00538 0.00807 0.0
0.78 0.0 0.01883 0.01345 -0.00807
0.8 0.0 0.00538 0.00807 0.0
0.82 0.0 0.01883 0.01614 -0.01614
0.84 0.0 0.00538 0.01345 -0.00269
0.86 0.0 0.01076 0.02152 -0.01345
0.88 0.0 0.00538 0.01614 -0.00538
0.9 0.0 0.01614 0.02152 -0.01345
0.92 0.0 0.00269 0.01614 -0.00807
0.94 0.0 0.01345 0.01883 -0.01883
0.96 0.0 0.00269 0.01614 -0.01076
0.98 0.0 0.01614 0.01883 -0.024210000000000002
1.0 0.0 0.00538 0.01076 -0.01076
1.02 0.0 0.01614 0.01614 -0.01883
1.04 0.0 0.00538 0.01345 -0.00538
1.06 0.0 0.01345 0.01614 -0.01345
1.08 0.0 0.00538 0.01345 -0.00269
1.1 0.0 0.01614 0.01614 -0.01614
1.12 0.0 0.00807 0.01345 -0.00269
1.14 0.0 0.01614 0.01345 -0.01076
1.16 0.0 0.01076 0.01076 -0.00269
1.18 0.0 0.01883 0.01614 -0.00807
1.2 0.0 0.01076 0.01345 -0.00269
1.22 0.0 0.01614 0.02152 -0.01076
1.24 0.0 0.00807 0.01883 -0.00269
1.26 -0.00269 0.01614 0.01883 -0.01076
1.28 0.0 0.00538 0.01614 -0.00269
1.3 0.0 0.01883 0.0269 -0.01076
1.32 0.0 0.00807 0.02152 -0.00269
1.34 0.0 0.01345 0.024210000000000002 -0.01345
1.36 0.0 0.01076 0.01883 -0.00807
1.38 0.0 0.01883 0.02152 -0.01883
1.4 0.0 0.01076 0.01614 -0.00807
1.42 0.0 0.01883 0.024210000000000002 -0.01883
1.44 0.0 0.01345 0.01614 -0.00538
1.46 0.0 0.02152 0.02152 -0.01076
1.48 0.0 0.01076 0.01883 -0.00538
1.5 0.0 0.01883 0.02152 -0.01883
1.52 0.0 0.01076 0.02152 -0.00807
1.54 -0.00269 0.02152 0.0269 -0.02152
1.56 0.0 0.01076 0.01883 -0.01076
1.58 -0.00269 0.01614 0.024210000000000002 -0.01883
1.6 0.0 0.01345 0.02152 -0.02152
1.62 0.0 0.01883 0.0269 -0.02959
1.64 0.0 0.01076 0.02152 -0.01614
1.66 0.0 0.02152 0.0269 -0.03497
1.68 0.0 0.01345 0.0269 -0.01614
1.7 0.0 0.01883 0.03228 -0.0269
1.72 0.0 0.01076 0.0269 -0.01883
1.74 -0.00269 0.02152 0.0269 -0.024210000000000002
1.76 -0.00269 0.01345 0.01883 -0.02152
1.78 -0.00269 0.01883 0.0269 -0.02959
1.8 -0.00269 0.01345 0.024210000000000002 -0.01614
1.82 -0.00269 0.02152 0.02959 -0.02152
1.84 -0.00269 0.01614 0.024210000000000002 -0.01345
1.86 -0.00269 0.024210000000000002 0.0269 -0.02152
1.88 0.0 0.01614 0.02152 -0.01076
1.9 -0.00538 0.024210000000000002 0.0269 -0.01883
1.92 -0.00269 0.01614 0.024210000000000002 -0.01614
1.94 -0.00538 0.0269 0.0269 -0.01345
1.96 -0.00269 0.01076 0.02152 -0.01076
1.98 -0.00538 0.02152 0.0269 -0.02152
2.0 0.0 0.01614 0.024210000000000002 -0.01076
2.02 -0.00538 0.02152 0.0269 -0.01883
2.04 -0.00269 0.01614 0.024210000000000002 -0.01076
2.06 -0.00269 0.024210000000000002 0.0269 -0.01883
2.08 -0.00269 0.01883 0.02152 -0.01076
2.1 -0.00538 0.02959 0.0269 -0.02152
2.12 -0.00269 0.02152 0.02959 -0.01614
2.14 -0.00269 0.0269 0.02959 -0.02152
2.16 -0.00269 0.01883 0.03228 -0.01614
2.18 -0.00538 0.03228 0.0269 -0.0269
2.2 -0.00269 0.01614 0.0269 -0.01614
2.22 -0.00538 0.024210000000000002 0.03228 -0.02152
2.24 -0.00269 0.01614 0.02959 -0.02152
2.26 -0.00807 0.024210000000000002 0.03228 -0.02152
2.28 -0.00538 0.01883 0.0269 -0.01345
2.3 -0.01076 0.0269 0.03228 -0.02152
2.32 -0.00807 0.01614 0.0269 -0.01883
2.34 -0.01076 0.024210000000000002 0.03228 -0.0269
2.36 -0.00538 0.01883 0.02959 -0.02152
2.38 -0.01076 0.0269 0.03228 -0.0269
2.4 -0.00538 0.02152 0.0269 -0.01883
2.42 -0.00538 0.02959 0.03228 -0.03228
2.44 -0.00269 0.01883 0.02959 -0.024210000000000002
2.46 -0.00538 0.03228 0.03497 -0.03497
2.48 -0.00538 0.01883 0.02959 -0.02959
2.5 -0.01076 0.024210000000000002 0.03228 -0.04304
2.52 -0.00807 0.01883 0.0269 -0.02959
2.54 -0.00807 0.02152 0.02959 -0.03766
2.56 -0.00269 0.02152 0.02959 -0.0269
2.58 -0.00538 0.02959 0.02959 -0.02959
2.6 -0.00538 0.024210000000000002 0.02959 -0.024210000000000002
2.62 -0.00538 0.0269 0.03766 -0.03228
2.64 -0.00807 0.02152 0.02959 -0.02152
2.66 -0.00807 0.02959 0.03228 -0.02959
2.68 -0.00538 0.0269 0.02959 -0.024210000000000002
2.7 -0.00538 0.03497 0.03766 -0.03497
2.72 -0.00807 0.024210000000000002 0.03497 -0.024210000000000002
2.74 -0.01076 0.03497 0.03766 -0.03228
2.76 -0.00807 0.0269 0.03228 -0.024210000000000002
2.78 -0.01076 0.024210000000000002 0.03228 -0.03497
2.8 -0.00807 0.024210000000000002 0.02959 -0.02152
2.82 -0.01614 0.02959 0.03497 -0.02959
2.84 -0.00538 0.02959 0.03497 -0.01883
2.86 -0.00538 0.03497 0.040350000000000004 -0.0269
2.88 -0.00538 0.024210000000000002 0.03766 -0.024210000000000002
2.9 -0.01076 0.03228 0.03497 -0.02959
2.92 -0.01345 0.0269 0.02959 -0.024210000000000002
2.94 -0.01883 0.02959 0.03228 -0.03228
2.96 -0.01345 0.024210000000000002 0.03228 -0.024210000000000002
2.98 -0.01345 0.03228 0.03497 -0.03228
3.0 -0.01614 0.02959 0.03497 -0.024210000000000002
3.02 -0.01345 0.03228 0.04304 -0.0269
3.04 -0.01614 0.02959 0.03228 -0.024210000000000002
3.06 -0.01614 0.02959 0.03497 -0.03497
3.08 -0.01345 0.02959 0.03497 -0.0269
3.1 -0.01076 0.03228 0.03766 -0.03497
3.12 -0.00807 0.0269 0.03228 -0.0269
3.14 -0.01345 0.03228 0.03766 -0.03228
3.16 -0.01076 0.02959 0.03497 -0.0269
3.18 -0.01614 0.03497 0.03497 -0.03228
3.2 -0.01614 0.0269 0.03497 -0.0269
3.22 -0.01614 0.03497 0.03766 -0.03228
3.24 -0.01345 0.02959 0.03228 -0.0269
3.26 -0.01614 0.03228 0.03497 -0.03497
3.28 -0.01614 0.02959 0.03497 -0.024210000000000002
3.3 -0.01614 0.03228 0.03497 -0.03497
3.32 -0.01614 0.02959 0.03766 -0.03228
3.34 -0.01345 0.03497 0.040350000000000004 -0.03497
3.36 -0.01076 0.02959 0.03766 -0.03497
3.38 -0.01883 0.03497 0.04304 -0.040350000000000004
3.4 -0.01345 0.03497 0.03228 -0.03228
3.42 -0.024210000000000002 0.03766 0.03766 -0.04573
3.44 -0.01614 0.02959 0.03497 -0.03766
3.46 -0.01883 0.03766 0.03766 -0.03766
3.48 -0.01614 0.02959 0.03766 -0.03497
3.5 -0.01614 0.03766 0.04304 -0.04573
3.52 -0.01614 0.0269 0.04304 -0.03766
3.54 -0.02152 0.03497 0.040350000000000004 -0.03766
3.56 -0.01883 0.02959 0.03497 -0.03497
3.58 -0.024210000000000002 0.03766 0.04304 -0.040350000000000004
3.6 -0.01883 0.02959 0.03766 -0.03497
3.62 -0.02152 0.03497 0.03766 -0.040350000000000004
3.64 -0.01614 0.02959 0.03766 -0.03766
3.66 -0.02152 0.02959 0.04304 -0.040350000000000004
3.68 -0.01883 0.03228 0.03766 -0.03497
3.7 -0.02152 0.03766 0.040350000000000004 -0.03497
3.72 -0.02152 0.02959 0.03766 -0.03766
3.74 -0.0269 0.03497 0.04573 -0.04573
3.76 -0.024210000000000002 0.02959 0.040350000000000004 -0.040350000000000004
3.78 -0.02959 0.03497 0.04304 -0.04573
3.8 -0.0269 0.03228 0.040350000000000004 -0.03497
3.82 -0.0269 0.03497 0.04573 -0.04573
3.84 -0.02152 0.03228 0.040350000000000004 -0.03766
3.86 -0.024210000000000002 0.04573 0.048420000000000005 -0.03497
3.88 -0.024210000000000002 0.03228 0.04304 -0.03497
3.9 -0.024210000000000002 0.040350000000000004 0.04573 -0.03497
3.92 -0.02152 0.02959 0.040350000000000004 -0.03497
3.94 -0.02152 0.03497 0.048420000000000005 -0.03766
3.96 -0.024210000000000002 0.03228 0.040350000000000004 -0.03228
3.98 -0.024210000000000002 0.03766 0.04304 -0.03228
4.0 -0.02152 0.03228 0.03766 -0.03228
4.02 -0.02152 0.040350000000000004 0.04573 -0.03766
4.04 -0.02152 0.03228 0.04304 -0.03497
4.06 -0.024210000000000002 0.03497 0.048420000000000005 -0.040350000000000004
4.08 -0.024210000000000002 0.02959 0.048420000000000005 -0.03228
4.1 -0.02152 0.03228 0.05111 -0.03766
4.12 -0.02152 0.03497 0.04304 -0.02959
4.14 -0.024210000000000002 0.03766 0.05111 -0.03497
4.16 -0.02152 0.03766 0.048420000000000005 -0.03228
4.18 -0.02152 0.04573 0.048420000000000005 -0.03497
4.2 -0.02152 0.03497 0.048420000000000005 -0.02959
4.22 -0.024210000000000002 0.040350000000000004 0.04573 -0.04304
4.24 -0.02152 0.03228 0.04304 -0.03228
4.26 -0.024210000000000002 0.03766 0.040350000000000004 -0.02959
4.28 -0.024210000000000002 0.03497 0.040350000000000004 -0.03497
4.3 -0.02152 0.040350000000000004 0.04304 -0.040350000000000004
4.32 -0.01883 0.040350000000000004 0.04304 -0.03228
4.34 -0.024210000000000002 0.040350000000000004 0.04573 -0.03497
4.36 -0.024210000000000002 0.03766 0.04573 -0.03497
4.38 -0.02152 0.04304 0.048420000000000005 -0.03766
4.4 -0.024210000000000002 0.03766 0.048420000000000005 -0.03766
4.42 -0.024210000000000002 0.04304 0.05111 -0.03228
4.44 -0.02152 0.03497 0.048420000000000005 -0.03228
4.46 -0.024210000000000002 0.040350000000000004 0.048420000000000005 -0.03228
4.48 -0.024210000000000002 0.040350000000000004 0.05111 -0.02959
4.5 -0.024210000000000002 0.04573 0.05111 -0.040350000000000004
4.52 -0.02152 0.04304 0.05111 -0.03228
4.54 -0.0269 0.048420000000000005 0.05111 -0.03497
4.56 -0.024210000000000002 0.04573 0.05111 -0.03766
4.58 -0.0269 0.04573 0.0538 -0.04304
4.6 -0.024210000000000002 0.03766 0.05111 -0.040350000000000004
4.62 -0.02152 0.04304 0.05111 -0.040350000000000004
4.64 -0.024210000000000002 0.04304 0.0538 -0.03766
4.66 -0.0269 0.03766 0.05111 -0.03497
4.68 -0.0269 0.03766 0.05111 -0.03497
4.7 -0.0269 0.03766 0.0538 -0.03766
4.72 -0.024210000000000002 0.040350000000000004 0.05111 -0.03497
4.74 -0.024210000000000002 0.048420000000000005 0.05111 -0.03766
4.76 -0.02152 0.04304 0.0538 -0.03766
4.78 -0.0269 0.040350000000000004 0.05111 -0.040350000000000004
4.8 -0.0269 0.040350000000000004 0.05111 -0.040350000000000004
4.82 -0.0269 0.04304 0.05111 -0.040350000000000004
4.84 -0.024210000000000002 0.04304 0.05111 -0.03766
4.86 -0.024210000000000002 0.04304 0.05111 -0.04304
4.88 -0.024210000000000002 0.04304 0.05111 -0.04304
4.9 -0.024210000000000002 0.04573 0.0538 -0.04304
4.92 -0.024210000000000002 0.04573 0.0538 -0.04304
4.94 -0.024210000000000002 0.0538 0.05111 -0.04304
4.96 -0.024210000000000002 0.0538 0.0538 -0.040350000000000004
4.98 -0.024210000000000002 0.05111 0.0538 -0.040350000000000004
5.0 -0.024210000000000002 0.04304 0.05111 -0.040350000000000004
5.02 -0.024210000000000002 0.040350000000000004 0.05111 -0.040350000000000004
5.04 -0.024210000000000002 0.04304 0.0538 -0.03766
5.06 -0.024210000000000002 0.04304 0.05111 -0.040350000000000004
5.08 -0.024210000000000002 0.04304 0.05111 -0.040350000000000004
5.1 -0.024210000000000002 0.04304 0.05111 -0.040350000000000004
5.12 -0.024210000000000002 0.04304 0.05111 -0.040350000000000004
5.14 -0.024210000000000002 0.04304 0.05111 -0.040350000000000004
5.16 -0.024210000000000002 0.04304 0.05111 -0.040350000000000004
5.18 -0.024210000000000002 0.04304 0.05111 -0.040350000000000004
5.2 -0.024210000000000002 0.04304 0.05111 -0.040350000000000004
5.22 -0.024210000000000002 0.04304 0.05111 -0.03766
5.24 -0.024210000000000002 0.04304 0.05111 -0.040350000000000004
5.26 -0.024210000000000002 0.04304 0.05111 -0.03766
5.28 -0.024210000000000002 0.04304 0.05111 -0.040350000000000004
5.3 -0.024210000000000002 0.04304 0.0538 -0.040350000000000004
5.32 -0.024210000000000002 0.04304 0.05111 -0.040350000000000004
5.34 -0.024210000000000002 0.04304 0.05111 -0.040350000000000004
5.36 -0.024210000000000002 0.04304 0.05111 -0.040350000000000004
5.38 -0.024210000000000002 0.04304 0.0538 -0.040350000000000004
5.4 -0.024210000000000002 0.04304 0.05111 -0.040350000000000004
5.42 -0.024210000000000002 0.04304 0.05111 -0.040350000000000004
5.44 -0.024210000000000002 0.04304 0.0538 -0.040350000000000004
5.46 -0.024210000000000002 0.04304 0.0538 -0.03766
5.48 -0.024210000000000002 0.04304 0.05111 -0.040350000000000004
5.5 -0.024210000000000002 0.04304 0.05111 -0.040350000000000004
5.52 -0.024210000000000002 0.04304 0.05111 -0.040350000000000004
5.54 -0.024210000000000002 0.04304 0.05111 -0.040350000000000004
5.56 -0.024210000000000002 0.040350000000000004 0.05111 -0.03497
5.58 -0.024210000000000002 0.04304 0.05111 -0.03766
5.6 -0.024210000000000002 0.04304 0.05111 -0.040350000000000004
5.62 -0.024210000000000002 0.04304 0.05111 -0.040350000000000004
5.64 -0.024210000000000002 0.04304 0.05111 -0.040350000000000004
5.66 -0.024210000000000002 0.04304 0.05111 -0.03766
5.68 -0.024210000000000002 0.04304 0.05111 -0.03766
5.7 -0.024210000000000002 0.04304 0.05111 -0.03766
5.72 -0.024210000000000002 0.04304 0.05111 -0.03766
5.74 -0.024210000000000002 0.04304 0.05111 -0.03766
5.76 -0.024210000000000002 0.04304 0.05111 -0.03766
5.78 -0.024210000000000002 0.04304 0.05111 -0.040350000000000004
5.8 -0.024210000000000002 0.04304 0.05111 -0.040350000000000004
5.82 -0.024210000000000002 0.04304 0.05111 -0.040350000000000004
5.84 -0.024210000000000002 0.04304 0.05111 -0.03766
5.86 -0.024210000000000002 0.04304 0.05111 -0.03766
5.88 -0.024210000000000002 0.04304 0.05111 -0.03766
5.9 -0.024210000000000002 0.04304 0.05111 -0.040350000000000004
5.92 -0.024210000000000002 0.04304 0.05111 -0.040350000000000004
5.94 -0.0269 0.04304 0.05111 -0.03766
5.96 -0.024210000000000002 0.04304 0.05111 -0.040350000000000004
5.98 -0.024210000000000002 0.04304 0.05111 -0.03766
6.0 -0.024210000000000002 0.04304 0.05111 -0.03766
6.02 -0.024210000000000002 0.04304 0.05111 -0.040350000000000004
6.04 -0.024210000000000002 0.04304 0.05111 -0.03766
6.06 -0.024210000000000002 0.04304 0.05111 -0.03766
6.08 -0.024210000000000002 0.04304 0.05111 -0.040350000000000004
6.1 -0.024210000000000002 0.04304 0.05111 -0.040350000000000004
6.12 -0.024210000000000002 0.04304 0.05111 -0.03766
6.14 -0.024210000000000002 0.04304 0.05111 -0.03766
6.16 -0.024210000000000002 0.04304 0.05111 -0.040350000000000004
6.18 -0.024210000000000002 0.04304 0.05111 -0.040350000000000004
6.2 -0.024210000000000002 0.04304 0.05111 -0.040350000000000004
6.22 -0.024210000000000002 0.04304 0.05111 -0.040350000000000004
6.24 -0.024210000000000002 0.04304 0.05111 -0.03766
6.26 -0.024210000000000002 0.04304 0.05111 -0.040350000000000004
6.28 -0.024210000000000002 0.04304 0.05111 -0.03766
6.3 -0.024210000000000002 0.04304 0.05111 -0.040350000000000004
6.32 -0.024210000000000002 0.04304 0.05111 -0.03766
6.34 -0.024210000000000002 0.04304 0.05111 -0.040350000000000004
6.36 -0.024210000000000002 0.04304 0.05111 -0.040350000000000004
6.38 -0.024210000000000002 0.04304 0.05111 -0.040350000000000004
6.4 -0.024210000000000002 0.04304 0.05111 -0.040350000000000004
6.42 -0.024210000000000002 0.04304 0.05111 -0.03766
6.44 -0.024210000000000002 0.04304 0.05111 -0.03766
6.46 -0.024210000000000002 0.04304 0.05111 -0.040350000000000004
6.48 -0.024210000000000002 0.04304 0.05111 -0.040350000000000004
6.5 -0.024210000000000002 0.04304 0.05111 -0.03766
6.52 -0.024210000000000002 0.04304 0.05111 -0.040350000000000004
6.54 -0.024210000000000002 0.04304 0.05111 -0.03766
6.56 -0.024210000000000002 0.040350000000000004 0.05111 -0.03766
6.58 -0.024210000000000002 0.040350000000000004 0.05111 -0.040350000000000004
6.6 -0.024210000000000002 0.040350000000000004 0.05111 -0.03766
6.62 -0.024210000000000002 0.040350000000000004 0.05111 -0.040350000000000004
6.64 -0.024210000000000002 0.040350000000000004 0.05111 -0.040350000000000004
6.66 -0.024210000000000002 0.040350000000000004 0.05111 -0.03766
6.68 -0.024210000000000002 0.040350000000000004 0.05111 -0.03766
6.7 -0.024210000000000002 0.040350000000000004 0.05111 -0.040350000000000004
6.72 -0.024210000000000002 0.040350000000000004 0.05111 -0.040350000000000004
6.74 -0.024210000000000002 0.04304 0.05111 -0.04304
6.76 -0.024210000000000002 0.040350000000000004 0.05111 -0.040350000000000004
6.78 -0.0269 0.040350000000000004 0.05111 -0.03766
6.8 -0.0269 0.040350000000000004 0.05111 -0.03766
6.82 -0.024210000000000002 0.040350000000000004 0.05111 -0.03766
6.84 -0.024210000000000002 0.040350000000000004 0.05111 -0.03766
6.86 -0.024210000000000002 0.040350000000000004 0.05111 -0.040350000000000004
6.88 -0.024210000000000002 0.040350000000000004 0.05111 -0.03766
6.9 -0.024210000000000002 0.040350000000000004 0.05111 -0.040350000000000004
6.92 -0.024210000000000002 0.040350000000000004 0.05111 -0.03766
6.94 -0.024210000000000002 0.040350000000000004 0.05111 -0.040350000000000004
6.96 -0.024210000000000002 0.040350000000000004 0.05111 -0.040350000000000004
6.98 -0.024210000000000002 0.040350000000000004 0.05111 -0.040350000000000004
7.0 -0.024210000000000002 0.040350000000000004 0.05111 -0.040350000000000004
7.02 -0.024210000000000002 0.040350000000000004 0.05111 -0.03766
7.04 -0.024210000000000002 0.040350000000000004 0.05111 -0.03766
7.06 -0.024210000000000002 0.040350000000000004 0.05111 -0.03766
7.08 -0.024210000000000002 0.04304 0.05111 -0.03766
7.1 -0.024210000000000002 0.04304 0.05111 -0.03766
7.12 -0.024210000000000002 0.04304 0.05111 -0.03766
7.14 -0.024210000000000002 0.04304 0.05111 -0.03766
7.16 -0.024210000000000002 0.04304 0.05111 -0.040350000000000004
7.18 -0.024210000000000002 0.040350000000000004 0.05111 -0.03766
7.2 -0.024210000000000002 0.040350000000000004 0.05111 -0.040350000000000004
7.22 -0.024210000000000002 0.040350000000000004 0.05111 -0.040350000000000004
7.24 -0.024210000000000002 0.040350000000000004 0.05111 -0.03766
7.26 -0.024210000000000002 0.040350000000000004 0.05111 -0.03766
7.28 -0.024210000000000002 0.040350000000000004 0.05111 -0.03766
7.3 -0.024210000000000002 0.040350000000000004 0.05111 -0.040350000000000004
7.32 -0.024210000000000002 0.040350000000000004 0.05111 -0.040350000000000004
7.34 -0.024210000000000002 0.040350000000000004 0.05111 -0.040350000000000004
7.36 -0.024210000000000002 0.040350000000000004 0.05111 -0.040350000000000004
7.38 -0.024210000000000002 0.040350000000000004 0.05111 -0.03766
7.4 -0.024210000000000002 0.040350000000000004 0.05111 -0.040350000000000004
7.42 -0.024210000000000002 0.040350000000000004 0.05111 -0.040350000000000004
7.44 -0.024210000000000002 0.040350000000000004 0.05111 -0.03497
7.46 -0.024210000000000002 0.040350000000000004 0.05111 -0.040350000000000004
7.48 -0.024210000000000002 0.040350000000000004 0.05111 -0.03766
7.5 -0.024210000000000002 0.040350000000000004 0.05111 -0.03766
7.52 -0.024210000000000002 0.040350000000000004 0.05111 -0.040350000000000004
7.54 -0.024210000000000002 0.040350000000000004 0.05111 -0.03766
7.56 -0.024210000000000002 0.040350000000000004 0.05111 -0.040350000000000004
7.58 -0.024210000000000002 0.040350000000000004 0.05111 -0.03766
7.6 -0.024210000000000002 0.040350000000000004 0.05111 -0.03766
7.62 -0.024210000000000002 0.040350000000000004 0.05111 -0.03766
7.64 -0.024210000000000002 0.040350000000000004 0.05111 -0.03766
7.66 -0.024210000000000002 0.040350000000000004 0.05111 -0.03766
7.68 -0.024210000000000002 0.040350000000000004 0.05111 -0.03766
7.7 -0.024210000000000002 0.040350000000000004 0.05111 -0.03766
7.72 -0.024210000000000002 0.040350000000000004 0.05111 -0.040350000000000004
7.74 -0.024210000000000002 0.040350000000000004 0.05111 -0.040350000000000004
7.76 -0.024210000000000002 0.040350000000000004 0.05111 -0.03766
7.78 -0.024210000000000002 0.040350000000000004 0.05111 -0.03766
7.8 -0.024210000000000002 0.040350000000000004 0.05111 -0.040350000000000004
7.82 -0.024210000000000002 0.040350000000000004 0.05111 -0.040350000000000004
7.84 -0.024210000000000002 0.040350000000000004 0.05111 -0.040350000000000004
7.86 -0.024210000000000002 0.040350000000000004 0.05111 -0.03766
7.88 -0.024210000000000002 0.04304 0.05111 -0.040350000000000004
7.9 -0.024210000000000002 0.04304 0.05111 -0.03766
7.92 -0.024210000000000002 0.04304 0.05111 -0.03497
7.94 -0.024210000000000002 0.04304 0.05111 -0.040350000000000004
7.96 -0.024210000000000002 0.040350000000000004 0.05111 -0.040350000000000004
7.98 -0.024210000000000002 0.040350000000000004 0.05111 -0.040350000000000004
8.0 -0.024210000000000002 0.040350000000000004 0.05111 -0.040350000000000004
8.02 -0.024210000000000002 0.040350000000000004 0.05111 -0.040350000000000004
8.04 -0.024210000000000002 0.040350000000000004 0.05111 -0.03766
8.06 -0.024210000000000002 0.040350000000000004 0.05111 -0.040350000000000004
8.08 -0.024210000000000002 0.040350000000000004 0.05111 -0.040350000000000004
8.1 -0.024210000000000002 0.040350000000000004 0.05111 -0.040350000000000004
8.12 -0.024210000000000002 0.040350000000000004 0.05111 -0.040350000000000004
8.14 -0.024210000000000002 0.040350000000000004 0.05111 -0.03766
8.16 -0.024210000000000002 0.040350000000000004 0.05111 -0.040350000000000004
8.18 -0.024210000000000002 0.040350000000000004 0.05111 -0.03766
8.2 -0.024210000000000002 0.040350000000000004 0.05111 -0.03766
8.22 -0.024210000000000002 0.040350000000000004 0.05111 -0.040350000000000004
8.24 -0.024210000000000002 0.040350000000000004 0.05111 -0.040350000000000004
8.26 -0.024210000000000002 0.040350000000000004 0.05111 -0.040350000000000004
8.28 -0.024210000000000002 0.040350000000000004 0.05111 -0.040350000000000004
8.3 -0.024210000000000002 0.04304 0.05111 -0.03766
8.32 -0.024210000000000002 0.04304 0.05111 -0.040350000000000004
8.34 -0.024210000000000002 0.04304 0.05111 -0.040350000000000004
8.36 -0.024210000000000002 0.04304 0.05111 -0.03766
8.38 -0.024210000000000002 0.04304 0.05111 -0.040350000000000004
8.4 -0.024210000000000002 0.04304 0.05111 -0.040350000000000004
8.42 -0.024210000000000002 0.04304 0.05111 -0.03766
8.44 -0.024210000000000002 0.04304 0.05111 -0.03766
8.46 -0.024210000000000002 0.04304 0.05111 -0.03766
8.48 -0.024210000000000002 0.040350000000000004 0.05111 -0.03766
8.5 -0.024210000000000002 0.040350000000000004 0.05111 -0.040350000000000004
8.52 -0.024210000000000002 0.04304 0.05111 -0.040350000000000004
8.54 -0.024210000000000002 0.04304 0.05111 -0.04304
8.56 -0.024210000000000002 0.04304 0.05111 -0.040350000000000004
8.58 -0.024210000000000002 0.04304 0.05111 -0.040350000000000004
8.6 -0.024210000000000002 0.040350000000000004 0.05111 -0.03766
8.62 -0.024210000000000002 0.040350000000000004 0.05111 -0.03766
8.64 -0.024210000000000002 0.040350000000000004 0.05111 -0.03766
8.66 -0.024210000000000002 0.040350000000000004 0.05111 -0.03766
8.68 -0.024210000000000002 0.040350000000000004 0.05111 -0.03766
8.7 -0.024210000000000002 0.040350000000000004 0.05111 -0.03766
8.72 -0.024210000000000002 0.040350000000000004 0.05111 -0.040350000000000004
8.74 -0.024210000000000002 0.040350000000000004 0.05111 -0.03766
8.76 -0.024210000000000002 0.040350000000000004 0.05111 -0.040350000000000004
8.78 -0.024210000000000002 0.040350000000000004 0.05111 -0.03766
8.8 -0.024210000000000002 0.040350000000000004 0.05111 -0.03766
8.82 -0.024210000000000002 0.040350000000000004 0.05111 -0.040350000000000004
8.84 -0.024210000000000002 0.040350000000000004 0.05111 -0.03766
8.86 -0.024210000000000002 0.040350000000000004 0.05111 -0.040350000000000004
8.88 -0.024210000000000002 0.040350000000000004 0.05111 -0.040350000000000004
8.9 -0.024210000000000002 0.040350000000000004 0.05111 -0.03766
8.92 -0.024210000000000002 0.040350000000000004 0.05111 -0.040350000000000004
8.94 -0.024210000000000002 0.040350000000000004 0.05111 -0.040350000000000004
8.96 -0.024210000000000002 0.040350000000000004 0.05111 -0.040350000000000004
8.98 -0.024210000000000002 0.040350000000000004 0.05111 -0.03766
9.0 -0.024210000000000002 0.040350000000000004 0.05111 -0.040350000000000004
9.02 -0.024210000000000002 0.040350000000000004 0.05111 -0.03766
9.04 -0.024210000000000002 0.040350000000000004 0.05111 -0.03766
9.06 -0.024210000000000002 0.040350000000000004 0.05111 -0.03766
9.08 -0.024210000000000002 0.040350000000000004 0.05111 -0.03766
9.1 -0.024210000000000002 0.040350000000000004 0.05111 -0.03766
9.12 -0.024210000000000002 0.040350000000000004 0.05111 -0.040350000000000004
9.14 -0.024210000000000002 0.040350000000000004 0.05111 -0.040350000000000004
9.16 -0.024210000000000002 0.040350000000000004 0.05111 -0.040350000000000004
9.18 -0.024210000000000002 0.040350000000000004 0.05111 -0.040350000000000004
9.2 -0.0269 0.04304 0.05111 -0.040350000000000004
9.22 -0.0269 0.04304 0.05111 -0.03766
9.24 -0.024210000000000002 0.04304 0.05111 -0.040350000000000004
9.26 -0.024210000000000002 0.04304 0.05111 -0.03766
9.28 -0.024210000000000002 0.040350000000000004 0.05111 -0.03766
9.3 -0.024210000000000002 0.040350000000000004 0.05111 -0.03766
9.32 -0.024210000000000002 0.040350000000000004 0.05111 -0.040350000000000004
9.34 -0.024210000000000002 0.040350000000000004 0.05111 -0.040350000000000004
9.36 -0.024210000000000002 0.040350000000000004 0.05111 -0.03766
9.38 -0.024210000000000002 0.040350000000000004 0.05111 -0.040350000000000004
9.4 -0.024210000000000002 0.040350000000000004 0.05111 -0.03766
9.42 -0.024210000000000002 0.040350000000000004 0.05111 -0.040350000000000004
9.44 -0.024210000000000002 0.040350000000000004 0.05111 -0.03766
9.46 -0.024210000000000002 0.040350000000000004 0.05111 -0.040350000000000004
9.48 -0.024210000000000002 0.040350000000000004 0.05111 -0.03766
9.5 -0.024210000000000002 0.040350000000000004 0.05111 -0.040350000000000004
9.52 -0.024210000000000002 0.040350000000000004 0.05111 -0.03766
9.54 -0.024210000000000002 0.040350000000000004 0.05111 -0.03766
9.56 -0.024210000000000002 0.040350000000000004 0.05111 -0.03766
9.58 -0.024210000000000002 0.040350000000000004 0.05111 -0.040350000000000004
9.6 -0.024210000000000002 0.040350000000000004 0.05111 -0.040350000000000004
9.62 -0.024210000000000002 0.040350000000000004 0.05111 -0.03766
9.64 -0.024210000000000002 0.040350000000000004 0.048420000000000005 -0.040350000000000004
9.66 -0.024210000000000002 0.040350000000000004 0.048420000000000005 -0.03766
9.68 -0.024210000000000002 0.040350000000000004 0.048420000000000005 -0.03766
9.7 -0.024210000000000002 0.040350000000000004 0.05111 -0.040350000000000004
9.72 -0.024210000000000002 0.040350000000000004 0.05111 -0.040350000000000004
9.74 -0.024210000000000002 0.040350000000000004 0.05111 -0.03766
9.76 -0.024210000000000002 0.040350000000000004 0.05111 -0.040350000000000004
9.78 -0.024210000000000002 0.040350000000000004 0.05111 -0.03766
9.8 -0.024210000000000002 0.040350000000000004 0.05111 -0.03766
9.82 -0.024210000000000002 0.040350000000000004 0.05111 -0.03766
9.84 -0.024210000000000002 0.040350000000000004 0.05111 -0.03766
9.86 -0.024210000000000002 0.040350000000000004 0.05111 -0.040350000000000004
9.88 -0.024210000000000002 0.040350000000000004 0.05111 -0.03766
9.9 -0.024210000000000002 0.040350000000000004 0.05111 -0.03766
9.92 -0.024210000000000002 0.040350000000000004 0.05111 -0.040350000000000004
9.94 -0.024210000000000002 0.040350000000000004 0.05111 -0.040350000000000004
9.96 -0.024210000000000002 0.040350000000000004 0.05111 -0.040350000000000004
9.98 -0.024210000000000002 0.040350000000000004 0.05111 -0.03766
10.0 -0.024210000000000002 0.040350000000000004 0.05111 -0.03766
10.02 -0.024210000000000002 0.040350000000000004 0.05111 -0.03766
10.04 -0.024210000000000002 0.040350000000000004 0.05111 -0.03766
10.06 -0.024210000000000002 0.040350000000000004 0.05111 -0.03766
10.08 -0.024210000000000002 0.040350000000000004 0.05111 -0.040350000000000004
10.1 -0.024210000000000002 0.040350000000000004 0.06456 -0.0538
10.12 -0.024210000000000002 0.040350000000000004 0.05918 -0.04573
10.14 -0.02152 0.03766 0.06994 -0.06456
10.16 -0.01076 0.03766 0.056490000000000005 -0.01345
10.18 -0.00538 0.03766 0.06994 -0.048420000000000005
10.2 -0.01076 0.040350000000000004 0.04573 0.00269
10.22 -0.01345 0.040350000000000004 0.05918 -0.048420000000000005
10.24 -0.01345 0.01076 0.03766 -0.01614
10.26 -0.00269 0.0538 0.08070000000000001 -0.03766
10.28 -0.00269 0.03497 0.056490000000000005 0.02152
10.3 -0.00538 0.02959 0.06456 -0.040350000000000004
10.32 -0.01076 0.03228 0.02152 0.0
10.34 -0.01076 0.02959 0.04304 -0.056490000000000005
10.36 -0.01076 0.02959 0.01345 0.0
10.38 -0.01345 0.02959 0.05111 -0.05918
10.4 -0.01345 0.02959 0.03228 0.00269
10.42 -0.00538 0.02959 0.0538 -0.0538
10.44 -0.00538 0.02959 0.03497 0.0
10.46 -0.00538 0.02959 0.056490000000000005 -0.048420000000000005
10.48 -0.00538 0.02959 0.048420000000000005 -0.00807
10.5 -0.00538 0.02959 0.05918 -0.048420000000000005
10.52 -0.00538 0.02959 0.04573 -0.02959
10.54 -0.00538 0.02959 0.05918 -0.040350000000000004
10.56 -0.00807 0.02959 0.06187 -0.048420000000000005
10.58 -0.00538 0.02959 0.07263 -0.01883
10.6 -0.00538 0.02959 0.06725 -0.02152
10.62 -0.00538 0.02959 0.06725 0.0
10.64 -0.00807 0.02959 0.07263 -0.03497
10.66 -0.00538 0.02959 0.07263 0.0
10.68 -0.00538 0.02959 0.07263 -0.05918
10.7 0.0 0.02959 0.02152 -0.00538
10.72 -0.00269 0.02959 0.02959 -0.07263
10.74 -0.00807 0.02152 0.01076 -0.00269
10.76 -0.01345 0.02152 0.03228 -0.11298000000000001
10.78 -0.01345 0.02152 0.00807 -0.00269
10.8 -0.01345 0.02152 0.040350000000000004 -0.11567000000000001
10.82 -0.00807 0.02152 0.01883 0.00538
10.84 -0.00538 0.02152 0.04304 -0.13181
10.86 -0.00269 0.01345 0.01883 0.00269
10.88 -0.00269 0.01345 0.048420000000000005 -0.11298000000000001
10.9 0.0 0.00538 0.024210000000000002 0.0
10.92 -0.00269 0.01076 0.0538 -0.11029
10.94 0.0 0.00538 0.01883 -0.00538
10.96 -0.00538 0.00538 0.05111 -0.09415
10.98 0.0 0.01883 0.02152 -0.01345
11.0 -0.01345 0.02152 0.04304 -0.048420000000000005
11.02 0.0 0.01345 0.024210000000000002 -0.02959
11.04 -0.00807 0.02959 0.03228 -0.01345
11.06 0.00538 0.02152 0.02152 -0.0269
11.08 -0.00538 0.03497 0.03228 -0.01345
11.1 0.0 0.02959 0.01883 -0.01614
11.12 -0.00269 0.0269 0.02959 -0.01345
11.14 -0.01076 0.06456 0.01345 -0.01883
11.16 -0.00807 0.01345 0.01614 -0.02152
11.18 -0.024210000000000002 0.06187 0.01076 -0.02152
11.2 -0.00807 -0.01076 0.01345 -0.02959
11.22 -0.03228 0.048420000000000005 0.0 -0.02959
11.24 -0.00807 -0.06187 0.00807 -0.03497
11.26 -0.04304 0.048420000000000005 0.00269 -0.0269
11.28 0.0 -0.08070000000000001 0.01345 -0.02959
11.3 -0.03766 0.11298000000000001 0.00807 -0.02959
11.32 0.00269 -0.08608 0.01345 -0.0269
11.34 -0.0538 0.12912 0.0 0.0
11.36 0.0 -0.08877 0.00269 -0.01883
11.38 -0.040350000000000004 0.13719 0.0 -0.01883
11.4 0.01076 -0.06456 0.0 -0.024210000000000002
11.42 -0.02152 0.11298000000000001 0.0 -0.024210000000000002
11.44 0.01883 -0.03497 0.00807 -0.02152
11.46 -0.01345 0.12912 0.00269 -0.02152
11.48 0.00269 -0.01076 0.00807 -0.02152
11.5 -0.01076 0.07263 0.00269 -0.02152
11.52 -0.00538 0.03766 0.01076 -0.02152
11.54 -0.03497 0.03497 0.00807 -0.02152
11.56 -0.01883 0.040350000000000004 0.00807 -0.01883
11.58 -0.03766 0.02152 0.00807 -0.01883
11.6 -0.03497 0.0269 0.00538 -0.02152
11.62 -0.03497 0.00807 0.00538 -0.02152
11.64 -0.03766 0.0538 0.00269 -0.02152
11.66 -0.03228 0.00807 0.0 -0.02152
11.68 -0.03766 0.08339 0.00269 -0.02152
11.7 -0.02959 0.01076 0.0 -0.02152
11.72 -0.0538 0.09415 0.00269 -0.02152
11.74 -0.01076 0.01076 0.0 -0.02152
11.76 -0.03228 0.12105 0.0 -0.02152
11.78 -0.00807 0.00538 0.0 -0.01614
11.8 -0.04573 0.13719 0.00538 -0.01614
11.82 -0.00807 -0.02152 0.0 -0.01614
11.84 -0.0538 0.16678 0.01076 -0.01076
11.86 -0.01614 -0.04304 0.0 -0.00807
11.88 -0.06725 0.15602000000000002 0.0 -0.00538
11.9 -0.024210000000000002 -0.02152 0.0 -0.01076
11.92 -0.06725 0.12643000000000001 0.0 -0.01076
11.94 -0.01614 0.0 -0.00269 -0.01076
11.96 -0.06994 0.09146 0.0 -0.01614
11.98 -0.02152 0.02152 -0.0269 -0.01345
12.0 -0.05918 0.04304 -0.00538 -0.02152
12.02 -0.02152 0.03497 -0.024210000000000002 -0.01883
12.04 -0.03497 0.01614 0.0 -0.02959
12.06 -0.024210000000000002 0.0269 -0.02152 -0.024210000000000002
12.08 -0.03228 0.01345 -0.00538 -0.02959
12.1 -0.03228 0.01883 -0.00538 -0.048420000000000005
12.12 -0.03228 0.01883 0.0 -0.0269
12.14 -0.0269 0.024210000000000002 0.00538 -0.04573
12.16 -0.03228 0.02152 0.0 0.0
12.18 -0.02959 0.01614 0.03766 -0.040350000000000004
12.2 -0.03497 0.02152 0.024210000000000002 0.01614
12.22 -0.01076 0.0269 0.06456 -0.04304
12.24 -0.01076 0.03228 0.03497 0.04304
12.26 -0.00538 0.024210000000000002 0.056490000000000005 -0.06994
12.28 -0.01076 0.02959 0.00269 0.02959
12.3 -0.01614 0.02959 0.02152 -0.04304
12.32 -0.01076 0.0269 -0.00269 0.0
12.34 -0.00538 0.024210000000000002 0.01883 -0.05918
12.36 -0.00538 0.03497 -0.00538 0.0
12.38 -0.00538 0.01883 0.01614 -0.07801000000000001
12.4 -0.00269 0.04573 0.00538 0.00538
12.42 0.0 0.0269 0.02959 -0.048420000000000005
12.44 -0.00269 0.02959 0.02152 0.0
12.46 -0.01076 0.02959 0.0269 -0.05111
12.48 -0.02152 0.0269 0.00807 -0.024210000000000002
12.5 -0.01883 0.0269 0.0269 -0.048420000000000005
12.52 -0.01883 0.0269 0.024210000000000002 -0.04304
12.54 -0.01076 0.0269 0.04304 -0.04304
12.56 -0.01076 0.0269 0.03497 -0.048420000000000005
12.58 -0.00538 0.0269 0.04573 -0.01076
12.6 -0.00538 0.0269 0.040350000000000004 -0.040350000000000004
12.62 -0.00269 0.0269 0.04304 -0.00807
12.64 -0.00538 0.0269 0.048420000000000005 -0.056490000000000005
12.66 0.0 0.0269 0.04573 -0.00807
12.68 -0.00269 0.0269 0.06187 -0.07532
12.7 0.0 0.01883 0.024210000000000002 -0.01076
12.72 -0.00269 0.01883 0.01883 -0.08877
12.74 -0.00538 0.01883 0.0 0.00269
12.76 -0.01076 0.01614 0.02152 -0.13181
12.78 -0.01883 0.01614 0.0 0.0
12.8 -0.01614 0.01614 0.02959 -0.12912
12.82 -0.01076 0.00807 0.00538 -0.00269
12.84 -0.00538 0.01076 0.040350000000000004 -0.11567000000000001
12.86 0.0 0.00538 0.01076 -0.00538
12.88 0.0 0.01614 0.03497 -0.11836
12.9 0.0 0.01076 0.01345 -0.01614
12.92 -0.00269 0.00807 0.03497 -0.09146
12.94 0.00807 0.01883 0.01614 -0.024210000000000002
12.96 -0.00807 0.01614 0.03497 -0.04573
12.98 0.01076 0.01345 0.01883 -0.03228
13.0 -0.00269 0.03497 0.03228 -0.02152
13.02 0.01345 0.02152 0.01883 -0.03228
13.04 -0.00538 0.02959 0.03497 -0.01883
13.06 0.0 0.02959 0.01345 -0.01883
13.08 -0.01345 0.02959 0.024210000000000002 -0.01076
13.1 -0.024210000000000002 0.056490000000000005 0.01345 -0.01614
13.12 -0.01614 0.00538 0.01614 -0.02152
13.14 -0.03228 0.05918 0.00538 -0.02152
13.16 -0.01883 -0.02959 0.01345 -0.0269
13.18 -0.04573 0.048420000000000005 0.00538 -0.024210000000000002
13.2 -0.01076 -0.05918 0.01076 -0.03228
13.22 -0.040350000000000004 0.04304 0.00538 -0.024210000000000002
13.24 0.00269 -0.06994 0.01614 -0.0269
13.26 -0.03228 0.08877 0.01076 -0.01883
13.28 0.01883 -0.07532 0.01076 -0.02959
13.3 -0.0269 0.12374 0.0 -0.024210000000000002
13.32 0.01883 -0.07263 0.00269 -0.02959
13.34 -0.02959 0.13988 0.0 -0.02152
13.36 0.0269 -0.06456 0.00269 -0.0269
13.38 -0.01345 0.13181 0.0 -0.024210000000000002
13.4 0.01614 -0.03766 0.00807 -0.01614
13.42 -0.040350000000000004 0.09684000000000001 0.0 -0.01076
13.44 -0.024210000000000002 -0.03228 0.0 -0.01345
13.46 -0.0538 0.08608 0.0 -0.01883
13.48 -0.03228 0.0 0.00807 -0.02152
13.5 -0.03228 0.06187 0.00807 -0.01883
13.52 -0.00269 0.07263 0.01345 -0.01345
13.54 -0.01076 0.024210000000000002 0.01345 -0.01614
13.56 -0.01614 0.03228 0.01076 -0.01883
13.58 -0.03228 0.0 0.00538 -0.01883
13.6 -0.04304 0.0538 0.0 -0.01614
13.62 -0.03766 0.00538 0.0 -0.01883
13.64 -0.03766 0.08339 0.0 -0.01883
13.66 -0.03228 0.00269 0.0 -0.02152
13.68 -0.05918 0.09415 0.0 -0.01883
13.7 -0.01614 0.01076 0.0 -0.01883
13.72 -0.03766 0.11567000000000001 0.00269 -0.01614
13.74 -0.00538 0.0 0.0 -0.01345
13.76 -0.04573 0.1345 0.00807 -0.01076
13.78 -0.00269 -0.01614 0.00538 -0.01345
13.8 -0.0538 0.16947 0.01076 -0.01076
13.82 -0.01883 -0.048420000000000005 0.0 -0.00807
13.84 -0.06725 0.15333 0.0 -0.00269
13.86 -0.024210000000000002 -0.024210000000000002 -0.00538 -0.00807
13.88 -0.06725 0.13719 0.0 -0.00807
13.9 -0.01883 0.0 -0.01076 -0.00807
13.92 -0.07263 0.09415 -0.00538 -0.01614
13.94 -0.02152 0.02152 -0.02959 -0.00807
13.96 -0.056490000000000005 0.04304 -0.00538 -0.01883
13.98 -0.01883 0.03497 -0.02152 -0.01614
14.0 -0.03497 0.01614 0.0 -0.03228
14.02 -0.0269 0.024210000000000002 -0.01883 -0.02152
14.04 -0.03766 0.01076 0.0 -0.0269
14.06 -0.03497 0.01883 -0.00269 -0.048420000000000005
14.08 -0.03766 0.01614 0.0 -0.0269
14.1 -0.0269 0.024210000000000002 0.00538 -0.048420000000000005
14.12 -0.03497 0.01883 0.0 0.0
14.14 -0.02959 0.01345 0.040350000000000004 -0.05111
14.16 -0.03497 0.024210000000000002 0.024210000000000002 0.01345
14.18 -0.01345 0.024210000000000002 0.06725 -0.04573
14.2 -0.01076 0.03228 0.03228 0.04304
14.22 -0.00538 0.0269 0.05111 -0.06187
14.24 -0.01345 0.02959 0.00269 0.01883
14.26 -0.01883 0.024210000000000002 0.024210000000000002 -0.05918
14.28 -0.01345 0.02959 0.0 0.01345
14.3 -0.00538 0.03228 0.02152 -0.05111
14.32 -0.00538 0.03497 0.0 0.0
14.34 -0.00538 0.01345 0.01883 -0.08070000000000001
14.36 0.0 0.04573 0.01076 0.0
14.38 0.0 0.0269 0.03766 -0.05111
14.4 -0.00269 0.0269 0.0269 0.0
14.42 -0.01076 0.024210000000000002 0.03228 -0.05111
14.44 -0.024210000000000002 0.0269 0.00538 -0.024210000000000002
14.46 -0.01883 0.024210000000000002 0.01345 -0.05111
14.48 -0.024210000000000002 0.024210000000000002 0.02152 -0.04304
14.5 -0.01345 0.0269 0.040350000000000004 -0.04573
14.52 -0.01076 0.024210000000000002 0.03497 -0.05111
14.54 -0.00807 0.0269 0.048420000000000005 -0.01076
14.56 -0.00807 0.0269 0.04573 -0.03766
14.58 -0.00269 0.024210000000000002 0.04573 -0.00269
14.6 -0.00538 0.024210000000000002 0.05111 -0.05918
14.62 -0.00538 0.024210000000000002 0.048420000000000005 -0.01614
14.64 -0.00538 0.0269 0.06456 -0.07263
14.66 -0.00269 0.01614 0.024210000000000002 -0.00269
14.68 -0.00269 0.01614 0.024210000000000002 -0.10222
14.7 -0.00807 0.01614 0.0 0.00538
14.72 -0.01076 0.01614 0.024210000000000002 -0.12374
14.74 -0.01883 0.01614 0.0 0.0
14.76 -0.01883 0.01345 0.0269 -0.1345
14.78 -0.01345 0.01076 0.00538 0.0
14.8 -0.00807 0.00807 0.04304 -0.11836
14.82 0.0 0.00538 0.01345 -0.00807
14.84 -0.00269 0.01345 0.03766 -0.11567000000000001
14.86 0.0 0.01076 0.01076 -0.01614
14.88 -0.00269 0.00807 0.03228 -0.09146
14.9 0.00538 0.01883 0.01614 -0.02152
14.92 -0.00807 0.01614 0.03497 -0.04304
14.94 0.01076 0.01614 0.02152 -0.02959
14.96 -0.00538 0.03497 0.02959 -0.02152
14.98 0.00807 0.024210000000000002 0.01883 -0.03497
15.0 -0.00269 0.02959 0.03228 -0.01614
15.02 0.0 0.02959 0.01614 -0.01883
15.04 -0.01345 0.0269 0.024210000000000002 -0.01076
15.06 -0.024210000000000002 0.0538 0.01076 -0.01614
15.08 -0.02152 0.00538 0.01614 -0.02152
15.1 -0.03228 0.056490000000000005 0.00538 -0.02152
15.12 -0.01614 -0.02959 0.01345 -0.024210000000000002
15.14 -0.04573 0.03228 0.00269 -0.0269
15.16 -0.00807 -0.05918 0.01076 -0.03228
15.18 -0.040350000000000004 0.040350000000000004 0.00538 -0.0269
15.2 0.00269 -0.06725 0.01614 -0.0269
15.22 -0.0269 0.07263 0.00538 -0.02152
15.24 0.01883 -0.07263 0.01076 -0.02959
15.26 -0.0269 0.12374 0.00269 -0.0269
15.28 0.01883 -0.06725 0.00538 -0.03228
15.3 -0.02152 0.1345 0.0 -0.0269
15.32 0.024210000000000002 -0.06187 0.00269 -0.02959
15.34 -0.01614 0.1345 0.0 -0.0269
15.36 0.01345 -0.040350000000000004 0.00538 -0.02152
15.38 -0.04304 0.11298000000000001 0.0 -0.00538
15.4 -0.024210000000000002 -0.03497 0.0 -0.01345
15.42 -0.056490000000000005 0.08339 0.0 -0.01883
15.44 -0.03228 0.0 0.00807 -0.02152
15.46 -0.03497 0.06456 0.00807 -0.02152
15.48 -0.00269 0.06456 0.01076 -0.01883
15.5 -0.00538 0.0269 0.01345 -0.01883
15.52 -0.01614 0.03228 0.01076 -0.01614
15.54 -0.03228 0.00538 0.00807 -0.01614
15.56 -0.03766 0.040350000000000004 0.0 -0.01883
15.58 -0.03228 -0.06456 0.0 -0.01883
15.6 -0.03497 0.08339 0.00269 -0.01883
15.62 -0.02959 0.00807 0.0 -0.02152
15.64 -0.06456 0.11298000000000001 0.0 -0.01614
15.66 -0.01614 -0.0269 0.00269 -0.01883
15.68 -0.04304 0.13988 0.0 -0.01883
15.7 -0.00269 -0.056490000000000005 0.00807 -0.02152
15.72 -0.04304 0.17216 0.00807 -0.00807
15.74 0.0 -0.01883 0.00807 -0.01076
15.76 -0.048420000000000005 0.17485 0.01345 -0.00807
15.78 -0.01345 -0.04304 0.00269 -0.00807
15.8 -0.06725 0.14526 0.0 -0.00538
15.82 -0.024210000000000002 -0.00807 -0.00538 -0.00807
15.84 -0.06994 0.1345 -0.00269 -0.01345
15.86 -0.01883 0.0 -0.01345 -0.01076
15.88 -0.06725 0.08608 -0.00538 -0.01883
15.9 -0.01883 0.02152 -0.024210000000000002 -0.01614
15.92 -0.05111 0.048420000000000005 -0.00269 -0.02152
15.94 -0.01614 0.040350000000000004 -0.02152 -0.01614
15.96 -0.02959 0.02152 0.0 -0.03228
15.98 -0.024210000000000002 0.024210000000000002 -0.01614 -0.0269
16.0 -0.03766 0.01076 0.0 -0.02959
16.02 -0.03766 0.01614 -0.00538 -0.04573
16.04 -0.03766 0.01345 0.0 -0.0269
16.06 -0.0269 0.02152 0.0 -0.04573
16.08 -0.03228 0.02152 0.0 0.0
16.1 -0.02959 0.01345 0.03497 -0.03766
16.12 -0.03497 0.024210000000000002 0.0269 0.01883
16.14 -0.01076 0.024210000000000002 0.06187 -0.04573
16.16 -0.01076 0.03497 0.03228 0.040350000000000004
16.18 -0.00538 0.02959 0.056490000000000005 -0.07263
16.2 -0.01076 0.03228 0.0 0.01614
16.22 -0.01345 0.0269 0.01883 -0.0538
16.24 -0.01076 0.03228 0.0 0.01345
16.26 -0.00269 0.03228 0.024210000000000002 -0.05918
16.28 -0.00538 0.03497 -0.00269 0.0
16.3 -0.00538 0.02152 0.02152 -0.08339
16.32 0.0 0.04573 0.00807 0.00269
16.34 0.0 0.02959 0.03228 -0.048420000000000005
16.36 -0.00269 0.02959 0.0269 0.0
16.38 -0.01076 0.024210000000000002 0.0269 -0.056490000000000005
16.4 -0.024210000000000002 0.0269 0.00269 -0.0269
16.42 -0.01883 0.024210000000000002 0.02152 -0.0538
16.44 -0.01614 0.0269 0.02152 -0.04573
16.46 -0.00538 0.0269 0.04304 -0.040350000000000004
16.48 -0.01076 0.0269 0.03497 -0.04573
16.5 -0.00269 0.0269 0.04573 -0.00538
16.52 -0.00538 0.0269 0.040350000000000004 -0.03766
16.54 -0.00269 0.0269 0.04304 -0.00807
16.56 -0.00538 0.0269 0.048420000000000005 -0.056490000000000005
16.58 -0.00538 0.0269 0.04304 0.0
16.6 -0.00269 0.0269 0.06456 -0.07263
16.62 -0.00269 0.01614 0.02152 0.0
16.64 0.0 0.01614 0.02152 -0.09953000000000001
16.66 -0.00269 0.01883 0.0 0.00538
16.68 -0.00807 0.01614 0.02152 -0.12912
16.7 -0.01883 0.01614 0.0 -0.00269
16.72 -0.01614 0.01614 0.02959 -0.12374
16.74 -0.01076 0.01076 0.00538 -0.01614
16.76 -0.00538 0.00807 0.03766 -0.11836
16.78 0.0 0.01076 0.01345 -0.00538
16.8 0.0 0.01614 0.03497 -0.12374
16.82 0.0 0.01345 0.01076 -0.024210000000000002
16.84 0.0 0.00807 0.03766 -0.08608
16.86 0.00807 0.02152 0.01614 -0.01883
16.88 -0.00269 0.01614 0.03497 -0.048420000000000005
16.9 0.01076 0.01883 0.01883 -0.03497
16.92 -0.00269 0.03228 0.03228 -0.02152
16.94 0.01345 0.0269 0.01614 -0.03766
16.96 -0.00269 0.0269 0.03228 -0.01614
16.98 0.0 0.0269 0.01345 -0.01883
17.0 -0.01614 0.0269 0.024210000000000002 -0.01076
17.02 -0.024210000000000002 0.05918 0.01614 -0.01345
17.04 -0.01614 0.00807 0.01614 -0.02152
17.06 -0.03228 0.056490000000000005 0.00538 -0.02152
17.08 -0.01883 -0.0269 0.01345 -0.0269
17.1 -0.04573 0.06187 0.00269 -0.0269
17.12 -0.00538 -0.05918 0.01076 -0.03228
17.14 -0.03766 0.03497 0.00538 -0.024210000000000002
17.16 0.00538 -0.06725 0.01614 -0.0269
17.18 -0.02959 0.07801000000000001 0.00807 -0.02152
17.2 0.01883 -0.06994 0.01076 -0.03228
17.22 -0.024210000000000002 0.11298000000000001 0.0 -0.024210000000000002
17.24 0.024210000000000002 -0.06994 0.00538 -0.03228
17.26 -0.024210000000000002 0.14526 0.0 -0.02152
17.28 0.02152 -0.06456 0.00269 -0.0269
17.3 -0.01883 0.13719 0.0 -0.0269
17.32 0.01345 -0.03497 0.00538 -0.02152
17.34 -0.04304 0.11836 0.0 -0.00538
17.36 -0.0269 -0.03497 0.0 -0.01614
17.38 -0.06187 0.07263 0.0 -0.02152
17.4 -0.03228 0.0 0.00807 -0.024210000000000002
17.42 -0.03497 0.07263 0.00807 -0.02152
17.44 -0.00269 0.06456 0.01076 -0.01883
17.46 -0.00269 0.02152 0.01345 -0.02152
17.48 -0.01076 0.03228 0.01076 -0.01883
17.5 -0.02959 0.0 0.00807 -0.01883
17.52 -0.040350000000000004 0.056490000000000005 0.0 -0.01883
17.54 -0.03766 0.00269 0.0 -0.01883
17.56 -0.03497 0.08608 0.00269 -0.01883
17.58 -0.03766 0.00538 0.0 -0.01883
17.6 -0.05918 0.09684000000000001 0.00269 -0.02152
17.62 -0.01614 0.02152 0.0 -0.01883
17.64 -0.03766 0.11836 0.0 -0.01614
17.66 -0.00807 0.00269 0.0 -0.01076
17.68 -0.04304 0.13988 0.00807 -0.01345
17.7 -0.00807 -0.00807 0.00538 -0.01345
17.72 -0.056490000000000005 0.17485 0.00807 -0.01076
17.74 -0.01883 -0.048420000000000005 0.0 -0.00807
17.76 -0.06725 0.15064 0.0 -0.00538
17.78 -0.0269 -0.00269 -0.00269 -0.01345
17.8 -0.06456 0.1345 -0.00269 -0.01076
17.82 -0.02152 0.0 -0.00807 -0.01345
17.84 -0.07263 0.09146 0.0 -0.01614
17.86 -0.02152 0.01883 -0.0269 -0.00807
17.88 -0.05918 0.04573 -0.00538 -0.02152
17.9 -0.01883 0.03766 -0.02152 -0.01883
17.92 -0.03228 0.01883 0.0 -0.03228
17.94 -0.0269 0.0269 -0.01883 -0.024210000000000002
17.96 -0.040350000000000004 0.01076 -0.00269 -0.02959
17.98 -0.03766 0.01883 -0.00269 -0.04573
18.0 -0.03766 0.01614 -0.00269 -0.02959
18.02 -0.0269 0.024210000000000002 0.00269 -0.048420000000000005
18.04 -0.03228 0.02152 0.0 0.0
18.06 -0.02959 0.01345 0.040350000000000004 -0.04573
18.08 -0.03766 0.024210000000000002 0.02152 0.01614
18.1 -0.01345 0.0269 0.06456 -0.03228
18.12 -0.01076 0.03228 0.03228 0.04304
18.14 -0.00538 0.02959 0.05111 -0.0538
18.16 -0.01345 0.03497 0.00269 0.01883
18.18 -0.01614 0.01614 0.024210000000000002 -0.05918
18.2 -0.00538 0.00538 0.01076 0.0269
18.22 0.0 0.01614 0.04573 -0.040350000000000004
18.24 -0.00269 0.02959 0.00538 0.01345
18.26 -0.00807 0.03497 0.024210000000000002 -0.05111
18.28 -0.00538 0.02959 0.0 0.0
18.3 -0.00538 0.03228 0.01614 -0.056490000000000005
18.32 -0.01883 0.02959 0.0 -0.01614
18.34 -0.02152 0.02959 0.01345 -0.05918
18.36 -0.024210000000000002 0.02959 0.00807 -0.0269
18.38 -0.01345 0.0269 0.03766 -0.048420000000000005
18.4 -0.01345 0.0269 0.03766 -0.04304
18.42 -0.00538 0.0269 0.056490000000000005 -0.040350000000000004
18.44 -0.01076 0.02152 0.040350000000000004 -0.04304
18.46 -0.01614 0.0269 0.04573 -0.00807
18.48 -0.01614 0.0269 0.03766 -0.040350000000000004
18.5 -0.00538 0.0269 0.03766 -0.00538
18.52 -0.00538 0.0269 0.04573 -0.05918
18.54 0.0 0.0269 0.05111 -0.00807
18.56 -0.00269 0.0269 0.07263 -0.07263
18.58 -0.00269 0.01883 0.0269 -0.00807
18.6 -0.00269 0.01883 0.02152 -0.08877
18.62 -0.00807 0.01614 0.0 0.0
18.64 -0.01076 0.01614 0.01883 -0.12912
18.66 -0.02152 0.01345 0.0 -0.00269
18.68 -0.01614 0.01345 0.03228 -0.13181
18.7 -0.01345 0.00807 0.01076 0.0
18.72 -0.01076 0.00807 0.04304 -0.11836
18.74 0.0 0.00538 0.01614 -0.00807
18.76 -0.00269 0.01345 0.040350000000000004 -0.12374
18.78 0.0 0.01345 0.01076 -0.01883
18.8 0.0 0.01076 0.03766 -0.09684000000000001
18.82 0.00538 0.01883 0.01614 -0.02152
18.84 -0.00538 0.01614 0.03497 -0.04573
18.86 0.00807 0.01345 0.01883 -0.03497
18.88 0.0 0.03497 0.03497 -0.01883
18.9 0.01076 0.024210000000000002 0.01883 -0.03228
18.92 -0.00538 0.02959 0.03228 -0.01883
18.94 0.0 0.02959 0.01345 -0.024210000000000002
18.96 -0.01883 0.02959 0.024210000000000002 -0.01345
18.98 -0.0269 0.056490000000000005 0.01345 -0.01614
19.0 -0.01883 0.00807 0.01614 -0.01883
19.02 -0.03228 0.06456 0.00538 -0.02152
19.04 -0.01883 -0.02959 0.01076 -0.0269
19.06 -0.048420000000000005 0.048420000000000005 0.00269 -0.02959
19.08 -0.00807 -0.05918 0.01345 -0.03228
19.1 -0.03766 0.0538 0.00807 -0.024210000000000002
19.12 0.00538 -0.06725 0.01614 -0.0269
19.14 -0.02959 0.08608 0.00807 -0.02152
19.16 0.01614 -0.07263 0.01076 -0.03228
19.18 -0.0269 0.11298000000000001 0.0 -0.01883
19.2 0.01076 -0.06994 0.00269 -0.0269
19.22 -0.02959 0.14526 0.0 -0.00807
19.24 0.01883 -0.06725 0.0 -0.024210000000000002
19.26 -0.024210000000000002 0.12374 0.0 -0.02152
19.28 0.00807 -0.03766 0.0 -0.02152
19.3 -0.05111 0.14795 -0.00269 0.0
19.32 -0.02959 -0.04573 0.0 -0.02959
19.34 -0.06187 0.07801000000000001 -0.00807 -0.024210000000000002
19.36 -0.0269 0.0 0.00807 -0.024210000000000002
19.38 -0.02959 0.07532 0.01076 -0.01883
19.4 -0.00269 0.056490000000000005 0.01614 -0.01883
19.42 -0.00269 0.024210000000000002 0.01614 -0.01614
19.44 -0.01076 0.03497 0.01345 -0.01614
19.46 -0.0269 0.0 0.00269 -0.01614
19.48 -0.040350000000000004 0.056490000000000005 0.0 -0.01614
19.5 -0.040350000000000004 0.0 0.0 -0.01614
19.52 -0.04304 0.08877 0.0 -0.01614
19.54 -0.03228 0.00807 0.0 -0.01883
19.56 -0.05918 0.09953000000000001 0.0 -0.01614
19.58 -0.01076 0.00807 0.0 -0.01883
19.6 -0.03766 0.12105 0.0 -0.01614
19.62 -0.00269 0.0 0.0 -0.01076
19.64 -0.04573 0.13181 0.00807 -0.01076
19.66 -0.00538 -0.02959 0.0 -0.01345
19.68 -0.0538 0.17216 0.00807 -0.00807
19.7 -0.01614 -0.04573 0.0 -0.00807
19.72 -0.06725 0.15333 0.0 -0.00538
19.74 -0.024210000000000002 -0.01345 -0.00538 -0.00807
19.76 -0.06725 0.12643000000000001 0.0 -0.01076
19.78 -0.01614 0.00269 -0.01076 -0.01345
19.8 -0.06994 0.09146 0.0 -0.01883
19.82 -0.02152 0.01883 -0.02959 -0.01345
19.84 -0.056490000000000005 0.04304 -0.00269 -0.02152
19.86 -0.01883 0.03766 -0.02152 -0.01883
19.88 -0.03228 0.01883 0.0 -0.03497
19.9 -0.02152 0.02959 -0.02152 -0.0269
19.92 -0.03497 0.01076 -0.00269 -0.02959
19.94 -0.03497 0.01614 -0.00538 -0.048420000000000005
19.96 -0.03497 0.01614 0.0 -0.0269
19.98 -0.024210000000000002 0.024210000000000002 0.0 -0.0538
20.0 -0.02959 0.02152 0.0 0.0
