0.0 89.84615384615385 89.84615384615385 90.1978021978022 90.10989010989012
0.02 89.75824175824177 89.84615384615385 90.1978021978022 90.02197802197803
0.04 89.75824175824177 89.93406593406594 90.1978021978022 90.02197802197803
0.06 89.75824175824177 90.02197802197803 90.1978021978022 89.93406593406594
0.08 89.75824175824177 90.1978021978022 90.1978021978022 89.75824175824177
0.1 89.75824175824177 90.46153846153847 90.1978021978022 89.58241758241759
0.12 89.67032967032968 90.72527472527473 90.1978021978022 89.31868131868133
0.14 89.67032967032968 90.98901098901099 90.1978021978022 89.05494505494507
0.16 89.4945054945055 91.34065934065934 90.28571428571429 88.7912087912088
0.18 89.40659340659342 91.51648351648352 90.28571428571429 88.61538461538463
0.2 89.23076923076924 91.78021978021978 90.37362637362638 88.26373626373628
0.22 89.14285714285715 92.04395604395606 90.54945054945055 88.0
0.24 89.05494505494507 92.30769230769232 90.63736263736264 87.73626373626374
0.26 88.96703296703298 92.57142857142858 90.72527472527473 87.47252747252747
0.28 88.7912087912088 92.83516483516485 90.9010989010989 87.20879120879121
0.3 88.70329670329672 93.1868131868132 90.98901098901099 87.03296703296704
0.32 88.52747252747254 93.36263736263737 91.16483516483517 86.76923076923077
0.34 88.52747252747254 93.62637362637363 91.34065934065934 86.50549450549451
0.36 88.35164835164836 93.80219780219781 91.51648351648352 86.32967032967034
0.38 88.17582417582419 94.06593406593407 91.6043956043956 86.06593406593407
0.4 88.0879120879121 94.32967032967034 91.6923076923077 85.80219780219781
0.42 88.0 94.50549450549451 91.86813186813187 85.53846153846155
0.44 87.82417582417582 94.76923076923077 91.95604395604396 85.27472527472528
0.46 87.73626373626374 95.03296703296704 92.04395604395606 85.01098901098902
0.48 87.56043956043956 95.38461538461539 92.21978021978023 84.74725274725276
0.5 87.56043956043956 95.64835164835165 92.30769230769232 84.4835164835165
0.52 87.38461538461539 95.82417582417582 92.39560439560441 84.21978021978023
0.54 87.2967032967033 96.0879120879121 92.4835164835165 83.95604395604396
0.56 87.20879120879121 96.35164835164836 92.65934065934067 83.6923076923077
0.58 87.20879120879121 96.61538461538463 92.74725274725276 83.42857142857143
0.6 87.03296703296704 96.87912087912089 92.83516483516485 83.07692307692308
0.62 86.94505494505495 97.05494505494507 92.92307692307693 82.9010989010989
0.64 86.76923076923077 97.40659340659342 93.09890109890111 82.63736263736264
0.66 86.68131868131869 97.58241758241759 93.1868131868132 82.46153846153847
0.68 86.50549450549451 97.84615384615385 93.27472527472528 82.1978021978022
0.7 86.41758241758242 98.10989010989012 93.36263736263737 81.93406593406594
0.72 86.24175824175825 98.37362637362638 93.53846153846155 81.67032967032968
0.74 86.15384615384616 98.54945054945055 93.62637362637363 81.4945054945055
0.76 85.97802197802199 98.81318681318682 93.80219780219781 81.23076923076924
0.78 85.8901098901099 99.07692307692308 93.8901098901099 80.96703296703298
0.8 85.80219780219781 99.25274725274726 93.97802197802199 80.70329670329672
0.82 85.71428571428572 99.42857142857143 94.06593406593407 80.52747252747254
0.84 85.53846153846155 99.78021978021978 94.15384615384616 80.26373626373628
0.86 85.45054945054946 99.95604395604397 94.32967032967034 80.08791208791209
0.88 85.45054945054946 100.21978021978023 94.41758241758242 79.73626373626374
0.9 85.36263736263737 100.4835164835165 94.50549450549451 79.47252747252747
0.92 85.1868131868132 100.65934065934067 94.5934065934066 79.2967032967033
0.94 85.1868131868132 100.92307692307693 94.68131868131869 79.12087912087912
0.96 85.01098901098902 101.1868131868132 94.85714285714286 78.94505494505495
0.98 84.92307692307693 101.36263736263737 94.94505494505495 78.68131868131869
1.0 84.83516483516485 101.62637362637363 95.03296703296704 78.41758241758242
1.02 84.74725274725276 101.8901098901099 95.12087912087912 78.24175824175825
1.04 84.57142857142858 102.06593406593407 95.20879120879121 77.97802197802199
1.06 84.4835164835165 102.32967032967034 95.38461538461539 77.71428571428572
1.08 84.39560439560441 102.50549450549451 95.47252747252747 77.53846153846155
1.1 84.21978021978023 102.76923076923077 95.64835164835165 77.27472527472528
1.12 84.13186813186813 103.03296703296704 95.64835164835165 77.01098901098902
1.14 84.04395604395604 103.20879120879121 95.73626373626374 76.83516483516485
1.16 83.86813186813187 103.47252747252747 95.82417582417582 76.57142857142858
1.18 83.78021978021978 103.73626373626375 96.00000000000001 76.39560439560441
1.2 83.6923076923077 103.91208791208793 96.0879120879121 76.21978021978022
1.22 83.6043956043956 104.0879120879121 96.17582417582419 76.04395604395604
1.24 83.51648351648352 104.35164835164836 96.26373626373628 75.6923076923077
1.26 83.42857142857143 104.52747252747254 96.35164835164836 75.51648351648352
1.28 83.25274725274726 104.7912087912088 96.52747252747254 75.25274725274726
1.3 83.16483516483517 104.96703296703298 96.52747252747254 74.98901098901099
1.32 83.07692307692308 105.23076923076924 96.61538461538463 74.72527472527473
1.34 82.98901098901099 105.40659340659342 96.70329670329672 74.54945054945055
1.36 82.9010989010989 105.67032967032968 96.87912087912089 74.37362637362638
1.38 82.81318681318682 105.84615384615385 96.96703296703298 74.1978021978022
1.4 82.72527472527473 106.10989010989012 97.05494505494507 73.93406593406594
1.42 82.54945054945055 106.28571428571429 97.14285714285715 73.75824175824177
1.44 82.46153846153847 106.54945054945055 97.23076923076924 73.58241758241759
1.46 82.37362637362638 106.72527472527473 97.40659340659342 73.31868131868133
1.48 82.28571428571429 106.98901098901099 97.4945054945055 73.05494505494507
1.5 82.1978021978022 107.16483516483517 97.58241758241759 72.87912087912089
1.52 82.10989010989012 107.42857142857143 97.67032967032968 72.61538461538463
1.54 82.02197802197803 107.51648351648352 97.75824175824177 72.43956043956045
1.56 81.93406593406594 107.7802197802198 97.84615384615385 72.26373626373626
1.58 81.75824175824177 107.95604395604397 97.93406593406594 72.0
1.6 81.75824175824177 108.13186813186815 98.10989010989012 71.82417582417582
1.62 81.58241758241759 108.39560439560441 98.1978021978022 71.64835164835165
1.64 81.58241758241759 108.65934065934067 98.28571428571429 71.47252747252747
1.66 81.4945054945055 108.83516483516485 98.37362637362638 71.2967032967033
1.68 81.31868131868133 109.01098901098902 98.46153846153847 71.03296703296704
1.7 81.31868131868133 109.1868131868132 98.46153846153847 70.85714285714286
1.72 81.14285714285715 109.36263736263737 98.63736263736264 70.68131868131869
1.74 81.14285714285715 109.53846153846155 98.72527472527473 70.41758241758242
1.76 81.05494505494507 109.80219780219781 98.81318681318682 70.24175824175825
1.78 80.96703296703298 109.97802197802199 98.9010989010989 70.06593406593407
1.8 80.87912087912089 110.15384615384616 98.9010989010989 69.80219780219781
1.82 80.7912087912088 110.41758241758242 99.07692307692308 69.62637362637363
1.84 80.70329670329672 110.5934065934066 99.16483516483517 69.45054945054946
1.86 80.61538461538463 110.76923076923077 99.25274725274726 69.27472527472528
1.88 80.43956043956045 111.03296703296704 99.34065934065934 69.01098901098902
1.9 80.35164835164836 111.20879120879121 99.42857142857143 68.83516483516485
1.92 80.26373626373628 111.38461538461539 99.51648351648352 68.65934065934067
1.94 80.17582417582418 111.56043956043958 99.51648351648352 68.3956043956044
1.96 80.08791208791209 111.73626373626375 99.6923076923077 68.21978021978022
1.98 80.0 112.00000000000001 99.78021978021978 68.04395604395604
2.0 79.91208791208791 112.17582417582419 99.86813186813188 67.86813186813187
2.02 79.82417582417582 112.35164835164836 99.95604395604397 67.6043956043956
2.04 79.73626373626374 112.52747252747254 99.95604395604397 67.42857142857143
2.06 79.64835164835165 112.70329670329672 100.13186813186815 67.25274725274726
2.08 79.56043956043956 112.87912087912089 100.13186813186815 67.07692307692308
2.1 79.47252747252747 113.14285714285715 100.30769230769232 66.9010989010989
2.12 79.38461538461539 113.31868131868133 100.30769230769232 66.72527472527473
2.14 79.2967032967033 113.4945054945055 100.39560439560441 66.54945054945055
2.16 79.20879120879121 113.75824175824177 100.57142857142858 66.37362637362638
2.18 79.20879120879121 113.84615384615385 100.57142857142858 66.1978021978022
2.2 79.12087912087912 114.02197802197803 100.74725274725276 66.02197802197803
2.22 79.03296703296704 114.1978021978022 100.74725274725276 65.75824175824177
2.24 78.94505494505495 114.37362637362638 100.83516483516485 65.58241758241759
2.26 78.85714285714286 114.54945054945055 101.01098901098902 65.40659340659342
2.28 78.76923076923077 114.72527472527473 101.01098901098902 65.31868131868133
2.3 78.68131868131869 114.9010989010989 101.09890109890111 65.14285714285715
2.32 78.5934065934066 115.07692307692308 101.1868131868132 64.96703296703298
2.34 78.50549450549451 115.25274725274726 101.27472527472528 64.7912087912088
2.36 78.41758241758242 115.42857142857143 101.36263736263737 64.52747252747253
2.38 78.32967032967034 115.60439560439562 101.36263736263737 64.35164835164835
2.4 78.32967032967034 115.7802197802198 101.45054945054946 64.17582417582418
2.42 78.24175824175825 115.86813186813188 101.53846153846155 64.0
2.44 78.15384615384616 116.13186813186815 101.71428571428572 63.91208791208792
2.46 77.97802197802199 116.30769230769232 101.80219780219781 63.736263736263744
2.48 77.97802197802199 116.57142857142858 101.8901098901099 63.64835164835166
2.5 77.8901098901099 116.65934065934067 101.8901098901099 63.472527472527474
2.52 77.80219780219781 116.74725274725276 101.97802197802199 63.2967032967033
2.54 77.71428571428572 117.01098901098902 102.06593406593407 63.120879120879124
2.56 77.62637362637363 117.09890109890111 102.06593406593407 62.94505494505495
2.58 77.62637362637363 117.27472527472528 102.24175824175825 62.769230769230774
2.6 77.53846153846155 117.36263736263737 102.24175824175825 62.5934065934066
2.62 77.45054945054946 117.53846153846155 102.32967032967034 62.41758241758242
2.64 77.36263736263737 117.80219780219781 102.41758241758242 62.24175824175825
2.66 77.27472527472528 117.97802197802199 102.50549450549451 62.06593406593407
2.68 77.27472527472528 118.06593406593407 102.5934065934066 61.8901098901099
2.7 77.1868131868132 118.24175824175825 102.5934065934066 61.80219780219781
2.72 77.09890109890111 118.41758241758242 102.68131868131869 61.62637362637363
2.74 77.01098901098902 118.50549450549451 102.76923076923077 61.45054945054945
2.76 76.92307692307693 118.68131868131869 102.85714285714286 61.362637362637365
2.78 76.83516483516485 118.85714285714286 102.94505494505495 61.18681318681319
2.8 76.74725274725276 119.03296703296704 103.03296703296704 61.010989010989015
2.82 76.74725274725276 119.20879120879121 103.03296703296704 60.83516483516484
2.84 76.65934065934067 119.2967032967033 103.12087912087912 60.659340659340664
2.86 76.57142857142858 119.47252747252749 103.20879120879121 60.48351648351649
2.88 76.4835164835165 119.64835164835166 103.20879120879121 60.3956043956044
2.9 76.4835164835165 119.73626373626375 103.2967032967033 60.219780219780226
2.92 76.39560439560441 119.91208791208793 103.38461538461539 60.04395604395605
2.94 76.3076923076923 120.0879120879121 103.47252747252747 59.95604395604396
2.96 76.21978021978022 120.17582417582419 103.56043956043956 59.868131868131876
2.98 76.13186813186813 120.35164835164836 103.56043956043956 59.6923076923077
3.0 76.13186813186813 120.43956043956045 103.64835164835165 59.51648351648352
3.02 76.04395604395604 120.52747252747254 103.73626373626375 59.34065934065934
3.04 75.95604395604396 120.70329670329672 103.82417582417584 59.252747252747255
3.06 75.95604395604396 120.87912087912089 103.82417582417584 59.07692307692308
3.08 75.86813186813187 121.05494505494507 103.91208791208793 58.98901098901099
3.1 75.78021978021978 121.14285714285715 104.00000000000001 58.901098901098905
3.12 75.6923076923077 121.31868131868133 104.0879120879121 58.72527472527473
3.14 75.6923076923077 121.4945054945055 104.17582417582419 58.549450549450555
3.16 75.6043956043956 121.58241758241759 104.17582417582419 58.37362637362638
3.18 75.51648351648352 121.67032967032968 104.26373626373628 58.28571428571429
3.2 75.51648351648352 121.84615384615385 104.35164835164836 58.197802197802204
3.22 75.42857142857143 122.02197802197803 104.35164835164836 58.10989010989012
3.24 75.34065934065934 122.10989010989012 104.43956043956045 57.93406593406594
3.26 75.34065934065934 122.1978021978022 104.52747252747254 57.846153846153854
3.28 75.25274725274726 122.37362637362638 104.52747252747254 57.67032967032967
3.3 75.16483516483517 122.46153846153847 104.61538461538463 57.582417582417584
3.32 75.16483516483517 122.63736263736264 104.61538461538463 57.40659340659341
3.34 75.07692307692308 122.72527472527473 104.70329670329672 57.23076923076923
3.36 75.07692307692308 122.81318681318682 104.7912087912088 57.142857142857146
3.38 74.98901098901099 122.9010989010989 104.7912087912088 56.96703296703297
3.4 74.9010989010989 123.07692307692308 104.87912087912089 56.87912087912088
3.42 74.9010989010989 123.16483516483517 104.96703296703298 56.87912087912088
3.44 74.81318681318682 123.34065934065936 105.05494505494507 56.70329670329671
3.46 74.81318681318682 123.42857142857144 105.05494505494507 56.61538461538462
3.48 74.72527472527473 123.60439560439562 105.14285714285715 56.439560439560445
3.5 74.63736263736264 123.60439560439562 105.14285714285715 56.35164835164836
3.52 74.63736263736264 123.7802197802198 105.14285714285715 56.26373626373627
3.54 74.54945054945055 123.86813186813188 105.23076923076924 56.17582417582418
3.56 74.54945054945055 124.04395604395606 105.31868131868133 56.00000000000001
3.58 74.46153846153847 124.13186813186815 105.31868131868133 55.91208791208792
3.6 74.37362637362638 124.21978021978023 105.40659340659342 55.82417582417583
3.62 74.37362637362638 124.30769230769232 105.40659340659342 55.64835164835165
3.64 74.28571428571429 124.4835164835165 105.4945054945055 55.64835164835165
3.66 74.28571428571429 124.57142857142858 105.58241758241759 55.472527472527474
3.68 74.1978021978022 124.57142857142858 105.58241758241759 55.38461538461539
3.7 74.1978021978022 124.74725274725276 105.67032967032968 55.20879120879121
3.72 74.1978021978022 124.83516483516485 105.67032967032968 55.120879120879124
3.74 74.10989010989012 124.92307692307693 105.75824175824177 55.120879120879124
3.76 74.10989010989012 125.09890109890111 105.75824175824177 55.032967032967036
3.78 74.02197802197803 125.1868131868132 105.75824175824177 54.94505494505495
3.8 74.02197802197803 125.27472527472528 105.84615384615385 54.85714285714286
3.82 73.93406593406594 125.36263736263737 105.93406593406594 54.681318681318686
3.84 73.93406593406594 125.45054945054946 105.93406593406594 54.5934065934066
3.86 73.84615384615385 125.45054945054946 106.02197802197803 54.50549450549451
3.88 73.84615384615385 125.62637362637363 106.02197802197803 54.41758241758242
3.9 73.75824175824177 125.71428571428572 106.10989010989012 54.329670329670336
3.92 73.75824175824177 125.71428571428572 106.10989010989012 54.15384615384616
3.94 73.67032967032968 125.80219780219781 106.10989010989012 54.06593406593407
3.96 73.67032967032968 125.97802197802199 106.1978021978022 54.06593406593407
3.98 73.67032967032968 126.06593406593407 106.1978021978022 53.978021978021985
4.0 73.58241758241759 126.06593406593407 106.28571428571429 53.8901098901099
4.02 73.58241758241759 126.15384615384616 106.28571428571429 53.8021978021978
4.04 73.4945054945055 126.24175824175825 106.37362637362638 53.714285714285715
4.06 73.40659340659342 126.32967032967034 106.37362637362638 53.714285714285715
4.08 73.40659340659342 126.41758241758242 106.37362637362638 53.62637362637363
4.1 73.40659340659342 126.50549450549451 106.37362637362638 53.53846153846154
4.12 73.31868131868133 126.68131868131869 106.46153846153847 53.362637362637365
4.14 73.23076923076924 126.68131868131869 106.46153846153847 53.27472527472528
4.16 73.31868131868133 126.76923076923077 106.54945054945055 53.18681318681319
4.18 73.23076923076924 126.76923076923077 106.54945054945055 53.18681318681319
4.2 73.23076923076924 126.85714285714286 106.54945054945055 53.0989010989011
4.22 73.14285714285715 126.94505494505495 106.63736263736264 53.010989010989015
4.24 73.05494505494507 127.03296703296704 106.63736263736264 53.010989010989015
4.26 73.14285714285715 127.12087912087912 106.63736263736264 52.92307692307693
4.28 73.05494505494507 127.12087912087912 106.72527472527473 52.83516483516484
4.3 73.05494505494507 127.20879120879123 106.81318681318682 52.74725274725275
4.32 72.96703296703298 127.29670329670331 106.81318681318682 52.659340659340664
4.34 73.05494505494507 127.3846153846154 106.81318681318682 52.659340659340664
4.36 72.96703296703298 127.3846153846154 106.9010989010989 52.57142857142858
4.38 72.96703296703298 127.3846153846154 106.9010989010989 52.48351648351649
4.4 72.96703296703298 127.47252747252749 106.9010989010989 52.3956043956044
4.42 72.87912087912089 127.56043956043958 106.9010989010989 52.3956043956044
4.44 72.87912087912089 127.56043956043958 106.98901098901099 52.3956043956044
4.46 72.87912087912089 127.64835164835166 106.98901098901099 52.307692307692314
4.48 72.7912087912088 127.64835164835166 106.98901098901099 52.219780219780226
4.5 72.7912087912088 127.64835164835166 106.98901098901099 52.219780219780226
4.52 72.7912087912088 127.73626373626375 106.98901098901099 52.13186813186814
4.54 72.7912087912088 127.82417582417584 107.07692307692308 52.13186813186814
4.56 72.7912087912088 127.91208791208793 107.07692307692308 52.04395604395605
4.58 72.70329670329672 127.91208791208793 107.07692307692308 52.04395604395605
4.6 72.70329670329672 127.91208791208793 107.07692307692308 52.04395604395605
4.62 72.70329670329672 128.0 107.07692307692308 51.95604395604396
4.64 72.61538461538463 128.0 107.16483516483517 51.95604395604396
4.66 72.61538461538463 128.0879120879121 107.16483516483517 51.868131868131876
4.68 72.61538461538463 128.0879120879121 107.16483516483517 51.868131868131876
4.7 72.61538461538463 128.17582417582418 107.16483516483517 51.78021978021978
4.72 72.52747252747254 128.17582417582418 107.16483516483517 51.78021978021978
4.74 72.52747252747254 128.17582417582418 107.25274725274726 51.78021978021978
4.76 72.61538461538463 128.17582417582418 107.25274725274726 51.78021978021978
4.78 72.52747252747254 128.17582417582418 107.25274725274726 51.69230769230769
4.8 72.52747252747254 128.26373626373626 107.25274725274726 51.69230769230769
4.82 72.52747252747254 128.35164835164835 107.25274725274726 51.69230769230769
4.84 72.52747252747254 128.35164835164835 107.25274725274726 51.604395604395606
4.86 72.52747252747254 128.35164835164835 107.25274725274726 51.69230769230769
4.88 72.43956043956045 128.35164835164835 107.25274725274726 51.69230769230769
4.9 72.52747252747254 128.35164835164835 107.34065934065934 51.604395604395606
4.92 72.43956043956045 128.35164835164835 107.34065934065934 51.69230769230769
4.94 72.52747252747254 128.35164835164835 107.34065934065934 51.604395604395606
4.96 72.43956043956045 128.35164835164835 107.34065934065934 51.604395604395606
4.98 72.52747252747254 128.35164835164835 107.34065934065934 51.604395604395606
5.0 72.43956043956045 128.43956043956044 107.34065934065934 51.604395604395606
5.02 72.52747252747254 128.43956043956044 107.34065934065934 51.604395604395606
5.04 72.43956043956045 128.43956043956044 107.34065934065934 51.604395604395606
5.06 72.43956043956045 128.43956043956044 107.34065934065934 51.604395604395606
5.08 72.52747252747254 128.43956043956044 107.34065934065934 51.604395604395606
5.1 72.43956043956045 128.43956043956044 107.34065934065934 51.604395604395606
5.12 72.43956043956045 128.43956043956044 107.34065934065934 51.604395604395606
5.14 72.52747252747254 128.43956043956044 107.34065934065934 51.604395604395606
5.16 72.43956043956045 128.43956043956044 107.34065934065934 51.604395604395606
5.18 72.52747252747254 128.43956043956044 107.34065934065934 51.604395604395606
5.2 72.52747252747254 128.43956043956044 107.34065934065934 51.604395604395606
5.22 72.43956043956045 128.43956043956044 107.34065934065934 51.604395604395606
5.24 72.43956043956045 128.43956043956044 107.34065934065934 51.604395604395606
5.26 72.43956043956045 128.43956043956044 107.34065934065934 51.604395604395606
5.28 72.43956043956045 128.43956043956044 107.25274725274726 51.69230769230769
5.3 72.43956043956045 128.43956043956044 107.34065934065934 51.604395604395606
5.32 72.43956043956045 128.43956043956044 107.34065934065934 51.604395604395606
5.34 72.43956043956045 128.43956043956044 107.34065934065934 51.604395604395606
5.36 72.43956043956045 128.43956043956044 107.34065934065934 51.604395604395606
5.38 72.43956043956045 128.43956043956044 107.34065934065934 51.604395604395606
5.4 72.43956043956045 128.43956043956044 107.34065934065934 51.604395604395606
5.42 72.52747252747254 128.43956043956044 107.34065934065934 51.604395604395606
5.44 72.43956043956045 128.43956043956044 107.34065934065934 51.604395604395606
5.46 72.43956043956045 128.43956043956044 107.34065934065934 51.604395604395606
5.48 72.43956043956045 128.43956043956044 107.34065934065934 51.604395604395606
5.5 72.52747252747254 128.43956043956044 107.34065934065934 51.604395604395606
5.52 72.43956043956045 128.43956043956044 107.34065934065934 51.604395604395606
5.54 72.43956043956045 128.43956043956044 107.34065934065934 51.604395604395606
5.56 72.43956043956045 128.43956043956044 107.34065934065934 51.604395604395606
5.58 72.43956043956045 128.43956043956044 107.34065934065934 51.604395604395606
5.6 72.43956043956045 128.43956043956044 107.34065934065934 51.604395604395606
5.62 72.43956043956045 128.43956043956044 107.34065934065934 51.604395604395606
5.64 72.43956043956045 128.43956043956044 107.34065934065934 51.604395604395606
5.66 72.43956043956045 128.43956043956044 107.34065934065934 51.604395604395606
5.68 72.43956043956045 128.43956043956044 107.34065934065934 51.604395604395606
5.7 72.43956043956045 128.43956043956044 107.34065934065934 51.604395604395606
5.72 72.52747252747254 128.43956043956044 107.34065934065934 51.604395604395606
5.74 72.43956043956045 128.43956043956044 107.34065934065934 51.604395604395606
5.76 72.43956043956045 128.43956043956044 107.34065934065934 51.604395604395606
5.78 72.43956043956045 128.43956043956044 107.34065934065934 51.604395604395606
5.8 72.43956043956045 128.43956043956044 107.34065934065934 51.604395604395606
5.82 72.43956043956045 128.43956043956044 107.34065934065934 51.604395604395606
5.84 72.43956043956045 128.43956043956044 107.34065934065934 51.604395604395606
5.86 72.43956043956045 128.43956043956044 107.34065934065934 51.604395604395606
5.88 72.43956043956045 128.43956043956044 107.34065934065934 51.604395604395606
5.9 72.43956043956045 128.43956043956044 107.34065934065934 51.604395604395606
5.92 72.43956043956045 128.43956043956044 107.34065934065934 51.604395604395606
5.94 72.43956043956045 128.43956043956044 107.34065934065934 51.604395604395606
5.96 72.43956043956045 128.43956043956044 107.34065934065934 51.604395604395606
5.98 72.52747252747254 128.43956043956044 107.34065934065934 51.604395604395606
6.0 72.43956043956045 128.43956043956044 107.34065934065934 51.604395604395606
6.02 72.43956043956045 128.43956043956044 107.34065934065934 51.604395604395606
6.04 72.52747252747254 128.43956043956044 107.34065934065934 51.604395604395606
6.06 72.43956043956045 128.43956043956044 107.34065934065934 51.604395604395606
6.08 72.43956043956045 128.43956043956044 107.34065934065934 51.604395604395606
6.1 72.52747252747254 128.43956043956044 107.34065934065934 51.604395604395606
6.12 72.43956043956045 128.43956043956044 107.34065934065934 51.604395604395606
6.14 72.43956043956045 128.43956043956044 107.34065934065934 51.604395604395606
6.16 72.43956043956045 128.43956043956044 107.34065934065934 51.69230769230769
6.18 72.43956043956045 128.43956043956044 107.34065934065934 51.604395604395606
6.2 72.43956043956045 128.43956043956044 107.34065934065934 51.604395604395606
6.22 72.43956043956045 128.43956043956044 107.34065934065934 51.604395604395606
6.24 72.43956043956045 128.43956043956044 107.34065934065934 51.604395604395606
6.26 72.43956043956045 128.43956043956044 107.34065934065934 51.604395604395606
6.28 72.43956043956045 128.43956043956044 107.25274725274726 51.604395604395606
6.3 72.43956043956045 128.43956043956044 107.34065934065934 51.604395604395606
6.32 72.43956043956045 128.43956043956044 107.34065934065934 51.604395604395606
6.34 72.43956043956045 128.43956043956044 107.34065934065934 51.604395604395606
6.36 72.43956043956045 128.43956043956044 107.34065934065934 51.69230769230769
6.38 72.43956043956045 128.43956043956044 107.34065934065934 51.604395604395606
6.4 72.43956043956045 128.43956043956044 107.34065934065934 51.604395604395606
6.42 72.43956043956045 128.43956043956044 107.34065934065934 51.604395604395606
6.44 72.43956043956045 128.43956043956044 107.34065934065934 51.604395604395606
6.46 72.43956043956045 128.43956043956044 107.34065934065934 51.604395604395606
6.48 72.43956043956045 128.43956043956044 107.34065934065934 51.604395604395606
6.5 72.52747252747254 128.43956043956044 107.34065934065934 51.604395604395606
6.52 72.43956043956045 128.43956043956044 107.34065934065934 51.604395604395606
6.54 72.43956043956045 128.43956043956044 107.34065934065934 51.604395604395606
6.56 72.43956043956045 128.43956043956044 107.34065934065934 51.604395604395606
6.58 72.43956043956045 128.43956043956044 107.34065934065934 51.604395604395606
6.6 72.43956043956045 128.43956043956044 107.34065934065934 51.604395604395606
6.62 72.43956043956045 128.43956043956044 107.34065934065934 51.604395604395606
6.64 72.43956043956045 128.43956043956044 107.34065934065934 51.604395604395606
6.66 72.43956043956045 128.43956043956044 107.34065934065934 51.604395604395606
6.68 72.43956043956045 128.43956043956044 107.34065934065934 51.604395604395606
6.7 72.43956043956045 128.43956043956044 107.34065934065934 51.604395604395606
6.72 72.43956043956045 128.43956043956044 107.34065934065934 51.604395604395606
6.74 72.43956043956045 128.43956043956044 107.34065934065934 51.604395604395606
6.76 72.52747252747254 128.43956043956044 107.34065934065934 51.604395604395606
6.78 72.43956043956045 128.43956043956044 107.34065934065934 51.604395604395606
6.8 72.43956043956045 128.43956043956044 107.34065934065934 51.604395604395606
6.82 72.52747252747254 128.43956043956044 107.34065934065934 51.604395604395606
6.84 72.43956043956045 128.43956043956044 107.34065934065934 51.604395604395606
6.86 72.43956043956045 128.43956043956044 107.34065934065934 51.604395604395606
6.88 72.43956043956045 128.43956043956044 107.34065934065934 51.604395604395606
6.9 72.43956043956045 128.43956043956044 107.34065934065934 51.604395604395606
6.92 72.43956043956045 128.43956043956044 107.34065934065934 51.604395604395606
6.94 72.43956043956045 128.43956043956044 107.34065934065934 51.604395604395606
6.96 72.43956043956045 128.43956043956044 107.34065934065934 51.604395604395606
6.98 72.43956043956045 128.43956043956044 107.34065934065934 51.604395604395606
7.0 72.43956043956045 128.43956043956044 107.34065934065934 51.604395604395606
7.02 72.52747252747254 128.43956043956044 107.34065934065934 51.604395604395606
7.04 72.43956043956045 128.43956043956044 107.34065934065934 51.604395604395606
7.06 72.43956043956045 128.43956043956044 107.34065934065934 51.604395604395606
7.08 72.43956043956045 128.43956043956044 107.34065934065934 51.604395604395606
7.1 72.43956043956045 128.43956043956044 107.34065934065934 51.69230769230769
7.12 72.43956043956045 128.43956043956044 107.34065934065934 51.69230769230769
7.14 72.43956043956045 128.43956043956044 107.34065934065934 51.604395604395606
7.16 72.43956043956045 128.43956043956044 107.34065934065934 51.604395604395606
7.18 72.43956043956045 128.43956043956044 107.34065934065934 51.604395604395606
7.2 72.43956043956045 128.43956043956044 107.34065934065934 51.604395604395606
7.22 72.43956043956045 128.43956043956044 107.34065934065934 51.604395604395606
7.24 72.43956043956045 128.43956043956044 107.34065934065934 51.604395604395606
7.26 72.43956043956045 128.43956043956044 107.34065934065934 51.604395604395606
7.28 72.43956043956045 128.43956043956044 107.34065934065934 51.604395604395606
7.3 72.43956043956045 128.43956043956044 107.34065934065934 51.604395604395606
7.32 72.43956043956045 128.43956043956044 107.34065934065934 51.604395604395606
7.34 72.43956043956045 128.43956043956044 107.34065934065934 51.604395604395606
7.36 72.43956043956045 128.43956043956044 107.34065934065934 51.604395604395606
7.38 72.43956043956045 128.43956043956044 107.34065934065934 51.69230769230769
7.4 72.43956043956045 128.43956043956044 107.34065934065934 51.604395604395606
7.42 72.43956043956045 128.43956043956044 107.34065934065934 51.604395604395606
7.44 72.43956043956045 128.43956043956044 107.34065934065934 51.604395604395606
7.46 72.43956043956045 128.43956043956044 107.34065934065934 51.604395604395606
7.48 72.52747252747254 128.43956043956044 107.34065934065934 51.604395604395606
7.5 72.43956043956045 128.43956043956044 107.34065934065934 51.604395604395606
7.52 72.43956043956045 128.43956043956044 107.25274725274726 51.604395604395606
7.54 72.43956043956045 128.43956043956044 107.34065934065934 51.604395604395606
7.56 72.43956043956045 128.43956043956044 107.34065934065934 51.604395604395606
7.58 72.43956043956045 128.43956043956044 107.34065934065934 51.604395604395606
7.6 72.43956043956045 128.43956043956044 107.34065934065934 51.604395604395606
7.62 72.43956043956045 128.43956043956044 107.34065934065934 51.604395604395606
7.64 72.43956043956045 128.43956043956044 107.34065934065934 51.604395604395606
7.66 72.43956043956045 128.43956043956044 107.34065934065934 51.69230769230769
7.68 72.43956043956045 128.43956043956044 107.34065934065934 51.604395604395606
7.7 72.43956043956045 128.43956043956044 107.34065934065934 51.604395604395606
7.72 72.43956043956045 128.43956043956044 107.34065934065934 51.604395604395606
7.74 72.43956043956045 128.43956043956044 107.34065934065934 51.604395604395606
7.76 72.43956043956045 128.43956043956044 107.25274725274726 51.604395604395606
7.78 72.52747252747254 128.43956043956044 107.34065934065934 51.604395604395606
7.8 72.43956043956045 128.43956043956044 107.34065934065934 51.604395604395606
7.82 72.43956043956045 128.43956043956044 107.34065934065934 51.604395604395606
7.84 72.43956043956045 128.43956043956044 107.34065934065934 51.604395604395606
7.86 72.43956043956045 128.43956043956044 107.34065934065934 51.604395604395606
7.88 72.43956043956045 128.43956043956044 107.34065934065934 51.604395604395606
7.9 72.43956043956045 128.43956043956044 107.34065934065934 51.604395604395606
7.92 72.43956043956045 128.43956043956044 107.34065934065934 51.604395604395606
7.94 72.43956043956045 128.43956043956044 107.34065934065934 51.604395604395606
7.96 72.43956043956045 128.43956043956044 107.34065934065934 51.604395604395606
7.98 72.43956043956045 128.43956043956044 107.34065934065934 51.604395604395606
8.0 72.43956043956045 128.43956043956044 107.34065934065934 51.604395604395606
8.02 72.43956043956045 128.43956043956044 107.34065934065934 51.604395604395606
8.04 72.43956043956045 128.43956043956044 107.34065934065934 51.604395604395606
8.06 72.43956043956045 128.43956043956044 107.34065934065934 51.69230769230769
8.08 72.43956043956045 128.43956043956044 107.34065934065934 51.604395604395606
8.1 72.43956043956045 128.43956043956044 107.34065934065934 51.604395604395606
8.12 72.43956043956045 128.43956043956044 107.34065934065934 51.604395604395606
8.14 72.43956043956045 128.43956043956044 107.34065934065934 51.604395604395606
8.16 72.43956043956045 128.43956043956044 107.34065934065934 51.604395604395606
8.18 72.43956043956045 128.43956043956044 107.34065934065934 51.604395604395606
8.2 72.43956043956045 128.43956043956044 107.34065934065934 51.604395604395606
8.22 72.43956043956045 128.43956043956044 107.34065934065934 51.604395604395606
8.24 72.43956043956045 128.43956043956044 107.34065934065934 51.604395604395606
8.26 72.43956043956045 128.43956043956044 107.34065934065934 51.604395604395606
8.28 72.43956043956045 128.43956043956044 107.34065934065934 51.604395604395606
8.3 72.43956043956045 128.43956043956044 107.34065934065934 51.604395604395606
8.32 72.43956043956045 128.43956043956044 107.34065934065934 51.604395604395606
8.34 72.43956043956045 128.43956043956044 107.34065934065934 51.604395604395606
8.36 72.43956043956045 128.43956043956044 107.34065934065934 51.604395604395606
8.38 72.43956043956045 128.43956043956044 107.34065934065934 51.604395604395606
8.4 72.43956043956045 128.43956043956044 107.34065934065934 51.604395604395606
8.42 72.43956043956045 128.43956043956044 107.34065934065934 51.604395604395606
8.44 72.43956043956045 128.35164835164835 107.34065934065934 51.604395604395606
8.46 72.43956043956045 128.43956043956044 107.34065934065934 51.604395604395606
8.48 72.43956043956045 128.43956043956044 107.34065934065934 51.604395604395606
8.5 72.43956043956045 128.43956043956044 107.34065934065934 51.604395604395606
8.52 72.43956043956045 128.43956043956044 107.34065934065934 51.69230769230769
8.54 72.43956043956045 128.43956043956044 107.34065934065934 51.604395604395606
8.56 72.43956043956045 128.43956043956044 107.34065934065934 51.604395604395606
8.58 72.43956043956045 128.43956043956044 107.34065934065934 51.604395604395606
8.6 72.43956043956045 128.43956043956044 107.34065934065934 51.604395604395606
8.62 72.43956043956045 128.43956043956044 107.34065934065934 51.604395604395606
8.64 72.43956043956045 128.43956043956044 107.34065934065934 51.604395604395606
8.66 72.43956043956045 128.43956043956044 107.34065934065934 51.604395604395606
8.68 72.43956043956045 128.43956043956044 107.34065934065934 51.604395604395606
8.7 72.43956043956045 128.43956043956044 107.34065934065934 51.604395604395606
8.72 72.43956043956045 128.43956043956044 107.34065934065934 51.604395604395606
8.74 72.43956043956045 128.43956043956044 107.34065934065934 51.604395604395606
8.76 72.43956043956045 128.43956043956044 107.34065934065934 51.604395604395606
8.78 72.43956043956045 128.43956043956044 107.34065934065934 51.604395604395606
8.8 72.43956043956045 128.43956043956044 107.34065934065934 51.604395604395606
8.82 72.43956043956045 128.43956043956044 107.34065934065934 51.604395604395606
8.84 72.43956043956045 128.43956043956044 107.34065934065934 51.604395604395606
8.86 72.43956043956045 128.43956043956044 107.34065934065934 51.69230769230769
8.88 72.43956043956045 128.43956043956044 107.34065934065934 51.604395604395606
8.9 72.43956043956045 128.52747252747253 107.34065934065934 51.604395604395606
8.92 72.43956043956045 128.43956043956044 107.34065934065934 51.604395604395606
8.94 72.43956043956045 128.43956043956044 107.34065934065934 51.604395604395606
8.96 72.43956043956045 128.43956043956044 107.34065934065934 51.604395604395606
8.98 72.52747252747254 128.43956043956044 107.34065934065934 51.604395604395606
9.0 72.43956043956045 128.43956043956044 107.34065934065934 51.604395604395606
9.02 72.43956043956045 128.43956043956044 107.34065934065934 51.604395604395606
9.04 72.43956043956045 128.43956043956044 107.34065934065934 51.604395604395606
9.06 72.43956043956045 128.43956043956044 107.34065934065934 51.604395604395606
9.08 72.43956043956045 128.43956043956044 107.34065934065934 51.604395604395606
9.1 72.43956043956045 128.43956043956044 107.34065934065934 51.604395604395606
9.12 72.43956043956045 128.43956043956044 107.34065934065934 51.604395604395606
9.14 72.43956043956045 128.43956043956044 107.34065934065934 51.604395604395606
9.16 72.43956043956045 128.43956043956044 107.34065934065934 51.604395604395606
9.18 72.43956043956045 128.43956043956044 107.34065934065934 51.69230769230769
9.2 72.43956043956045 128.43956043956044 107.34065934065934 51.604395604395606
9.22 72.43956043956045 128.43956043956044 107.34065934065934 51.604395604395606
9.24 72.43956043956045 128.43956043956044 107.34065934065934 51.604395604395606
9.26 72.43956043956045 128.43956043956044 107.34065934065934 51.604395604395606
9.28 72.43956043956045 128.43956043956044 107.34065934065934 51.604395604395606
9.3 72.43956043956045 128.43956043956044 107.34065934065934 51.604395604395606
9.32 72.43956043956045 128.43956043956044 107.34065934065934 51.604395604395606
9.34 72.43956043956045 128.43956043956044 107.34065934065934 51.604395604395606
9.36 72.43956043956045 128.43956043956044 107.34065934065934 51.604395604395606
9.38 72.43956043956045 128.43956043956044 107.34065934065934 51.604395604395606
9.4 72.43956043956045 128.43956043956044 107.34065934065934 51.604395604395606
9.42 72.43956043956045 128.43956043956044 107.34065934065934 51.604395604395606
9.44 72.43956043956045 128.43956043956044 107.34065934065934 51.604395604395606
9.46 72.43956043956045 128.43956043956044 107.34065934065934 51.604395604395606
9.48 72.43956043956045 128.43956043956044 107.34065934065934 51.604395604395606
9.5 72.43956043956045 128.43956043956044 107.34065934065934 51.604395604395606
9.52 72.43956043956045 128.43956043956044 107.34065934065934 51.604395604395606
9.54 72.43956043956045 128.43956043956044 107.34065934065934 51.604395604395606
9.56 72.43956043956045 128.43956043956044 107.34065934065934 51.604395604395606
9.58 72.43956043956045 128.43956043956044 107.34065934065934 51.604395604395606
9.6 72.43956043956045 128.43956043956044 107.34065934065934 51.604395604395606
9.62 72.43956043956045 128.43956043956044 107.34065934065934 51.604395604395606
9.64 72.43956043956045 128.43956043956044 107.34065934065934 51.604395604395606
9.66 72.43956043956045 128.43956043956044 107.34065934065934 51.604395604395606
9.68 72.43956043956045 128.43956043956044 107.34065934065934 51.604395604395606
9.7 72.43956043956045 128.43956043956044 107.34065934065934 51.604395604395606
9.72 72.43956043956045 128.43956043956044 107.34065934065934 51.604395604395606
9.74 72.43956043956045 128.43956043956044 107.34065934065934 51.604395604395606
9.76 72.43956043956045 128.43956043956044 107.34065934065934 51.604395604395606
9.78 72.43956043956045 128.43956043956044 107.34065934065934 51.604395604395606
9.8 72.52747252747254 128.43956043956044 107.34065934065934 51.604395604395606
9.82 72.43956043956045 128.43956043956044 107.34065934065934 51.604395604395606
9.84 72.43956043956045 128.43956043956044 107.34065934065934 51.604395604395606
9.86 72.43956043956045 128.43956043956044 107.34065934065934 51.604395604395606
9.88 72.43956043956045 128.43956043956044 107.34065934065934 51.604395604395606
9.9 72.43956043956045 128.43956043956044 107.34065934065934 51.604395604395606
9.92 72.43956043956045 128.43956043956044 107.34065934065934 51.604395604395606
9.94 72.43956043956045 128.43956043956044 107.34065934065934 51.604395604395606
9.96 72.43956043956045 128.43956043956044 107.34065934065934 51.604395604395606
9.98 72.43956043956045 128.43956043956044 107.34065934065934 51.604395604395606
10.0 72.43956043956045 128.43956043956044 107.34065934065934 51.604395604395606
10.02 72.43956043956045 128.43956043956044 107.34065934065934 51.604395604395606
10.04 72.43956043956045 128.43956043956044 107.34065934065934 51.604395604395606
10.06 72.43956043956045 128.43956043956044 107.34065934065934 51.604395604395606
10.08 72.43956043956045 128.43956043956044 107.34065934065934 51.604395604395606
10.1 72.43956043956045 128.43956043956044 107.34065934065934 51.604395604395606
10.12 72.43956043956045 128.43956043956044 107.42857142857143 51.252747252747255
10.14 72.43956043956045 128.43956043956044 107.6043956043956 50.81318681318682
10.16 72.43956043956045 128.43956043956044 107.95604395604397 49.84615384615385
10.18 72.43956043956045 128.43956043956044 108.30769230769232 48.70329670329671
10.2 72.35164835164835 128.43956043956044 109.01098901098902 47.120879120879124
10.22 72.43956043956045 128.43956043956044 109.62637362637363 45.53846153846154
10.24 72.35164835164835 128.52747252747253 110.50549450549451 43.69230769230769
10.26 72.26373626373626 128.43956043956044 111.38461538461539 41.75824175824176
10.28 72.17582417582418 128.52747252747253 112.35164835164836 39.56043956043956
10.3 72.35164835164835 128.52747252747253 113.40659340659342 37.45054945054945
10.32 72.35164835164835 128.52747252747253 114.63736263736264 35.34065934065934
10.34 72.35164835164835 128.52747252747253 115.86813186813188 33.40659340659341
10.36 72.35164835164835 128.52747252747253 117.09890109890111 31.2967032967033
10.38 72.35164835164835 128.52747252747253 118.32967032967034 29.450549450549453
10.4 72.35164835164835 128.52747252747253 119.56043956043958 27.516483516483518
10.42 72.35164835164835 128.52747252747253 120.61538461538463 25.934065934065938
10.44 72.35164835164835 128.52747252747253 121.75824175824177 24.263736263736266
10.46 72.35164835164835 128.52747252747253 122.81318681318682 23.032967032967036
10.48 72.35164835164835 128.52747252747253 123.7802197802198 21.978021978021978
10.5 72.35164835164835 128.52747252747253 124.74725274725276 21.01098901098901
10.52 72.43956043956045 128.52747252747253 125.53846153846155 20.395604395604398
10.54 72.43956043956045 128.52747252747253 126.24175824175825 19.86813186813187
10.56 72.43956043956045 128.52747252747253 126.85714285714286 19.604395604395606
10.58 72.43956043956045 128.52747252747253 127.29670329670331 19.604395604395606
10.6 72.43956043956045 128.52747252747253 127.73626373626375 19.86813186813187
10.62 72.43956043956045 128.52747252747253 128.0 20.131868131868135
10.64 72.52747252747254 128.52747252747253 128.26373626373626 20.835164835164836
10.66 72.52747252747254 128.52747252747253 128.35164835164835 21.626373626373628
10.68 72.52747252747254 128.52747252747253 128.26373626373626 22.857142857142858
10.7 72.61538461538463 128.52747252747253 128.26373626373626 24.08791208791209
10.72 72.70329670329672 128.52747252747253 128.0879120879121 25.67032967032967
10.74 72.70329670329672 128.52747252747253 127.73626373626375 27.42857142857143
10.76 72.87912087912089 128.52747252747253 127.29670329670331 29.098901098901102
10.78 72.96703296703298 128.52747252747253 126.68131868131869 31.2967032967033
10.8 73.05494505494507 128.52747252747253 126.06593406593407 33.23076923076923
10.82 73.23076923076924 128.52747252747253 125.1868131868132 35.604395604395606
10.84 73.31868131868133 128.52747252747253 124.30769230769232 37.8021978021978
10.86 73.4945054945055 128.52747252747253 123.34065934065936 40.17582417582418
10.88 73.58241758241759 128.43956043956044 122.28571428571429 42.37362637362638
10.9 73.84615384615385 128.43956043956044 121.23076923076924 44.74725274725275
10.92 74.1978021978022 128.35164835164835 120.17582417582419 46.41758241758242
10.94 74.46153846153847 128.35164835164835 119.20879120879121 48.70329670329671
10.96 74.9010989010989 128.26373626373626 118.06593406593407 50.197802197802204
10.98 75.25274725274726 128.0879120879121 117.09890109890111 51.604395604395606
11.0 75.6923076923077 127.91208791208793 116.21978021978023 52.48351648351649
11.02 76.21978021978022 127.73626373626375 115.34065934065934 53.010989010989015
11.04 76.83516483516485 127.3846153846154 114.54945054945055 53.0989010989011
11.06 77.62637362637363 126.94505494505495 113.93406593406594 53.0989010989011
11.08 78.41758241758242 126.50549450549451 113.23076923076924 52.92307692307693
11.1 79.20879120879121 126.24175824175825 112.61538461538463 52.659340659340664
11.12 79.82417582417582 126.41758241758242 112.17582417582419 52.3956043956044
11.14 80.35164835164836 126.76923076923077 111.73626373626375 52.219780219780226
11.16 80.52747252747254 127.91208791208793 111.20879120879121 51.95604395604396
11.18 80.70329670329672 129.14285714285714 110.85714285714286 51.868131868131876
11.2 80.43956043956045 131.0769230769231 110.50549450549451 51.78021978021978
11.22 79.91208791208791 132.83516483516485 110.15384615384616 51.78021978021978
11.24 79.20879120879121 135.2087912087912 109.8901098901099 51.69230769230769
11.26 78.24175824175825 137.49450549450552 109.71428571428572 51.69230769230769
11.28 77.1868131868132 139.95604395604397 109.45054945054946 51.604395604395606
11.3 75.95604395604396 142.41758241758242 109.1868131868132 51.51648351648352
11.32 74.54945054945055 144.7032967032967 109.01098901098902 51.34065934065934
11.34 73.40659340659342 146.989010989011 109.01098901098902 51.42857142857143
11.36 72.08791208791209 149.1868131868132 108.92307692307693 51.42857142857143
11.38 70.5934065934066 151.56043956043956 108.83516483516485 51.51648351648352
11.4 69.27472527472528 153.31868131868134 108.83516483516485 51.42857142857143
11.42 67.78021978021978 155.34065934065936 108.65934065934067 51.42857142857143
11.44 66.28571428571429 156.57142857142858 108.4835164835165 51.42857142857143
11.46 64.87912087912089 158.06593406593407 108.21978021978023 51.42857142857143
11.48 63.56043956043956 159.2087912087912 108.04395604395606 51.42857142857143
11.5 62.329670329670336 160.17582417582418 107.95604395604397 51.42857142857143
11.52 61.0989010989011 160.79120879120882 107.86813186813188 51.34065934065934
11.54 60.04395604395605 161.31868131868134 107.7802197802198 51.42857142857143
11.56 58.98901098901099 161.31868131868134 107.7802197802198 51.34065934065934
11.58 58.10989010989012 161.31868131868134 107.69230769230771 51.42857142857143
11.6 57.31868131868132 160.967032967033 107.69230769230771 51.42857142857143
11.62 56.70329670329671 160.43956043956044 107.6043956043956 51.34065934065934
11.64 56.17582417582418 159.56043956043956 107.6043956043956 51.34065934065934
11.66 55.64835164835165 158.5054945054945 107.6043956043956 51.34065934065934
11.68 55.38461538461539 157.01098901098902 107.51648351648352 51.42857142857143
11.7 55.20879120879121 155.42857142857144 107.51648351648352 51.42857142857143
11.72 55.20879120879121 153.5824175824176 107.42857142857143 51.42857142857143
11.74 55.2967032967033 151.73626373626374 107.42857142857143 51.42857142857143
11.76 55.472527472527474 149.62637362637363 107.25274725274726 51.42857142857143
11.78 55.82417582417583 147.34065934065936 107.07692307692308 51.34065934065934
11.8 56.35164835164836 145.23076923076925 106.72527472527473 51.42857142857143
11.82 56.96703296703297 142.41758241758242 106.63736263736264 51.42857142857143
11.84 57.67032967032967 140.4835164835165 106.37362637362638 51.42857142857143
11.86 58.46153846153847 137.5824175824176 106.28571428571429 51.42857142857143
11.88 59.42857142857143 135.73626373626374 106.02197802197803 51.42857142857143
11.9 60.307692307692314 133.0989010989011 105.84615384615385 51.51648351648352
11.92 61.27472527472528 131.60439560439562 105.58241758241759 51.604395604395606
11.94 62.24175824175825 129.40659340659343 105.31868131868133 51.69230769230769
11.96 63.120879120879124 128.43956043956044 104.87912087912089 51.868131868131876
11.98 64.0 127.03296703296704 104.35164835164836 52.04395604395605
12.0 64.70329670329672 126.76923076923077 103.82417582417584 52.307692307692314
12.02 65.4945054945055 126.68131868131869 103.12087912087912 52.48351648351649
12.04 66.10989010989012 126.76923076923077 102.32967032967034 52.92307692307693
12.06 66.72527472527473 127.03296703296704 101.62637362637363 53.27472527472528
12.08 67.42857142857143 127.3846153846154 101.01098901098902 53.362637362637365
12.1 67.95604395604396 127.64835164835166 100.39560439560441 53.362637362637365
12.12 68.48351648351648 127.82417582417584 100.13186813186815 52.74725274725275
12.14 68.83516483516485 128.0 99.86813186813188 52.04395604395605
12.16 69.27472527472528 128.17582417582418 99.86813186813188 50.549450549450555
12.18 69.62637362637363 128.26373626373626 99.86813186813188 49.05494505494506
12.2 69.97802197802199 128.35164835164835 100.39560439560441 46.769230769230774
12.22 70.24175824175825 128.35164835164835 101.01098901098902 44.83516483516484
12.24 70.41758241758242 128.35164835164835 101.8901098901099 42.37362637362638
12.26 70.5934065934066 128.35164835164835 102.94505494505495 40.08791208791209
12.28 70.85714285714286 128.35164835164835 104.17582417582419 37.62637362637363
12.3 71.03296703296704 128.35164835164835 105.40659340659342 35.42857142857143
12.32 71.12087912087912 128.43956043956044 106.81318681318682 32.96703296703297
12.34 71.2967032967033 128.43956043956044 108.21978021978023 30.85714285714286
12.36 71.38461538461539 128.43956043956044 109.62637362637363 28.65934065934066
12.38 71.47252747252747 128.52747252747253 110.94505494505495 26.813186813186814
12.4 71.64835164835165 128.52747252747253 112.35164835164836 24.87912087912088
12.42 71.64835164835165 128.52747252747253 113.67032967032968 23.2967032967033
12.44 71.82417582417582 128.52747252747253 114.98901098901099 21.89010989010989
12.46 71.91208791208791 128.52747252747253 116.21978021978023 20.835164835164836
12.48 72.0 128.52747252747253 117.53846153846155 19.956043956043956
12.5 72.08791208791209 128.52747252747253 118.68131868131869 19.164835164835168
12.52 72.17582417582418 128.52747252747253 119.82417582417584 18.813186813186814
12.54 72.17582417582418 128.52747252747253 120.87912087912089 18.63736263736264
12.56 72.26373626373626 128.52747252747253 121.58241758241759 18.725274725274726
12.58 72.26373626373626 128.52747252747253 122.37362637362638 18.813186813186814
12.6 72.35164835164835 128.52747252747253 123.07692307692308 19.516483516483518
12.62 72.35164835164835 128.52747252747253 123.60439560439562 20.30769230769231
12.64 72.43956043956045 128.52747252747253 124.04395604395606 21.53846153846154
12.66 72.43956043956045 128.52747252747253 124.21978021978023 22.76923076923077
12.68 72.52747252747254 128.52747252747253 124.30769230769232 24.351648351648354
12.7 72.61538461538463 128.52747252747253 124.30769230769232 26.021978021978025
12.72 72.7912087912088 128.52747252747253 124.21978021978023 27.86813186813187
12.74 72.7912087912088 128.52747252747253 124.13186813186815 29.97802197802198
12.76 72.96703296703298 128.52747252747253 123.7802197802198 32.08791208791209
12.78 73.14285714285715 128.52747252747253 123.34065934065936 34.549450549450555
12.8 73.31868131868133 128.52747252747253 122.72527472527473 36.659340659340664
12.82 73.4945054945055 128.52747252747253 122.02197802197803 39.2967032967033
12.84 73.75824175824177 128.43956043956044 121.14285714285715 41.582417582417584
12.86 73.84615384615385 128.43956043956044 120.43956043956045 44.04395604395605
12.88 74.10989010989012 128.35164835164835 119.47252747252749 46.15384615384616
12.9 74.28571428571429 128.35164835164835 118.5934065934066 48.17582417582418
12.92 74.54945054945055 128.26373626373626 117.71428571428572 49.93406593406594
12.94 74.98901098901099 128.0879120879121 116.83516483516485 51.34065934065934
12.96 75.51648351648352 127.91208791208793 115.95604395604397 52.307692307692314
12.98 76.13186813186813 127.64835164835166 115.16483516483517 52.92307692307693
13.0 76.83516483516485 127.29670329670331 114.46153846153847 53.0989010989011
13.02 77.71428571428572 126.85714285714286 113.84615384615385 53.010989010989015
13.04 78.5934065934066 126.32967032967034 113.23076923076924 52.83516483516484
13.06 79.38461538461539 126.15384615384616 112.70329670329672 52.57142857142858
13.08 80.0 126.32967032967034 112.17582417582419 52.3956043956044
13.1 80.61538461538463 126.76923076923077 111.73626373626375 52.219780219780226
13.12 80.96703296703298 127.91208791208793 111.2967032967033 51.95604395604396
13.14 80.96703296703298 129.14285714285714 110.85714285714286 51.868131868131876
13.16 80.61538461538463 131.0769230769231 110.50549450549451 51.78021978021978
13.18 80.08791208791209 132.83516483516485 110.15384615384616 51.78021978021978
13.2 79.2967032967033 135.2967032967033 109.8901098901099 51.69230769230769
13.22 78.32967032967034 137.49450549450552 109.62637362637363 51.604395604395606
13.24 77.27472527472528 139.86813186813188 109.36263736263737 51.604395604395606
13.26 75.95604395604396 142.41758241758242 109.1868131868132 51.51648351648352
13.28 74.72527472527473 144.52747252747253 109.01098901098902 51.51648351648352
13.3 73.40659340659342 147.0769230769231 108.83516483516485 51.51648351648352
13.32 72.0 149.0989010989011 108.83516483516485 51.42857142857143
13.34 70.5934065934066 151.56043956043956 108.65934065934067 51.51648351648352
13.36 69.1868131868132 153.23076923076925 108.57142857142858 51.42857142857143
13.38 67.78021978021978 155.34065934065936 108.39560439560441 51.42857142857143
13.4 66.28571428571429 156.57142857142858 108.30769230769232 51.42857142857143
13.42 64.96703296703298 158.06593406593407 108.21978021978023 51.42857142857143
13.44 63.64835164835166 159.2087912087912 108.21978021978023 51.42857142857143
13.46 62.50549450549451 160.26373626373626 108.13186813186815 51.42857142857143
13.48 61.27472527472528 160.8791208791209 108.04395604395606 51.42857142857143
13.5 60.13186813186814 161.31868131868134 107.95604395604397 51.42857142857143
13.52 59.07692307692308 161.40659340659343 107.86813186813188 51.42857142857143
13.54 58.197802197802204 161.31868131868134 107.7802197802198 51.42857142857143
13.56 57.31868131868132 160.967032967033 107.69230769230771 51.42857142857143
13.58 56.61538461538462 160.43956043956044 107.69230769230771 51.42857142857143
13.6 56.087912087912095 159.47252747252747 107.6043956043956 51.34065934065934
13.62 55.64835164835165 158.41758241758242 107.6043956043956 51.34065934065934
13.64 55.38461538461539 157.01098901098902 107.51648351648352 51.42857142857143
13.66 55.20879120879121 155.51648351648353 107.42857142857143 51.42857142857143
13.68 55.20879120879121 153.6703296703297 107.34065934065934 51.42857142857143
13.7 55.2967032967033 151.73626373626374 107.34065934065934 51.42857142857143
13.72 55.56043956043956 149.62637362637363 107.07692307692308 51.42857142857143
13.74 55.82417582417583 147.34065934065936 106.98901098901099 51.42857142857143
13.76 56.26373626373627 145.31868131868134 106.81318681318682 51.34065934065934
13.78 56.96703296703297 142.41758241758242 106.63736263736264 51.42857142857143
13.8 57.67032967032967 140.3956043956044 106.46153846153847 51.42857142857143
13.82 58.549450549450555 137.6703296703297 106.37362637362638 51.42857142857143
13.84 59.42857142857143 135.64835164835165 106.10989010989012 51.42857142857143
13.86 60.307692307692314 133.0989010989011 105.93406593406594 51.51648351648352
13.88 61.27472527472528 131.51648351648353 105.67032967032968 51.604395604395606
13.9 62.15384615384616 129.31868131868134 105.31868131868133 51.69230769230769
13.92 63.120879120879124 128.35164835164835 104.87912087912089 51.868131868131876
13.94 64.0 127.03296703296704 104.35164835164836 52.04395604395605
13.96 64.70329670329672 126.76923076923077 103.82417582417584 52.307692307692314
13.98 65.4945054945055 126.68131868131869 103.12087912087912 52.48351648351649
14.0 66.10989010989012 126.76923076923077 102.32967032967034 52.92307692307693
14.02 66.81318681318682 127.03296703296704 101.62637362637363 53.27472527472528
14.04 67.42857142857143 127.3846153846154 101.01098901098902 53.362637362637365
14.06 67.95604395604396 127.64835164835166 100.39560439560441 53.362637362637365
14.08 68.48351648351648 127.91208791208793 100.04395604395606 52.74725274725275
14.1 68.83516483516485 128.0 99.86813186813188 51.95604395604396
14.12 69.27472527472528 128.17582417582418 99.78021978021978 50.549450549450555
14.14 69.62637362637363 128.26373626373626 99.95604395604397 49.05494505494506
14.16 69.97802197802199 128.26373626373626 100.39560439560441 46.769230769230774
14.18 70.24175824175825 128.35164835164835 101.01098901098902 44.83516483516484
14.2 70.41758241758242 128.35164835164835 101.97802197802199 42.37362637362638
14.22 70.5934065934066 128.35164835164835 102.94505494505495 40.17582417582418
14.24 70.85714285714286 128.35164835164835 104.17582417582419 37.62637362637363
14.26 71.03296703296704 128.35164835164835 105.40659340659342 35.42857142857143
14.28 71.20879120879121 128.43956043956044 106.9010989010989 32.96703296703297
14.3 71.2967032967033 128.43956043956044 108.21978021978023 30.85714285714286
14.32 71.47252747252747 128.43956043956044 109.71428571428572 28.65934065934066
14.34 71.47252747252747 128.6153846153846 110.94505494505495 26.813186813186814
14.36 71.47252747252747 128.52747252747253 112.35164835164836 24.87912087912088
14.38 71.56043956043956 128.52747252747253 113.67032967032968 23.2967032967033
14.4 71.73626373626374 128.52747252747253 114.98901098901099 21.978021978021978
14.42 71.91208791208791 128.52747252747253 116.21978021978023 20.835164835164836
14.44 72.0 128.52747252747253 117.53846153846155 19.956043956043956
14.46 72.08791208791209 128.52747252747253 118.68131868131869 19.164835164835168
14.48 72.17582417582418 128.52747252747253 119.82417582417584 18.813186813186814
14.5 72.17582417582418 128.52747252747253 120.7912087912088 18.63736263736264
14.52 72.26373626373626 128.52747252747253 121.67032967032968 18.813186813186814
14.54 72.35164835164835 128.52747252747253 122.46153846153847 18.9010989010989
14.56 72.35164835164835 128.52747252747253 123.07692307692308 19.42857142857143
14.58 72.35164835164835 128.52747252747253 123.60439560439562 20.30769230769231
14.6 72.43956043956045 128.52747252747253 123.95604395604397 21.450549450549453
14.62 72.43956043956045 128.52747252747253 124.21978021978023 22.76923076923077
14.64 72.52747252747254 128.52747252747253 124.30769230769232 24.351648351648354
14.66 72.61538461538463 128.52747252747253 124.30769230769232 26.021978021978025
14.68 72.7912087912088 128.52747252747253 124.21978021978023 27.86813186813187
14.7 72.87912087912089 128.52747252747253 124.13186813186815 29.97802197802198
14.72 72.96703296703298 128.52747252747253 123.7802197802198 32.0
14.74 73.14285714285715 128.52747252747253 123.34065934065936 34.549450549450555
14.76 73.31868131868133 128.52747252747253 122.72527472527473 36.659340659340664
14.78 73.4945054945055 128.52747252747253 122.02197802197803 39.2967032967033
14.8 73.67032967032968 128.52747252747253 121.23076923076924 41.582417582417584
14.82 73.93406593406594 128.43956043956044 120.43956043956045 44.04395604395605
14.84 74.10989010989012 128.35164835164835 119.47252747252749 46.15384615384616
14.86 74.28571428571429 128.35164835164835 118.5934065934066 48.26373626373627
14.88 74.54945054945055 128.26373626373626 117.71428571428572 49.93406593406594
14.9 74.9010989010989 128.17582417582418 116.83516483516485 51.34065934065934
14.92 75.51648351648352 127.91208791208793 115.95604395604397 52.307692307692314
14.94 76.13186813186813 127.64835164835166 115.07692307692308 52.92307692307693
14.96 77.62637362637363 126.85714285714286 113.84615384615385 53.010989010989015
14.98 77.62637362637363 126.85714285714286 113.84615384615385 53.010989010989015
15.0 78.5934065934066 126.41758241758242 113.23076923076924 52.83516483516484
15.02 79.38461538461539 126.15384615384616 112.70329670329672 52.57142857142858
15.04 80.0 126.32967032967034 112.17582417582419 52.3956043956044
15.06 80.61538461538463 126.76923076923077 111.82417582417584 52.13186813186814
15.08 80.87912087912089 127.91208791208793 111.2967032967033 52.04395604395605
15.1 80.96703296703298 129.14285714285714 110.85714285714286 51.868131868131876
15.12 80.52747252747254 130.989010989011 110.5934065934066 51.78021978021978
15.14 80.08791208791209 132.83516483516485 110.15384615384616 51.69230769230769
15.16 79.2967032967033 135.2087912087912 109.8901098901099 51.69230769230769
15.18 78.32967032967034 137.5824175824176 109.71428571428572 51.604395604395606
15.2 77.27472527472528 139.7802197802198 109.45054945054946 51.604395604395606
15.22 76.04395604395604 142.5054945054945 109.1868131868132 51.51648351648352
15.24 74.72527472527473 144.52747252747253 109.01098901098902 51.51648351648352
15.26 73.23076923076924 147.25274725274727 108.83516483516485 51.51648351648352
15.28 71.91208791208791 149.0989010989011 108.74725274725276 51.42857142857143
15.3 70.50549450549451 151.3846153846154 108.65934065934067 51.42857142857143
15.32 69.27472527472528 153.14285714285717 108.57142857142858 51.42857142857143
15.34 67.86813186813187 155.25274725274727 108.4835164835165 51.42857142857143
15.36 66.37362637362638 156.4835164835165 108.39560439560441 51.42857142857143
15.38 65.14285714285715 157.8901098901099 108.57142857142858 51.07692307692308
15.4 64.0 159.2087912087912 108.57142857142858 51.42857142857143
15.42 62.85714285714286 160.35164835164835 108.4835164835165 51.51648351648352
15.44 61.62637362637363 160.967032967033 108.21978021978023 51.42857142857143
15.46 60.3956043956044 161.40659340659343 107.95604395604397 51.42857142857143
15.48 59.16483516483517 161.40659340659343 107.69230769230771 51.42857142857143
15.5 58.197802197802204 161.40659340659343 107.6043956043956 51.34065934065934
15.52 57.23076923076923 160.967032967033 107.51648351648352 51.34065934065934
15.54 56.52747252747253 160.43956043956044 107.51648351648352 51.34065934065934
15.56 56.00000000000001 159.56043956043956 107.51648351648352 51.34065934065934
15.58 55.64835164835165 158.5054945054945 107.42857142857143 51.34065934065934
15.6 55.38461538461539 157.01098901098902 107.42857142857143 51.42857142857143
15.62 55.2967032967033 155.51648351648353 107.42857142857143 51.34065934065934
15.64 55.2967032967033 153.6703296703297 107.34065934065934 51.42857142857143
15.66 55.2967032967033 151.73626373626374 107.25274725274726 51.42857142857143
15.68 55.56043956043956 149.8021978021978 107.07692307692308 51.34065934065934
15.7 55.82417582417583 147.16483516483518 107.07692307692308 51.34065934065934
15.72 56.35164835164836 145.31868131868134 106.9010989010989 51.42857142857143
15.74 56.87912087912088 142.41758241758242 106.72527472527473 51.42857142857143
15.76 57.67032967032967 140.4835164835165 106.46153846153847 51.42857142857143
15.78 58.46153846153847 137.6703296703297 106.37362637362638 51.42857142857143
15.8 59.42857142857143 135.47252747252747 106.02197802197803 51.42857142857143
15.82 60.307692307692314 133.0989010989011 105.93406593406594 51.51648351648352
15.84 61.27472527472528 131.60439560439562 105.58241758241759 51.604395604395606
15.86 62.24175824175825 129.31868131868134 105.31868131868133 51.69230769230769
15.88 63.032967032967036 128.43956043956044 104.87912087912089 51.868131868131876
15.9 63.91208791208792 127.03296703296704 104.35164835164836 52.04395604395605
15.92 64.70329670329672 126.76923076923077 103.73626373626375 52.307692307692314
15.94 65.4945054945055 126.68131868131869 103.12087912087912 52.48351648351649
15.96 66.1978021978022 126.76923076923077 102.32967032967034 52.92307692307693
15.98 66.81318681318682 127.03296703296704 101.62637362637363 53.27472527472528
16.0 67.42857142857143 127.3846153846154 101.01098901098902 53.362637362637365
16.02 67.95604395604396 127.56043956043958 100.39560439560441 53.362637362637365
16.04 68.48351648351648 127.91208791208793 100.13186813186815 52.74725274725275
16.06 68.92307692307693 128.0879120879121 99.86813186813188 51.95604395604396
16.08 69.27472527472528 128.17582417582418 99.86813186813188 50.549450549450555
16.1 69.62637362637363 128.26373626373626 99.95604395604397 49.05494505494506
16.12 69.97802197802199 128.26373626373626 100.39560439560441 46.769230769230774
16.14 70.24175824175825 128.35164835164835 101.01098901098902 44.83516483516484
16.16 70.41758241758242 128.35164835164835 101.97802197802199 42.37362637362638
16.18 70.5934065934066 128.35164835164835 102.94505494505495 40.17582417582418
16.2 70.85714285714286 128.35164835164835 104.17582417582419 37.714285714285715
16.22 71.03296703296704 128.35164835164835 105.40659340659342 35.42857142857143
16.24 71.12087912087912 128.43956043956044 106.81318681318682 33.05494505494506
16.26 71.20879120879121 128.43956043956044 108.21978021978023 30.76923076923077
16.28 71.38461538461539 128.43956043956044 109.62637362637363 28.747252747252748
16.3 71.38461538461539 128.7032967032967 110.94505494505495 26.813186813186814
16.32 71.2967032967033 128.52747252747253 112.35164835164836 24.96703296703297
16.34 71.38461538461539 128.52747252747253 113.58241758241759 23.2967032967033
16.36 71.47252747252747 128.52747252747253 114.9010989010989 21.89010989010989
16.38 71.73626373626374 128.52747252747253 116.13186813186815 20.747252747252748
16.4 72.08791208791209 128.52747252747253 117.53846153846155 19.86813186813187
16.42 72.17582417582418 128.52747252747253 118.68131868131869 19.164835164835168
16.44 72.35164835164835 128.52747252747253 119.91208791208793 18.9010989010989
16.46 72.35164835164835 128.52747252747253 120.96703296703298 18.725274725274726
16.48 72.35164835164835 128.52747252747253 121.75824175824177 18.813186813186814
16.5 72.35164835164835 128.52747252747253 122.54945054945055 18.9010989010989
16.52 72.35164835164835 128.52747252747253 123.07692307692308 19.340659340659343
16.54 72.35164835164835 128.52747252747253 123.60439560439562 20.219780219780223
16.56 72.43956043956045 128.52747252747253 123.95604395604397 21.362637362637365
16.58 72.43956043956045 128.52747252747253 124.21978021978023 22.681318681318682
16.6 72.52747252747254 128.52747252747253 124.30769230769232 24.351648351648354
16.62 72.61538461538463 128.52747252747253 124.30769230769232 26.109890109890113
16.64 72.70329670329672 128.52747252747253 124.21978021978023 27.86813186813187
16.66 72.7912087912088 128.52747252747253 124.04395604395606 29.890109890109894
16.68 72.96703296703298 128.52747252747253 123.7802197802198 32.0
16.7 73.14285714285715 128.52747252747253 123.34065934065936 34.549450549450555
16.72 73.31868131868133 128.52747252747253 122.72527472527473 36.659340659340664
16.74 73.4945054945055 128.52747252747253 122.02197802197803 39.2967032967033
16.76 73.67032967032968 128.52747252747253 121.14285714285715 41.582417582417584
16.78 73.84615384615385 128.43956043956044 120.43956043956045 44.04395604395605
16.8 74.10989010989012 128.43956043956044 119.47252747252749 46.15384615384616
16.82 74.28571428571429 128.35164835164835 118.5934065934066 48.17582417582418
16.84 74.63736263736264 128.26373626373626 117.62637362637363 49.93406593406594
16.86 74.9010989010989 128.0879120879121 116.83516483516485 51.34065934065934
16.88 75.51648351648352 127.91208791208793 115.95604395604397 52.307692307692314
16.9 76.13186813186813 127.64835164835166 115.16483516483517 52.92307692307693
16.92 76.92307692307693 127.29670329670331 114.46153846153847 53.010989010989015
16.94 77.71428571428572 126.76923076923077 113.84615384615385 53.0989010989011
16.96 78.50549450549451 126.32967032967034 113.23076923076924 52.83516483516484
16.98 79.2967032967033 126.15384615384616 112.70329670329672 52.659340659340664
17.0 80.0 126.32967032967034 112.26373626373628 52.3956043956044
17.02 80.52747252747254 126.76923076923077 111.82417582417584 52.219780219780226
17.04 80.96703296703298 127.91208791208793 111.2967032967033 51.95604395604396
17.06 80.96703296703298 129.14285714285714 110.94505494505495 51.868131868131876
17.08 80.61538461538463 130.989010989011 110.5934065934066 51.78021978021978
17.1 80.08791208791209 132.83516483516485 110.24175824175825 51.78021978021978
17.12 79.2967032967033 135.2087912087912 109.8901098901099 51.69230769230769
17.14 78.32967032967034 137.49450549450552 109.62637362637363 51.604395604395606
17.16 77.27472527472528 139.86813186813188 109.45054945054946 51.51648351648352
17.18 76.04395604395604 142.41758241758242 109.1868131868132 51.51648351648352
17.2 74.72527472527473 144.52747252747253 108.92307692307693 51.51648351648352
17.22 73.23076923076924 147.25274725274727 108.83516483516485 51.51648351648352
17.24 71.91208791208791 149.0989010989011 108.74725274725276 51.51648351648352
17.26 70.50549450549451 151.2087912087912 108.65934065934067 51.42857142857143
17.28 69.27472527472528 153.14285714285717 108.65934065934067 51.42857142857143
17.3 67.86813186813187 155.16483516483518 108.57142857142858 51.42857142857143
17.32 66.37362637362638 156.65934065934067 108.57142857142858 51.42857142857143
17.34 65.14285714285715 157.8901098901099 108.57142857142858 50.901098901098905
17.36 64.0 159.2967032967033 108.57142857142858 51.42857142857143
17.38 62.94505494505495 160.35164835164835 108.57142857142858 51.51648351648352
17.4 61.71428571428572 160.967032967033 108.30769230769232 51.51648351648352
17.42 60.3956043956044 161.40659340659343 107.95604395604397 51.51648351648352
17.44 59.16483516483517 161.40659340659343 107.7802197802198 51.42857142857143
17.46 58.10989010989012 161.40659340659343 107.6043956043956 51.42857142857143
17.48 57.23076923076923 160.967032967033 107.51648351648352 51.42857142857143
17.5 56.52747252747253 160.43956043956044 107.51648351648352 51.34065934065934
17.52 56.00000000000001 159.56043956043956 107.42857142857143 51.42857142857143
17.54 55.64835164835165 158.5054945054945 107.42857142857143 51.42857142857143
17.56 55.38461538461539 157.0989010989011 107.42857142857143 51.34065934065934
17.58 55.2967032967033 155.42857142857144 107.42857142857143 51.34065934065934
17.6 55.2967032967033 153.6703296703297 107.34065934065934 51.34065934065934
17.62 55.2967032967033 151.64835164835165 107.25274725274726 51.42857142857143
17.64 55.56043956043956 149.8901098901099 107.07692307692308 51.42857142857143
17.66 55.82417582417583 147.25274725274727 107.07692307692308 51.34065934065934
17.68 56.35164835164836 145.31868131868134 106.9010989010989 51.42857142857143
17.7 56.96703296703297 142.41758241758242 106.72527472527473 51.42857142857143
17.72 57.67032967032967 140.57142857142858 106.46153846153847 51.42857142857143
17.74 58.549450549450555 137.6703296703297 106.28571428571429 51.42857142857143
17.76 59.42857142857143 135.64835164835165 106.10989010989012 51.42857142857143
17.78 60.307692307692314 133.0989010989011 105.93406593406594 51.51648351648352
17.8 61.27472527472528 131.60439560439562 105.58241758241759 51.604395604395606
17.82 62.24175824175825 129.40659340659343 105.31868131868133 51.69230769230769
17.84 63.032967032967036 128.35164835164835 104.87912087912089 51.868131868131876
17.86 64.0 127.03296703296704 104.35164835164836 52.04395604395605
17.88 64.70329670329672 126.76923076923077 103.73626373626375 52.307692307692314
17.9 65.4945054945055 126.68131868131869 103.12087912087912 52.48351648351649
17.92 66.1978021978022 126.76923076923077 102.41758241758242 52.92307692307693
17.94 66.81318681318682 127.03296703296704 101.62637362637363 53.27472527472528
17.96 67.86813186813187 127.64835164835166 100.39560439560441 53.362637362637365
17.98 67.86813186813187 127.64835164835166 100.39560439560441 53.362637362637365
18.0 68.48351648351648 127.91208791208793 100.04395604395606 52.74725274725275
18.02 68.83516483516485 128.0 99.86813186813188 51.95604395604396
18.04 69.27472527472528 128.17582417582418 99.86813186813188 50.549450549450555
18.06 69.62637362637363 128.26373626373626 99.86813186813188 49.05494505494506
18.08 69.97802197802199 128.26373626373626 100.39560439560441 46.769230769230774
18.1 70.24175824175825 128.35164835164835 101.01098901098902 44.83516483516484
18.12 70.41758241758242 128.35164835164835 101.97802197802199 42.28571428571429
18.14 70.5934065934066 128.43956043956044 102.94505494505495 40.17582417582418
18.16 70.76923076923077 128.43956043956044 104.0879120879121 37.62637362637363
18.18 70.85714285714286 128.43956043956044 105.31868131868133 35.42857142857143
18.2 71.12087912087912 128.52747252747253 106.72527472527473 33.142857142857146
18.22 71.20879120879121 128.52747252747253 108.13186813186815 30.85714285714286
18.24 71.38461538461539 128.52747252747253 109.53846153846155 28.65934065934066
18.26 71.56043956043956 128.6153846153846 110.85714285714286 26.813186813186814
18.28 71.56043956043956 128.52747252747253 112.35164835164836 24.87912087912088
18.3 71.64835164835165 128.52747252747253 113.67032967032968 23.2967032967033
18.32 71.73626373626374 128.52747252747253 114.98901098901099 21.89010989010989
18.34 71.82417582417582 128.52747252747253 116.21978021978023 20.835164835164836
18.36 72.0 128.52747252747253 117.53846153846155 19.956043956043956
18.38 72.08791208791209 128.52747252747253 118.68131868131869 19.164835164835168
18.4 72.17582417582418 128.52747252747253 119.82417582417584 18.813186813186814
18.42 72.17582417582418 128.52747252747253 120.7912087912088 18.63736263736264
18.44 72.26373626373626 128.52747252747253 121.67032967032968 18.725274725274726
18.46 72.35164835164835 128.6153846153846 122.37362637362638 18.9010989010989
18.48 72.35164835164835 128.52747252747253 123.07692307692308 19.516483516483518
18.5 72.35164835164835 128.52747252747253 123.60439560439562 20.30769230769231
18.52 72.43956043956045 128.52747252747253 124.04395604395606 21.450549450549453
18.54 72.52747252747254 128.52747252747253 124.21978021978023 22.76923076923077
18.56 72.52747252747254 128.52747252747253 124.30769230769232 24.263736263736266
18.58 72.61538461538463 128.52747252747253 124.30769230769232 26.021978021978025
18.6 72.70329670329672 128.52747252747253 124.21978021978023 27.78021978021978
18.62 72.7912087912088 128.52747252747253 124.13186813186815 29.97802197802198
18.64 72.96703296703298 128.52747252747253 123.7802197802198 32.0
18.66 73.14285714285715 128.52747252747253 123.34065934065936 34.549450549450555
18.68 73.31868131868133 128.52747252747253 122.72527472527473 36.659340659340664
18.7 73.4945054945055 128.6153846153846 122.02197802197803 39.2967032967033
18.72 73.67032967032968 128.52747252747253 121.14285714285715 41.494505494505496
18.74 73.84615384615385 128.43956043956044 120.43956043956045 44.04395604395605
18.76 74.10989010989012 128.43956043956044 119.47252747252749 46.06593406593407
18.78 74.28571428571429 128.35164835164835 118.5934065934066 48.17582417582418
18.8 74.54945054945055 128.26373626373626 117.71428571428572 49.93406593406594
18.82 74.98901098901099 128.0879120879121 116.83516483516485 51.34065934065934
18.84 75.51648351648352 127.91208791208793 115.95604395604397 52.307692307692314
18.86 76.13186813186813 127.64835164835166 115.16483516483517 52.92307692307693
18.88 76.92307692307693 127.29670329670331 114.46153846153847 53.010989010989015
18.9 77.71428571428572 126.85714285714286 113.84615384615385 53.010989010989015
18.92 78.5934065934066 126.41758241758242 113.23076923076924 52.92307692307693
18.94 79.2967032967033 126.15384615384616 112.70329670329672 52.659340659340664
18.96 80.0 126.32967032967034 112.26373626373628 52.3956043956044
18.98 80.70329670329672 126.85714285714286 111.73626373626375 52.219780219780226
19.0 80.96703296703298 127.91208791208793 111.2967032967033 51.95604395604396
19.02 80.96703296703298 129.14285714285714 110.85714285714286 51.868131868131876
19.04 80.61538461538463 131.0769230769231 110.50549450549451 51.78021978021978
19.06 80.08791208791209 132.92307692307693 110.15384615384616 51.78021978021978
19.08 79.2967032967033 135.2967032967033 109.8901098901099 51.69230769230769
19.1 78.32967032967034 137.49450549450552 109.62637362637363 51.604395604395606
19.12 77.27472527472528 139.86813186813188 109.45054945054946 51.604395604395606
19.14 75.95604395604396 142.32967032967034 109.1868131868132 51.51648351648352
19.16 74.63736263736264 144.52747252747253 109.01098901098902 51.51648351648352
19.18 73.31868131868133 147.16483516483518 108.83516483516485 51.42857142857143
19.2 71.91208791208791 149.0989010989011 108.74725274725276 51.42857142857143
19.22 70.50549450549451 151.47252747252747 108.65934065934067 51.42857142857143
19.24 69.27472527472528 153.23076923076925 108.65934065934067 51.42857142857143
19.26 67.78021978021978 155.25274725274727 108.39560439560441 51.42857142857143
19.28 66.37362637362638 156.57142857142858 108.39560439560441 51.42857142857143
19.3 65.05494505494507 157.97802197802199 108.39560439560441 51.16483516483517
19.32 63.82417582417583 159.2087912087912 108.39560439560441 51.42857142857143
19.34 62.5934065934066 160.26373626373626 108.30769230769232 51.42857142857143
19.36 61.45054945054945 160.8791208791209 108.04395604395606 51.42857142857143
19.38 60.307692307692314 161.31868131868134 107.86813186813188 51.42857142857143
19.4 59.07692307692308 161.40659340659343 107.7802197802198 51.42857142857143
19.42 58.197802197802204 161.40659340659343 107.69230769230771 51.42857142857143
19.44 57.23076923076923 160.967032967033 107.6043956043956 51.42857142857143
19.46 56.61538461538462 160.43956043956044 107.6043956043956 51.42857142857143
19.48 56.087912087912095 159.56043956043956 107.6043956043956 51.42857142857143
19.5 55.64835164835165 158.5054945054945 107.6043956043956 51.42857142857143
19.52 55.38461538461539 157.0989010989011 107.51648351648352 51.42857142857143
19.54 55.20879120879121 155.42857142857144 107.42857142857143 51.42857142857143
19.56 55.2967032967033 153.6703296703297 107.34065934065934 51.42857142857143
19.58 55.2967032967033 151.64835164835165 107.25274725274726 51.42857142857143
19.6 55.56043956043956 149.8021978021978 107.07692307692308 51.42857142857143
19.62 55.82417582417583 147.25274725274727 106.98901098901099 51.42857142857143
19.64 56.35164835164836 145.31868131868134 106.81318681318682 51.42857142857143
19.66 56.96703296703297 142.5054945054945 106.72527472527473 51.34065934065934
19.68 57.67032967032967 140.3956043956044 106.46153846153847 51.42857142857143
19.7 58.46153846153847 137.6703296703297 106.37362637362638 51.42857142857143
19.72 59.42857142857143 135.56043956043956 106.10989010989012 51.51648351648352
19.74 60.307692307692314 133.0989010989011 105.93406593406594 51.51648351648352
19.76 61.27472527472528 131.42857142857144 105.67032967032968 51.604395604395606
19.78 62.15384615384616 129.31868131868134 105.31868131868133 51.69230769230769
19.8 63.120879120879124 128.35164835164835 104.87912087912089 51.868131868131876
19.82 63.91208791208792 127.03296703296704 104.35164835164836 52.04395604395605
19.84 64.70329670329672 126.76923076923077 103.73626373626375 52.307692307692314
19.86 65.4945054945055 126.68131868131869 103.12087912087912 52.48351648351649
19.88 66.1978021978022 126.76923076923077 102.32967032967034 52.92307692307693
19.9 66.81318681318682 127.03296703296704 101.62637362637363 53.27472527472528
19.92 67.42857142857143 127.3846153846154 100.92307692307693 53.362637362637365
19.94 67.95604395604396 127.56043956043958 100.39560439560441 53.362637362637365
19.96 68.48351648351648 127.91208791208793 100.13186813186815 52.74725274725275
19.98 68.92307692307693 128.0 99.86813186813188 51.95604395604396
20.0 69.27472527472528 128.17582417582418 99.78021978021978 50.549450549450555
