0.0 0.0 -0.00903954802259887 0.0 0.0
0.02 0.007909604519774011 -0.00903954802259887 0.0 0.0
0.04 0.007909604519774011 -0.00903954802259887 0.0 0.0
0.06 0.0 0.3728813559322034 -0.00903954802259887 -0.024858757062146894
0.08 0.007909604519774011 0.18983050847457628 -0.00903954802259887 -0.01694915254237288
0.1 -0.00903954802259887 0.12655367231638417 0.023728813559322035 -0.04858757062146893
0.12 -0.00903954802259887 0.06327683615819209 0.007909604519774011 -0.0327683615819209
0.14 -0.04067796610169492 0.05536723163841808 0.031638418079096044 -0.06440677966101695
0.16 -0.04067796610169492 0.015819209039548022 0.015819209039548022 -0.04067796610169492
0.18 -0.05649717514124294 0.03954802259887006 0.031638418079096044 -0.06440677966101695
0.2 -0.04858757062146893 0.015819209039548022 0.023728813559322035 -0.04067796610169492
0.22 -0.06440677966101695 0.04745762711864407 0.04745762711864407 -0.05649717514124294
0.24 -0.04067796610169492 0.031638418079096044 0.05536723163841808 -0.04067796610169492
0.26 -0.04858757062146893 0.05536723163841808 0.0711864406779661 -0.05649717514124294
0.28 -0.0327683615819209 0.03954802259887006 0.06327683615819209 -0.0327683615819209
0.3 -0.024858757062146894 0.06327683615819209 0.0711864406779661 -0.05649717514124294
0.32 -0.00903954802259887 0.031638418079096044 0.05536723163841808 -0.0327683615819209
0.34 -0.024858757062146894 0.05536723163841808 0.06327683615819209 -0.06440677966101695
0.36 -0.00903954802259887 0.031638418079096044 0.04745762711864407 -0.04067796610169492
0.38 -0.024858757062146894 0.05536723163841808 0.05536723163841808 -0.07231638418079096
0.4 -0.01694915254237288 0.031638418079096044 0.04745762711864407 -0.05649717514124294
0.42 -0.024858757062146894 0.05536723163841808 0.05536723163841808 -0.08022598870056498
0.44 -0.00903954802259887 0.03954802259887006 0.03954802259887006 -0.04858757062146893
0.46 -0.024858757062146894 0.06327683615819209 0.03954802259887006 -0.07231638418079096
0.48 -0.01694915254237288 0.03954802259887006 0.031638418079096044 -0.04858757062146893
0.5 -0.04067796610169492 0.05536723163841808 0.04745762711864407 -0.07231638418079096
0.52 -0.0327683615819209 0.031638418079096044 0.03954802259887006 -0.04067796610169492
0.54 -0.04858757062146893 0.04745762711864407 0.05536723163841808 -0.06440677966101695
0.56 -0.04858757062146893 0.031638418079096044 0.04745762711864407 -0.04067796610169492
0.58 -0.05649717514124294 0.05536723163841808 0.05536723163841808 -0.06440677966101695
0.6 -0.04858757062146893 0.031638418079096044 0.03954802259887006 -0.0327683615819209
0.62 -0.05649717514124294 0.05536723163841808 0.06327683615819209 -0.04858757062146893
0.64 -0.04067796610169492 0.031638418079096044 0.05536723163841808 -0.04067796610169492
0.66 -0.04858757062146893 0.04745762711864407 0.04745762711864407 -0.05649717514124294
0.68 -0.0327683615819209 0.031638418079096044 0.04745762711864407 -0.0327683615819209
0.7 -0.0327683615819209 0.06327683615819209 0.05536723163841808 -0.05649717514124294
0.72 -0.01694915254237288 0.03954802259887006 0.03954802259887006 -0.0327683615819209
0.74 -0.01694915254237288 0.05536723163841808 0.05536723163841808 -0.07231638418079096
0.76 -0.00903954802259887 0.03954802259887006 0.04745762711864407 -0.04067796610169492
0.78 -0.024858757062146894 0.06327683615819209 0.04745762711864407 -0.05649717514124294
0.8 -0.00903954802259887 0.03954802259887006 0.03954802259887006 -0.04067796610169492
0.82 -0.024858757062146894 0.05536723163841808 0.05536723163841808 -0.06440677966101695
0.84 -0.01694915254237288 0.03954802259887006 0.04745762711864407 -0.04067796610169492
0.86 -0.04067796610169492 0.06327683615819209 0.04745762711864407 -0.05649717514124294
0.88 -0.04067796610169492 0.03954802259887006 0.04745762711864407 -0.04067796610169492
0.9 -0.04858757062146893 0.05536723163841808 0.06327683615819209 -0.06440677966101695
0.92 -0.04067796610169492 0.031638418079096044 0.04745762711864407 -0.04067796610169492
0.94 -0.05649717514124294 0.04745762711864407 0.05536723163841808 -0.05649717514124294
0.96 -0.04858757062146893 0.023728813559322035 0.04745762711864407 -0.04067796610169492
0.98 -0.04858757062146893 0.05536723163841808 0.04745762711864407 -0.05649717514124294
1.0 -0.0327683615819209 0.03954802259887006 0.04745762711864407 -0.04067796610169492
1.02 -0.04067796610169492 0.05536723163841808 0.05536723163841808 -0.07231638418079096
1.04 -0.0327683615819209 0.031638418079096044 0.04745762711864407 -0.04858757062146893
1.06 -0.04067796610169492 0.05536723163841808 0.05536723163841808 -0.06440677966101695
1.08 -0.024858757062146894 0.03954802259887006 0.04745762711864407 -0.04858757062146893
1.1 -0.0327683615819209 0.06327683615819209 0.05536723163841808 -0.06440677966101695
1.12 -0.024858757062146894 0.03954802259887006 0.04745762711864407 -0.04067796610169492
1.14 -0.04067796610169492 0.05536723163841808 0.05536723163841808 -0.05649717514124294
1.16 -0.0327683615819209 0.03954802259887006 0.03954802259887006 -0.04067796610169492
1.18 -0.0327683615819209 0.05536723163841808 0.04745762711864407 -0.04858757062146893
1.2 -0.0327683615819209 0.031638418079096044 0.04745762711864407 -0.04067796610169492
1.22 -0.0327683615819209 0.05536723163841808 0.05536723163841808 -0.05649717514124294
1.24 -0.024858757062146894 0.031638418079096044 0.04745762711864407 -0.0327683615819209
1.26 -0.04858757062146893 0.05536723163841808 0.05536723163841808 -0.05649717514124294
1.28 -0.0327683615819209 0.031638418079096044 0.04745762711864407 -0.04067796610169492
1.3 -0.04067796610169492 0.05536723163841808 0.05536723163841808 -0.06440677966101695
1.32 -0.0327683615819209 0.031638418079096044 0.04745762711864407 -0.04067796610169492
1.34 -0.0327683615819209 0.05536723163841808 0.05536723163841808 -0.05649717514124294
1.36 -0.024858757062146894 0.031638418079096044 0.05536723163841808 -0.0327683615819209
1.38 -0.04067796610169492 0.06327683615819209 0.05536723163841808 -0.04858757062146893
1.4 -0.0327683615819209 0.03954802259887006 0.04745762711864407 -0.04067796610169492
1.42 -0.04067796610169492 0.05536723163841808 0.04745762711864407 -0.05649717514124294
1.44 -0.0327683615819209 0.03954802259887006 0.04745762711864407 -0.04067796610169492
1.46 -0.0327683615819209 0.05536723163841808 0.05536723163841808 -0.05649717514124294
1.48 -0.024858757062146894 0.03954802259887006 0.04745762711864407 -0.04067796610169492
1.5 -0.0327683615819209 0.05536723163841808 0.05536723163841808 -0.05649717514124294
1.52 -0.0327683615819209 0.03954802259887006 0.04745762711864407 -0.04067796610169492
1.54 -0.0327683615819209 0.05536723163841808 0.05536723163841808 -0.05649717514124294
1.56 -0.0327683615819209 0.03954802259887006 0.04745762711864407 -0.04067796610169492
1.58 -0.04067796610169492 0.05536723163841808 0.06327683615819209 -0.05649717514124294
1.6 -0.0327683615819209 0.03954802259887006 0.05536723163841808 -0.04067796610169492
1.62 -0.04067796610169492 0.06327683615819209 0.05536723163841808 -0.05649717514124294
1.64 -0.0327683615819209 0.03954802259887006 0.05536723163841808 -0.04067796610169492
1.66 -0.04067796610169492 0.05536723163841808 0.06327683615819209 -0.05649717514124294
1.68 -0.024858757062146894 0.03954802259887006 0.05536723163841808 -0.04858757062146893
1.7 -0.04067796610169492 0.04745762711864407 0.06327683615819209 -0.06440677966101695
1.72 -0.024858757062146894 0.03954802259887006 0.04745762711864407 -0.04858757062146893
1.74 -0.04067796610169492 0.05536723163841808 0.05536723163841808 -0.06440677966101695
1.76 -0.024858757062146894 0.03954802259887006 0.04745762711864407 -0.04858757062146893
1.78 -0.04067796610169492 0.04745762711864407 0.05536723163841808 -0.06440677966101695
1.8 -0.0327683615819209 0.03954802259887006 0.04745762711864407 -0.04858757062146893
1.82 -0.04067796610169492 0.06327683615819209 0.05536723163841808 -0.05649717514124294
1.84 -0.0327683615819209 0.03954802259887006 0.04745762711864407 -0.04067796610169492
1.86 -0.04858757062146893 0.05536723163841808 0.05536723163841808 -0.06440677966101695
1.88 -0.0327683615819209 0.03954802259887006 0.04745762711864407 -0.04067796610169492
1.9 -0.04067796610169492 0.06327683615819209 0.05536723163841808 -0.05649717514124294
1.92 -0.04067796610169492 0.03954802259887006 0.04745762711864407 -0.04067796610169492
1.94 -0.04067796610169492 0.05536723163841808 0.05536723163841808 -0.06440677966101695
1.96 -0.0327683615819209 0.03954802259887006 0.04745762711864407 -0.04858757062146893
1.98 -0.04067796610169492 0.06327683615819209 0.05536723163841808 -0.05649717514124294
2.0 -0.0327683615819209 0.03954802259887006 0.04745762711864407 -0.04067796610169492
2.02 -0.04067796610169492 0.05536723163841808 0.05536723163841808 -0.06440677966101695
2.04 -0.0327683615819209 0.03954802259887006 0.04745762711864407 -0.04067796610169492
2.06 -0.04067796610169492 0.05536723163841808 0.05536723163841808 -0.05649717514124294
2.08 -0.0327683615819209 0.03954802259887006 0.04745762711864407 -0.04067796610169492
2.1 -0.04067796610169492 0.06327683615819209 0.06327683615819209 -0.05649717514124294
2.12 -0.0327683615819209 0.03954802259887006 0.04745762711864407 -0.04067796610169492
2.14 -0.0327683615819209 0.06327683615819209 0.06327683615819209 -0.05649717514124294
2.16 -0.024858757062146894 0.04745762711864407 0.04745762711864407 -0.04067796610169492
2.18 -0.04067796610169492 0.05536723163841808 0.05536723163841808 -0.05649717514124294
2.2 -0.0327683615819209 0.03954802259887006 0.04745762711864407 -0.04067796610169492
2.22 -0.04067796610169492 0.05536723163841808 0.05536723163841808 -0.06440677966101695
2.24 -0.0327683615819209 0.03954802259887006 0.05536723163841808 -0.04067796610169492
2.26 -0.04067796610169492 0.05536723163841808 0.06327683615819209 -0.05649717514124294
2.28 -0.0327683615819209 0.03954802259887006 0.04745762711864407 -0.04858757062146893
2.3 -0.04067796610169492 0.05536723163841808 0.04745762711864407 -0.04858757062146893
2.32 -0.0327683615819209 0.03954802259887006 0.04745762711864407 -0.04067796610169492
2.34 -0.04067796610169492 0.05536723163841808 0.05536723163841808 -0.05649717514124294
2.36 -0.04067796610169492 0.03954802259887006 0.04745762711864407 -0.04067796610169492
2.38 -0.04067796610169492 0.05536723163841808 0.05536723163841808 -0.05649717514124294
2.4 -0.0327683615819209 0.03954802259887006 0.05536723163841808 -0.04067796610169492
2.42 -0.0327683615819209 0.05536723163841808 0.05536723163841808 -0.05649717514124294
2.44 -0.0327683615819209 0.04745762711864407 0.05536723163841808 -0.04067796610169492
2.46 -0.04067796610169492 0.06327683615819209 0.05536723163841808 -0.05649717514124294
2.48 -0.0327683615819209 0.04745762711864407 0.04745762711864407 -0.04067796610169492
2.5 -0.04067796610169492 0.06327683615819209 0.05536723163841808 -0.06440677966101695
2.52 -0.0327683615819209 0.04745762711864407 0.04745762711864407 -0.04858757062146893
2.54 -0.04067796610169492 0.05536723163841808 0.05536723163841808 -0.05649717514124294
2.56 -0.0327683615819209 0.03954802259887006 0.05536723163841808 -0.04858757062146893
2.58 -0.04067796610169492 0.04745762711864407 0.05536723163841808 -0.06440677966101695
2.6 -0.0327683615819209 0.03954802259887006 0.04745762711864407 -0.04858757062146893
2.62 -0.04067796610169492 0.06327683615819209 0.06327683615819209 -0.05649717514124294
2.64 -0.024858757062146894 0.03954802259887006 0.05536723163841808 -0.04858757062146893
2.66 -0.04067796610169492 0.05536723163841808 0.05536723163841808 -0.05649717514124294
2.68 -0.0327683615819209 0.04745762711864407 0.04745762711864407 -0.04858757062146893
2.7 -0.04067796610169492 0.05536723163841808 0.05536723163841808 -0.06440677966101695
2.72 -0.024858757062146894 0.03954802259887006 0.05536723163841808 -0.04858757062146893
2.74 -0.04067796610169492 0.05536723163841808 0.06327683615819209 -0.05649717514124294
2.76 -0.0327683615819209 0.03954802259887006 0.05536723163841808 -0.04067796610169492
2.78 -0.04067796610169492 0.05536723163841808 0.05536723163841808 -0.06440677966101695
2.8 -0.0327683615819209 0.03954802259887006 0.06327683615819209 -0.04858757062146893
2.82 -0.0327683615819209 0.06327683615819209 0.05536723163841808 -0.05649717514124294
2.84 -0.0327683615819209 0.03954802259887006 0.05536723163841808 -0.04858757062146893
2.86 -0.04067796610169492 0.05536723163841808 0.05536723163841808 -0.05649717514124294
2.88 -0.0327683615819209 0.03954802259887006 0.05536723163841808 -0.04858757062146893
2.9 -0.0327683615819209 0.06327683615819209 0.06327683615819209 -0.05649717514124294
2.92 -0.0327683615819209 0.03954802259887006 0.05536723163841808 -0.04067796610169492
2.94 -0.04067796610169492 0.05536723163841808 0.05536723163841808 -0.04858757062146893
2.96 -0.0327683615819209 0.04745762711864407 0.04745762711864407 -0.04067796610169492
2.98 -0.04067796610169492 0.05536723163841808 0.05536723163841808 -0.05649717514124294
3.0 -0.0327683615819209 0.03954802259887006 0.04745762711864407 -0.04067796610169492
3.02 -0.04067796610169492 0.05536723163841808 0.04745762711864407 -0.05649717514124294
3.04 -0.0327683615819209 0.04745762711864407 0.04745762711864407 -0.04067796610169492
3.06 -0.0327683615819209 0.05536723163841808 0.06327683615819209 -0.05649717514124294
3.08 -0.0327683615819209 0.04745762711864407 0.05536723163841808 -0.04858757062146893
3.1 -0.04067796610169492 0.05536723163841808 0.05536723163841808 -0.04858757062146893
3.12 -0.0327683615819209 0.04745762711864407 0.04745762711864407 -0.04067796610169492
3.14 -0.0327683615819209 0.04745762711864407 0.05536723163841808 -0.05649717514124294
3.16 -0.0327683615819209 0.03954802259887006 0.05536723163841808 -0.04067796610169492
3.18 -0.04067796610169492 0.05536723163841808 0.05536723163841808 -0.05649717514124294
3.2 -0.04067796610169492 0.04745762711864407 0.04745762711864407 -0.04067796610169492
3.22 -0.04067796610169492 0.05536723163841808 0.05536723163841808 -0.05649717514124294
3.24 -0.0327683615819209 0.04745762711864407 0.04745762711864407 -0.04067796610169492
3.26 -0.0327683615819209 0.05536723163841808 0.05536723163841808 -0.05649717514124294
3.28 -0.0327683615819209 0.03954802259887006 0.04745762711864407 -0.04067796610169492
3.3 -0.04067796610169492 0.05536723163841808 0.05536723163841808 -0.05649717514124294
3.32 -0.0327683615819209 0.04745762711864407 0.04745762711864407 -0.04067796610169492
3.34 -0.04067796610169492 0.04745762711864407 0.04745762711864407 -0.05649717514124294
3.36 -0.0327683615819209 0.03954802259887006 0.04745762711864407 -0.04067796610169492
3.38 -0.0327683615819209 0.05536723163841808 0.05536723163841808 -0.05649717514124294
3.4 -0.0327683615819209 0.04745762711864407 0.05536723163841808 -0.04858757062146893
3.42 -0.0327683615819209 0.05536723163841808 0.05536723163841808 -0.04858757062146893
3.44 -0.0327683615819209 0.04745762711864407 0.04745762711864407 -0.04067796610169492
3.46 -0.04067796610169492 0.05536723163841808 0.05536723163841808 -0.05649717514124294
3.48 -0.04067796610169492 0.04745762711864407 0.04745762711864407 -0.04858757062146893
3.5 -0.04067796610169492 0.04745762711864407 0.04745762711864407 -0.05649717514124294
3.52 -0.0327683615819209 0.03954802259887006 0.04745762711864407 -0.04858757062146893
3.54 -0.04067796610169492 0.05536723163841808 0.05536723163841808 -0.05649717514124294
3.56 -0.0327683615819209 0.03954802259887006 0.04745762711864407 -0.04067796610169492
3.58 -0.04067796610169492 0.04745762711864407 0.05536723163841808 -0.05649717514124294
3.6 -0.0327683615819209 0.03954802259887006 0.05536723163841808 -0.04858757062146893
3.62 -0.0327683615819209 0.05536723163841808 0.05536723163841808 -0.05649717514124294
3.64 -0.0327683615819209 0.04745762711864407 0.04745762711864407 -0.04067796610169492
3.66 -0.0327683615819209 0.05536723163841808 0.05536723163841808 -0.05649717514124294
3.68 -0.0327683615819209 0.03954802259887006 0.05536723163841808 -0.04858757062146893
3.7 -0.0327683615819209 0.04745762711864407 0.05536723163841808 -0.05649717514124294
3.72 -0.0327683615819209 0.03954802259887006 0.04745762711864407 -0.04067796610169492
3.74 -0.04067796610169492 0.05536723163841808 0.05536723163841808 -0.04858757062146893
3.76 -0.0327683615819209 0.04745762711864407 0.04745762711864407 -0.04858757062146893
3.78 -0.04067796610169492 0.04745762711864407 0.05536723163841808 -0.05649717514124294
3.8 -0.0327683615819209 0.03954802259887006 0.05536723163841808 -0.04858757062146893
3.82 -0.04067796610169492 0.04745762711864407 0.05536723163841808 -0.05649717514124294
3.84 -0.0327683615819209 0.03954802259887006 0.04745762711864407 -0.04858757062146893
3.86 -0.04067796610169492 0.04745762711864407 0.05536723163841808 -0.05649717514124294
3.88 -0.0327683615819209 0.04745762711864407 0.04745762711864407 -0.04858757062146893
3.9 -0.04067796610169492 0.05536723163841808 0.05536723163841808 -0.05649717514124294
3.92 -0.0327683615819209 0.03954802259887006 0.05536723163841808 -0.04858757062146893
3.94 -0.04067796610169492 0.05536723163841808 0.05536723163841808 -0.05649717514124294
3.96 -0.0327683615819209 0.03954802259887006 0.05536723163841808 -0.04858757062146893
3.98 -0.04067796610169492 0.05536723163841808 0.05536723163841808 -0.04858757062146893
4.0 -0.0327683615819209 0.03954802259887006 0.04745762711864407 -0.04067796610169492
4.02 -0.04067796610169492 0.04745762711864407 0.04745762711864407 -0.04858757062146893
4.04 -0.0327683615819209 0.03954802259887006 0.04745762711864407 -0.04067796610169492
4.06 -0.04067796610169492 0.04745762711864407 0.05536723163841808 -0.04067796610169492
4.08 -0.0327683615819209 0.03954802259887006 0.04745762711864407 -0.04067796610169492
4.1 -0.04067796610169492 0.04745762711864407 0.05536723163841808 -0.04858757062146893
4.12 -0.0327683615819209 0.03954802259887006 0.05536723163841808 -0.04067796610169492
4.14 -0.0327683615819209 0.03954802259887006 0.05536723163841808 -0.04858757062146893
4.16 -0.0327683615819209 0.03954802259887006 0.05536723163841808 -0.04067796610169492
4.18 -0.0327683615819209 0.04745762711864407 0.05536723163841808 -0.04067796610169492
4.2 -0.0327683615819209 0.04745762711864407 0.05536723163841808 -0.0327683615819209
4.22 -0.04067796610169492 0.04745762711864407 0.05536723163841808 -0.04858757062146893
4.24 -0.0327683615819209 0.03954802259887006 0.04745762711864407 -0.04067796610169492
4.26 -0.0327683615819209 0.04745762711864407 0.05536723163841808 -0.04858757062146893
4.28 -0.0327683615819209 0.03954802259887006 0.04745762711864407 -0.04067796610169492
4.3 -0.0327683615819209 0.04745762711864407 0.05536723163841808 -0.04858757062146893
4.32 -0.0327683615819209 0.04745762711864407 0.04745762711864407 -0.04067796610169492
4.34 -0.04067796610169492 0.04745762711864407 0.04745762711864407 -0.04067796610169492
4.36 -0.0327683615819209 0.04745762711864407 0.04745762711864407 -0.04067796610169492
4.38 -0.0327683615819209 0.04745762711864407 0.04745762711864407 -0.04858757062146893
4.4 -0.0327683615819209 0.03954802259887006 0.04745762711864407 -0.04067796610169492
4.42 -0.04067796610169492 0.04745762711864407 0.04745762711864407 -0.04067796610169492
4.44 -0.0327683615819209 0.03954802259887006 0.04745762711864407 -0.04067796610169492
4.46 -0.0327683615819209 0.04745762711864407 0.04745762711864407 -0.04067796610169492
4.48 -0.024858757062146894 0.04745762711864407 0.04745762711864407 -0.0327683615819209
4.5 -0.04067796610169492 0.04745762711864407 0.04745762711864407 -0.04067796610169492
4.52 -0.0327683615819209 0.03954802259887006 0.04745762711864407 -0.04067796610169492
4.54 -0.0327683615819209 0.05536723163841808 0.05536723163841808 -0.04067796610169492
4.56 -0.024858757062146894 0.04745762711864407 0.05536723163841808 -0.04067796610169492
4.58 -0.0327683615819209 0.03954802259887006 0.05536723163841808 -0.04067796610169492
4.6 -0.0327683615819209 0.03954802259887006 0.04745762711864407 -0.04067796610169492
4.62 -0.024858757062146894 0.04745762711864407 0.05536723163841808 -0.04858757062146893
4.64 -0.024858757062146894 0.04745762711864407 0.05536723163841808 -0.04067796610169492
4.66 -0.0327683615819209 0.04745762711864407 0.05536723163841808 -0.04858757062146893
4.68 -0.0327683615819209 0.04745762711864407 0.04745762711864407 -0.04067796610169492
4.7 -0.0327683615819209 0.04745762711864407 0.04745762711864407 -0.04067796610169492
4.72 -0.0327683615819209 0.03954802259887006 0.04745762711864407 -0.0327683615819209
4.74 -0.0327683615819209 0.03954802259887006 0.05536723163841808 -0.04067796610169492
4.76 -0.0327683615819209 0.03954802259887006 0.05536723163841808 -0.04067796610169492
4.78 -0.0327683615819209 0.04745762711864407 0.05536723163841808 -0.04067796610169492
4.8 -0.024858757062146894 0.03954802259887006 0.04745762711864407 -0.04067796610169492
4.82 -0.0327683615819209 0.04745762711864407 0.04745762711864407 -0.04067796610169492
4.84 -0.0327683615819209 0.03954802259887006 0.04745762711864407 -0.04067796610169492
4.86 -0.0327683615819209 0.03954802259887006 0.04745762711864407 -0.04067796610169492
4.88 -0.0327683615819209 0.03954802259887006 0.04745762711864407 -0.0327683615819209
4.9 -0.024858757062146894 0.03954802259887006 0.05536723163841808 -0.04067796610169492
4.92 -0.024858757062146894 0.03954802259887006 0.05536723163841808 -0.04067796610169492
4.94 -0.024858757062146894 0.04745762711864407 0.04745762711864407 -0.04067796610169492
4.96 -0.024858757062146894 0.04745762711864407 0.05536723163841808 -0.04067796610169492
4.98 -0.0327683615819209 0.04745762711864407 0.04745762711864407 -0.04067796610169492
5.0 -0.024858757062146894 0.03954802259887006 0.04745762711864407 -0.04067796610169492
5.02 -0.024858757062146894 0.03954802259887006 0.04745762711864407 -0.04067796610169492
5.04 -0.024858757062146894 0.03954802259887006 0.04745762711864407 -0.0327683615819209
5.06 -0.024858757062146894 0.03954802259887006 0.04745762711864407 -0.04067796610169492
5.08 -0.024858757062146894 0.03954802259887006 0.04745762711864407 -0.0327683615819209
5.1 -0.024858757062146894 0.031638418079096044 0.04745762711864407 -0.04067796610169492
5.12 -0.024858757062146894 0.03954802259887006 0.04745762711864407 -0.04067796610169492
5.14 -0.024858757062146894 0.03954802259887006 0.04745762711864407 -0.04067796610169492
5.16 -0.024858757062146894 0.03954802259887006 0.04745762711864407 -0.04067796610169492
5.18 -0.024858757062146894 0.03954802259887006 0.04745762711864407 -0.04067796610169492
5.2 -0.0327683615819209 0.03954802259887006 0.04745762711864407 -0.0327683615819209
5.22 -0.024858757062146894 0.03954802259887006 0.04745762711864407 -0.0327683615819209
5.24 -0.024858757062146894 0.03954802259887006 0.04745762711864407 -0.0327683615819209
5.26 -0.024858757062146894 0.03954802259887006 0.04745762711864407 -0.0327683615819209
5.28 -0.024858757062146894 0.03954802259887006 0.04745762711864407 -0.0327683615819209
5.3 -0.024858757062146894 0.03954802259887006 0.04745762711864407 -0.04067796610169492
5.32 -0.024858757062146894 0.03954802259887006 0.04745762711864407 -0.04067796610169492
5.34 -0.024858757062146894 0.03954802259887006 0.04745762711864407 -0.0327683615819209
5.36 -0.024858757062146894 0.03954802259887006 0.04745762711864407 -0.04067796610169492
5.38 -0.0327683615819209 0.03954802259887006 0.04745762711864407 -0.0327683615819209
5.4 -0.024858757062146894 0.03954802259887006 0.04745762711864407 -0.0327683615819209
5.42 -0.024858757062146894 0.03954802259887006 0.04745762711864407 -0.04067796610169492
5.44 -0.024858757062146894 0.03954802259887006 0.04745762711864407 -0.0327683615819209
5.46 -0.024858757062146894 0.03954802259887006 0.04745762711864407 -0.0327683615819209
5.48 -0.024858757062146894 0.03954802259887006 0.04745762711864407 -0.04067796610169492
5.5 -0.024858757062146894 0.03954802259887006 0.04745762711864407 -0.0327683615819209
5.52 -0.024858757062146894 0.03954802259887006 0.04745762711864407 -0.0327683615819209
5.54 -0.024858757062146894 0.03954802259887006 0.04745762711864407 -0.0327683615819209
5.56 -0.024858757062146894 0.03954802259887006 0.04745762711864407 -0.0327683615819209
5.58 -0.024858757062146894 0.03954802259887006 0.04745762711864407 -0.0327683615819209
5.6 -0.024858757062146894 0.03954802259887006 0.04745762711864407 -0.0327683615819209
5.62 -0.024858757062146894 0.03954802259887006 0.04745762711864407 -0.0327683615819209
5.64 -0.024858757062146894 0.03954802259887006 0.04745762711864407 -0.04067796610169492
5.66 -0.0327683615819209 0.03954802259887006 0.04745762711864407 -0.0327683615819209
5.68 -0.024858757062146894 0.03954802259887006 0.04745762711864407 -0.0327683615819209
5.7 -0.024858757062146894 0.03954802259887006 0.04745762711864407 -0.04067796610169492
5.72 -0.0327683615819209 0.03954802259887006 0.04745762711864407 -0.0327683615819209
5.74 -0.024858757062146894 0.03954802259887006 0.04745762711864407 -0.04067796610169492
5.76 -0.024858757062146894 0.03954802259887006 0.04745762711864407 -0.0327683615819209
5.78 -0.024858757062146894 0.03954802259887006 0.04745762711864407 -0.04067796610169492
5.8 -0.024858757062146894 0.03954802259887006 0.04745762711864407 -0.04067796610169492
5.82 -0.024858757062146894 0.03954802259887006 0.04745762711864407 -0.0327683615819209
5.84 -0.024858757062146894 0.03954802259887006 0.04745762711864407 -0.0327683615819209
5.86 -0.024858757062146894 0.03954802259887006 0.04745762711864407 -0.0327683615819209
5.88 -0.024858757062146894 0.03954802259887006 0.04745762711864407 -0.0327683615819209
5.9 -0.024858757062146894 0.03954802259887006 0.04745762711864407 -0.04067796610169492
5.92 -0.024858757062146894 0.03954802259887006 0.04745762711864407 -0.0327683615819209
5.94 -0.024858757062146894 0.03954802259887006 0.04745762711864407 -0.0327683615819209
5.96 -0.024858757062146894 0.03954802259887006 0.04745762711864407 -0.0327683615819209
5.98 -0.024858757062146894 0.03954802259887006 0.04745762711864407 -0.04067796610169492
6.0 -0.024858757062146894 0.03954802259887006 0.04745762711864407 -0.0327683615819209
6.02 -0.024858757062146894 0.03954802259887006 0.04745762711864407 -0.04067796610169492
6.04 -0.024858757062146894 0.03954802259887006 0.04745762711864407 -0.0327683615819209
6.06 -0.024858757062146894 0.03954802259887006 0.04745762711864407 -0.0327683615819209
6.08 -0.024858757062146894 0.03954802259887006 0.04745762711864407 -0.0327683615819209
6.1 -0.024858757062146894 0.03954802259887006 0.05536723163841808 -0.0327683615819209
6.12 -0.024858757062146894 0.03954802259887006 0.04745762711864407 -0.0327683615819209
6.14 -0.024858757062146894 0.03954802259887006 0.04745762711864407 -0.0327683615819209
6.16 -0.024858757062146894 0.03954802259887006 0.04745762711864407 -0.04067796610169492
6.18 -0.024858757062146894 0.03954802259887006 0.04745762711864407 -0.04067796610169492
6.2 -0.024858757062146894 0.03954802259887006 0.04745762711864407 -0.0327683615819209
6.22 -0.024858757062146894 0.03954802259887006 0.04745762711864407 -0.04067796610169492
6.24 -0.024858757062146894 0.03954802259887006 0.04745762711864407 -0.0327683615819209
6.26 -0.024858757062146894 0.03954802259887006 0.04745762711864407 -0.0327683615819209
6.28 -0.024858757062146894 0.03954802259887006 0.04745762711864407 -0.0327683615819209
6.3 -0.024858757062146894 0.03954802259887006 0.04745762711864407 -0.04067796610169492
6.32 -0.024858757062146894 0.03954802259887006 0.04745762711864407 -0.0327683615819209
6.34 -0.024858757062146894 0.03954802259887006 0.04745762711864407 -0.0327683615819209
6.36 -0.024858757062146894 0.03954802259887006 0.04745762711864407 -0.04067796610169492
6.38 -0.0327683615819209 0.03954802259887006 0.04745762711864407 -0.04067796610169492
6.4 -0.024858757062146894 0.03954802259887006 0.04745762711864407 -0.04067796610169492
6.42 -0.024858757062146894 0.03954802259887006 0.04745762711864407 -0.0327683615819209
6.44 -0.024858757062146894 0.03954802259887006 0.04745762711864407 -0.0327683615819209
6.46 -0.024858757062146894 0.03954802259887006 0.04745762711864407 -0.0327683615819209
6.48 -0.024858757062146894 0.03954802259887006 0.04745762711864407 -0.04067796610169492
6.5 -0.024858757062146894 0.03954802259887006 0.04745762711864407 -0.0327683615819209
6.52 -0.024858757062146894 0.03954802259887006 0.04745762711864407 -0.0327683615819209
6.54 -0.024858757062146894 0.03954802259887006 0.04745762711864407 -0.0327683615819209
6.56 -0.024858757062146894 0.03954802259887006 0.04745762711864407 -0.04067796610169492
6.58 -0.024858757062146894 0.03954802259887006 0.04745762711864407 -0.0327683615819209
6.6 -0.0327683615819209 0.03954802259887006 0.04745762711864407 -0.0327683615819209
6.62 -0.024858757062146894 0.03954802259887006 0.04745762711864407 -0.0327683615819209
6.64 -0.024858757062146894 0.03954802259887006 0.04745762711864407 -0.0327683615819209
6.66 -0.024858757062146894 0.03954802259887006 0.04745762711864407 -0.04067796610169492
6.68 -0.0327683615819209 0.03954802259887006 0.04745762711864407 -0.04067796610169492
6.7 -0.024858757062146894 0.03954802259887006 0.04745762711864407 -0.04067796610169492
6.72 -0.024858757062146894 0.03954802259887006 0.04745762711864407 -0.0327683615819209
6.74 -0.024858757062146894 0.03954802259887006 0.04745762711864407 -0.0327683615819209
6.76 -0.024858757062146894 0.03954802259887006 0.04745762711864407 -0.0327683615819209
6.78 -0.024858757062146894 0.03954802259887006 0.04745762711864407 -0.0327683615819209
6.8 -0.024858757062146894 0.03954802259887006 0.04745762711864407 -0.0327683615819209
6.82 -0.024858757062146894 0.03954802259887006 0.04745762711864407 -0.0327683615819209
6.84 -0.024858757062146894 0.03954802259887006 0.04745762711864407 -0.0327683615819209
6.86 -0.024858757062146894 0.03954802259887006 0.04745762711864407 -0.0327683615819209
6.88 -0.024858757062146894 0.03954802259887006 0.04745762711864407 -0.0327683615819209
6.9 -0.024858757062146894 0.03954802259887006 0.04745762711864407 -0.04067796610169492
6.92 -0.024858757062146894 0.03954802259887006 0.04745762711864407 -0.0327683615819209
6.94 -0.024858757062146894 0.03954802259887006 0.04745762711864407 -0.0327683615819209
6.96 -0.024858757062146894 0.03954802259887006 0.04745762711864407 -0.04067796610169492
6.98 -0.024858757062146894 0.03954802259887006 0.04745762711864407 -0.04067796610169492
7.0 -0.024858757062146894 0.03954802259887006 0.04745762711864407 -0.04067796610169492
7.02 -0.024858757062146894 0.03954802259887006 0.04745762711864407 -0.0327683615819209
7.04 -0.024858757062146894 0.03954802259887006 0.04745762711864407 -0.0327683615819209
7.06 -0.024858757062146894 0.03954802259887006 0.04745762711864407 -0.0327683615819209
7.08 -0.024858757062146894 0.03954802259887006 0.04745762711864407 -0.0327683615819209
7.1 -0.024858757062146894 0.03954802259887006 0.04745762711864407 -0.04067796610169492
7.12 -0.024858757062146894 0.03954802259887006 0.04745762711864407 -0.04067796610169492
7.14 -0.024858757062146894 0.03954802259887006 0.04745762711864407 -0.0327683615819209
7.16 -0.024858757062146894 0.03954802259887006 0.04745762711864407 -0.0327683615819209
7.18 -0.024858757062146894 0.03954802259887006 0.04745762711864407 -0.04067796610169492
7.2 -0.024858757062146894 0.03954802259887006 0.04745762711864407 -0.0327683615819209
7.22 -0.024858757062146894 0.03954802259887006 0.04745762711864407 -0.0327683615819209
7.24 -0.0327683615819209 0.03954802259887006 0.04745762711864407 -0.0327683615819209
7.26 -0.024858757062146894 0.03954802259887006 0.04745762711864407 -0.04067796610169492
7.28 -0.024858757062146894 0.03954802259887006 0.04745762711864407 -0.0327683615819209
7.3 -0.024858757062146894 0.03954802259887006 0.04745762711864407 -0.04067796610169492
7.32 -0.024858757062146894 0.03954802259887006 0.04745762711864407 -0.04067796610169492
7.34 -0.024858757062146894 0.03954802259887006 0.04745762711864407 -0.0327683615819209
7.36 -0.024858757062146894 0.03954802259887006 0.04745762711864407 -0.04067796610169492
7.38 -0.024858757062146894 0.03954802259887006 0.04745762711864407 -0.04067796610169492
7.4 -0.024858757062146894 0.03954802259887006 0.04745762711864407 -0.0327683615819209
7.42 -0.024858757062146894 0.03954802259887006 0.04745762711864407 -0.0327683615819209
7.44 -0.024858757062146894 0.03954802259887006 0.04745762711864407 -0.0327683615819209
7.46 -0.024858757062146894 0.03954802259887006 0.04745762711864407 -0.0327683615819209
7.48 -0.024858757062146894 0.03954802259887006 0.04745762711864407 -0.0327683615819209
7.5 -0.024858757062146894 0.03954802259887006 0.04745762711864407 -0.04067796610169492
7.52 -0.024858757062146894 0.03954802259887006 0.04745762711864407 -0.0327683615819209
7.54 -0.024858757062146894 0.03954802259887006 0.04745762711864407 -0.04067796610169492
7.56 -0.0327683615819209 0.03954802259887006 0.04745762711864407 -0.04067796610169492
7.58 -0.024858757062146894 0.03954802259887006 0.04745762711864407 -0.04067796610169492
7.6 -0.024858757062146894 0.03954802259887006 0.04745762711864407 -0.0327683615819209
7.62 -0.024858757062146894 0.03954802259887006 0.04745762711864407 -0.04067796610169492
7.64 -0.024858757062146894 0.03954802259887006 0.04745762711864407 -0.0327683615819209
7.66 -0.024858757062146894 0.03954802259887006 0.04745762711864407 -0.0327683615819209
7.68 -0.024858757062146894 0.03954802259887006 0.04745762711864407 -0.0327683615819209
7.7 -0.024858757062146894 0.03954802259887006 0.04745762711864407 -0.04067796610169492
7.72 -0.024858757062146894 0.03954802259887006 0.04745762711864407 -0.04067796610169492
7.74 -0.024858757062146894 0.03954802259887006 0.04745762711864407 -0.04067796610169492
7.76 -0.024858757062146894 0.03954802259887006 0.04745762711864407 -0.0327683615819209
7.78 -0.024858757062146894 0.03954802259887006 0.04745762711864407 -0.0327683615819209
7.8 -0.024858757062146894 0.03954802259887006 0.04745762711864407 -0.04067796610169492
7.82 -0.0327683615819209 0.03954802259887006 0.04745762711864407 -0.0327683615819209
7.84 -0.024858757062146894 0.03954802259887006 0.04745762711864407 -0.0327683615819209
7.86 -0.0327683615819209 0.03954802259887006 0.04745762711864407 -0.0327683615819209
7.88 -0.024858757062146894 0.03954802259887006 0.04745762711864407 -0.0327683615819209
7.9 -0.024858757062146894 0.03954802259887006 0.04745762711864407 -0.0327683615819209
7.92 -0.024858757062146894 0.03954802259887006 0.04745762711864407 -0.04067796610169492
7.94 -0.0327683615819209 0.03954802259887006 0.04745762711864407 -0.0327683615819209
7.96 -0.024858757062146894 0.03954802259887006 0.04745762711864407 -0.04067796610169492
7.98 -0.024858757062146894 0.03954802259887006 0.04745762711864407 -0.0327683615819209
8.0 -0.024858757062146894 0.03954802259887006 0.04745762711864407 -0.0327683615819209
8.02 -0.024858757062146894 0.03954802259887006 0.04745762711864407 -0.0327683615819209
8.04 -0.0327683615819209 0.03954802259887006 0.04745762711864407 -0.0327683615819209
8.06 -0.024858757062146894 0.03954802259887006 0.04745762711864407 -0.0327683615819209
8.08 -0.024858757062146894 0.03954802259887006 0.04745762711864407 -0.0327683615819209
8.1 -0.024858757062146894 0.03954802259887006 0.04745762711864407 -0.04067796610169492
8.12 -0.024858757062146894 0.03954802259887006 0.04745762711864407 -0.0327683615819209
8.14 -0.024858757062146894 0.03954802259887006 0.04745762711864407 -0.04067796610169492
8.16 -0.024858757062146894 0.03954802259887006 0.04745762711864407 -0.0327683615819209
8.18 -0.024858757062146894 0.03954802259887006 0.04745762711864407 -0.0327683615819209
8.2 -0.024858757062146894 0.03954802259887006 0.04745762711864407 -0.0327683615819209
8.22 -0.024858757062146894 0.03954802259887006 0.04745762711864407 -0.04067796610169492
8.24 -0.024858757062146894 0.03954802259887006 0.04745762711864407 -0.0327683615819209
8.26 -0.024858757062146894 0.03954802259887006 0.04745762711864407 -0.0327683615819209
8.28 -0.0327683615819209 0.03954802259887006 0.04745762711864407 -0.0327683615819209
8.3 -0.024858757062146894 0.03954802259887006 0.04745762711864407 -0.0327683615819209
8.32 -0.024858757062146894 0.03954802259887006 0.04745762711864407 -0.0327683615819209
8.34 -0.024858757062146894 0.03954802259887006 0.04745762711864407 -0.0327683615819209
8.36 -0.024858757062146894 0.03954802259887006 0.04745762711864407 -0.0327683615819209
8.38 -0.024858757062146894 0.03954802259887006 0.04745762711864407 -0.0327683615819209
8.4 -0.024858757062146894 0.03954802259887006 0.04745762711864407 -0.0327683615819209
8.42 -0.024858757062146894 0.03954802259887006 0.04745762711864407 -0.0327683615819209
8.44 -0.024858757062146894 0.03954802259887006 0.04745762711864407 -0.04067796610169492
8.46 -0.024858757062146894 0.03954802259887006 0.04745762711864407 -0.0327683615819209
8.48 -0.024858757062146894 0.03954802259887006 0.04745762711864407 -0.0327683615819209
8.5 -0.024858757062146894 0.03954802259887006 0.04745762711864407 -0.0327683615819209
8.52 -0.024858757062146894 0.03954802259887006 0.04745762711864407 -0.0327683615819209
8.54 -0.024858757062146894 0.03954802259887006 0.04745762711864407 -0.0327683615819209
8.56 -0.024858757062146894 0.03954802259887006 0.04745762711864407 -0.0327683615819209
8.58 -0.024858757062146894 0.03954802259887006 0.04745762711864407 -0.0327683615819209
8.6 -0.024858757062146894 0.03954802259887006 0.04745762711864407 -0.04067796610169492
8.62 -0.024858757062146894 0.03954802259887006 0.04745762711864407 -0.04067796610169492
8.64 -0.024858757062146894 0.03954802259887006 0.04745762711864407 -0.0327683615819209
8.66 -0.024858757062146894 0.03954802259887006 0.04745762711864407 -0.0327683615819209
8.68 -0.024858757062146894 0.03954802259887006 0.04745762711864407 -0.0327683615819209
8.7 -0.024858757062146894 0.03954802259887006 0.04745762711864407 -0.0327683615819209
8.72 -0.024858757062146894 0.03954802259887006 0.04745762711864407 -0.0327683615819209
8.74 -0.024858757062146894 0.03954802259887006 0.04745762711864407 -0.04067796610169492
8.76 -0.024858757062146894 0.03954802259887006 0.04745762711864407 -0.04067796610169492
8.78 -0.024858757062146894 0.03954802259887006 0.04745762711864407 -0.0327683615819209
8.8 -0.024858757062146894 0.03954802259887006 0.04745762711864407 -0.04067796610169492
8.82 -0.024858757062146894 0.03954802259887006 0.04745762711864407 -0.0327683615819209
8.84 -0.024858757062146894 0.03954802259887006 0.04745762711864407 -0.0327683615819209
8.86 -0.024858757062146894 0.03954802259887006 0.04745762711864407 -0.0327683615819209
8.88 -0.024858757062146894 0.03954802259887006 0.04745762711864407 -0.0327683615819209
8.9 -0.024858757062146894 0.03954802259887006 0.04745762711864407 -0.0327683615819209
8.92 -0.024858757062146894 0.03954802259887006 0.04745762711864407 -0.04067796610169492
8.94 -0.024858757062146894 0.03954802259887006 0.04745762711864407 -0.0327683615819209
8.96 -0.024858757062146894 0.03954802259887006 0.04745762711864407 -0.04067796610169492
8.98 -0.024858757062146894 0.03954802259887006 0.04745762711864407 -0.0327683615819209
9.0 -0.024858757062146894 0.03954802259887006 0.04745762711864407 -0.0327683615819209
9.02 -0.024858757062146894 0.03954802259887006 0.04745762711864407 -0.0327683615819209
9.04 -0.024858757062146894 0.03954802259887006 0.04745762711864407 -0.04067796610169492
9.06 -0.024858757062146894 0.03954802259887006 0.04745762711864407 -0.04067796610169492
9.08 -0.024858757062146894 0.03954802259887006 0.04745762711864407 -0.04067796610169492
9.1 -0.024858757062146894 0.03954802259887006 0.04745762711864407 -0.0327683615819209
9.12 -0.024858757062146894 0.03954802259887006 0.04745762711864407 -0.0327683615819209
9.14 -0.024858757062146894 0.03954802259887006 0.04745762711864407 -0.0327683615819209
9.16 -0.0327683615819209 0.03954802259887006 0.04745762711864407 -0.0327683615819209
9.18 -0.024858757062146894 0.03954802259887006 0.04745762711864407 -0.0327683615819209
9.2 -0.024858757062146894 0.03954802259887006 0.04745762711864407 -0.0327683615819209
9.22 -0.024858757062146894 0.03954802259887006 0.04745762711864407 -0.0327683615819209
9.24 -0.024858757062146894 0.03954802259887006 0.04745762711864407 -0.04067796610169492
9.26 -0.024858757062146894 0.03954802259887006 0.04745762711864407 -0.0327683615819209
9.28 -0.024858757062146894 0.03954802259887006 0.04745762711864407 -0.0327683615819209
9.3 -0.024858757062146894 0.03954802259887006 0.04745762711864407 -0.0327683615819209
9.32 -0.024858757062146894 0.03954802259887006 0.04745762711864407 -0.0327683615819209
9.34 -0.024858757062146894 0.03954802259887006 0.04745762711864407 -0.04067796610169492
9.36 -0.024858757062146894 0.03954802259887006 0.04745762711864407 -0.0327683615819209
9.38 -0.024858757062146894 0.03954802259887006 0.04745762711864407 -0.0327683615819209
9.4 -0.024858757062146894 0.03954802259887006 0.04745762711864407 -0.0327683615819209
9.42 -0.024858757062146894 0.03954802259887006 0.04745762711864407 -0.0327683615819209
9.44 -0.024858757062146894 0.03954802259887006 0.04745762711864407 -0.0327683615819209
9.46 -0.024858757062146894 0.03954802259887006 0.04745762711864407 -0.0327683615819209
9.48 -0.024858757062146894 0.03954802259887006 0.04745762711864407 -0.04067796610169492
9.5 -0.024858757062146894 0.031638418079096044 0.04745762711864407 -0.0327683615819209
9.52 -0.024858757062146894 0.03954802259887006 0.04745762711864407 -0.04067796610169492
9.54 -0.024858757062146894 0.03954802259887006 0.04745762711864407 -0.0327683615819209
9.56 -0.024858757062146894 0.03954802259887006 0.04745762711864407 -0.0327683615819209
9.58 -0.024858757062146894 0.03954802259887006 0.04745762711864407 -0.04067796610169492
9.6 -0.024858757062146894 0.03954802259887006 0.04745762711864407 -0.0327683615819209
9.62 -0.024858757062146894 0.03954802259887006 0.04745762711864407 -0.0327683615819209
9.64 -0.024858757062146894 0.03954802259887006 0.04745762711864407 -0.04067796610169492
9.66 -0.024858757062146894 0.03954802259887006 0.04745762711864407 -0.0327683615819209
9.68 -0.024858757062146894 0.03954802259887006 0.04745762711864407 -0.0327683615819209
9.7 -0.024858757062146894 0.03954802259887006 0.04745762711864407 -0.04067796610169492
9.72 -0.024858757062146894 0.03954802259887006 0.04745762711864407 -0.0327683615819209
9.74 -0.024858757062146894 0.03954802259887006 0.04745762711864407 -0.0327683615819209
9.76 -0.024858757062146894 0.03954802259887006 0.04745762711864407 -0.0327683615819209
9.78 -0.024858757062146894 0.03954802259887006 0.04745762711864407 -0.04067796610169492
9.8 -0.024858757062146894 0.03954802259887006 0.04745762711864407 -0.0327683615819209
9.82 -0.024858757062146894 0.03954802259887006 0.04745762711864407 -0.0327683615819209
9.84 -0.024858757062146894 0.03954802259887006 0.04745762711864407 -0.0327683615819209
9.86 -0.024858757062146894 0.03954802259887006 0.04745762711864407 -0.04067796610169492
9.88 -0.024858757062146894 0.03954802259887006 0.04745762711864407 -0.0327683615819209
9.9 -0.024858757062146894 0.03954802259887006 0.04745762711864407 -0.04067796610169492
9.92 -0.024858757062146894 0.03954802259887006 0.04745762711864407 -0.04067796610169492
9.94 -0.024858757062146894 0.03954802259887006 0.04745762711864407 -0.0327683615819209
9.96 -0.024858757062146894 0.03954802259887006 0.04745762711864407 -0.0327683615819209
9.98 -0.024858757062146894 0.03954802259887006 0.04745762711864407 -0.0327683615819209
10.0 -0.024858757062146894 0.03954802259887006 0.04745762711864407 -0.0327683615819209
10.02 -0.024858757062146894 0.03954802259887006 0.04745762711864407 -0.0327683615819209
10.04 -0.024858757062146894 0.03954802259887006 0.04745762711864407 -0.0327683615819209
10.06 -0.024858757062146894 0.03954802259887006 0.04745762711864407 -0.0327683615819209
10.08 -0.024858757062146894 0.03954802259887006 0.04745762711864407 -0.0327683615819209
10.1 -0.024858757062146894 0.03954802259887006 0.04745762711864407 -0.04067796610169492
10.12 -0.024858757062146894 0.03954802259887006 0.04745762711864407 -0.04858757062146893
10.14 -0.024858757062146894 0.03954802259887006 0.09491525423728814 -0.11977401129943503
10.16 -0.024858757062146894 0.03954802259887006 0.07909604519774012 -0.08022598870056498
10.18 -0.024858757062146894 0.03954802259887006 0.17401129943502824 -0.2305084745762712
10.2 -0.024858757062146894 0.03954802259887006 0.1423728813559322 -0.12768361581920903
10.22 -0.01694915254237288 0.031638418079096044 0.2542372881355932 -0.30282485875706217
10.24 -0.01694915254237288 0.031638418079096044 0.18983050847457628 -0.1751412429378531
10.26 -0.01694915254237288 0.031638418079096044 0.31751412429378534 -0.36610169491525424
10.28 -0.01694915254237288 0.031638418079096044 0.24519774011299436 -0.18305084745762712
10.3 -0.00903954802259887 0.031638418079096044 0.3728813559322034 -0.4056497175141243
10.32 -0.00903954802259887 0.031638418079096044 0.27796610169491526 -0.21468926553672318
10.34 -0.01694915254237288 0.031638418079096044 0.39661016949152544 -0.4056497175141243
10.36 -0.01694915254237288 0.031638418079096044 0.2858757062146893 -0.22259887005649717
10.38 -0.01694915254237288 0.031638418079096044 0.39661016949152544 -0.37401129943502825
10.4 -0.01694915254237288 0.031638418079096044 0.2937853107344633 -0.21468926553672318
10.42 -0.00903954802259887 0.031638418079096044 0.3807909604519774 -0.33446327683615823
10.44 -0.00903954802259887 0.031638418079096044 0.27796610169491526 -0.18305084745762712
10.46 -0.00903954802259887 0.031638418079096044 0.35706214689265536 -0.2711864406779661
10.48 -0.00903954802259887 0.031638418079096044 0.2621468926553672 -0.15141242937853108
10.5 -0.00903954802259887 0.031638418079096044 0.32542372881355935 -0.20677966101694917
10.52 -0.00903954802259887 0.031638418079096044 0.24519774011299436 -0.11977401129943503
10.54 0.0 0.031638418079096044 0.27796610169491526 -0.13559322033898305
10.56 0.0 0.031638418079096044 0.2056497175141243 -0.08813559322033898
10.58 0.0 0.031638418079096044 0.2214689265536723 -0.05649717514124294
10.6 -0.00903954802259887 0.031638418079096044 0.17401129943502824 -0.04858757062146893
10.62 0.0 0.031638418079096044 0.15819209039548024 0.03954802259887006
10.64 0.0 0.031638418079096044 0.1344632768361582 0.007909604519774011
10.66 0.007909604519774011 0.031638418079096044 0.10282485875706215 0.1344632768361582
10.68 0.0 0.031638418079096044 0.08700564971751412 0.05536723163841808
10.7 0.015819209039548022 0.031638418079096044 0.031638418079096044 0.21355932203389832
10.72 0.015819209039548022 0.031638418079096044 0.031638418079096044 0.09491525423728814
10.74 0.015819209039548022 0.031638418079096044 -0.05649717514124294 0.27796610169491526
10.76 0.007909604519774011 0.031638418079096044 -0.04067796610169492 0.11864406779661017
10.78 0.015819209039548022 0.023728813559322035 -0.14350282485875707 0.34124293785310733
10.8 0.007909604519774011 0.023728813559322035 -0.096045197740113 0.15028248587570622
10.82 0.031638418079096044 0.023728813559322035 -0.20677966101694917 0.3807909604519774
10.84 0.015819209039548022 0.023728813559322035 -0.13559322033898305 0.16610169491525426
10.86 0.03954802259887006 0.015819209039548022 -0.2384180790960452 0.39661016949152544
10.88 0.031638418079096044 0.015819209039548022 -0.15141242937853108 0.16610169491525426
10.9 0.0711864406779661 0.015819209039548022 -0.2790960451977401 0.3887005649717514
10.92 0.04745762711864407 0.015819209039548022 -0.18305084745762712 0.16610169491525426
10.94 0.07909604519774012 0.0 -0.2790960451977401 0.34124293785310733
10.96 0.05536723163841808 0.007909604519774011 -0.18305084745762712 0.1423728813559322
10.98 0.11864406779661017 -0.00903954802259887 -0.2542372881355932 0.21355932203389832
11.0 0.07909604519774012 0.0 -0.1751412429378531 0.10282485875706215
11.02 0.17401129943502824 -0.0327683615819209 -0.22259887005649717 0.09491525423728814
11.04 0.12655367231638417 -0.00903954802259887 -0.15141242937853108 0.03954802259887006
11.06 0.23728813559322035 -0.04858757062146893 -0.16723163841807911 -0.024858757062146894
11.08 0.17401129943502824 -0.01694915254237288 -0.10395480225988701 -0.024858757062146894
11.1 0.23728813559322035 -0.024858757062146894 -0.14350282485875707 -0.07231638418079096
11.12 0.16610169491525426 0.0 -0.096045197740113 -0.04858757062146893
11.14 0.1344632768361582 0.09491525423728814 -0.11977401129943503 -0.06440677966101695
11.16 0.09491525423728814 0.0711864406779661 -0.08022598870056498 -0.04858757062146893
11.18 -0.01694915254237288 0.2621468926553672 -0.10395480225988701 -0.04858757062146893
11.2 -0.024858757062146894 0.1423728813559322 -0.07231638418079096 -0.04067796610169492
11.22 -0.1751412429378531 0.3728813559322034 -0.08813559322033898 -0.04067796610169492
11.24 -0.12768361581920903 0.18983050847457628 -0.05649717514124294 -0.0327683615819209
11.26 -0.28700564971751413 0.4124293785310735 -0.07231638418079096 -0.04067796610169492
11.28 -0.19887005649717515 0.21355932203389832 -0.04858757062146893 -0.0327683615819209
11.3 -0.36610169491525424 0.43615819209039547 -0.05649717514124294 -0.04067796610169492
11.32 -0.2542372881355932 0.2214689265536723 -0.0327683615819209 -0.0327683615819209
11.34 -0.3977401129943503 0.4282485875706215 -0.04067796610169492 -0.024858757062146894
11.36 -0.28700564971751413 0.21355932203389832 -0.0327683615819209 -0.01694915254237288
11.38 -0.43728813559322033 0.39661016949152544 -0.04858757062146893 -0.024858757062146894
11.4 -0.3107344632768362 0.1977401129943503 -0.04858757062146893 -0.024858757062146894
11.42 -0.42937853107344637 0.34915254237288135 -0.04858757062146893 -0.024858757062146894
11.44 -0.29491525423728815 0.18192090395480226 -0.04067796610169492 -0.024858757062146894
11.46 -0.41355932203389834 0.2858757062146893 -0.024858757062146894 -0.0327683615819209
11.48 -0.2790960451977401 0.15819209039548024 -0.01694915254237288 -0.024858757062146894
11.5 -0.38192090395480227 0.2056497175141243 -0.00903954802259887 -0.024858757062146894
11.52 -0.2711864406779661 0.11864406779661017 0.0 -0.024858757062146894
11.54 -0.3423728813559322 0.12655367231638417 -0.00903954802259887 -0.024858757062146894
11.56 -0.24632768361581922 0.08700564971751412 0.0 -0.024858757062146894
11.58 -0.28700564971751413 0.03954802259887006 -0.00903954802259887 -0.024858757062146894
11.6 -0.20677966101694917 0.03954802259887006 -0.00903954802259887 -0.024858757062146894
11.62 -0.2384180790960452 -0.05649717514124294 -0.00903954802259887 -0.024858757062146894
11.64 -0.1751412429378531 -0.01694915254237288 0.0 -0.024858757062146894
11.66 -0.16723163841807911 -0.15141242937853108 -0.01694915254237288 -0.024858757062146894
11.68 -0.12768361581920903 -0.05649717514124294 -0.01694915254237288 -0.024858757062146894
11.7 -0.096045197740113 -0.2384180790960452 -0.024858757062146894 -0.024858757062146894
11.72 -0.07231638418079096 -0.096045197740113 -0.024858757062146894 -0.024858757062146894
11.74 -0.00903954802259887 -0.28700564971751413 -0.0327683615819209 -0.024858757062146894
11.76 -0.01694915254237288 -0.11186440677966102 -0.0327683615819209 -0.024858757062146894
11.78 0.0711864406779661 -0.3502824858757062 -0.04067796610169492 -0.024858757062146894
11.8 0.04745762711864407 -0.13559322033898305 -0.024858757062146894 -0.024858757062146894
11.82 0.15028248587570622 -0.3898305084745763 -0.04067796610169492 -0.01694915254237288
11.84 0.09491525423728814 -0.14350282485875707 -0.024858757062146894 -0.01694915254237288
11.86 0.2056497175141243 -0.41355932203389834 -0.04858757062146893 -0.00903954802259887
11.88 0.12655367231638417 -0.15141242937853108 -0.0327683615819209 -0.00903954802259887
11.9 0.2214689265536723 -0.38192090395480227 -0.07231638418079096 -0.00903954802259887
11.92 0.1423728813559322 -0.13559322033898305 -0.06440677966101695 -0.00903954802259887
11.94 0.22937853107344633 -0.30282485875706217 -0.11977401129943503 0.007909604519774011
11.96 0.15028248587570622 -0.096045197740113 -0.096045197740113 0.0
11.98 0.21355932203389832 -0.1593220338983051 -0.16723163841807911 0.031638418079096044
12.0 0.1344632768361582 -0.0327683615819209 -0.12768361581920903 0.007909604519774011
12.02 0.18983050847457628 0.007909604519774011 -0.19887005649717515 0.03954802259887006
12.04 0.11864406779661017 0.015819209039548022 -0.13559322033898305 0.007909604519774011
12.06 0.15819209039548024 0.07909604519774012 -0.2305084745762712 0.05536723163841808
12.08 0.10282485875706215 0.05536723163841808 -0.16723163841807911 0.023728813559322035
12.1 0.1344632768361582 0.0711864406779661 -0.18305084745762712 -0.024858757062146894
12.12 0.08700564971751412 0.04745762711864407 -0.13559322033898305 -0.01694915254237288
12.14 0.09491525423728814 0.05536723163841808 -0.06440677966101695 -0.1751412429378531
12.16 0.06327683615819209 0.04745762711864407 -0.04067796610169492 -0.10395480225988701
12.18 0.07909604519774012 0.03954802259887006 0.10282485875706215 -0.30282485875706217
12.2 0.04745762711864407 0.031638418079096044 0.09491525423728814 -0.1751412429378531
12.22 0.0711864406779661 0.031638418079096044 0.23728813559322035 -0.3898305084745763
12.24 0.04745762711864407 0.031638418079096044 0.18192090395480226 -0.21468926553672318
12.26 0.05536723163841808 0.03954802259887006 0.34124293785310733 -0.42937853107344637
12.28 0.03954802259887006 0.03954802259887006 0.2542372881355932 -0.2384180790960452
12.3 0.03954802259887006 0.03954802259887006 0.39661016949152544 -0.44519774011299434
12.32 0.023728813559322035 0.031638418079096044 0.27796610169491526 -0.24632768361581922
12.34 0.03954802259887006 0.03954802259887006 0.4203389830508475 -0.43728813559322033
12.36 0.023728813559322035 0.03954802259887006 0.3096045197740113 -0.24632768361581922
12.38 0.031638418079096044 0.031638418079096044 0.43615819209039547 -0.3898305084745763
12.4 0.023728813559322035 0.023728813559322035 0.3096045197740113 -0.21468926553672318
12.42 0.031638418079096044 0.031638418079096044 0.4282485875706215 -0.33446327683615823
12.44 0.023728813559322035 0.031638418079096044 0.3096045197740113 -0.18305084745762712
12.46 0.023728813559322035 0.031638418079096044 0.40451977401129946 -0.2384180790960452
12.48 0.007909604519774011 0.031638418079096044 0.3016949152542373 -0.13559322033898305
12.5 0.007909604519774011 0.031638418079096044 0.3887005649717514 -0.16723163841807911
12.52 0.0 0.031638418079096044 0.27796610169491526 -0.10395480225988701
12.54 0.0 0.023728813559322035 0.33333333333333337 -0.08022598870056498
12.56 0.0 0.031638418079096044 0.24519774011299436 -0.06440677966101695
12.58 0.007909604519774011 0.031638418079096044 0.27005649717514124 0.007909604519774011
12.6 0.007909604519774011 0.031638418079096044 0.2056497175141243 -0.00903954802259887
12.62 0.007909604519774011 0.031638418079096044 0.2056497175141243 0.11073446327683616
12.64 0.007909604519774011 0.031638418079096044 0.15819209039548024 0.03954802259887006
12.66 0.015819209039548022 0.031638418079096044 0.1344632768361582 0.1977401129943503
12.68 0.015819209039548022 0.031638418079096044 0.11073446327683616 0.08700564971751412
12.7 0.023728813559322035 0.031638418079096044 0.06327683615819209 0.2621468926553672
12.72 0.015819209039548022 0.031638418079096044 0.06327683615819209 0.11864406779661017
12.74 0.023728813559322035 0.023728813559322035 -0.01694915254237288 0.34124293785310733
12.76 0.023728813559322035 0.015819209039548022 -0.00903954802259887 0.15819209039548024
12.78 0.031638418079096044 0.023728813559322035 -0.10395480225988701 0.40451977401129946
12.8 0.023728813559322035 0.023728813559322035 -0.06440677966101695 0.17401129943502824
12.82 0.03954802259887006 0.015819209039548022 -0.1751412429378531 0.4203389830508475
12.84 0.023728813559322035 0.015819209039548022 -0.11186440677966102 0.18192090395480226
12.86 0.05536723163841808 0.007909604519774011 -0.21468926553672318 0.3887005649717514
12.88 0.03954802259887006 0.015819209039548022 -0.14350282485875707 0.17401129943502824
12.9 0.08700564971751412 0.015819209039548022 -0.2305084745762712 0.33333333333333337
12.92 0.0711864406779661 0.015819209039548022 -0.1593220338983051 0.15819209039548024
12.94 0.1423728813559322 -0.00903954802259887 -0.2305084745762712 0.22937853107344633
12.96 0.10282485875706215 0.0 -0.15141242937853108 0.11073446327683616
12.98 0.18192090395480226 -0.024858757062146894 -0.20677966101694917 0.10282485875706215
13.0 0.12655367231638417 0.0 -0.14350282485875707 0.04745762711864407
13.02 0.2542372881355932 -0.05649717514124294 -0.15141242937853108 -0.01694915254237288
13.04 0.17401129943502824 -0.01694915254237288 -0.096045197740113 -0.01694915254237288
13.06 0.23728813559322035 -0.024858757062146894 -0.13559322033898305 -0.06440677966101695
13.08 0.16610169491525426 0.0 -0.08813559322033898 -0.04067796610169492
13.1 0.12655367231638417 0.10282485875706215 -0.11977401129943503 -0.06440677966101695
13.12 0.0711864406779661 0.0711864406779661 -0.08022598870056498 -0.04858757062146893
13.14 -0.0327683615819209 0.24519774011299436 -0.10395480225988701 -0.04858757062146893
13.16 -0.04067796610169492 0.12655367231638417 -0.06440677966101695 -0.0327683615819209
13.18 -0.1751412429378531 0.3649717514124294 -0.08813559322033898 -0.04067796610169492
13.2 -0.13559322033898305 0.18192090395480226 -0.05649717514124294 -0.0327683615819209
13.22 -0.2790960451977401 0.4282485875706215 -0.07231638418079096 -0.04067796610169492
13.24 -0.19887005649717515 0.1977401129943503 -0.04067796610169492 -0.0327683615819209
13.26 -0.3502824858757062 0.43615819209039547 -0.05649717514124294 -0.04067796610169492
13.28 -0.2384180790960452 0.2056497175141243 -0.0327683615819209 -0.0327683615819209
13.3 -0.3898305084745763 0.43615819209039547 -0.04067796610169492 -0.0327683615819209
13.32 -0.2632768361581921 0.2056497175141243 -0.024858757062146894 -0.024858757062146894
13.34 -0.41355932203389834 0.40451977401129946 -0.0327683615819209 -0.024858757062146894
13.36 -0.28700564971751413 0.1977401129943503 -0.024858757062146894 -0.024858757062146894
13.38 -0.42146892655367235 0.3649717514124294 -0.04067796610169492 -0.024858757062146894
13.4 -0.29491525423728815 0.16610169491525426 -0.024858757062146894 -0.024858757062146894
13.42 -0.4056497175141243 0.3016949152542373 -0.0327683615819209 -0.024858757062146894
13.44 -0.29491525423728815 0.16610169491525426 -0.0327683615819209 0.0
13.46 -0.3898305084745763 0.2056497175141243 -0.04067796610169492 -0.024858757062146894
13.48 -0.28700564971751413 0.11073446327683616 -0.0327683615819209 -0.024858757062146894
13.5 -0.36610169491525424 0.11864406779661017 -0.024858757062146894 -0.024858757062146894
13.52 -0.2632768361581921 0.07909604519774012 0.0 -0.024858757062146894
13.54 -0.30282485875706217 0.031638418079096044 0.0 -0.024858757062146894
13.56 -0.21468926553672318 0.031638418079096044 0.007909604519774011 -0.024858757062146894
13.58 -0.2305084745762712 -0.05649717514124294 0.0 -0.01694915254237288
13.6 -0.16723163841807911 -0.00903954802259887 0.0 -0.024858757062146894
13.62 -0.1593220338983051 -0.15141242937853108 -0.01694915254237288 -0.01694915254237288
13.64 -0.11977401129943503 -0.05649717514124294 -0.00903954802259887 -0.024858757062146894
13.66 -0.08813559322033898 -0.24632768361581922 -0.01694915254237288 -0.01694915254237288
13.68 -0.07231638418079096 -0.096045197740113 -0.01694915254237288 -0.024858757062146894
13.7 -0.01694915254237288 -0.28700564971751413 -0.024858757062146894 -0.024858757062146894
13.72 -0.01694915254237288 -0.11186440677966102 -0.024858757062146894 -0.024858757062146894
13.74 0.07909604519774012 -0.3502824858757062 -0.0327683615819209 -0.024858757062146894
13.76 0.04745762711864407 -0.13559322033898305 -0.024858757062146894 -0.024858757062146894
13.78 0.15028248587570622 -0.4056497175141243 -0.04858757062146893 -0.01694915254237288
13.8 0.09491525423728814 -0.13559322033898305 -0.0327683615819209 -0.01694915254237288
13.82 0.2056497175141243 -0.41355932203389834 -0.04858757062146893 -0.00903954802259887
13.84 0.12655367231638417 -0.15141242937853108 -0.04067796610169492 -0.00903954802259887
13.86 0.22937853107344633 -0.38192090395480227 -0.08022598870056498 0.0
13.88 0.15028248587570622 -0.14350282485875707 -0.07231638418079096 -0.00903954802259887
13.9 0.23728813559322035 -0.29491525423728815 -0.12768361581920903 0.007909604519774011
13.92 0.15028248587570622 -0.096045197740113 -0.10395480225988701 0.0
13.94 0.21355932203389832 -0.1593220338983051 -0.16723163841807911 0.023728813559322035
13.96 0.1344632768361582 -0.04067796610169492 -0.11977401129943503 0.007909604519774011
13.98 0.18983050847457628 0.007909604519774011 -0.19887005649717515 0.031638418079096044
14.0 0.11864406779661017 0.015819209039548022 -0.13559322033898305 0.015819209039548022
14.02 0.15819209039548024 0.07909604519774012 -0.22259887005649717 0.04745762711864407
14.04 0.10282485875706215 0.05536723163841808 -0.1593220338983051 0.023728813559322035
14.06 0.12655367231638417 0.07909604519774012 -0.18305084745762712 -0.024858757062146894
14.08 0.08700564971751412 0.04745762711864407 -0.12768361581920903 -0.01694915254237288
14.1 0.10282485875706215 0.05536723163841808 -0.05649717514124294 -0.1751412429378531
14.12 0.06327683615819209 0.04745762711864407 -0.04067796610169492 -0.11186440677966102
14.14 0.07909604519774012 0.03954802259887006 0.10282485875706215 -0.3107344632768362
14.16 0.04745762711864407 0.031638418079096044 0.08700564971751412 -0.1751412429378531
14.18 0.0711864406779661 0.031638418079096044 0.23728813559322035 -0.3898305084745763
14.2 0.04745762711864407 0.031638418079096044 0.17401129943502824 -0.19887005649717515
14.22 0.06327683615819209 0.03954802259887006 0.34124293785310733 -0.45310734463276836
14.24 0.03954802259887006 0.03954802259887006 0.2542372881355932 -0.24632768361581922
14.26 0.04745762711864407 0.03954802259887006 0.39661016949152544 -0.4610169491525424
14.28 0.023728813559322035 0.031638418079096044 0.2858757062146893 -0.2542372881355932
14.3 0.03954802259887006 0.03954802259887006 0.4282485875706215 -0.44519774011299434
14.32 0.03954802259887006 0.03954802259887006 0.3016949152542373 -0.2384180790960452
14.34 0.03954802259887006 0.031638418079096044 0.43615819209039547 -0.3898305084745763
14.36 0.015819209039548022 0.031638418079096044 0.31751412429378534 -0.21468926553672318
14.38 0.023728813559322035 0.031638418079096044 0.4282485875706215 -0.3265536723163842
14.4 0.007909604519774011 0.031638418079096044 0.3096045197740113 -0.18305084745762712
14.42 0.023728813559322035 0.031638418079096044 0.40451977401129946 -0.24632768361581922
14.44 0.015819209039548022 0.031638418079096044 0.2937853107344633 -0.14350282485875707
14.46 0.007909604519774011 0.031638418079096044 0.3807909604519774 -0.1751412429378531
14.48 0.0 0.031638418079096044 0.27796610169491526 -0.10395480225988701
14.5 0.007909604519774011 0.031638418079096044 0.34124293785310733 -0.08022598870056498
14.52 0.0 0.031638418079096044 0.2542372881355932 -0.06440677966101695
14.54 0.015819209039548022 0.031638418079096044 0.27796610169491526 0.007909604519774011
14.56 0.007909604519774011 0.031638418079096044 0.2056497175141243 0.11073446327683616
14.58 0.007909604519774011 0.031638418079096044 0.2056497175141243 0.11073446327683616
14.6 0.007909604519774011 0.031638418079096044 0.15819209039548024 0.03954802259887006
14.62 0.015819209039548022 0.031638418079096044 0.12655367231638417 0.2056497175141243
14.64 0.015819209039548022 0.031638418079096044 0.11073446327683616 0.09491525423728814
14.66 0.023728813559322035 0.031638418079096044 0.06327683615819209 0.2621468926553672
14.68 0.015819209039548022 0.031638418079096044 0.06327683615819209 0.11864406779661017
14.7 0.023728813559322035 0.023728813559322035 -0.024858757062146894 0.34915254237288135
14.72 0.023728813559322035 0.023728813559322035 -0.00903954802259887 0.15028248587570622
14.74 0.031638418079096044 0.023728813559322035 -0.10395480225988701 0.40451977401129946
14.76 0.015819209039548022 0.023728813559322035 -0.06440677966101695 0.17401129943502824
14.78 0.03954802259887006 0.015819209039548022 -0.1751412429378531 0.4282485875706215
14.8 0.023728813559322035 0.015819209039548022 -0.11186440677966102 0.18192090395480226
14.82 0.05536723163841808 0.007909604519774011 -0.22259887005649717 0.39661016949152544
14.84 0.03954802259887006 0.015819209039548022 -0.15141242937853108 0.18192090395480226
14.86 0.09491525423728814 0.007909604519774011 -0.2384180790960452 0.34124293785310733
14.88 0.07909604519774012 0.015819209039548022 -0.1593220338983051 0.15819209039548024
14.9 0.1423728813559322 -0.00903954802259887 -0.2305084745762712 0.23728813559322035
14.92 0.11073446327683616 0.0 -0.1593220338983051 0.11073446327683616
14.94 0.18192090395480226 -0.024858757062146894 -0.21468926553672318 0.10282485875706215
14.96 0.12655367231638417 0.0 -0.13559322033898305 0.04745762711864407
14.98 0.2542372881355932 -0.05649717514124294 -0.15141242937853108 -0.01694915254237288
15.0 0.17401129943502824 -0.01694915254237288 -0.096045197740113 -0.01694915254237288
15.02 0.23728813559322035 -0.024858757062146894 -0.13559322033898305 -0.06440677966101695
15.04 0.16610169491525426 0.0 -0.08813559322033898 -0.04858757062146893
15.06 0.12655367231638417 0.10282485875706215 -0.11977401129943503 -0.06440677966101695
15.08 0.0711864406779661 0.0711864406779661 -0.08022598870056498 -0.04858757062146893
15.1 -0.04067796610169492 0.24519774011299436 -0.10395480225988701 -0.04858757062146893
15.12 -0.04067796610169492 0.1344632768361582 -0.07231638418079096 -0.04067796610169492
15.14 -0.18305084745762712 0.3649717514124294 -0.096045197740113 -0.04067796610169492
15.16 -0.13559322033898305 0.18983050847457628 -0.06440677966101695 -0.04067796610169492
15.18 -0.2790960451977401 0.4203389830508475 -0.07231638418079096 -0.04067796610169492
15.2 -0.19096045197740114 0.2056497175141243 -0.04067796610169492 -0.0327683615819209
15.22 -0.3502824858757062 0.4440677966101695 -0.05649717514124294 -0.04067796610169492
15.24 -0.24632768361581922 0.21355932203389832 -0.0327683615819209 -0.0327683615819209
15.26 -0.3898305084745763 0.4440677966101695 -0.04067796610169492 -0.0327683615819209
15.28 -0.2790960451977401 0.22937853107344633 -0.0327683615819209 -0.024858757062146894
15.3 -0.42146892655367235 0.40451977401129946 -0.04858757062146893 -0.024858757062146894
15.32 -0.29491525423728815 0.1977401129943503 -0.04067796610169492 -0.024858757062146894
15.34 -0.42937853107344637 0.3649717514124294 -0.04858757062146893 -0.024858757062146894
15.36 -0.30282485875706217 0.16610169491525426 -0.0327683615819209 -0.024858757062146894
15.38 -0.41355932203389834 0.3016949152542373 -0.0327683615819209 -0.024858757062146894
15.4 -0.28700564971751413 0.16610169491525426 -0.01694915254237288 -0.024858757062146894
15.42 -0.3898305084745763 0.21355932203389832 -0.01694915254237288 -0.024858757062146894
15.44 -0.2711864406779661 0.11864406779661017 -0.00903954802259887 -0.01694915254237288
15.46 -0.3502824858757062 0.12655367231638417 -0.00903954802259887 -0.01694915254237288
15.48 -0.24632768361581922 0.07909604519774012 0.0 -0.01694915254237288
15.5 -0.29491525423728815 0.03954802259887006 -0.00903954802259887 -0.01694915254237288
15.52 -0.21468926553672318 0.03954802259887006 0.0 -0.01694915254237288
15.54 -0.2384180790960452 -0.06440677966101695 -0.00903954802259887 -0.01694915254237288
15.56 -0.1751412429378531 -0.00903954802259887 0.0 -0.01694915254237288
15.58 -0.16723163841807911 -0.15141242937853108 -0.01694915254237288 -0.024858757062146894
15.6 -0.11977401129943503 -0.05649717514124294 -0.01694915254237288 -0.01694915254237288
15.62 -0.08813559322033898 -0.2384180790960452 -0.024858757062146894 -0.024858757062146894
15.64 -0.07231638418079096 -0.10395480225988701 -0.024858757062146894 -0.01694915254237288
15.66 -0.00903954802259887 -0.29491525423728815 -0.024858757062146894 -0.01694915254237288
15.68 -0.01694915254237288 -0.11186440677966102 -0.024858757062146894 -0.024858757062146894
15.7 0.07909604519774012 -0.3502824858757062 -0.024858757062146894 -0.01694915254237288
15.72 0.04745762711864407 -0.14350282485875707 -0.01694915254237288 -0.01694915254237288
15.74 0.15028248587570622 -0.3977401129943503 -0.04067796610169492 -0.01694915254237288
15.76 0.08700564971751412 -0.13559322033898305 -0.024858757062146894 -0.00903954802259887
15.78 0.1977401129943503 -0.4056497175141243 -0.04858757062146893 -0.00903954802259887
15.8 0.12655367231638417 -0.15141242937853108 -0.04067796610169492 -0.00903954802259887
15.82 0.2214689265536723 -0.38192090395480227 -0.07231638418079096 0.0
15.84 0.1423728813559322 -0.13559322033898305 -0.06440677966101695 -0.00903954802259887
15.86 0.23728813559322035 -0.30282485875706217 -0.12768361581920903 0.007909604519774011
15.88 0.1423728813559322 -0.08813559322033898 -0.096045197740113 0.0
15.9 0.21355932203389832 -0.1593220338983051 -0.16723163841807911 0.023728813559322035
15.92 0.1344632768361582 -0.04067796610169492 -0.12768361581920903 0.007909604519774011
15.94 0.18983050847457628 0.007909604519774011 -0.19887005649717515 0.031638418079096044
15.96 0.11864406779661017 0.015819209039548022 -0.13559322033898305 0.015819209039548022
15.98 0.15819209039548024 0.07909604519774012 -0.2305084745762712 0.05536723163841808
16.0 0.09491525423728814 0.05536723163841808 -0.16723163841807911 0.023728813559322035
16.02 0.12655367231638417 0.0711864406779661 -0.18305084745762712 -0.024858757062146894
16.04 0.07909604519774012 0.05536723163841808 -0.12768361581920903 -0.024858757062146894
16.06 0.10282485875706215 0.06327683615819209 -0.06440677966101695 -0.1751412429378531
16.08 0.06327683615819209 0.04745762711864407 -0.04067796610169492 -0.11186440677966102
16.1 0.07909604519774012 0.03954802259887006 0.10282485875706215 -0.3107344632768362
16.12 0.04745762711864407 0.031638418079096044 0.09491525423728814 -0.1751412429378531
16.14 0.0711864406779661 0.031638418079096044 0.23728813559322035 -0.3977401129943503
16.16 0.05536723163841808 0.03954802259887006 0.18192090395480226 -0.21468926553672318
16.18 0.06327683615819209 0.03954802259887006 0.34124293785310733 -0.43728813559322033
16.2 0.03954802259887006 0.03954802259887006 0.24519774011299436 -0.2384180790960452
16.22 0.03954802259887006 0.03954802259887006 0.3887005649717514 -0.45310734463276836
16.24 0.023728813559322035 0.03954802259887006 0.27796610169491526 -0.24632768361581922
16.26 0.031638418079096044 0.03954802259887006 0.4282485875706215 -0.44519774011299434
16.28 0.023728813559322035 0.031638418079096044 0.2937853107344633 -0.2305084745762712
16.3 0.031638418079096044 0.031638418079096044 0.4282485875706215 -0.37401129943502825
16.32 0.015819209039548022 0.031638418079096044 0.3096045197740113 -0.21468926553672318
16.34 0.023728813559322035 0.031638418079096044 0.4282485875706215 -0.33446327683615823
16.36 0.015819209039548022 0.031638418079096044 0.3016949152542373 -0.18305084745762712
16.38 0.023728813559322035 0.031638418079096044 0.4124293785310735 -0.24632768361581922
16.4 0.015819209039548022 0.031638418079096044 0.2937853107344633 -0.13559322033898305
16.42 0.007909604519774011 0.031638418079096044 0.3887005649717514 -0.1751412429378531
16.44 0.0 0.031638418079096044 0.27796610169491526 -0.10395480225988701
16.46 0.0 0.031638418079096044 0.34124293785310733 -0.08022598870056498
16.48 0.0 0.031638418079096044 0.24519774011299436 -0.06440677966101695
16.5 0.015819209039548022 0.031638418079096044 0.27796610169491526 0.007909604519774011
16.52 0.007909604519774011 0.031638418079096044 0.2056497175141243 -0.00903954802259887
16.54 0.007909604519774011 0.031638418079096044 0.2056497175141243 0.11073446327683616
16.56 0.007909604519774011 0.031638418079096044 0.15819209039548024 0.03954802259887006
16.58 0.023728813559322035 0.031638418079096044 0.12655367231638417 0.2056497175141243
16.6 0.015819209039548022 0.031638418079096044 0.11073446327683616 0.08700564971751412
16.62 0.023728813559322035 0.031638418079096044 0.06327683615819209 0.2621468926553672
16.64 0.015819209039548022 0.031638418079096044 0.06327683615819209 0.11864406779661017
16.66 0.023728813559322035 0.023728813559322035 -0.024858757062146894 0.34915254237288135
16.68 0.023728813559322035 0.023728813559322035 -0.00903954802259887 0.15819209039548024
16.7 0.031638418079096044 0.023728813559322035 -0.10395480225988701 0.40451977401129946
16.72 0.015819209039548022 0.023728813559322035 -0.06440677966101695 0.17401129943502824
16.74 0.03954802259887006 0.015819209039548022 -0.1751412429378531 0.4203389830508475
16.76 0.023728813559322035 0.015819209039548022 -0.11186440677966102 0.18983050847457628
16.78 0.05536723163841808 0.007909604519774011 -0.22259887005649717 0.39661016949152544
16.8 0.03954802259887006 0.015819209039548022 -0.14350282485875707 0.17401129943502824
16.82 0.09491525423728814 0.015819209039548022 -0.2384180790960452 0.33333333333333337
16.84 0.0711864406779661 0.015819209039548022 -0.1593220338983051 0.15819209039548024
16.86 0.1423728813559322 -0.00903954802259887 -0.2384180790960452 0.23728813559322035
16.88 0.11073446327683616 0.0 -0.1593220338983051 0.11073446327683616
16.9 0.18192090395480226 -0.024858757062146894 -0.21468926553672318 0.10282485875706215
16.92 0.12655367231638417 0.0 -0.14350282485875707 0.04745762711864407
16.94 0.24519774011299436 -0.05649717514124294 -0.15141242937853108 -0.01694915254237288
16.96 0.17401129943502824 -0.01694915254237288 -0.096045197740113 -0.01694915254237288
16.98 0.23728813559322035 -0.024858757062146894 -0.13559322033898305 -0.06440677966101695
17.0 0.16610169491525426 0.0 -0.08813559322033898 -0.04858757062146893
17.02 0.12655367231638417 0.10282485875706215 -0.11977401129943503 -0.06440677966101695
17.04 0.0711864406779661 0.0711864406779661 -0.08022598870056498 -0.04858757062146893
17.06 -0.0327683615819209 0.24519774011299436 -0.11186440677966102 -0.04858757062146893
17.08 -0.04067796610169492 0.1344632768361582 -0.07231638418079096 -0.04067796610169492
17.1 -0.1751412429378531 0.35706214689265536 -0.08813559322033898 -0.04067796610169492
17.12 -0.14350282485875707 0.18192090395480226 -0.05649717514124294 -0.0327683615819209
17.14 -0.2790960451977401 0.4124293785310735 -0.07231638418079096 -0.04067796610169492
17.16 -0.19096045197740114 0.1977401129943503 -0.04858757062146893 -0.0327683615819209
17.18 -0.3502824858757062 0.43615819209039547 -0.05649717514124294 -0.04067796610169492
17.2 -0.2384180790960452 0.2056497175141243 -0.0327683615819209 -0.0327683615819209
17.22 -0.3898305084745763 0.4440677966101695 -0.04067796610169492 -0.0327683615819209
17.24 -0.2711864406779661 0.21355932203389832 -0.024858757062146894 -0.024858757062146894
17.26 -0.41355932203389834 0.4124293785310735 -0.04067796610169492 -0.024858757062146894
17.28 -0.5412429378531074 0.18983050847457628 -0.0327683615819209 -0.024858757062146894
17.3 -0.42146892655367235 0.3649717514124294 -0.04067796610169492 -0.024858757062146894
17.32 -0.28700564971751413 0.16610169491525426 -0.01694915254237288 -0.024858757062146894
17.34 -0.4056497175141243 0.3016949152542373 -0.01694915254237288 -0.024858757062146894
17.36 -0.28700564971751413 0.16610169491525426 -0.01694915254237288 -0.01694915254237288
17.38 -0.3898305084745763 0.21355932203389832 -0.024858757062146894 -0.024858757062146894
17.4 -0.2790960451977401 0.11864406779661017 -0.01694915254237288 -0.024858757062146894
17.42 -0.3581920903954802 0.12655367231638417 -0.01694915254237288 -0.01694915254237288
17.44 -0.2542372881355932 0.07909604519774012 -0.00903954802259887 -0.01694915254237288
17.46 -0.30282485875706217 0.031638418079096044 -0.01694915254237288 -0.01694915254237288
17.48 -0.21468926553672318 0.031638418079096044 -0.00903954802259887 -0.024858757062146894
17.5 -0.2305084745762712 -0.05649717514124294 -0.00903954802259887 -0.01694915254237288
17.52 -0.16723163841807911 -0.00903954802259887 -0.00903954802259887 -0.01694915254237288
17.54 -0.1593220338983051 -0.1593220338983051 -0.01694915254237288 -0.024858757062146894
17.56 -0.11977401129943503 -0.05649717514124294 -0.01694915254237288 -0.01694915254237288
17.58 -0.08813559322033898 -0.2384180790960452 -0.024858757062146894 -0.024858757062146894
17.6 -0.07231638418079096 -0.096045197740113 -0.024858757062146894 -0.01694915254237288
17.62 -0.00903954802259887 -0.28700564971751413 -0.024858757062146894 -0.024858757062146894
17.64 -0.01694915254237288 -0.11186440677966102 -0.024858757062146894 -0.01694915254237288
17.66 0.07909604519774012 -0.3502824858757062 -0.0327683615819209 -0.01694915254237288
17.68 0.04745762711864407 -0.14350282485875707 -0.01694915254237288 -0.024858757062146894
17.7 0.15028248587570622 -0.3977401129943503 -0.04067796610169492 -0.01694915254237288
17.72 0.09491525423728814 -0.13559322033898305 -0.0327683615819209 -0.01694915254237288
17.74 0.1977401129943503 -0.41355932203389834 -0.05649717514124294 -0.00903954802259887
17.76 0.12655367231638417 -0.15141242937853108 -0.04067796610169492 -0.00903954802259887
17.78 0.2214689265536723 -0.37401129943502825 -0.07231638418079096 0.0
17.8 0.1423728813559322 -0.13559322033898305 -0.06440677966101695 0.0
17.82 0.22937853107344633 -0.29491525423728815 -0.12768361581920903 0.007909604519774011
17.84 0.15028248587570622 -0.096045197740113 -0.10395480225988701 0.0
17.86 0.21355932203389832 -0.1593220338983051 -0.16723163841807911 0.023728813559322035
17.88 0.1344632768361582 -0.04067796610169492 -0.11977401129943503 0.007909604519774011
17.9 0.18983050847457628 0.007909604519774011 -0.19096045197740114 0.031638418079096044
17.92 0.12655367231638417 0.015819209039548022 -0.13559322033898305 0.015819209039548022
17.94 0.15819209039548024 0.07909604519774012 -0.2305084745762712 0.04745762711864407
17.96 0.10282485875706215 0.05536723163841808 -0.16723163841807911 0.023728813559322035
17.98 0.1344632768361582 0.0711864406779661 -0.18305084745762712 -0.024858757062146894
18.0 0.08700564971751412 0.04745762711864407 -0.12768361581920903 -0.01694915254237288
18.02 0.10282485875706215 0.05536723163841808 -0.06440677966101695 -0.1751412429378531
18.04 0.06327683615819209 0.04745762711864407 -0.04067796610169492 -0.11186440677966102
18.06 0.07909604519774012 0.03954802259887006 0.10282485875706215 -0.3107344632768362
18.08 0.04745762711864407 0.031638418079096044 0.09491525423728814 -0.1751412429378531
18.1 0.0711864406779661 0.031638418079096044 0.23728813559322035 -0.4056497175141243
18.12 0.04745762711864407 0.031638418079096044 0.18192090395480226 -0.20677966101694917
18.14 0.05536723163841808 0.03954802259887006 0.34124293785310733 -0.44519774011299434
18.16 0.03954802259887006 0.03954802259887006 0.24519774011299436 -0.2384180790960452
18.18 0.03954802259887006 0.03954802259887006 0.3887005649717514 -0.45310734463276836
18.2 0.023728813559322035 0.03954802259887006 0.2858757062146893 -0.24632768361581922
18.22 0.031638418079096044 0.03954802259887006 0.4124293785310735 -0.43728813559322033
18.24 0.023728813559322035 0.03954802259887006 0.2937853107344633 -0.2384180790960452
18.26 0.023728813559322035 0.03954802259887006 0.4282485875706215 -0.38192090395480227
18.28 0.015819209039548022 0.031638418079096044 0.3096045197740113 -0.21468926553672318
18.3 0.023728813559322035 0.031638418079096044 0.4282485875706215 -0.3265536723163842
18.32 0.015819209039548022 0.03954802259887006 0.3096045197740113 -0.18305084745762712
18.34 0.023728813559322035 0.031638418079096044 0.40451977401129946 -0.2384180790960452
18.36 0.015819209039548022 0.031638418079096044 0.2937853107344633 -0.13559322033898305
18.38 0.007909604519774011 0.031638418079096044 0.3887005649717514 -0.16723163841807911
18.4 0.007909604519774011 0.031638418079096044 0.27796610169491526 -0.10395480225988701
18.42 0.007909604519774011 0.031638418079096044 0.33333333333333337 -0.08022598870056498
18.44 0.0 0.031638418079096044 0.24519774011299436 -0.06440677966101695
18.46 0.007909604519774011 0.031638418079096044 0.27005649717514124 0.007909604519774011
18.48 0.007909604519774011 0.031638418079096044 0.2056497175141243 -0.00903954802259887
18.5 0.007909604519774011 0.031638418079096044 0.2056497175141243 0.11073446327683616
18.52 0.007909604519774011 0.031638418079096044 0.15819209039548024 0.03954802259887006
18.54 0.015819209039548022 0.031638418079096044 0.1344632768361582 0.1977401129943503
18.56 0.015819209039548022 0.031638418079096044 0.11073446327683616 0.08700564971751412
18.58 0.023728813559322035 0.031638418079096044 0.06327683615819209 0.2621468926553672
18.6 0.015819209039548022 0.031638418079096044 0.06327683615819209 0.11864406779661017
18.62 0.023728813559322035 0.023728813559322035 -0.01694915254237288 0.34124293785310733
18.64 0.015819209039548022 0.023728813559322035 -0.00903954802259887 0.1423728813559322
18.66 0.031638418079096044 0.023728813559322035 -0.10395480225988701 0.3887005649717514
18.68 0.015819209039548022 0.023728813559322035 -0.06440677966101695 0.16610169491525426
18.7 0.03954802259887006 0.015819209039548022 -0.16723163841807911 0.4124293785310735
18.72 0.023728813559322035 0.015819209039548022 -0.11186440677966102 0.18192090395480226
18.74 0.05536723163841808 0.007909604519774011 -0.22259887005649717 0.3887005649717514
18.76 0.03954802259887006 0.015819209039548022 -0.14350282485875707 0.17401129943502824
18.78 0.09491525423728814 0.015819209039548022 -0.2305084745762712 0.33333333333333337
18.8 0.07909604519774012 0.015819209039548022 -0.1593220338983051 0.15819209039548024
18.82 0.1344632768361582 -0.00903954802259887 -0.22259887005649717 0.22937853107344633
18.84 0.11073446327683616 0.0 -0.15141242937853108 0.11073446327683616
18.86 0.18192090395480226 -0.024858757062146894 -0.20677966101694917 0.10282485875706215
18.88 0.12655367231638417 0.0 -0.13559322033898305 0.04745762711864407
18.9 0.2542372881355932 -0.05649717514124294 -0.15141242937853108 -0.01694915254237288
18.92 0.17401129943502824 -0.01694915254237288 -0.096045197740113 -0.01694915254237288
18.94 0.23728813559322035 -0.024858757062146894 -0.13559322033898305 -0.07231638418079096
18.96 0.16610169491525426 0.0 -0.08813559322033898 -0.04858757062146893
18.98 0.12655367231638417 0.10282485875706215 -0.11977401129943503 -0.06440677966101695
19.0 0.0711864406779661 0.0711864406779661 -0.08022598870056498 -0.04858757062146893
19.02 -0.04067796610169492 0.2542372881355932 -0.10395480225988701 -0.04858757062146893
19.04 -0.04067796610169492 0.12655367231638417 -0.07231638418079096 -0.04067796610169492
19.06 -0.1751412429378531 0.35706214689265536 -0.08813559322033898 -0.04067796610169492
19.08 -0.13559322033898305 0.18192090395480226 -0.05649717514124294 -0.04067796610169492
19.1 -0.2790960451977401 0.4124293785310735 -0.07231638418079096 -0.04067796610169492
19.12 -0.19096045197740114 0.1977401129943503 -0.04067796610169492 -0.0327683615819209
19.14 -0.3502824858757062 0.4440677966101695 -0.05649717514124294 -0.04067796610169492
19.16 -0.2384180790960452 0.2056497175141243 -0.0327683615819209 -0.0327683615819209
19.18 -0.3898305084745763 0.4440677966101695 -0.04067796610169492 -0.0327683615819209
19.2 -0.2711864406779661 0.21355932203389832 -0.0327683615819209 -0.024858757062146894
19.22 -0.41355932203389834 0.4203389830508475 -0.04067796610169492 -0.024858757062146894
19.24 -0.28700564971751413 0.18983050847457628 -0.0327683615819209 -0.024858757062146894
19.26 -0.42146892655367235 0.3728813559322034 -0.04858757062146893 -0.024858757062146894
19.28 -0.28700564971751413 0.17401129943502824 -0.024858757062146894 -0.024858757062146894
19.3 -0.4056497175141243 0.3016949152542373 -0.024858757062146894 -0.024858757062146894
19.32 -0.28700564971751413 0.16610169491525426 -0.00903954802259887 -0.01694915254237288
19.34 -0.38192090395480227 0.2056497175141243 -0.024858757062146894 -0.024858757062146894
19.36 -0.2790960451977401 0.11864406779661017 -0.01694915254237288 -0.024858757062146894
19.38 -0.3502824858757062 0.12655367231638417 -0.00903954802259887 -0.024858757062146894
19.4 -0.24632768361581922 0.07909604519774012 0.0 -0.024858757062146894
19.42 -0.29491525423728815 0.031638418079096044 -0.00903954802259887 -0.01694915254237288
19.44 -0.21468926553672318 0.03954802259887006 0.0 -0.01694915254237288
19.46 -0.2305084745762712 -0.05649717514124294 -0.00903954802259887 -0.01694915254237288
19.48 -0.1751412429378531 -0.01694915254237288 -0.00903954802259887 -0.01694915254237288
19.5 -0.15141242937853108 -0.12768361581920903 -0.01694915254237288 -0.024858757062146894
19.52 -0.11977401129943503 -0.05649717514124294 -0.01694915254237288 -0.01694915254237288
19.54 -0.08813559322033898 -0.2384180790960452 -0.024858757062146894 -0.01694915254237288
19.56 -0.07231638418079096 -0.10395480225988701 -0.024858757062146894 -0.024858757062146894
19.58 -0.00903954802259887 -0.30282485875706217 -0.024858757062146894 -0.01694915254237288
19.6 -0.01694915254237288 -0.11977401129943503 -0.024858757062146894 -0.024858757062146894
19.62 0.0711864406779661 -0.3581920903954802 -0.0327683615819209 -0.024858757062146894
19.64 0.04745762711864407 -0.13559322033898305 -0.01694915254237288 -0.024858757062146894
19.66 0.1423728813559322 -0.3977401129943503 -0.04067796610169492 -0.00903954802259887
19.68 0.08700564971751412 -0.14350282485875707 -0.0327683615819209 -0.00903954802259887
19.7 0.1977401129943503 -0.41355932203389834 -0.04858757062146893 -0.00903954802259887
19.72 0.12655367231638417 -0.15141242937853108 -0.04067796610169492 -0.00903954802259887
19.74 0.2214689265536723 -0.38192090395480227 -0.07231638418079096 0.0
19.76 0.1423728813559322 -0.14350282485875707 -0.06440677966101695 -0.00903954802259887
19.78 0.23728813559322035 -0.30282485875706217 -0.12768361581920903 0.015819209039548022
19.8 0.15028248587570622 -0.096045197740113 -0.096045197740113 0.0
19.82 0.2214689265536723 -0.1593220338983051 -0.1751412429378531 0.023728813559322035
19.84 0.1344632768361582 -0.04067796610169492 -0.11977401129943503 0.007909604519774011
19.86 0.18983050847457628 0.007909604519774011 -0.19096045197740114 0.031638418079096044
19.88 0.11864406779661017 0.015819209039548022 -0.14350282485875707 0.007909604519774011
19.9 0.15819209039548024 0.07909604519774012 -0.2305084745762712 0.04745762711864407
19.92 0.09491525423728814 0.05536723163841808 -0.1593220338983051 0.015819209039548022
19.94 0.1344632768361582 0.0711864406779661 -0.18305084745762712 -0.024858757062146894
19.96 0.07909604519774012 0.04745762711864407 -0.12768361581920903 -0.01694915254237288
19.98 0.09491525423728814 0.05536723163841808 -0.06440677966101695 -0.1751412429378531
20.0 0.06327683615819209 0.04745762711864407 -0.04067796610169492 -0.10395480225988701
