0.0 89.84615384615385 89.93406593406594 89.84615384615385 89.84615384615385
0.02 89.75824175824177 89.84615384615385 89.84615384615385 89.93406593406594
0.04 89.84615384615385 89.84615384615385 89.84615384615385 89.93406593406594
0.06 89.84615384615385 89.84615384615385 89.75824175824177 89.93406593406594
0.08 89.84615384615385 89.75824175824177 89.84615384615385 90.1978021978022
0.1 89.84615384615385 89.4945054945055 89.84615384615385 90.37362637362638
0.12 89.93406593406594 89.31868131868133 89.84615384615385 90.63736263736264
0.14 90.02197802197803 88.96703296703298 89.84615384615385 90.9010989010989
0.16 90.10989010989012 88.70329670329672 89.75824175824177 91.16483516483517
0.18 90.1978021978022 88.43956043956045 89.67032967032968 91.42857142857143
0.2 90.28571428571429 88.17582417582419 89.58241758241759 91.78021978021978
0.22 90.37362637362638 87.91208791208791 89.40659340659342 91.95604395604396
0.24 90.46153846153847 87.64835164835165 89.23076923076924 92.30769230769232
0.26 90.63736263736264 87.47252747252747 89.14285714285715 92.4835164835165
0.28 90.72527472527473 87.20879120879121 89.05494505494507 92.83516483516485
0.3 90.9010989010989 86.94505494505495 88.7912087912088 93.01098901098902
0.32 91.07692307692308 86.68131868131869 88.70329670329672 93.27472527472528
0.34 91.07692307692308 86.50549450549451 88.52747252747254 93.45054945054946
0.36 91.25274725274726 86.24175824175825 88.43956043956045 93.71428571428572
0.38 91.34065934065934 85.97802197802199 88.26373626373628 93.8901098901099
0.4 91.51648351648352 85.71428571428572 88.17582417582419 94.15384615384616
0.42 91.6043956043956 85.45054945054946 88.0 94.41758241758242
0.44 91.6923076923077 85.1868131868132 87.91208791208791 94.68131868131869
0.46 91.78021978021978 84.92307692307693 87.82417582417582 94.94505494505495
0.48 91.86813186813187 84.65934065934067 87.73626373626374 95.2967032967033
0.5 92.04395604395606 84.39560439560441 87.64835164835165 95.56043956043956
0.52 92.21978021978023 84.13186813186813 87.47252747252747 95.82417582417582
0.54 92.30769230769232 83.86813186813187 87.38461538461539 96.00000000000001
0.56 92.39560439560441 83.6043956043956 87.20879120879121 96.26373626373628
0.58 92.4835164835165 83.34065934065934 87.20879120879121 96.52747252747254
0.6 92.65934065934067 83.07692307692308 87.03296703296704 96.7912087912088
0.62 92.74725274725276 82.81318681318682 87.03296703296704 97.05494505494507
0.64 92.83516483516485 82.54945054945055 86.85714285714286 97.31868131868133
0.66 92.92307692307693 82.37362637362638 86.76923076923077 97.4945054945055
0.68 93.09890109890111 82.10989010989012 86.5934065934066 97.75824175824177
0.7 93.1868131868132 81.84615384615385 86.50549450549451 98.02197802197803
0.72 93.27472527472528 81.58241758241759 86.32967032967034 98.37362637362638
0.74 93.45054945054946 81.40659340659342 86.32967032967034 98.46153846153847
0.76 93.53846153846155 81.23076923076924 86.15384615384616 98.72527472527473
0.78 93.62637362637363 80.96703296703298 86.06593406593407 98.98901098901099
0.8 93.80219780219781 80.70329670329672 85.97802197802199 99.16483516483517
0.82 93.8901098901099 80.35164835164836 85.8901098901099 99.34065934065934
0.84 93.97802197802199 80.17582417582418 85.71428571428572 99.6923076923077
0.86 94.06593406593407 80.0 85.62637362637363 99.86813186813188
0.88 94.24175824175825 79.73626373626374 85.53846153846155 100.13186813186815
0.9 94.32967032967034 79.47252747252747 85.36263736263737 100.30769230769232
0.92 94.41758241758242 79.2967032967033 85.27472527472528 100.4835164835165
0.94 94.50549450549451 79.03296703296704 85.1868131868132 100.74725274725276
0.96 94.5934065934066 78.76923076923077 85.09890109890111 101.01098901098902
0.98 94.68131868131869 78.5934065934066 84.92307692307693 101.1868131868132
1.0 94.85714285714286 78.32967032967034 84.92307692307693 101.45054945054946
1.02 94.94505494505495 78.15384615384616 84.74725274725276 101.62637362637363
1.04 95.12087912087912 77.80219780219781 84.65934065934067 101.8901098901099
1.06 95.20879120879121 77.62637362637363 84.57142857142858 102.15384615384616
1.08 95.2967032967033 77.45054945054946 84.4835164835165 102.41758241758242
1.1 95.38461538461539 77.1868131868132 84.39560439560441 102.68131868131869
1.12 95.47252747252747 76.92307692307693 84.21978021978023 102.85714285714286
1.14 95.56043956043956 76.74725274725276 84.13186813186813 103.12087912087912
1.16 95.73626373626374 76.4835164835165 84.04395604395604 103.47252747252747
1.18 95.82417582417582 76.3076923076923 83.95604395604396 103.64835164835165
1.2 95.91208791208793 76.13186813186813 83.78021978021978 103.91208791208793
1.22 96.00000000000001 75.86813186813187 83.78021978021978 104.0879120879121
1.24 96.0879120879121 75.6043956043956 83.6923076923077 104.26373626373628
1.26 96.17582417582419 75.42857142857143 83.51648351648352 104.52747252747254
1.28 96.35164835164836 75.16483516483517 83.42857142857143 104.70329670329672
1.3 96.35164835164836 74.9010989010989 83.42857142857143 104.96703296703298
1.32 96.43956043956045 74.63736263736264 83.34065934065934 105.14285714285715
1.34 96.61538461538463 74.46153846153847 83.16483516483517 105.31868131868133
1.36 96.70329670329672 74.28571428571429 83.07692307692308 105.58241758241759
1.38 96.70329670329672 74.02197802197803 82.98901098901099 105.84615384615385
1.4 96.87912087912089 73.84615384615385 82.9010989010989 106.02197802197803
1.42 96.96703296703298 73.67032967032968 82.81318681318682 106.1978021978022
1.44 97.05494505494507 73.40659340659342 82.63736263736264 106.46153846153847
1.46 97.14285714285715 73.23076923076924 82.54945054945055 106.63736263736264
1.48 97.23076923076924 72.96703296703298 82.46153846153847 106.9010989010989
1.5 97.40659340659342 72.7912087912088 82.46153846153847 107.07692307692308
1.52 97.4945054945055 72.52747252747254 82.28571428571429 107.34065934065934
1.54 97.58241758241759 72.35164835164835 82.28571428571429 107.42857142857143
1.56 97.67032967032968 72.17582417582418 82.10989010989012 107.69230769230771
1.58 97.75824175824177 71.91208791208791 82.02197802197803 107.7802197802198
1.6 97.93406593406594 71.73626373626374 81.93406593406594 108.04395604395606
1.62 97.93406593406594 71.56043956043956 81.75824175824177 108.21978021978023
1.64 98.10989010989012 71.38461538461539 81.67032967032968 108.4835164835165
1.66 98.1978021978022 71.20879120879121 81.67032967032968 108.65934065934067
1.68 98.28571428571429 70.94505494505495 81.4945054945055 108.92307692307693
1.7 98.37362637362638 70.76923076923077 81.4945054945055 109.09890109890111
1.72 98.46153846153847 70.5934065934066 81.31868131868133 109.27472527472528
1.74 98.46153846153847 70.41758241758242 81.31868131868133 109.45054945054946
1.76 98.54945054945055 70.15384615384616 81.14285714285715 109.62637362637363
1.78 98.63736263736264 69.8901098901099 81.14285714285715 109.8901098901099
1.8 98.81318681318682 69.71428571428572 81.05494505494507 110.06593406593407
1.82 98.81318681318682 69.53846153846155 80.96703296703298 110.24175824175825
1.84 98.9010989010989 69.36263736263737 80.7912087912088 110.50549450549451
1.86 98.98901098901099 69.1868131868132 80.70329670329672 110.68131868131869
1.88 99.07692307692308 68.92307692307693 80.61538461538463 110.85714285714286
1.9 99.25274725274726 68.74725274725276 80.52747252747254 111.12087912087912
1.92 99.34065934065934 68.57142857142858 80.43956043956045 111.2967032967033
1.94 99.42857142857143 68.3076923076923 80.35164835164836 111.47252747252747
1.96 99.51648351648352 68.13186813186813 80.26373626373628 111.64835164835166
1.98 99.51648351648352 67.95604395604396 80.17582417582418 111.91208791208793
2.0 99.6923076923077 67.78021978021978 80.08791208791209 112.0879120879121
2.02 99.6923076923077 67.51648351648352 80.0 112.26373626373628
2.04 99.78021978021978 67.34065934065934 79.82417582417582 112.43956043956045
2.06 99.95604395604397 67.16483516483517 79.82417582417582 112.61538461538463
2.08 99.95604395604397 66.98901098901099 79.73626373626374 112.7912087912088
2.1 100.04395604395606 66.81318681318682 79.64835164835165 112.96703296703298
2.12 100.13186813186815 66.63736263736264 79.56043956043956 113.23076923076924
2.14 100.30769230769232 66.46153846153847 79.47252747252747 113.40659340659342
2.16 100.30769230769232 66.28571428571429 79.38461538461539 113.58241758241759
2.18 100.39560439560441 66.1978021978022 79.38461538461539 113.75824175824177
2.2 100.4835164835165 65.93406593406594 79.2967032967033 113.93406593406594
2.22 100.57142857142858 65.67032967032968 79.20879120879121 114.10989010989012
2.24 100.65934065934067 65.58241758241759 79.12087912087912 114.28571428571429
2.26 100.74725274725276 65.31868131868133 79.03296703296704 114.46153846153847
2.28 100.83516483516485 65.23076923076924 78.94505494505495 114.63736263736264
2.3 100.83516483516485 65.05494505494507 78.85714285714286 114.81318681318682
2.32 100.92307692307693 64.87912087912089 78.76923076923077 114.98901098901099
2.34 101.01098901098902 64.61538461538463 78.68131868131869 115.16483516483517
2.36 101.09890109890111 64.43956043956044 78.5934065934066 115.34065934065934
2.38 101.1868131868132 64.35164835164835 78.50549450549451 115.42857142857143
2.4 101.27472527472528 64.08791208791209 78.41758241758242 115.60439560439562
2.42 101.36263736263737 64.0 78.41758241758242 115.7802197802198
2.44 101.45054945054946 63.82417582417583 78.32967032967034 115.95604395604397
2.46 101.53846153846155 63.736263736263744 78.24175824175825 116.13186813186815
2.48 101.62637362637363 63.472527472527474 78.15384615384616 116.30769230769232
2.5 101.71428571428572 63.38461538461539 78.06593406593407 116.4835164835165
2.52 101.80219780219781 63.20879120879121 77.97802197802199 116.65934065934067
2.54 101.8901098901099 63.032967032967036 77.8901098901099 116.83516483516485
2.56 101.97802197802199 62.85714285714286 77.8901098901099 117.01098901098902
2.58 101.97802197802199 62.681318681318686 77.80219780219781 117.09890109890111
2.6 102.06593406593407 62.50549450549451 77.71428571428572 117.27472527472528
2.62 102.15384615384616 62.329670329670336 77.62637362637363 117.45054945054946
2.64 102.24175824175825 62.15384615384616 77.53846153846155 117.62637362637363
2.66 102.32967032967034 62.06593406593407 77.45054945054946 117.80219780219781
2.68 102.32967032967034 61.8901098901099 77.45054945054946 117.97802197802199
2.7 102.41758241758242 61.71428571428572 77.36263736263737 118.06593406593407
2.72 102.50549450549451 61.53846153846154 77.27472527472528 118.24175824175825
2.74 102.5934065934066 61.45054945054945 77.1868131868132 118.41758241758242
2.76 102.68131868131869 61.18681318681319 77.09890109890111 118.5934065934066
2.78 102.76923076923077 61.0989010989011 77.09890109890111 118.76923076923077
2.8 102.85714285714286 60.92307692307693 76.92307692307693 118.94505494505495
2.82 102.85714285714286 60.74725274725275 76.92307692307693 119.12087912087912
2.84 102.94505494505495 60.57142857142858 76.74725274725276 119.2967032967033
2.86 103.03296703296704 60.48351648351649 76.74725274725276 119.3846153846154
2.88 103.12087912087912 60.307692307692314 76.65934065934067 119.56043956043958
2.9 103.12087912087912 60.13186813186814 76.65934065934067 119.64835164835166
2.92 103.20879120879121 60.04395604395605 76.57142857142858 119.82417582417584
2.94 103.20879120879121 59.868131868131876 76.4835164835165 120.00000000000001
2.96 103.2967032967033 59.6923076923077 76.39560439560441 120.0879120879121
2.98 103.38461538461539 59.604395604395606 76.3076923076923 120.26373626373628
3.0 103.47252747252747 59.42857142857143 76.3076923076923 120.35164835164836
3.02 103.56043956043956 59.252747252747255 76.13186813186813 120.52747252747254
3.04 103.56043956043956 59.16483516483517 76.13186813186813 120.61538461538463
3.06 103.64835164835165 58.98901098901099 76.04395604395604 120.7912087912088
3.08 103.73626373626375 58.901098901098905 75.95604395604396 120.96703296703298
3.1 103.73626373626375 58.72527472527473 75.95604395604396 121.05494505494507
3.12 103.82417582417584 58.63736263736264 75.95604395604396 121.31868131868133
3.14 103.91208791208793 58.549450549450555 75.86813186813187 121.31868131868133
3.16 104.00000000000001 58.37362637362638 75.78021978021978 121.4945054945055
3.18 104.00000000000001 58.28571428571429 75.6923076923077 121.58241758241759
3.2 104.0879120879121 58.10989010989012 75.6923076923077 121.75824175824177
3.22 104.17582417582419 58.02197802197803 75.6043956043956 121.93406593406594
3.24 104.26373626373628 57.846153846153854 75.51648351648352 122.02197802197803
3.26 104.26373626373628 57.67032967032967 75.51648351648352 122.10989010989012
3.28 104.35164835164836 57.582417582417584 75.51648351648352 122.28571428571429
3.3 104.43956043956045 57.494505494505496 75.42857142857143 122.37362637362638
3.32 104.43956043956045 57.31868131868132 75.34065934065934 122.54945054945055
3.34 104.52747252747254 57.23076923076923 75.25274725274726 122.63736263736264
3.36 104.52747252747254 57.05494505494506 75.25274725274726 122.63736263736264
3.38 104.61538461538463 56.96703296703297 75.16483516483517 122.81318681318682
3.4 104.61538461538463 56.87912087912088 75.07692307692308 122.98901098901099
3.42 104.70329670329672 56.791208791208796 75.07692307692308 123.07692307692308
3.44 104.7912087912088 56.61538461538462 74.98901098901099 123.25274725274726
3.46 104.87912087912089 56.52747252747253 74.98901098901099 123.25274725274726
3.48 104.87912087912089 56.35164835164836 74.9010989010989 123.42857142857144
3.5 104.96703296703298 56.26373626373627 74.81318681318682 123.60439560439562
3.52 104.96703296703298 56.17582417582418 74.81318681318682 123.69230769230771
3.54 105.05494505494507 56.087912087912095 74.72527472527473 123.7802197802198
3.56 105.05494505494507 55.91208791208792 74.63736263736264 123.95604395604397
3.58 105.14285714285715 55.82417582417583 74.63736263736264 123.95604395604397
3.6 105.14285714285715 55.64835164835165 74.63736263736264 124.13186813186815
3.62 105.14285714285715 55.64835164835165 74.54945054945055 124.21978021978023
3.64 105.23076923076924 55.56043956043956 74.46153846153847 124.30769230769232
3.66 105.31868131868133 55.38461538461539 74.46153846153847 124.39560439560441
3.68 105.40659340659342 55.2967032967033 74.46153846153847 124.4835164835165
3.7 105.40659340659342 55.20879120879121 74.37362637362638 124.57142857142858
3.72 105.4945054945055 55.120879120879124 74.37362637362638 124.65934065934067
3.74 105.4945054945055 55.032967032967036 74.28571428571429 124.83516483516485
3.76 105.4945054945055 54.94505494505495 74.28571428571429 124.92307692307693
3.78 105.58241758241759 54.85714285714286 74.28571428571429 125.01098901098902
3.8 105.58241758241759 54.681318681318686 74.1978021978022 125.09890109890111
3.82 105.67032967032968 54.5934065934066 74.1978021978022 125.1868131868132
3.84 105.67032967032968 54.50549450549451 74.10989010989012 125.27472527472528
3.86 105.75824175824177 54.41758241758242 74.02197802197803 125.36263736263737
3.88 105.75824175824177 54.329670329670336 74.02197802197803 125.45054945054946
3.9 105.84615384615385 54.24175824175825 74.02197802197803 125.53846153846155
3.92 105.84615384615385 54.06593406593407 73.84615384615385 125.62637362637363
3.94 105.93406593406594 53.978021978021985 73.84615384615385 125.71428571428572
3.96 105.93406593406594 53.978021978021985 73.84615384615385 125.80219780219781
3.98 106.02197802197803 53.8901098901099 73.84615384615385 125.8901098901099
4.0 106.02197802197803 53.8021978021978 73.75824175824177 125.97802197802199
4.02 106.10989010989012 53.8021978021978 73.75824175824177 126.15384615384616
4.04 106.10989010989012 53.714285714285715 73.67032967032968 126.24175824175825
4.06 106.10989010989012 53.62637362637363 73.67032967032968 126.32967032967034
4.08 106.10989010989012 53.53846153846154 73.58241758241759 126.32967032967034
4.1 106.1978021978022 53.362637362637365 73.58241758241759 126.41758241758242
4.12 106.1978021978022 53.27472527472528 73.58241758241759 126.50549450549451
4.14 106.28571428571429 53.27472527472528 73.4945054945055 126.5934065934066
4.16 106.28571428571429 53.18681318681319 73.4945054945055 126.68131868131869
4.18 106.37362637362638 53.0989010989011 73.4945054945055 126.68131868131869
4.2 106.37362637362638 53.010989010989015 73.40659340659342 126.85714285714286
4.22 106.37362637362638 53.010989010989015 73.40659340659342 126.85714285714286
4.24 106.37362637362638 52.92307692307693 73.40659340659342 126.94505494505495
4.26 106.46153846153847 52.83516483516484 73.40659340659342 127.03296703296704
4.28 106.46153846153847 52.74725274725275 73.31868131868133 127.03296703296704
4.3 106.46153846153847 52.659340659340664 73.31868131868133 127.12087912087912
4.32 106.54945054945055 52.659340659340664 73.31868131868133 127.20879120879123
4.34 106.54945054945055 52.57142857142858 73.23076923076924 127.20879120879123
4.36 106.54945054945055 52.48351648351649 73.23076923076924 127.29670329670331
4.38 106.63736263736264 52.48351648351649 73.23076923076924 127.3846153846154
4.4 106.63736263736264 52.3956043956044 73.14285714285715 127.3846153846154
4.42 106.72527472527473 52.3956043956044 73.14285714285715 127.47252747252749
4.44 106.72527472527473 52.219780219780226 73.14285714285715 127.47252747252749
4.46 106.72527472527473 52.219780219780226 73.05494505494507 127.47252747252749
4.48 106.72527472527473 52.219780219780226 73.05494505494507 127.56043956043958
4.5 106.72527472527473 52.13186813186814 73.05494505494507 127.56043956043958
4.52 106.81318681318682 52.13186813186814 73.05494505494507 127.64835164835166
4.54 106.81318681318682 52.04395604395605 72.96703296703298 127.73626373626375
4.56 106.81318681318682 52.04395604395605 72.96703296703298 127.73626373626375
4.58 106.9010989010989 51.95604395604396 72.96703296703298 127.82417582417584
4.6 106.9010989010989 51.95604395604396 72.96703296703298 127.82417582417584
4.62 106.9010989010989 51.95604395604396 72.96703296703298 127.82417582417584
4.64 106.9010989010989 51.868131868131876 72.87912087912089 127.91208791208793
4.66 106.9010989010989 51.78021978021978 72.87912087912089 127.91208791208793
4.68 106.9010989010989 51.78021978021978 72.87912087912089 128.0
4.7 106.9010989010989 51.78021978021978 72.87912087912089 128.0
4.72 106.9010989010989 51.78021978021978 72.7912087912088 128.0
4.74 106.98901098901099 51.69230769230769 72.7912087912088 128.0
4.76 106.98901098901099 51.69230769230769 72.7912087912088 128.0879120879121
4.78 106.9010989010989 51.69230769230769 72.7912087912088 128.0879120879121
4.8 106.98901098901099 51.604395604395606 72.7912087912088 128.17582417582418
4.82 106.98901098901099 51.604395604395606 72.7912087912088 128.26373626373626
4.84 106.98901098901099 51.604395604395606 72.70329670329672 128.26373626373626
4.86 106.98901098901099 51.604395604395606 72.7912087912088 128.26373626373626
4.88 106.98901098901099 51.604395604395606 72.70329670329672 128.26373626373626
4.9 106.98901098901099 51.51648351648352 72.70329670329672 128.26373626373626
4.92 106.98901098901099 51.51648351648352 72.70329670329672 128.26373626373626
4.94 106.98901098901099 51.51648351648352 72.70329670329672 128.26373626373626
4.96 106.98901098901099 51.51648351648352 72.70329670329672 128.26373626373626
4.98 106.98901098901099 51.51648351648352 72.70329670329672 128.26373626373626
5.0 106.98901098901099 51.51648351648352 72.70329670329672 128.26373626373626
5.02 106.98901098901099 51.51648351648352 72.70329670329672 128.26373626373626
5.04 106.98901098901099 51.51648351648352 72.70329670329672 128.26373626373626
5.06 106.98901098901099 51.51648351648352 72.70329670329672 128.26373626373626
5.08 106.98901098901099 51.51648351648352 72.70329670329672 128.26373626373626
5.1 107.07692307692308 51.51648351648352 72.70329670329672 128.26373626373626
5.12 107.07692307692308 51.604395604395606 72.70329670329672 128.35164835164835
5.14 107.07692307692308 51.51648351648352 72.70329670329672 128.35164835164835
5.16 107.07692307692308 51.51648351648352 72.70329670329672 128.35164835164835
5.18 107.07692307692308 51.51648351648352 72.61538461538463 128.35164835164835
5.2 107.07692307692308 51.51648351648352 72.70329670329672 128.35164835164835
5.22 106.98901098901099 51.51648351648352 72.61538461538463 128.35164835164835
5.24 107.07692307692308 51.51648351648352 72.70329670329672 128.35164835164835
5.26 107.07692307692308 51.51648351648352 72.70329670329672 128.26373626373626
5.28 107.07692307692308 51.51648351648352 72.70329670329672 128.35164835164835
5.3 107.07692307692308 51.51648351648352 72.61538461538463 128.35164835164835
5.32 107.07692307692308 51.51648351648352 72.61538461538463 128.35164835164835
5.34 107.07692307692308 51.51648351648352 72.70329670329672 128.35164835164835
5.36 107.07692307692308 51.51648351648352 72.70329670329672 128.26373626373626
5.38 107.07692307692308 51.51648351648352 72.70329670329672 128.35164835164835
5.4 107.07692307692308 51.51648351648352 72.61538461538463 128.35164835164835
5.42 107.07692307692308 51.51648351648352 72.61538461538463 128.35164835164835
5.44 107.07692307692308 51.51648351648352 72.61538461538463 128.26373626373626
5.46 107.07692307692308 51.51648351648352 72.70329670329672 128.35164835164835
5.48 107.07692307692308 51.51648351648352 72.61538461538463 128.35164835164835
5.5 107.07692307692308 51.51648351648352 72.61538461538463 128.35164835164835
5.52 107.07692307692308 51.51648351648352 72.70329670329672 128.35164835164835
5.54 107.07692307692308 51.51648351648352 72.70329670329672 128.35164835164835
5.56 107.07692307692308 51.51648351648352 72.70329670329672 128.35164835164835
5.58 106.98901098901099 51.51648351648352 72.61538461538463 128.35164835164835
5.6 107.07692307692308 51.51648351648352 72.61538461538463 128.35164835164835
5.62 106.98901098901099 51.51648351648352 72.70329670329672 128.35164835164835
5.64 107.07692307692308 51.51648351648352 72.61538461538463 128.35164835164835
5.66 107.07692307692308 51.51648351648352 72.61538461538463 128.35164835164835
5.68 107.07692307692308 51.51648351648352 72.70329670329672 128.35164835164835
5.7 107.07692307692308 51.51648351648352 72.61538461538463 128.35164835164835
5.72 107.07692307692308 51.51648351648352 72.61538461538463 128.35164835164835
5.74 107.07692307692308 51.51648351648352 72.70329670329672 128.35164835164835
5.76 107.07692307692308 51.51648351648352 72.61538461538463 128.35164835164835
5.78 107.07692307692308 51.51648351648352 72.61538461538463 128.35164835164835
5.8 106.98901098901099 51.51648351648352 72.61538461538463 128.35164835164835
5.82 107.07692307692308 51.51648351648352 72.61538461538463 128.35164835164835
5.84 107.07692307692308 51.51648351648352 72.61538461538463 128.35164835164835
5.86 107.07692307692308 51.51648351648352 72.61538461538463 128.35164835164835
5.88 107.07692307692308 51.51648351648352 72.61538461538463 128.35164835164835
5.9 107.07692307692308 51.51648351648352 72.61538461538463 128.35164835164835
5.92 107.07692307692308 51.51648351648352 72.61538461538463 128.35164835164835
5.94 107.07692307692308 51.51648351648352 72.61538461538463 128.35164835164835
5.96 107.07692307692308 51.604395604395606 72.61538461538463 128.26373626373626
5.98 107.07692307692308 51.51648351648352 72.70329670329672 128.35164835164835
6.0 107.07692307692308 51.51648351648352 72.61538461538463 128.35164835164835
6.02 107.07692307692308 51.51648351648352 72.61538461538463 128.35164835164835
6.04 107.07692307692308 51.604395604395606 72.61538461538463 128.26373626373626
6.06 107.07692307692308 51.51648351648352 72.61538461538463 128.35164835164835
6.08 107.07692307692308 51.51648351648352 72.61538461538463 128.35164835164835
6.1 107.07692307692308 51.51648351648352 72.61538461538463 128.35164835164835
6.12 107.07692307692308 51.51648351648352 72.61538461538463 128.35164835164835
6.14 107.07692307692308 51.51648351648352 72.61538461538463 128.35164835164835
6.16 107.07692307692308 51.51648351648352 72.61538461538463 128.35164835164835
6.18 107.07692307692308 51.51648351648352 72.61538461538463 128.35164835164835
6.2 107.07692307692308 51.51648351648352 72.61538461538463 128.35164835164835
6.22 107.07692307692308 51.51648351648352 72.70329670329672 128.35164835164835
6.24 107.07692307692308 51.51648351648352 72.61538461538463 128.35164835164835
6.26 106.98901098901099 51.51648351648352 72.61538461538463 128.35164835164835
6.28 107.07692307692308 51.51648351648352 72.61538461538463 128.35164835164835
6.3 107.07692307692308 51.51648351648352 72.61538461538463 128.35164835164835
6.32 107.07692307692308 51.51648351648352 72.61538461538463 128.26373626373626
6.34 107.07692307692308 51.51648351648352 72.70329670329672 128.26373626373626
6.36 107.07692307692308 51.51648351648352 72.61538461538463 128.35164835164835
6.38 107.07692307692308 51.51648351648352 72.61538461538463 128.35164835164835
6.4 107.07692307692308 51.51648351648352 72.61538461538463 128.35164835164835
6.42 107.07692307692308 51.51648351648352 72.61538461538463 128.35164835164835
6.44 107.07692307692308 51.51648351648352 72.61538461538463 128.35164835164835
6.46 107.07692307692308 51.51648351648352 72.61538461538463 128.35164835164835
6.48 107.07692307692308 51.51648351648352 72.70329670329672 128.35164835164835
6.5 107.07692307692308 51.51648351648352 72.70329670329672 128.35164835164835
6.52 107.07692307692308 51.51648351648352 72.70329670329672 128.35164835164835
6.54 107.07692307692308 51.51648351648352 72.61538461538463 128.35164835164835
6.56 106.98901098901099 51.51648351648352 72.61538461538463 128.35164835164835
6.58 107.07692307692308 51.51648351648352 72.61538461538463 128.35164835164835
6.6 107.07692307692308 51.51648351648352 72.61538461538463 128.35164835164835
6.62 107.07692307692308 51.51648351648352 72.61538461538463 128.35164835164835
6.64 107.07692307692308 51.51648351648352 72.61538461538463 128.35164835164835
6.66 107.07692307692308 51.604395604395606 72.61538461538463 128.35164835164835
6.68 107.07692307692308 51.51648351648352 72.61538461538463 128.35164835164835
6.7 107.07692307692308 51.51648351648352 72.61538461538463 128.35164835164835
6.72 107.07692307692308 51.604395604395606 72.61538461538463 128.35164835164835
6.74 107.07692307692308 51.51648351648352 72.70329670329672 128.35164835164835
6.76 107.07692307692308 51.51648351648352 72.61538461538463 128.35164835164835
6.78 107.07692307692308 51.51648351648352 72.61538461538463 128.35164835164835
6.8 107.07692307692308 51.51648351648352 72.61538461538463 128.35164835164835
6.82 107.07692307692308 51.51648351648352 72.61538461538463 128.35164835164835
6.84 107.07692307692308 51.51648351648352 72.61538461538463 128.35164835164835
6.86 107.07692307692308 51.51648351648352 72.61538461538463 128.35164835164835
6.88 107.07692307692308 51.51648351648352 72.61538461538463 128.35164835164835
6.9 107.07692307692308 51.51648351648352 72.70329670329672 128.35164835164835
6.92 107.07692307692308 51.51648351648352 72.61538461538463 128.35164835164835
6.94 107.07692307692308 51.51648351648352 72.61538461538463 128.26373626373626
6.96 107.07692307692308 51.51648351648352 72.61538461538463 128.35164835164835
6.98 107.07692307692308 51.51648351648352 72.70329670329672 128.35164835164835
7.0 107.07692307692308 51.51648351648352 72.61538461538463 128.35164835164835
7.02 107.07692307692308 51.51648351648352 72.61538461538463 128.35164835164835
7.04 107.07692307692308 51.51648351648352 72.61538461538463 128.26373626373626
7.06 107.07692307692308 51.51648351648352 72.61538461538463 128.35164835164835
7.08 107.07692307692308 51.51648351648352 72.61538461538463 128.35164835164835
7.1 107.07692307692308 51.51648351648352 72.61538461538463 128.35164835164835
7.12 107.07692307692308 51.51648351648352 72.61538461538463 128.35164835164835
7.14 107.07692307692308 51.51648351648352 72.61538461538463 128.35164835164835
7.16 107.07692307692308 51.51648351648352 72.61538461538463 128.26373626373626
7.18 107.07692307692308 51.51648351648352 72.61538461538463 128.35164835164835
7.2 107.07692307692308 51.51648351648352 72.61538461538463 128.35164835164835
7.22 107.07692307692308 51.51648351648352 72.61538461538463 128.35164835164835
7.24 107.07692307692308 51.51648351648352 72.61538461538463 128.35164835164835
7.26 107.07692307692308 51.51648351648352 72.61538461538463 128.26373626373626
7.28 107.07692307692308 51.51648351648352 72.61538461538463 128.35164835164835
7.3 107.07692307692308 51.51648351648352 72.61538461538463 128.35164835164835
7.32 107.07692307692308 51.604395604395606 72.61538461538463 128.35164835164835
7.34 107.07692307692308 51.51648351648352 72.61538461538463 128.35164835164835
7.36 107.07692307692308 51.51648351648352 72.61538461538463 128.35164835164835
7.38 107.07692307692308 51.51648351648352 72.61538461538463 128.35164835164835
7.4 107.07692307692308 51.51648351648352 72.61538461538463 128.35164835164835
7.42 107.07692307692308 51.51648351648352 72.61538461538463 128.35164835164835
7.44 107.07692307692308 51.51648351648352 72.61538461538463 128.35164835164835
7.46 107.07692307692308 51.51648351648352 72.61538461538463 128.35164835164835
7.48 107.07692307692308 51.51648351648352 72.61538461538463 128.35164835164835
7.5 107.07692307692308 51.51648351648352 72.61538461538463 128.35164835164835
7.52 107.07692307692308 51.51648351648352 72.61538461538463 128.35164835164835
7.54 107.07692307692308 51.51648351648352 72.61538461538463 128.35164835164835
7.56 107.07692307692308 51.51648351648352 72.61538461538463 128.35164835164835
7.58 107.07692307692308 51.51648351648352 72.61538461538463 128.35164835164835
7.6 107.07692307692308 51.51648351648352 72.61538461538463 128.26373626373626
7.62 107.07692307692308 51.51648351648352 72.61538461538463 128.35164835164835
7.64 107.07692307692308 51.604395604395606 72.61538461538463 128.35164835164835
7.66 107.07692307692308 51.51648351648352 72.61538461538463 128.35164835164835
7.68 107.07692307692308 51.51648351648352 72.61538461538463 128.35164835164835
7.7 107.07692307692308 51.51648351648352 72.61538461538463 128.35164835164835
7.72 107.07692307692308 51.51648351648352 72.61538461538463 128.35164835164835
7.74 107.07692307692308 51.51648351648352 72.61538461538463 128.26373626373626
7.76 107.07692307692308 51.51648351648352 72.70329670329672 128.35164835164835
7.78 107.07692307692308 51.51648351648352 72.61538461538463 128.35164835164835
7.8 107.07692307692308 51.51648351648352 72.61538461538463 128.35164835164835
7.82 107.07692307692308 51.51648351648352 72.61538461538463 128.35164835164835
7.84 107.07692307692308 51.51648351648352 72.70329670329672 128.35164835164835
7.86 107.07692307692308 51.51648351648352 72.61538461538463 128.35164835164835
7.88 107.07692307692308 51.51648351648352 72.61538461538463 128.35164835164835
7.9 107.07692307692308 51.51648351648352 72.61538461538463 128.35164835164835
7.92 107.07692307692308 51.51648351648352 72.61538461538463 128.26373626373626
7.94 107.07692307692308 51.51648351648352 72.61538461538463 128.35164835164835
7.96 107.07692307692308 51.51648351648352 72.61538461538463 128.35164835164835
7.98 107.07692307692308 51.51648351648352 72.61538461538463 128.35164835164835
8.0 107.07692307692308 51.51648351648352 72.61538461538463 128.35164835164835
8.02 107.07692307692308 51.51648351648352 72.61538461538463 128.35164835164835
8.04 107.07692307692308 51.51648351648352 72.61538461538463 128.35164835164835
8.06 107.07692307692308 51.51648351648352 72.61538461538463 128.35164835164835
8.08 107.07692307692308 51.51648351648352 72.61538461538463 128.35164835164835
8.1 107.07692307692308 51.51648351648352 72.70329670329672 128.35164835164835
8.12 107.07692307692308 51.51648351648352 72.61538461538463 128.35164835164835
8.14 107.07692307692308 51.51648351648352 72.70329670329672 128.35164835164835
8.16 107.07692307692308 51.51648351648352 72.61538461538463 128.35164835164835
8.18 107.07692307692308 51.51648351648352 72.61538461538463 128.35164835164835
8.2 107.07692307692308 51.51648351648352 72.61538461538463 128.35164835164835
8.22 107.07692307692308 51.51648351648352 72.61538461538463 128.35164835164835
8.24 107.07692307692308 51.51648351648352 72.61538461538463 128.35164835164835
8.26 107.07692307692308 51.51648351648352 72.70329670329672 128.35164835164835
8.28 107.07692307692308 51.51648351648352 72.61538461538463 128.35164835164835
8.3 107.07692307692308 51.51648351648352 72.70329670329672 128.35164835164835
8.32 107.07692307692308 51.51648351648352 72.61538461538463 128.35164835164835
8.34 107.07692307692308 51.604395604395606 72.61538461538463 128.35164835164835
8.36 107.07692307692308 51.51648351648352 72.61538461538463 128.35164835164835
8.38 107.07692307692308 51.51648351648352 72.61538461538463 128.35164835164835
8.4 107.07692307692308 51.51648351648352 72.61538461538463 128.35164835164835
8.42 107.07692307692308 51.51648351648352 72.61538461538463 128.35164835164835
8.44 107.07692307692308 51.51648351648352 72.61538461538463 128.35164835164835
8.46 107.07692307692308 51.51648351648352 72.61538461538463 128.35164835164835
8.48 107.07692307692308 51.51648351648352 72.61538461538463 128.35164835164835
8.5 107.07692307692308 51.51648351648352 72.61538461538463 128.35164835164835
8.52 107.07692307692308 51.51648351648352 72.61538461538463 128.35164835164835
8.54 107.07692307692308 51.51648351648352 72.61538461538463 128.35164835164835
8.56 107.07692307692308 51.51648351648352 72.61538461538463 128.35164835164835
8.58 107.07692307692308 51.51648351648352 72.61538461538463 128.35164835164835
8.6 107.07692307692308 51.51648351648352 72.61538461538463 128.35164835164835
8.62 107.07692307692308 51.51648351648352 72.61538461538463 128.35164835164835
8.64 107.07692307692308 51.51648351648352 72.61538461538463 128.35164835164835
8.66 107.07692307692308 51.51648351648352 72.61538461538463 128.35164835164835
8.68 107.07692307692308 51.604395604395606 72.61538461538463 128.35164835164835
8.7 107.07692307692308 51.51648351648352 72.61538461538463 128.35164835164835
8.72 107.07692307692308 51.51648351648352 72.61538461538463 128.35164835164835
8.74 107.07692307692308 51.51648351648352 72.61538461538463 128.35164835164835
8.76 107.07692307692308 51.51648351648352 72.61538461538463 128.35164835164835
8.78 107.07692307692308 51.604395604395606 72.61538461538463 128.35164835164835
8.8 107.07692307692308 51.51648351648352 72.61538461538463 128.35164835164835
8.82 107.07692307692308 51.51648351648352 72.70329670329672 128.35164835164835
8.84 107.07692307692308 51.51648351648352 72.61538461538463 128.35164835164835
8.86 107.07692307692308 51.604395604395606 72.61538461538463 128.35164835164835
8.88 107.07692307692308 51.51648351648352 72.61538461538463 128.35164835164835
8.9 107.07692307692308 51.51648351648352 72.61538461538463 128.35164835164835
8.92 107.07692307692308 51.51648351648352 72.61538461538463 128.35164835164835
8.94 107.07692307692308 51.51648351648352 72.61538461538463 128.35164835164835
8.96 107.07692307692308 51.51648351648352 72.61538461538463 128.35164835164835
8.98 107.07692307692308 51.51648351648352 72.61538461538463 128.35164835164835
9.0 107.07692307692308 51.51648351648352 72.61538461538463 128.35164835164835
9.02 107.07692307692308 51.51648351648352 72.61538461538463 128.35164835164835
9.04 107.07692307692308 51.51648351648352 72.61538461538463 128.35164835164835
9.06 107.07692307692308 51.51648351648352 72.61538461538463 128.35164835164835
9.08 107.07692307692308 51.51648351648352 72.70329670329672 128.26373626373626
9.1 107.07692307692308 51.51648351648352 72.61538461538463 128.35164835164835
9.12 107.07692307692308 51.51648351648352 72.61538461538463 128.35164835164835
9.14 107.07692307692308 51.51648351648352 72.61538461538463 128.35164835164835
9.16 107.07692307692308 51.51648351648352 72.61538461538463 128.35164835164835
9.18 107.07692307692308 51.51648351648352 72.61538461538463 128.35164835164835
9.2 107.07692307692308 51.51648351648352 72.61538461538463 128.35164835164835
9.22 107.07692307692308 51.51648351648352 72.61538461538463 128.35164835164835
9.24 107.07692307692308 51.51648351648352 72.61538461538463 128.35164835164835
9.26 107.07692307692308 51.51648351648352 72.61538461538463 128.35164835164835
9.28 107.07692307692308 51.51648351648352 72.61538461538463 128.35164835164835
9.3 107.07692307692308 51.51648351648352 72.61538461538463 128.35164835164835
9.32 107.07692307692308 51.51648351648352 72.61538461538463 128.35164835164835
9.34 107.07692307692308 51.51648351648352 72.61538461538463 128.35164835164835
9.36 107.07692307692308 51.604395604395606 72.61538461538463 128.35164835164835
9.38 107.07692307692308 51.51648351648352 72.61538461538463 128.35164835164835
9.4 107.07692307692308 51.51648351648352 72.61538461538463 128.35164835164835
9.42 107.07692307692308 51.51648351648352 72.70329670329672 128.35164835164835
9.44 107.07692307692308 51.51648351648352 72.61538461538463 128.35164835164835
9.46 107.07692307692308 51.51648351648352 72.61538461538463 128.35164835164835
9.48 107.07692307692308 51.51648351648352 72.70329670329672 128.35164835164835
9.5 107.07692307692308 51.604395604395606 72.61538461538463 128.35164835164835
9.52 107.07692307692308 51.51648351648352 72.61538461538463 128.35164835164835
9.54 107.07692307692308 51.51648351648352 72.61538461538463 128.35164835164835
9.56 107.07692307692308 51.51648351648352 72.61538461538463 128.35164835164835
9.58 107.07692307692308 51.51648351648352 72.61538461538463 128.35164835164835
9.6 107.07692307692308 51.604395604395606 72.61538461538463 128.35164835164835
9.62 107.07692307692308 51.51648351648352 72.61538461538463 128.35164835164835
9.64 107.07692307692308 51.51648351648352 72.61538461538463 128.26373626373626
9.66 107.07692307692308 51.51648351648352 72.61538461538463 128.26373626373626
9.68 107.07692307692308 51.51648351648352 72.61538461538463 128.35164835164835
9.7 107.07692307692308 51.51648351648352 72.61538461538463 128.35164835164835
9.72 107.07692307692308 51.51648351648352 72.61538461538463 128.35164835164835
9.74 107.07692307692308 51.51648351648352 72.61538461538463 128.35164835164835
9.76 107.07692307692308 51.51648351648352 72.61538461538463 128.35164835164835
9.78 107.07692307692308 51.51648351648352 72.61538461538463 128.35164835164835
9.8 107.07692307692308 51.51648351648352 72.70329670329672 128.35164835164835
9.82 107.07692307692308 51.51648351648352 72.61538461538463 128.35164835164835
9.84 107.07692307692308 51.51648351648352 72.61538461538463 128.35164835164835
9.86 107.07692307692308 51.51648351648352 72.61538461538463 128.35164835164835
9.88 107.07692307692308 51.51648351648352 72.61538461538463 128.35164835164835
9.9 107.07692307692308 51.51648351648352 72.61538461538463 128.35164835164835
9.92 107.07692307692308 51.51648351648352 72.61538461538463 128.35164835164835
9.94 107.07692307692308 51.51648351648352 72.61538461538463 128.35164835164835
9.96 107.07692307692308 51.51648351648352 72.61538461538463 128.35164835164835
9.98 107.07692307692308 51.604395604395606 72.61538461538463 128.35164835164835
10.0 107.07692307692308 51.51648351648352 72.61538461538463 128.35164835164835
10.02 106.98901098901099 51.51648351648352 72.61538461538463 128.35164835164835
10.04 107.07692307692308 51.51648351648352 72.61538461538463 128.35164835164835
10.06 107.07692307692308 51.51648351648352 72.61538461538463 128.35164835164835
10.08 107.07692307692308 51.51648351648352 72.61538461538463 128.26373626373626
10.1 107.07692307692308 51.51648351648352 72.61538461538463 128.35164835164835
10.12 107.16483516483517 51.16483516483517 72.61538461538463 128.35164835164835
10.14 107.34065934065934 50.72527472527473 72.61538461538463 128.35164835164835
10.16 107.7802197802198 49.75824175824176 72.61538461538463 128.35164835164835
10.18 108.13186813186815 48.70329670329671 72.61538461538463 128.35164835164835
10.2 108.83516483516485 47.032967032967036 72.61538461538463 128.35164835164835
10.22 109.45054945054946 45.53846153846154 72.61538461538463 128.35164835164835
10.24 110.32967032967034 43.604395604395606 72.61538461538463 128.35164835164835
10.26 111.20879120879121 41.67032967032967 72.61538461538463 128.35164835164835
10.28 112.26373626373628 39.38461538461539 72.61538461538463 128.35164835164835
10.3 113.40659340659342 37.362637362637365 72.61538461538463 128.35164835164835
10.32 114.54945054945055 35.42857142857143 72.61538461538463 128.35164835164835
10.34 115.69230769230771 33.40659340659341 72.61538461538463 128.35164835164835
10.36 116.92307692307693 31.20879120879121 72.61538461538463 128.35164835164835
10.38 118.06593406593407 29.362637362637365 72.61538461538463 128.35164835164835
10.4 119.3846153846154 27.340659340659343 72.61538461538463 128.35164835164835
10.42 120.52747252747254 25.846153846153847 72.61538461538463 128.35164835164835
10.44 121.58241758241759 24.17582417582418 72.61538461538463 128.35164835164835
10.46 122.63736263736264 22.945054945054945 72.61538461538463 128.35164835164835
10.48 123.69230769230771 21.89010989010989 72.61538461538463 128.35164835164835
10.5 124.57142857142858 21.01098901098901 72.61538461538463 128.35164835164835
10.52 125.36263736263737 20.395604395604398 72.61538461538463 128.35164835164835
10.54 126.06593406593407 19.86813186813187 72.61538461538463 128.35164835164835
10.56 126.5934065934066 19.604395604395606 72.61538461538463 128.35164835164835
10.58 127.12087912087912 19.516483516483518 72.61538461538463 128.35164835164835
10.6 127.56043956043958 19.78021978021978 72.61538461538463 128.35164835164835
10.62 127.82417582417584 20.131868131868135 72.61538461538463 128.35164835164835
10.64 128.0 20.747252747252748 72.61538461538463 128.35164835164835
10.66 128.0879120879121 21.626373626373628 72.61538461538463 128.35164835164835
10.68 128.0879120879121 22.76923076923077 72.61538461538463 128.35164835164835
10.7 128.0879120879121 24.08791208791209 72.61538461538463 128.35164835164835
10.72 127.91208791208793 25.582417582417584 72.70329670329672 128.35164835164835
10.74 127.73626373626375 27.42857142857143 72.70329670329672 128.35164835164835
10.76 127.12087912087912 29.18681318681319 72.7912087912088 128.35164835164835
10.78 126.5934065934066 31.2967032967033 72.87912087912089 128.35164835164835
10.8 125.8901098901099 33.40659340659341 72.96703296703298 128.35164835164835
10.82 125.09890109890111 35.69230769230769 73.05494505494507 128.35164835164835
10.84 124.13186813186815 37.714285714285715 73.05494505494507 128.35164835164835
10.86 123.16483516483517 40.17582417582418 73.14285714285715 128.35164835164835
10.88 122.10989010989012 42.28571428571429 73.31868131868133 128.35164835164835
10.9 121.14285714285715 44.659340659340664 73.58241758241759 128.35164835164835
10.92 120.0879120879121 46.50549450549451 73.93406593406594 128.35164835164835
10.94 119.03296703296704 48.70329670329671 74.1978021978022 128.35164835164835
10.96 117.97802197802199 50.10989010989012 74.63736263736264 128.26373626373626
10.98 117.01098901098902 51.604395604395606 75.07692307692308 128.17582417582418
11.0 115.95604395604397 52.48351648351649 75.6043956043956 127.91208791208793
11.02 115.16483516483517 53.010989010989015 76.13186813186813 127.73626373626375
11.04 114.37362637362638 53.0989010989011 76.83516483516485 127.3846153846154
11.06 113.75824175824177 53.0989010989011 77.62637362637363 126.94505494505495
11.08 113.14285714285715 52.92307692307693 78.50549450549451 126.5934065934066
11.1 112.52747252747254 52.57142857142858 79.20879120879121 126.32967032967034
11.12 112.00000000000001 52.3956043956044 79.73626373626374 126.41758241758242
11.14 111.56043956043958 52.13186813186814 80.26373626373628 126.76923076923077
11.16 111.20879120879121 51.95604395604396 80.43956043956045 127.82417582417584
11.18 110.76923076923077 51.78021978021978 80.43956043956045 129.05494505494505
11.2 110.32967032967034 51.78021978021978 80.26373626373628 130.90109890109892
11.22 109.97802197802199 51.69230769230769 79.91208791208791 132.74725274725276
11.24 109.71428571428572 51.604395604395606 79.12087912087912 135.12087912087912
11.26 109.53846153846155 51.51648351648352 78.32967032967034 137.31868131868134
11.28 109.27472527472528 51.51648351648352 77.27472527472528 139.86813186813188
11.3 109.09890109890111 51.51648351648352 76.13186813186813 142.24175824175825
11.32 108.83516483516485 51.42857142857143 74.9010989010989 144.6153846153846
11.34 108.74725274725276 51.34065934065934 73.58241758241759 146.81318681318683
11.36 108.74725274725276 51.42857142857143 72.17582417582418 149.0989010989011
11.38 108.57142857142858 51.42857142857143 70.5934065934066 151.2967032967033
11.4 108.4835164835165 51.34065934065934 69.27472527472528 153.14285714285717
11.42 108.30769230769232 51.42857142857143 67.95604395604396 154.90109890109892
11.44 108.21978021978023 51.34065934065934 66.46153846153847 156.57142857142858
11.46 108.13186813186815 51.34065934065934 65.14285714285715 158.06593406593407
11.48 108.04395604395606 51.34065934065934 63.82417582417583 159.2087912087912
11.5 107.95604395604397 51.34065934065934 62.50549450549451 160.17582417582418
11.52 107.86813186813188 51.34065934065934 61.362637362637365 160.79120879120882
11.54 107.7802197802198 51.34065934065934 60.219780219780226 161.23076923076925
11.56 107.7802197802198 51.34065934065934 59.252747252747255 161.31868131868134
11.58 107.69230769230771 51.34065934065934 58.28571428571429 161.31868131868134
11.6 107.6043956043956 51.34065934065934 57.494505494505496 160.967032967033
11.62 107.6043956043956 51.34065934065934 56.87912087912088 160.52747252747255
11.64 107.51648351648352 51.34065934065934 56.26373626373627 159.64835164835165
11.66 107.51648351648352 51.34065934065934 56.00000000000001 158.5934065934066
11.68 107.42857142857143 51.34065934065934 55.64835164835165 157.0989010989011
11.7 107.34065934065934 51.34065934065934 55.56043956043956 155.60439560439562
11.72 107.25274725274726 51.34065934065934 55.56043956043956 153.75824175824178
11.74 107.16483516483517 51.34065934065934 55.56043956043956 151.82417582417582
11.76 107.07692307692308 51.34065934065934 55.73626373626374 149.71428571428572
11.78 106.9010989010989 51.34065934065934 56.00000000000001 147.42857142857144
11.8 106.72527472527473 51.42857142857143 56.35164835164836 145.14285714285717
11.82 106.54945054945055 51.34065934065934 56.87912087912088 142.76923076923077
11.84 106.37362637362638 51.34065934065934 57.67032967032967 140.3956043956044
11.86 106.1978021978022 51.42857142857143 58.46153846153847 137.93406593406596
11.88 105.93406593406594 51.42857142857143 59.252747252747255 135.56043956043956
11.9 105.75824175824177 51.42857142857143 60.219780219780226 133.27472527472528
11.92 105.31868131868133 51.604395604395606 61.0989010989011 131.34065934065936
11.94 104.96703296703298 51.604395604395606 62.06593406593407 129.5824175824176
11.96 104.52747252747254 51.78021978021978 62.94505494505495 128.26373626373626
11.98 104.00000000000001 51.95604395604396 63.736263736263744 127.29670329670331
12.0 103.47252747252747 52.307692307692314 64.61538461538463 126.85714285714286
12.02 102.76923076923077 52.48351648351649 65.40659340659342 126.76923076923077
12.04 102.15384615384616 52.83516483516484 66.10989010989012 126.94505494505495
12.06 101.45054945054946 53.18681318681319 66.72527472527473 127.12087912087912
12.08 100.92307692307693 53.27472527472528 67.34065934065934 127.3846153846154
12.1 100.30769230769232 53.362637362637365 67.86813186813187 127.56043956043958
12.12 99.86813186813188 52.74725274725275 68.3076923076923 127.82417582417584
12.14 99.51648351648352 51.95604395604396 68.74725274725276 127.91208791208793
12.16 99.6043956043956 50.46153846153847 69.09890109890111 128.0879120879121
12.18 99.78021978021978 48.96703296703297 69.45054945054946 128.17582417582418
12.2 100.30769230769232 46.769230769230774 69.71428571428572 128.26373626373626
12.22 100.92307692307693 44.74725274725275 70.06593406593407 128.26373626373626
12.24 101.8901098901099 42.10989010989012 70.32967032967034 128.26373626373626
12.26 102.85714285714286 40.0 70.5934065934066 128.26373626373626
12.28 104.0879120879121 37.45054945054945 70.76923076923077 128.35164835164835
12.3 105.31868131868133 35.34065934065934 71.03296703296704 128.35164835164835
12.32 106.72527472527473 32.96703296703297 71.12087912087912 128.43956043956044
12.34 108.04395604395606 30.76923076923077 71.20879120879121 128.43956043956044
12.36 109.53846153846155 28.65934065934066 71.20879120879121 128.43956043956044
12.38 110.85714285714286 26.725274725274726 71.20879120879121 128.43956043956044
12.4 112.26373626373628 24.791208791208792 71.38461538461539 128.43956043956044
12.42 113.58241758241759 23.20879120879121 71.47252747252747 128.43956043956044
12.44 114.9010989010989 21.802197802197803 71.56043956043956 128.43956043956044
12.46 116.21978021978023 20.747252747252748 71.73626373626374 128.43956043956044
12.48 117.36263736263737 19.86813186813187 71.91208791208791 128.43956043956044
12.5 118.5934065934066 19.076923076923077 72.0 128.43956043956044
12.52 119.73626373626375 18.725274725274726 72.08791208791209 128.43956043956044
12.54 120.70329670329672 18.63736263736264 72.17582417582418 128.43956043956044
12.56 121.4945054945055 18.63736263736264 72.26373626373626 128.43956043956044
12.58 122.28571428571429 18.813186813186814 72.26373626373626 128.43956043956044
12.6 122.98901098901099 19.42857142857143 72.35164835164835 128.43956043956044
12.62 123.42857142857144 20.219780219780223 72.35164835164835 128.43956043956044
12.64 123.86813186813188 21.450549450549453 72.43956043956045 128.43956043956044
12.66 124.04395604395606 22.76923076923077 72.43956043956045 128.43956043956044
12.68 124.13186813186815 24.351648351648354 72.43956043956045 128.43956043956044
12.7 124.13186813186815 26.021978021978025 72.43956043956045 128.43956043956044
12.72 124.13186813186815 27.78021978021978 72.52747252747254 128.43956043956044
12.74 123.95604395604397 30.06593406593407 72.61538461538463 128.43956043956044
12.76 123.60439560439562 31.912087912087916 72.7912087912088 128.43956043956044
12.78 123.25274725274726 34.549450549450555 72.87912087912089 128.43956043956044
12.8 122.54945054945055 36.659340659340664 73.14285714285715 128.43956043956044
12.82 121.84615384615385 39.2967032967033 73.40659340659342 128.43956043956044
12.84 121.05494505494507 41.494505494505496 73.58241758241759 128.43956043956044
12.86 120.26373626373628 44.04395604395605 73.84615384615385 128.43956043956044
12.88 119.3846153846154 45.97802197802198 74.02197802197803 128.43956043956044
12.9 118.50549450549451 48.26373626373627 74.28571428571429 128.35164835164835
12.92 117.53846153846155 49.75824175824176 74.63736263736264 128.26373626373626
12.94 116.65934065934067 51.42857142857143 74.98901098901099 128.17582417582418
12.96 115.7802197802198 52.307692307692314 75.51648351648352 127.91208791208793
12.98 114.98901098901099 53.010989010989015 76.04395604395604 127.64835164835166
13.0 114.37362637362638 53.0989010989011 76.74725274725276 127.29670329670331
13.02 113.75824175824177 53.010989010989015 77.62637362637363 126.85714285714286
13.04 113.14285714285715 52.83516483516484 78.41758241758242 126.50549450549451
13.06 112.52747252747254 52.57142857142858 79.20879120879121 126.24175824175825
13.08 112.0879120879121 52.307692307692314 79.82417582417582 126.41758241758242
13.1 111.56043956043958 52.13186813186814 80.35164835164836 126.68131868131869
13.12 111.20879120879121 51.95604395604396 80.43956043956045 127.82417582417584
13.14 110.76923076923077 51.868131868131876 80.43956043956045 128.96703296703296
13.16 110.41758241758242 51.78021978021978 80.43956043956045 130.90109890109892
13.18 109.97802197802199 51.69230769230769 80.0 132.65934065934067
13.2 109.71428571428572 51.51648351648352 79.2967032967033 135.03296703296704
13.22 109.53846153846155 51.51648351648352 78.50549450549451 137.31868131868134
13.24 109.27472527472528 51.51648351648352 77.36263736263737 139.95604395604397
13.26 109.09890109890111 51.42857142857143 76.3076923076923 142.24175824175825
13.28 108.83516483516485 51.51648351648352 75.07692307692308 144.52747252747253
13.3 108.74725274725276 51.42857142857143 73.75824175824177 146.90109890109892
13.32 108.57142857142858 51.42857142857143 72.35164835164835 149.1868131868132
13.34 108.4835164835165 51.42857142857143 70.94505494505495 151.2087912087912
13.36 108.39560439560441 51.42857142857143 69.36263736263737 153.23076923076925
13.38 108.30769230769232 51.42857142857143 67.95604395604396 154.90109890109892
13.4 108.21978021978023 51.42857142857143 66.54945054945055 156.57142857142858
13.42 108.13186813186815 51.42857142857143 65.23076923076924 158.06593406593407
13.44 108.13186813186815 51.42857142857143 63.82417582417583 159.12087912087912
13.46 108.04395604395606 51.34065934065934 62.5934065934066 160.17582417582418
13.48 107.95604395604397 51.34065934065934 61.45054945054945 160.70329670329673
13.5 107.86813186813188 51.34065934065934 60.307692307692314 161.23076923076925
13.52 107.7802197802198 51.34065934065934 59.34065934065934 161.31868131868134
13.54 107.69230769230771 51.34065934065934 58.37362637362638 161.31868131868134
13.56 107.6043956043956 51.34065934065934 57.582417582417584 161.05494505494508
13.58 107.6043956043956 51.34065934065934 56.87912087912088 160.52747252747255
13.6 107.51648351648352 51.42857142857143 56.35164835164836 159.64835164835165
13.62 107.51648351648352 51.34065934065934 56.00000000000001 158.5934065934066
13.64 107.34065934065934 51.42857142857143 55.64835164835165 157.1868131868132
13.66 107.34065934065934 51.42857142857143 55.56043956043956 155.60439560439562
13.68 107.25274725274726 51.34065934065934 55.56043956043956 153.75824175824178
13.7 107.16483516483517 51.34065934065934 55.56043956043956 151.82417582417582
13.72 106.98901098901099 51.34065934065934 55.73626373626374 149.71428571428572
13.74 106.9010989010989 51.34065934065934 56.00000000000001 147.51648351648353
13.76 106.72527472527473 51.34065934065934 56.35164835164836 145.14285714285717
13.78 106.54945054945055 51.42857142857143 56.96703296703297 142.85714285714286
13.8 106.37362637362638 51.42857142857143 57.67032967032967 140.3956043956044
13.82 106.1978021978022 51.42857142857143 58.37362637362638 137.93406593406596
13.84 105.93406593406594 51.42857142857143 59.252747252747255 135.47252747252747
13.86 105.67032967032968 51.42857142857143 60.13186813186814 133.27472527472528
13.88 105.31868131868133 51.51648351648352 61.0989010989011 131.34065934065936
13.9 104.96703296703298 51.69230769230769 62.06593406593407 129.5824175824176
13.92 104.52747252747254 51.78021978021978 62.94505494505495 128.26373626373626
13.94 104.00000000000001 51.95604395604396 63.736263736263744 127.29670329670331
13.96 103.38461538461539 52.307692307692314 64.61538461538463 126.85714285714286
13.98 102.76923076923077 52.48351648351649 65.40659340659342 126.76923076923077
14.0 102.15384615384616 52.83516483516484 66.10989010989012 126.85714285714286
14.02 101.45054945054946 53.18681318681319 66.72527472527473 127.12087912087912
14.04 100.83516483516485 53.27472527472528 67.34065934065934 127.3846153846154
14.06 100.30769230769232 53.27472527472528 67.86813186813187 127.56043956043958
14.08 99.86813186813188 52.74725274725275 68.3076923076923 127.82417582417584
14.1 99.51648351648352 51.95604395604396 68.74725274725276 127.91208791208793
14.12 99.6043956043956 50.46153846153847 69.1868131868132 128.0879120879121
14.14 99.86813186813188 48.96703296703297 69.45054945054946 128.17582417582418
14.16 100.30769230769232 46.681318681318686 69.71428571428572 128.26373626373626
14.18 100.92307692307693 44.659340659340664 70.06593406593407 128.17582417582418
14.2 101.80219780219781 42.28571428571429 70.32967032967034 128.26373626373626
14.22 102.76923076923077 40.0 70.50549450549451 128.26373626373626
14.24 104.0879120879121 37.53846153846154 70.76923076923077 128.35164835164835
14.26 105.31868131868133 35.42857142857143 70.94505494505495 128.35164835164835
14.28 106.72527472527473 32.96703296703297 71.12087912087912 128.43956043956044
14.3 108.04395604395606 30.681318681318682 71.20879120879121 128.43956043956044
14.32 109.53846153846155 28.571428571428573 71.20879120879121 128.43956043956044
14.34 110.76923076923077 26.725274725274726 71.2967032967033 128.43956043956044
14.36 112.17582417582419 24.791208791208792 71.38461538461539 128.43956043956044
14.38 113.4945054945055 23.20879120879121 71.47252747252747 128.43956043956044
14.4 114.81318681318682 21.802197802197803 71.64835164835165 128.43956043956044
14.42 116.04395604395606 20.747252747252748 71.73626373626374 128.43956043956044
14.44 117.45054945054946 19.86813186813187 71.91208791208791 128.43956043956044
14.46 118.5934065934066 19.076923076923077 72.0 128.43956043956044
14.48 119.73626373626375 18.725274725274726 72.08791208791209 128.43956043956044
14.5 120.70329670329672 18.63736263736264 72.17582417582418 128.43956043956044
14.52 121.58241758241759 18.725274725274726 72.26373626373626 128.43956043956044
14.54 122.28571428571429 18.9010989010989 72.26373626373626 128.43956043956044
14.56 122.98901098901099 19.42857142857143 72.35164835164835 128.43956043956044
14.58 123.42857142857144 20.219780219780223 72.35164835164835 128.43956043956044
14.6 123.7802197802198 21.362637362637365 72.35164835164835 128.43956043956044
14.62 124.04395604395606 22.681318681318682 72.35164835164835 128.43956043956044
14.64 124.21978021978023 24.351648351648354 72.43956043956045 128.43956043956044
14.66 124.13186813186815 26.109890109890113 72.43956043956045 128.43956043956044
14.68 124.13186813186815 27.692307692307693 72.52747252747254 128.43956043956044
14.7 124.04395604395606 29.890109890109894 72.61538461538463 128.43956043956044
14.72 123.60439560439562 32.08791208791209 72.7912087912088 128.43956043956044
14.74 123.25274725274726 34.549450549450555 72.87912087912089 128.43956043956044
14.76 122.54945054945055 36.659340659340664 73.14285714285715 128.52747252747253
14.78 121.84615384615385 39.2967032967033 73.40659340659342 128.43956043956044
14.8 121.05494505494507 41.494505494505496 73.58241758241759 128.43956043956044
14.82 120.35164835164836 44.04395604395605 73.75824175824177 128.43956043956044
14.84 119.2967032967033 46.06593406593407 74.02197802197803 128.43956043956044
14.86 118.41758241758242 48.35164835164836 74.28571428571429 128.43956043956044
14.88 117.53846153846155 49.75824175824176 74.63736263736264 128.26373626373626
14.9 116.65934065934067 51.42857142857143 75.07692307692308 128.17582417582418
14.92 115.7802197802198 52.307692307692314 75.6043956043956 127.91208791208793
14.94 114.98901098901099 52.92307692307693 76.04395604395604 127.73626373626375
14.96 114.37362637362638 53.0989010989011 76.83516483516485 127.29670329670331
14.98 113.75824175824177 53.010989010989015 77.62637362637363 126.85714285714286
15.0 113.14285714285715 52.83516483516484 78.41758241758242 126.50549450549451
15.02 112.61538461538463 52.57142857142858 79.20879120879121 126.24175824175825
15.04 112.0879120879121 52.307692307692314 79.82417582417582 126.41758241758242
15.06 111.56043956043958 52.13186813186814 80.35164835164836 126.76923076923077
15.08 111.20879120879121 51.95604395604396 80.43956043956045 127.82417582417584
15.1 110.76923076923077 51.868131868131876 80.52747252747254 128.96703296703296
15.12 110.41758241758242 51.78021978021978 80.43956043956045 130.90109890109892
15.14 109.97802197802199 51.69230769230769 80.0 132.74725274725276
15.16 109.71428571428572 51.604395604395606 79.20879120879121 135.03296703296704
15.18 109.53846153846155 51.51648351648352 78.50549450549451 137.23076923076925
15.2 109.27472527472528 51.51648351648352 77.36263736263737 139.86813186813188
15.22 109.09890109890111 51.51648351648352 76.3076923076923 142.24175824175825
15.24 108.92307692307693 51.42857142857143 74.98901098901099 144.6153846153846
15.26 108.74725274725276 51.42857142857143 73.67032967032968 146.81318681318683
15.28 108.57142857142858 51.42857142857143 72.26373626373626 149.1868131868132
15.3 108.4835164835165 51.42857142857143 70.85714285714286 151.2087912087912
15.32 108.39560439560441 51.42857142857143 69.36263736263737 153.23076923076925
15.34 108.30769230769232 51.42857142857143 67.95604395604396 154.989010989011
15.36 108.21978021978023 51.34065934065934 66.54945054945055 156.65934065934067
15.38 108.13186813186815 51.252747252747255 65.31868131868133 158.06593406593407
15.4 108.13186813186815 51.34065934065934 63.82417582417583 159.2087912087912
15.42 108.04395604395606 51.34065934065934 62.681318681318686 160.0879120879121
15.44 107.95604395604397 51.34065934065934 61.45054945054945 160.79120879120882
15.46 107.86813186813188 51.34065934065934 60.307692307692314 161.23076923076925
15.48 107.7802197802198 51.34065934065934 59.252747252747255 161.31868131868134
15.5 107.69230769230771 51.42857142857143 58.37362637362638 161.31868131868134
15.52 107.6043956043956 51.34065934065934 57.582417582417584 160.967032967033
15.54 107.6043956043956 51.42857142857143 56.87912087912088 160.52747252747255
15.56 107.51648351648352 51.34065934065934 56.35164835164836 159.56043956043956
15.58 107.42857142857143 51.34065934065934 55.91208791208792 158.5934065934066
15.6 107.42857142857143 51.42857142857143 55.64835164835165 157.0989010989011
15.62 107.34065934065934 51.34065934065934 55.56043956043956 155.60439560439562
15.64 107.25274725274726 51.42857142857143 55.56043956043956 153.84615384615387
15.66 107.16483516483517 51.34065934065934 55.56043956043956 151.82417582417582
15.68 107.07692307692308 51.42857142857143 55.73626373626374 149.71428571428572
15.7 106.9010989010989 51.34065934065934 56.00000000000001 147.42857142857144
15.72 106.72527472527473 51.42857142857143 56.35164835164836 145.14285714285717
15.74 106.63736263736264 51.42857142857143 56.96703296703297 142.76923076923077
15.76 106.37362637362638 51.42857142857143 57.582417582417584 140.3956043956044
15.78 106.1978021978022 51.42857142857143 58.37362637362638 137.84615384615387
15.8 105.93406593406594 51.42857142857143 59.252747252747255 135.64835164835165
15.82 105.67032967032968 51.42857142857143 60.13186813186814 133.36263736263737
15.84 105.31868131868133 51.51648351648352 61.0989010989011 131.42857142857144
15.86 104.96703296703298 51.69230769230769 61.978021978021985 129.5824175824176
15.88 104.52747252747254 51.78021978021978 62.94505494505495 128.26373626373626
15.9 104.00000000000001 51.95604395604396 63.736263736263744 127.29670329670331
15.92 103.47252747252747 52.307692307692314 64.52747252747253 126.85714285714286
15.94 102.85714285714286 52.48351648351649 65.40659340659342 126.76923076923077
15.96 102.15384615384616 52.83516483516484 66.10989010989012 126.94505494505495
15.98 101.45054945054946 53.18681318681319 66.72527472527473 127.12087912087912
16.0 100.83516483516485 53.362637362637365 67.34065934065934 127.3846153846154
16.02 100.30769230769232 53.27472527472528 67.86813186813187 127.56043956043958
16.04 99.95604395604397 52.74725274725275 68.3076923076923 127.82417582417584
16.06 99.6043956043956 51.95604395604396 68.65934065934067 128.0
16.08 99.6043956043956 50.549450549450555 69.1868131868132 128.0879120879121
16.1 99.86813186813188 48.96703296703297 69.53846153846155 128.17582417582418
16.12 100.30769230769232 46.681318681318686 69.71428571428572 128.26373626373626
16.14 100.83516483516485 44.659340659340664 70.06593406593407 128.26373626373626
16.16 101.8901098901099 42.28571428571429 70.32967032967034 128.26373626373626
16.18 102.85714285714286 40.0 70.50549450549451 128.26373626373626
16.2 104.0879120879121 37.53846153846154 70.76923076923077 128.35164835164835
16.22 105.23076923076924 35.42857142857143 71.03296703296704 128.35164835164835
16.24 106.72527472527473 32.96703296703297 71.12087912087912 128.35164835164835
16.26 108.04395604395606 30.681318681318682 71.12087912087912 128.43956043956044
16.28 109.45054945054946 28.571428571428573 71.20879120879121 128.43956043956044
16.3 110.76923076923077 26.725274725274726 71.20879120879121 128.43956043956044
16.32 112.17582417582419 24.87912087912088 71.38461538461539 128.43956043956044
16.34 113.40659340659342 23.20879120879121 71.47252747252747 128.52747252747253
16.36 114.81318681318682 21.802197802197803 71.56043956043956 128.43956043956044
16.38 116.13186813186815 20.747252747252748 71.73626373626374 128.43956043956044
16.4 117.45054945054946 19.86813186813187 71.91208791208791 128.43956043956044
16.42 118.5934065934066 19.076923076923077 72.0 128.43956043956044
16.44 119.73626373626375 18.813186813186814 72.08791208791209 128.52747252747253
16.46 120.70329670329672 18.54945054945055 72.17582417582418 128.52747252747253
16.48 121.4945054945055 18.725274725274726 72.26373626373626 128.52747252747253
16.5 122.28571428571429 18.813186813186814 72.26373626373626 128.52747252747253
16.52 122.98901098901099 19.516483516483518 72.35164835164835 128.43956043956044
16.54 123.42857142857144 20.219780219780223 72.35164835164835 128.43956043956044
16.56 123.7802197802198 21.450549450549453 72.35164835164835 128.52747252747253
16.58 124.04395604395606 22.76923076923077 72.35164835164835 128.52747252747253
16.6 124.13186813186815 24.351648351648354 72.43956043956045 128.52747252747253
16.62 124.13186813186815 26.021978021978025 72.43956043956045 128.52747252747253
16.64 124.04395604395606 27.86813186813187 72.52747252747254 128.52747252747253
16.66 123.95604395604397 30.06593406593407 72.61538461538463 128.52747252747253
16.68 123.60439560439562 32.0 72.7912087912088 128.52747252747253
16.7 123.25274725274726 34.549450549450555 72.96703296703298 128.52747252747253
16.72 122.63736263736264 36.659340659340664 73.14285714285715 128.52747252747253
16.74 121.84615384615385 39.2967032967033 73.40659340659342 128.52747252747253
16.76 121.05494505494507 41.494505494505496 73.58241758241759 128.43956043956044
16.78 120.26373626373628 44.04395604395605 73.75824175824177 128.43956043956044
16.8 119.3846153846154 45.97802197802198 74.02197802197803 128.43956043956044
16.82 118.41758241758242 48.35164835164836 74.28571428571429 128.43956043956044
16.84 117.53846153846155 49.84615384615385 74.63736263736264 128.26373626373626
16.86 116.65934065934067 51.42857142857143 74.98901098901099 128.17582417582418
16.88 115.86813186813188 52.307692307692314 75.6043956043956 127.91208791208793
16.9 114.98901098901099 52.92307692307693 76.13186813186813 127.73626373626375
16.92 114.37362637362638 53.0989010989011 76.83516483516485 127.29670329670331
16.94 113.75824175824177 53.010989010989015 77.62637362637363 126.85714285714286
16.96 113.14285714285715 52.83516483516484 78.50549450549451 126.50549450549451
16.98 112.61538461538463 52.57142857142858 79.20879120879121 126.24175824175825
17.0 112.0879120879121 52.307692307692314 79.82417582417582 126.41758241758242
17.02 111.64835164835166 52.13186813186814 80.26373626373628 126.68131868131869
17.04 111.20879120879121 51.95604395604396 80.43956043956045 127.82417582417584
17.06 110.76923076923077 51.868131868131876 80.52747252747254 128.96703296703296
17.08 110.41758241758242 51.78021978021978 80.43956043956045 130.90109890109892
17.1 110.06593406593407 51.69230769230769 80.0 132.74725274725276
17.12 109.71428571428572 51.604395604395606 79.2967032967033 135.03296703296704
17.14 109.53846153846155 51.51648351648352 78.50549450549451 137.23076923076925
17.16 109.27472527472528 51.51648351648352 77.36263736263737 139.86813186813188
17.18 109.09890109890111 51.51648351648352 76.3076923076923 142.24175824175825
17.2 108.92307692307693 51.42857142857143 74.98901098901099 144.6153846153846
17.22 108.74725274725276 51.42857142857143 73.75824175824177 146.81318681318683
17.24 108.57142857142858 51.42857142857143 72.26373626373626 149.1868131868132
17.26 108.4835164835165 51.34065934065934 70.94505494505495 151.2087912087912
17.28 108.39560439560441 51.42857142857143 69.36263736263737 153.23076923076925
17.3 108.30769230769232 51.42857142857143 67.95604395604396 154.989010989011
17.32 108.21978021978023 51.34065934065934 66.54945054945055 156.65934065934067
17.34 108.21978021978023 51.252747252747255 65.23076923076924 158.06593406593407
17.36 108.13186813186815 51.34065934065934 63.82417582417583 159.12087912087912
17.38 108.04395604395606 51.42857142857143 62.681318681318686 160.17582417582418
17.4 107.95604395604397 51.34065934065934 61.45054945054945 160.79120879120882
17.42 107.7802197802198 51.42857142857143 60.307692307692314 161.23076923076925
17.44 107.7802197802198 51.42857142857143 59.252747252747255 161.40659340659343
17.46 107.69230769230771 51.34065934065934 58.37362637362638 161.31868131868134
17.48 107.6043956043956 51.34065934065934 57.582417582417584 160.967032967033
17.5 107.6043956043956 51.34065934065934 56.87912087912088 160.52747252747255
17.52 107.51648351648352 51.34065934065934 56.26373626373627 159.64835164835165
17.54 107.51648351648352 51.34065934065934 55.91208791208792 158.5934065934066
17.56 107.42857142857143 51.42857142857143 55.73626373626374 157.0989010989011
17.58 107.25274725274726 51.42857142857143 55.56043956043956 155.60439560439562
17.6 107.25274725274726 51.34065934065934 55.56043956043956 153.75824175824178
17.62 107.16483516483517 51.42857142857143 55.56043956043956 151.82417582417582
17.64 106.98901098901099 51.34065934065934 55.64835164835165 149.71428571428572
17.66 106.98901098901099 51.34065934065934 55.91208791208792 147.42857142857144
17.68 106.72527472527473 51.42857142857143 56.439560439560445 145.05494505494508
17.7 106.54945054945055 51.42857142857143 56.96703296703297 142.76923076923077
17.72 106.37362637362638 51.42857142857143 57.67032967032967 140.30769230769232
17.74 106.1978021978022 51.42857142857143 58.37362637362638 137.84615384615387
17.76 105.93406593406594 51.42857142857143 59.252747252747255 135.56043956043956
17.78 105.67032967032968 51.42857142857143 60.13186813186814 133.27472527472528
17.8 105.31868131868133 51.604395604395606 61.0989010989011 131.34065934065936
17.82 105.05494505494507 51.69230769230769 62.06593406593407 129.6703296703297
17.84 104.52747252747254 51.868131868131876 62.94505494505495 128.26373626373626
17.86 104.00000000000001 51.95604395604396 63.736263736263744 127.29670329670331
17.88 103.47252747252747 52.307692307692314 64.61538461538463 126.85714285714286
17.9 102.76923076923077 52.48351648351649 65.40659340659342 126.76923076923077
17.92 102.15384615384616 52.83516483516484 66.10989010989012 126.85714285714286
17.94 101.45054945054946 53.18681318681319 66.72527472527473 127.03296703296704
17.96 100.92307692307693 53.27472527472528 67.34065934065934 127.3846153846154
17.98 100.30769230769232 53.27472527472528 67.86813186813187 127.56043956043958
18.0 99.86813186813188 52.659340659340664 68.3076923076923 127.82417582417584
18.02 99.6043956043956 51.95604395604396 68.74725274725276 128.0
18.04 99.6043956043956 50.46153846153847 69.1868131868132 128.0879120879121
18.06 99.86813186813188 48.96703296703297 69.53846153846155 128.17582417582418
18.08 100.30769230769232 46.769230769230774 69.71428571428572 128.17582417582418
18.1 100.92307692307693 44.659340659340664 70.06593406593407 128.26373626373626
18.12 101.80219780219781 42.28571428571429 70.32967032967034 128.26373626373626
18.14 102.85714285714286 40.0 70.50549450549451 128.26373626373626
18.16 104.0879120879121 37.53846153846154 70.76923076923077 128.35164835164835
18.18 105.31868131868133 35.42857142857143 70.94505494505495 128.35164835164835
18.2 106.72527472527473 32.96703296703297 71.12087912087912 128.43956043956044
18.22 108.04395604395606 30.76923076923077 71.20879120879121 128.43956043956044
18.24 109.53846153846155 28.571428571428573 71.20879120879121 128.43956043956044
18.26 110.76923076923077 26.725274725274726 71.2967032967033 128.43956043956044
18.28 112.17582417582419 24.791208791208792 71.38461538461539 128.43956043956044
18.3 113.40659340659342 23.20879120879121 71.47252747252747 128.43956043956044
18.32 114.81318681318682 21.802197802197803 71.64835164835165 128.43956043956044
18.34 116.13186813186815 20.747252747252748 71.82417582417582 128.43956043956044
18.36 117.45054945054946 19.86813186813187 71.91208791208791 128.43956043956044
18.38 118.5934065934066 19.164835164835168 72.0 128.43956043956044
18.4 119.73626373626375 18.813186813186814 72.08791208791209 128.43956043956044
18.42 120.70329670329672 18.54945054945055 72.17582417582418 128.52747252747253
18.44 121.4945054945055 18.725274725274726 72.26373626373626 128.43956043956044
18.46 122.28571428571429 18.9010989010989 72.35164835164835 128.43956043956044
18.48 122.9010989010989 19.42857142857143 72.35164835164835 128.43956043956044
18.5 123.42857142857144 20.219780219780223 72.35164835164835 128.43956043956044
18.52 123.7802197802198 21.362637362637365 72.35164835164835 128.43956043956044
18.54 124.04395604395606 22.681318681318682 72.35164835164835 128.43956043956044
18.56 124.13186813186815 24.263736263736266 72.43956043956045 128.43956043956044
18.58 124.13186813186815 26.021978021978025 72.43956043956045 128.43956043956044
18.6 124.13186813186815 27.78021978021978 72.52747252747254 128.43956043956044
18.62 123.95604395604397 29.97802197802198 72.52747252747254 128.43956043956044
18.64 123.60439560439562 32.0 72.7912087912088 128.43956043956044
18.66 123.16483516483517 34.549450549450555 72.87912087912089 128.43956043956044
18.68 122.54945054945055 36.74725274725275 73.14285714285715 128.43956043956044
18.7 121.93406593406594 39.38461538461539 73.40659340659342 128.43956043956044
18.72 121.05494505494507 41.582417582417584 73.67032967032968 128.43956043956044
18.74 120.26373626373628 44.04395604395605 73.84615384615385 128.43956043956044
18.76 119.2967032967033 45.97802197802198 74.02197802197803 128.43956043956044
18.78 118.50549450549451 48.35164835164836 74.28571428571429 128.43956043956044
18.8 117.53846153846155 49.75824175824176 74.63736263736264 128.26373626373626
18.82 116.74725274725276 51.51648351648352 74.98901098901099 128.17582417582418
18.84 115.7802197802198 52.307692307692314 75.51648351648352 127.91208791208793
18.86 114.98901098901099 52.92307692307693 76.04395604395604 127.64835164835166
18.88 114.37362637362638 53.0989010989011 76.83516483516485 127.29670329670331
18.9 113.75824175824177 53.010989010989015 77.62637362637363 126.85714285714286
18.92 113.14285714285715 52.83516483516484 78.41758241758242 126.50549450549451
18.94 112.61538461538463 52.57142857142858 79.20879120879121 126.24175824175825
18.96 112.0879120879121 52.307692307692314 79.73626373626374 126.41758241758242
18.98 111.56043956043958 52.13186813186814 80.35164835164836 126.76923076923077
19.0 111.20879120879121 51.95604395604396 80.43956043956045 127.73626373626375
19.02 110.76923076923077 51.78021978021978 80.52747252747254 128.96703296703296
19.04 110.41758241758242 51.78021978021978 80.43956043956045 130.81318681318683
19.06 109.97802197802199 51.69230769230769 80.0 132.65934065934067
19.08 109.71428571428572 51.604395604395606 79.2967032967033 135.12087912087912
19.1 109.45054945054946 51.51648351648352 78.50549450549451 137.31868131868134
19.12 109.27472527472528 51.51648351648352 77.45054945054946 139.7802197802198
19.14 109.01098901098902 51.51648351648352 76.3076923076923 142.15384615384616
19.16 108.83516483516485 51.42857142857143 75.07692307692308 144.6153846153846
19.18 108.74725274725276 51.42857142857143 73.75824175824177 146.81318681318683
19.2 108.57142857142858 51.42857142857143 72.26373626373626 149.1868131868132
19.22 108.4835164835165 51.42857142857143 70.85714285714286 151.2087912087912
19.24 108.39560439560441 51.42857142857143 69.36263736263737 153.14285714285717
19.26 108.30769230769232 51.34065934065934 67.95604395604396 154.989010989011
19.28 108.21978021978023 51.42857142857143 66.63736263736264 156.57142857142858
19.3 108.13186813186815 51.42857142857143 65.23076923076924 157.97802197802199
19.32 108.04395604395606 51.34065934065934 63.82417582417583 159.2087912087912
19.34 107.95604395604397 51.34065934065934 62.681318681318686 160.0879120879121
19.36 107.95604395604397 51.34065934065934 61.45054945054945 160.79120879120882
19.38 107.86813186813188 51.34065934065934 60.307692307692314 161.31868131868134
19.4 107.7802197802198 51.34065934065934 59.252747252747255 161.31868131868134
19.42 107.69230769230771 51.34065934065934 58.37362637362638 161.31868131868134
19.44 107.6043956043956 51.34065934065934 57.582417582417584 160.967032967033
19.46 107.6043956043956 51.34065934065934 56.87912087912088 160.52747252747255
19.48 107.51648351648352 51.42857142857143 56.35164835164836 159.64835164835165
19.5 107.51648351648352 51.34065934065934 56.00000000000001 158.5934065934066
19.52 107.34065934065934 51.42857142857143 55.73626373626374 157.0989010989011
19.54 107.34065934065934 51.42857142857143 55.56043956043956 155.60439560439562
19.56 107.25274725274726 51.34065934065934 55.56043956043956 153.84615384615387
19.58 107.16483516483517 51.42857142857143 55.56043956043956 151.82417582417582
19.6 106.98901098901099 51.34065934065934 55.64835164835165 149.71428571428572
19.62 106.9010989010989 51.42857142857143 55.91208791208792 147.51648351648353
19.64 106.72527472527473 51.42857142857143 56.35164835164836 145.14285714285717
19.66 106.63736263736264 51.42857142857143 56.96703296703297 142.85714285714286
19.68 106.37362637362638 51.42857142857143 57.67032967032967 140.30769230769232
19.7 106.1978021978022 51.42857142857143 58.37362637362638 137.93406593406596
19.72 105.93406593406594 51.42857142857143 59.252747252747255 135.56043956043956
19.74 105.67032967032968 51.51648351648352 60.13186813186814 133.27472527472528
19.76 105.31868131868133 51.51648351648352 61.0989010989011 131.34065934065936
19.78 105.05494505494507 51.604395604395606 62.06593406593407 129.6703296703297
19.8 104.52747252747254 51.78021978021978 62.94505494505495 128.26373626373626
19.82 104.00000000000001 51.95604395604396 63.736263736263744 127.29670329670331
19.84 103.47252747252747 52.307692307692314 64.52747252747253 126.85714285714286
19.86 102.76923076923077 52.48351648351649 65.40659340659342 126.76923076923077
19.88 102.15384615384616 52.83516483516484 66.10989010989012 126.85714285714286
19.9 101.45054945054946 53.18681318681319 66.72527472527473 127.03296703296704
19.92 100.92307692307693 53.27472527472528 67.34065934065934 127.29670329670331
19.94 100.30769230769232 53.27472527472528 67.86813186813187 127.56043956043958
19.96 99.86813186813188 52.74725274725275 68.3076923076923 127.82417582417584
19.98 99.6043956043956 51.95604395604396 68.74725274725276 128.0
20.0 99.6043956043956 50.46153846153847 69.1868131868132 128.0879120879121
