0.0 0.0 0.0 0.0 0.007909604519774011
0.02 0.0 0.0 0.0 0.0
0.04 0.0 0.007909604519774011 0.015819209039548022 0.023728813559322035
0.06 -0.0327683615819209 0.03954802259887006 0.015819209039548022 0.015819209039548022
0.08 -0.024858757062146894 0.031638418079096044 0.007909604519774011 0.04745762711864407
0.1 -0.04067796610169492 0.05536723163841808 0.0 0.03954802259887006
0.12 -0.0327683615819209 0.031638418079096044 -0.024858757062146894 0.06327683615819209
0.14 -0.04858757062146893 0.05536723163841808 -0.024858757062146894 0.03954802259887006
0.16 -0.04067796610169492 0.031638418079096044 -0.04067796610169492 0.06327683615819209
0.18 -0.04067796610169492 0.05536723163841808 -0.04067796610169492 0.03954802259887006
0.2 -0.0327683615819209 0.023728813559322035 -0.05649717514124294 0.06327683615819209
0.22 -0.04858757062146893 0.05536723163841808 -0.04858757062146893 0.03954802259887006
0.24 -0.0327683615819209 0.031638418079096044 -0.04858757062146893 0.06327683615819209
0.26 -0.04858757062146893 0.05536723163841808 -0.04067796610169492 0.03954802259887006
0.28 -0.04067796610169492 0.023728813559322035 -0.05649717514124294 0.06327683615819209
0.3 -0.04858757062146893 0.05536723163841808 -0.04067796610169492 0.03954802259887006
0.32 -0.04067796610169492 0.023728813559322035 -0.04858757062146893 0.06327683615819209
0.34 -0.04067796610169492 0.04745762711864407 -0.04067796610169492 0.04745762711864407
0.36 -0.0327683615819209 0.031638418079096044 -0.04858757062146893 0.06327683615819209
0.38 -0.04858757062146893 0.06327683615819209 -0.0327683615819209 0.04745762711864407
0.4 -0.0327683615819209 0.031638418079096044 -0.04067796610169492 0.06327683615819209
0.42 -0.04858757062146893 0.05536723163841808 -0.0327683615819209 0.04745762711864407
0.44 -0.04067796610169492 0.031638418079096044 -0.04067796610169492 0.0711864406779661
0.46 -0.04067796610169492 0.05536723163841808 -0.0327683615819209 0.04745762711864407
0.48 -0.0327683615819209 0.031638418079096044 -0.04858757062146893 0.0711864406779661
0.5 -0.05649717514124294 0.04745762711864407 -0.04067796610169492 0.03954802259887006
0.52 -0.04067796610169492 0.023728813559322035 -0.04858757062146893 0.06327683615819209
0.54 -0.04858757062146893 0.04745762711864407 -0.04067796610169492 0.03954802259887006
0.56 -0.04067796610169492 0.031638418079096044 -0.05649717514124294 0.06327683615819209
0.58 -0.05649717514124294 0.05536723163841808 -0.04067796610169492 0.03954802259887006
0.6 -0.04067796610169492 0.031638418079096044 -0.04858757062146893 0.06327683615819209
0.62 -0.04858757062146893 0.04745762711864407 -0.04067796610169492 0.03954802259887006
0.64 -0.04067796610169492 0.023728813559322035 -0.04858757062146893 0.05536723163841808
0.66 -0.04858757062146893 0.04745762711864407 -0.04067796610169492 0.03954802259887006
0.68 -0.0327683615819209 0.031638418079096044 -0.04858757062146893 0.0711864406779661
0.7 -0.04858757062146893 0.06327683615819209 -0.04067796610169492 0.04745762711864407
0.72 -0.04067796610169492 0.031638418079096044 -0.04067796610169492 0.05536723163841808
0.74 -0.04858757062146893 0.04745762711864407 -0.0327683615819209 0.03954802259887006
0.76 -0.0327683615819209 0.031638418079096044 -0.04858757062146893 0.06327683615819209
0.78 -0.04858757062146893 0.05536723163841808 -0.04858757062146893 0.04745762711864407
0.8 -0.04067796610169492 0.031638418079096044 -0.04858757062146893 0.06327683615819209
0.82 -0.04858757062146893 0.05536723163841808 -0.04067796610169492 0.03954802259887006
0.84 -0.04067796610169492 0.031638418079096044 -0.04858757062146893 0.06327683615819209
0.86 -0.04858757062146893 0.04745762711864407 -0.04067796610169492 0.04745762711864407
0.88 -0.04858757062146893 0.031638418079096044 -0.04858757062146893 0.06327683615819209
0.9 -0.04858757062146893 0.05536723163841808 -0.04067796610169492 0.04745762711864407
0.92 -0.04067796610169492 0.03954802259887006 -0.04858757062146893 0.0711864406779661
0.94 -0.05649717514124294 0.04745762711864407 -0.04067796610169492 0.04745762711864407
0.96 -0.04067796610169492 0.031638418079096044 -0.04067796610169492 0.07909604519774012
0.98 -0.04858757062146893 0.05536723163841808 -0.0327683615819209 0.05536723163841808
1.0 -0.04067796610169492 0.031638418079096044 -0.04067796610169492 0.0711864406779661
1.02 -0.05649717514124294 0.05536723163841808 -0.0327683615819209 0.05536723163841808
1.04 -0.04067796610169492 0.03954802259887006 -0.04858757062146893 0.0711864406779661
1.06 -0.04858757062146893 0.04745762711864407 -0.04067796610169492 0.04745762711864407
1.08 -0.04067796610169492 0.031638418079096044 -0.04858757062146893 0.07909604519774012
1.1 -0.04858757062146893 0.04745762711864407 -0.04067796610169492 0.04745762711864407
1.12 -0.0327683615819209 0.031638418079096044 -0.05649717514124294 0.0711864406779661
1.14 -0.05649717514124294 0.05536723163841808 -0.04067796610169492 0.04745762711864407
1.16 -0.04858757062146893 0.031638418079096044 -0.04858757062146893 0.0711864406779661
1.18 -0.04858757062146893 0.04745762711864407 -0.04067796610169492 0.04745762711864407
1.2 -0.04067796610169492 0.031638418079096044 -0.04858757062146893 0.06327683615819209
1.22 -0.04858757062146893 0.04745762711864407 -0.04067796610169492 0.04745762711864407
1.24 -0.04067796610169492 0.031638418079096044 -0.04858757062146893 0.06327683615819209
1.26 -0.05649717514124294 0.05536723163841808 -0.04067796610169492 0.04745762711864407
1.28 -0.04858757062146893 0.031638418079096044 -0.04858757062146893 0.06327683615819209
1.3 -0.05649717514124294 0.05536723163841808 -0.04067796610169492 0.03954802259887006
1.32 -0.04067796610169492 0.031638418079096044 -0.05649717514124294 0.06327683615819209
1.34 -0.04858757062146893 0.04745762711864407 -0.04067796610169492 0.04745762711864407
1.36 -0.04067796610169492 0.031638418079096044 -0.05649717514124294 0.06327683615819209
1.38 -0.05649717514124294 0.05536723163841808 -0.04067796610169492 0.04745762711864407
1.4 -0.04858757062146893 0.031638418079096044 -0.04858757062146893 0.06327683615819209
1.42 -0.05649717514124294 0.05536723163841808 -0.04858757062146893 0.04745762711864407
1.44 -0.04858757062146893 0.031638418079096044 -0.04858757062146893 0.06327683615819209
1.46 -0.05649717514124294 0.05536723163841808 -0.04858757062146893 0.04745762711864407
1.48 -0.04067796610169492 0.03954802259887006 -0.05649717514124294 0.06327683615819209
1.5 -0.04858757062146893 0.05536723163841808 -0.04067796610169492 0.04745762711864407
1.52 -0.04067796610169492 0.03954802259887006 -0.04858757062146893 0.06327683615819209
1.54 -0.05649717514124294 0.05536723163841808 -0.04858757062146893 0.04745762711864407
1.56 -0.04858757062146893 0.031638418079096044 -0.05649717514124294 0.0711864406779661
1.58 -0.05649717514124294 0.04745762711864407 -0.04858757062146893 0.05536723163841808
1.6 -0.04858757062146893 0.031638418079096044 -0.05649717514124294 0.0711864406779661
1.62 -0.04858757062146893 0.04745762711864407 -0.04858757062146893 0.05536723163841808
1.64 -0.04858757062146893 0.031638418079096044 -0.04858757062146893 0.0711864406779661
1.66 -0.05649717514124294 0.05536723163841808 -0.04858757062146893 0.05536723163841808
1.68 -0.04858757062146893 0.03954802259887006 -0.04858757062146893 0.06327683615819209
1.7 -0.05649717514124294 0.04745762711864407 -0.04067796610169492 0.04745762711864407
1.72 -0.04858757062146893 0.031638418079096044 -0.04858757062146893 0.0711864406779661
1.74 -0.04858757062146893 0.04745762711864407 -0.04858757062146893 0.05536723163841808
1.76 -0.04858757062146893 0.031638418079096044 -0.05649717514124294 0.0711864406779661
1.78 -0.05649717514124294 0.05536723163841808 -0.04858757062146893 0.05536723163841808
1.8 -0.04067796610169492 0.03954802259887006 -0.05649717514124294 0.0711864406779661
1.82 -0.05649717514124294 0.04745762711864407 -0.04858757062146893 0.05536723163841808
1.84 -0.04858757062146893 0.03954802259887006 -0.05649717514124294 0.0711864406779661
1.86 -0.06440677966101695 0.05536723163841808 -0.05649717514124294 0.04745762711864407
1.88 -0.04858757062146893 0.03954802259887006 -0.05649717514124294 0.0711864406779661
1.9 -0.05649717514124294 0.05536723163841808 -0.04858757062146893 0.04745762711864407
1.92 -0.04858757062146893 0.03954802259887006 -0.05649717514124294 0.06327683615819209
1.94 -0.05649717514124294 0.05536723163841808 -0.04858757062146893 0.04745762711864407
1.96 -0.04858757062146893 0.03954802259887006 -0.05649717514124294 0.06327683615819209
1.98 -0.05649717514124294 0.05536723163841808 -0.04858757062146893 0.04745762711864407
2.0 -0.04858757062146893 0.031638418079096044 -0.05649717514124294 0.06327683615819209
2.02 -0.05649717514124294 0.04745762711864407 -0.04858757062146893 0.04745762711864407
2.04 -0.04858757062146893 0.03954802259887006 -0.05649717514124294 0.06327683615819209
2.06 -0.05649717514124294 0.04745762711864407 -0.04858757062146893 0.04745762711864407
2.08 -0.04858757062146893 0.031638418079096044 -0.05649717514124294 0.0711864406779661
2.1 -0.04067796610169492 0.05536723163841808 -0.04858757062146893 0.05536723163841808
2.12 -0.04067796610169492 0.03954802259887006 -0.04858757062146893 0.06327683615819209
2.14 -0.04858757062146893 0.06327683615819209 -0.04067796610169492 0.04745762711864407
2.16 -0.04067796610169492 0.03954802259887006 -0.05649717514124294 0.0711864406779661
2.18 -0.04858757062146893 0.05536723163841808 -0.04858757062146893 0.04745762711864407
2.2 -0.04858757062146893 0.03954802259887006 -0.05649717514124294 0.06327683615819209
2.22 -0.05649717514124294 0.05536723163841808 -0.04858757062146893 0.05536723163841808
2.24 -0.04858757062146893 0.031638418079096044 -0.05649717514124294 0.06327683615819209
2.26 -0.05649717514124294 0.04745762711864407 -0.05649717514124294 0.04745762711864407
2.28 -0.04858757062146893 0.031638418079096044 -0.05649717514124294 0.0711864406779661
2.3 -0.05649717514124294 0.05536723163841808 -0.04858757062146893 0.05536723163841808
2.32 -0.04858757062146893 0.03954802259887006 -0.05649717514124294 0.0711864406779661
2.34 -0.05649717514124294 0.04745762711864407 -0.05649717514124294 0.05536723163841808
2.36 -0.04858757062146893 0.03954802259887006 -0.05649717514124294 0.0711864406779661
2.38 -0.05649717514124294 0.05536723163841808 -0.04858757062146893 0.05536723163841808
2.4 -0.04858757062146893 0.03954802259887006 -0.05649717514124294 0.0711864406779661
2.42 -0.04858757062146893 0.05536723163841808 -0.04858757062146893 0.05536723163841808
2.44 -0.04858757062146893 0.03954802259887006 -0.05649717514124294 0.0711864406779661
2.46 -0.05649717514124294 0.06327683615819209 -0.04858757062146893 0.05536723163841808
2.48 -0.04858757062146893 0.03954802259887006 -0.05649717514124294 0.0711864406779661
2.5 -0.04858757062146893 0.05536723163841808 -0.05649717514124294 0.05536723163841808
2.52 -0.04858757062146893 0.03954802259887006 -0.05649717514124294 0.0711864406779661
2.54 -0.06440677966101695 0.04745762711864407 -0.05649717514124294 0.05536723163841808
2.56 -0.04858757062146893 0.03954802259887006 -0.05649717514124294 0.06327683615819209
2.58 -0.04858757062146893 0.05536723163841808 -0.04858757062146893 0.05536723163841808
2.6 -0.04858757062146893 0.03954802259887006 -0.05649717514124294 0.0711864406779661
2.62 -0.05649717514124294 0.05536723163841808 -0.04858757062146893 0.05536723163841808
2.64 -0.04858757062146893 0.03954802259887006 -0.05649717514124294 0.0711864406779661
2.66 -0.05649717514124294 0.04745762711864407 -0.04858757062146893 0.05536723163841808
2.68 -0.04858757062146893 0.03954802259887006 -0.05649717514124294 0.06327683615819209
2.7 -0.04858757062146893 0.05536723163841808 -0.04858757062146893 0.04745762711864407
2.72 -0.04858757062146893 0.03954802259887006 -0.05649717514124294 0.0711864406779661
2.74 -0.05649717514124294 0.05536723163841808 -0.04858757062146893 0.05536723163841808
2.76 -0.04858757062146893 0.03954802259887006 -0.05649717514124294 0.06327683615819209
2.78 -0.04858757062146893 0.04745762711864407 -0.05649717514124294 0.04745762711864407
2.8 -0.04858757062146893 0.03954802259887006 -0.04858757062146893 0.06327683615819209
2.82 -0.05649717514124294 0.04745762711864407 -0.04858757062146893 0.05536723163841808
2.84 -0.04858757062146893 0.03954802259887006 -0.05649717514124294 0.05536723163841808
2.86 -0.05649717514124294 0.05536723163841808 -0.04858757062146893 0.04745762711864407
2.88 -0.05649717514124294 0.03954802259887006 -0.04858757062146893 0.0711864406779661
2.9 -0.05649717514124294 0.04745762711864407 -0.04858757062146893 0.04745762711864407
2.92 -0.04858757062146893 0.03954802259887006 -0.05649717514124294 0.06327683615819209
2.94 -0.05649717514124294 0.05536723163841808 -0.05649717514124294 0.04745762711864407
2.96 -0.04858757062146893 0.03954802259887006 -0.05649717514124294 0.06327683615819209
2.98 -0.05649717514124294 0.05536723163841808 -0.04858757062146893 0.05536723163841808
3.0 -0.04858757062146893 0.03954802259887006 -0.06440677966101695 0.06327683615819209
3.02 -0.05649717514124294 0.05536723163841808 -0.04858757062146893 0.05536723163841808
3.04 -0.04858757062146893 0.03954802259887006 -0.05649717514124294 0.0711864406779661
3.06 -0.05649717514124294 0.04745762711864407 -0.04858757062146893 0.05536723163841808
3.08 -0.05649717514124294 0.03954802259887006 -0.05649717514124294 0.06327683615819209
3.1 -0.05649717514124294 0.04745762711864407 -0.05649717514124294 0.05536723163841808
3.12 -0.04858757062146893 0.03954802259887006 -0.05649717514124294 0.06327683615819209
3.14 -0.05649717514124294 0.04745762711864407 -0.04858757062146893 0.04745762711864407
3.16 -0.04858757062146893 0.03954802259887006 -0.05649717514124294 0.06327683615819209
3.18 -0.05649717514124294 0.05536723163841808 -0.05649717514124294 0.05536723163841808
3.2 -0.04858757062146893 0.03954802259887006 -0.04858757062146893 0.06327683615819209
3.22 -0.05649717514124294 0.04745762711864407 -0.04858757062146893 0.04745762711864407
3.24 -0.05649717514124294 0.03954802259887006 -0.04858757062146893 0.06327683615819209
3.26 -0.05649717514124294 0.04745762711864407 -0.04858757062146893 0.05536723163841808
3.28 -0.05649717514124294 0.04745762711864407 -0.05649717514124294 0.06327683615819209
3.3 -0.05649717514124294 0.05536723163841808 -0.05649717514124294 0.05536723163841808
3.32 -0.04858757062146893 0.03954802259887006 -0.05649717514124294 0.05536723163841808
3.34 -0.05649717514124294 0.05536723163841808 -0.04858757062146893 0.05536723163841808
3.36 -0.04858757062146893 0.03954802259887006 -0.05649717514124294 0.0711864406779661
3.38 -0.05649717514124294 0.05536723163841808 -0.04858757062146893 0.05536723163841808
3.4 -0.04858757062146893 0.03954802259887006 -0.05649717514124294 0.0711864406779661
3.42 -0.05649717514124294 0.04745762711864407 -0.04858757062146893 0.05536723163841808
3.44 -0.04858757062146893 0.03954802259887006 -0.05649717514124294 0.0711864406779661
3.46 -0.04858757062146893 0.04745762711864407 -0.05649717514124294 0.05536723163841808
3.48 -0.04858757062146893 0.03954802259887006 -0.05649717514124294 0.06327683615819209
3.5 -0.05649717514124294 0.04745762711864407 -0.05649717514124294 0.05536723163841808
3.52 -0.04858757062146893 0.03954802259887006 -0.05649717514124294 0.0711864406779661
3.54 -0.06440677966101695 0.04745762711864407 -0.04858757062146893 0.05536723163841808
3.56 -0.05649717514124294 0.03954802259887006 -0.05649717514124294 0.06327683615819209
3.58 -0.05649717514124294 0.03954802259887006 -0.04858757062146893 0.05536723163841808
3.6 -0.05649717514124294 0.03954802259887006 -0.04858757062146893 0.06327683615819209
3.62 -0.05649717514124294 0.04745762711864407 -0.04858757062146893 0.05536723163841808
3.64 -0.04858757062146893 0.03954802259887006 -0.05649717514124294 0.06327683615819209
3.66 -0.05649717514124294 0.04745762711864407 -0.04858757062146893 0.05536723163841808
3.68 -0.04858757062146893 0.03954802259887006 -0.05649717514124294 0.06327683615819209
3.7 -0.05649717514124294 0.04745762711864407 -0.05649717514124294 0.05536723163841808
3.72 -0.04858757062146893 0.03954802259887006 -0.04858757062146893 0.0711864406779661
3.74 -0.05649717514124294 0.04745762711864407 -0.04858757062146893 0.05536723163841808
3.76 -0.04858757062146893 0.03954802259887006 -0.05649717514124294 0.06327683615819209
3.78 -0.05649717514124294 0.04745762711864407 -0.04858757062146893 0.05536723163841808
3.8 -0.04858757062146893 0.03954802259887006 -0.05649717514124294 0.06327683615819209
3.82 -0.05649717514124294 0.03954802259887006 -0.04858757062146893 0.05536723163841808
3.84 -0.05649717514124294 0.03954802259887006 -0.05649717514124294 0.06327683615819209
3.86 -0.05649717514124294 0.04745762711864407 -0.04858757062146893 0.05536723163841808
3.88 -0.05649717514124294 0.03954802259887006 -0.05649717514124294 0.06327683615819209
3.9 -0.05649717514124294 0.04745762711864407 -0.05649717514124294 0.05536723163841808
3.92 -0.04858757062146893 0.03954802259887006 -0.05649717514124294 0.06327683615819209
3.94 -0.05649717514124294 0.04745762711864407 -0.04858757062146893 0.05536723163841808
3.96 -0.04858757062146893 0.03954802259887006 -0.05649717514124294 0.06327683615819209
3.98 -0.05649717514124294 0.04745762711864407 -0.05649717514124294 0.05536723163841808
4.0 -0.04858757062146893 0.03954802259887006 -0.05649717514124294 0.06327683615819209
4.02 -0.04858757062146893 0.03954802259887006 -0.05649717514124294 0.04745762711864407
4.04 -0.04858757062146893 0.031638418079096044 -0.05649717514124294 0.05536723163841808
4.06 -0.05649717514124294 0.04745762711864407 -0.05649717514124294 0.04745762711864407
4.08 -0.04858757062146893 0.03954802259887006 -0.05649717514124294 0.06327683615819209
4.1 -0.05649717514124294 0.03954802259887006 -0.05649717514124294 0.05536723163841808
4.12 -0.05649717514124294 0.031638418079096044 -0.04858757062146893 0.05536723163841808
4.14 -0.06440677966101695 0.04745762711864407 -0.05649717514124294 0.04745762711864407
4.16 -0.05649717514124294 0.03954802259887006 -0.05649717514124294 0.05536723163841808
4.18 -0.05649717514124294 0.04745762711864407 -0.04858757062146893 0.05536723163841808
4.2 -0.04858757062146893 0.03954802259887006 -0.05649717514124294 0.05536723163841808
4.22 -0.04858757062146893 0.03954802259887006 -0.05649717514124294 0.04745762711864407
4.24 -0.04858757062146893 0.031638418079096044 -0.05649717514124294 0.05536723163841808
4.26 -0.05649717514124294 0.04745762711864407 -0.05649717514124294 0.05536723163841808
4.28 -0.04858757062146893 0.03954802259887006 -0.06440677966101695 0.05536723163841808
4.3 -0.04858757062146893 0.03954802259887006 -0.05649717514124294 0.04745762711864407
4.32 -0.04858757062146893 0.03954802259887006 -0.06440677966101695 0.05536723163841808
4.34 -0.04858757062146893 0.03954802259887006 -0.06440677966101695 0.05536723163841808
4.36 -0.04858757062146893 0.03954802259887006 -0.05649717514124294 0.05536723163841808
4.38 -0.05649717514124294 0.04745762711864407 -0.05649717514124294 0.04745762711864407
4.4 -0.04858757062146893 0.03954802259887006 -0.05649717514124294 0.05536723163841808
4.42 -0.04858757062146893 0.03954802259887006 -0.05649717514124294 0.05536723163841808
4.44 -0.04858757062146893 0.03954802259887006 -0.05649717514124294 0.05536723163841808
4.46 -0.05649717514124294 0.03954802259887006 -0.04858757062146893 0.05536723163841808
4.48 -0.05649717514124294 0.03954802259887006 -0.05649717514124294 0.05536723163841808
4.5 -0.04858757062146893 0.04745762711864407 -0.05649717514124294 0.05536723163841808
4.52 -0.04858757062146893 0.03954802259887006 -0.05649717514124294 0.06327683615819209
4.54 -0.05649717514124294 0.03954802259887006 -0.05649717514124294 0.05536723163841808
4.56 -0.04858757062146893 0.03954802259887006 -0.05649717514124294 0.04745762711864407
4.58 -0.04858757062146893 0.04745762711864407 -0.05649717514124294 0.04745762711864407
4.6 -0.04858757062146893 0.03954802259887006 -0.05649717514124294 0.05536723163841808
4.62 -0.04858757062146893 0.03954802259887006 -0.05649717514124294 0.04745762711864407
4.64 -0.04067796610169492 0.03954802259887006 -0.05649717514124294 0.05536723163841808
4.66 -0.04858757062146893 0.031638418079096044 -0.05649717514124294 0.05536723163841808
4.68 -0.04858757062146893 0.031638418079096044 -0.05649717514124294 0.06327683615819209
4.7 -0.04858757062146893 0.03954802259887006 -0.05649717514124294 0.05536723163841808
4.72 -0.04858757062146893 0.03954802259887006 -0.05649717514124294 0.04745762711864407
4.74 -0.04858757062146893 0.04745762711864407 -0.05649717514124294 0.04745762711864407
4.76 -0.04858757062146893 0.03954802259887006 -0.04858757062146893 0.05536723163841808
4.78 -0.05649717514124294 0.03954802259887006 -0.05649717514124294 0.05536723163841808
4.8 -0.05649717514124294 0.031638418079096044 -0.05649717514124294 0.05536723163841808
4.82 -0.04858757062146893 0.03954802259887006 -0.05649717514124294 0.05536723163841808
4.84 -0.05649717514124294 0.03954802259887006 -0.05649717514124294 0.04745762711864407
4.86 -0.04858757062146893 0.03954802259887006 -0.05649717514124294 0.04745762711864407
4.88 -0.05649717514124294 0.03954802259887006 -0.05649717514124294 0.04745762711864407
4.9 -0.04858757062146893 0.03954802259887006 -0.04858757062146893 0.04745762711864407
4.92 -0.04858757062146893 0.03954802259887006 -0.04858757062146893 0.05536723163841808
4.94 -0.04858757062146893 0.04745762711864407 -0.04858757062146893 0.05536723163841808
4.96 -0.04858757062146893 0.04745762711864407 -0.04858757062146893 0.05536723163841808
4.98 -0.04858757062146893 0.03954802259887006 -0.04858757062146893 0.05536723163841808
5.0 -0.04858757062146893 0.03954802259887006 -0.04858757062146893 0.05536723163841808
5.02 -0.04858757062146893 0.03954802259887006 -0.04858757062146893 0.05536723163841808
5.04 -0.04858757062146893 0.03954802259887006 -0.04858757062146893 0.05536723163841808
5.06 -0.04858757062146893 0.03954802259887006 -0.04858757062146893 0.05536723163841808
5.08 -0.04067796610169492 0.03954802259887006 -0.04858757062146893 0.05536723163841808
5.1 -0.04858757062146893 0.031638418079096044 -0.04858757062146893 0.05536723163841808
5.12 -0.04858757062146893 0.031638418079096044 -0.04858757062146893 0.05536723163841808
5.14 -0.04067796610169492 0.03954802259887006 -0.04858757062146893 0.05536723163841808
5.16 -0.04067796610169492 0.03954802259887006 -0.04858757062146893 0.04745762711864407
5.18 -0.04858757062146893 0.031638418079096044 -0.04858757062146893 0.04745762711864407
5.2 -0.04067796610169492 0.031638418079096044 -0.04858757062146893 0.04745762711864407
5.22 -0.04858757062146893 0.031638418079096044 -0.04858757062146893 0.05536723163841808
5.24 -0.04858757062146893 0.031638418079096044 -0.04858757062146893 0.04745762711864407
5.26 -0.04067796610169492 0.031638418079096044 -0.04858757062146893 0.04745762711864407
5.28 -0.04858757062146893 0.031638418079096044 -0.04858757062146893 0.05536723163841808
5.3 -0.04858757062146893 0.03954802259887006 -0.04858757062146893 0.04745762711864407
5.32 -0.04858757062146893 0.031638418079096044 -0.04858757062146893 0.04745762711864407
5.34 -0.04067796610169492 0.031638418079096044 -0.04858757062146893 0.04745762711864407
5.36 -0.04858757062146893 0.031638418079096044 -0.04858757062146893 0.05536723163841808
5.38 -0.04067796610169492 0.031638418079096044 -0.04858757062146893 0.04745762711864407
5.4 -0.04067796610169492 0.031638418079096044 -0.04858757062146893 0.05536723163841808
5.42 -0.04858757062146893 0.031638418079096044 -0.04858757062146893 0.04745762711864407
5.44 -0.04067796610169492 0.03954802259887006 -0.04858757062146893 0.04745762711864407
5.46 -0.04067796610169492 0.031638418079096044 -0.04858757062146893 0.04745762711864407
5.48 -0.04858757062146893 0.03954802259887006 -0.04858757062146893 0.04745762711864407
5.5 -0.04858757062146893 0.03954802259887006 -0.04858757062146893 0.04745762711864407
5.52 -0.04858757062146893 0.03954802259887006 -0.04858757062146893 0.04745762711864407
5.54 -0.04858757062146893 0.031638418079096044 -0.04858757062146893 0.04745762711864407
5.56 -0.04067796610169492 0.031638418079096044 -0.04858757062146893 0.04745762711864407
5.58 -0.04858757062146893 0.031638418079096044 -0.04858757062146893 0.04745762711864407
5.6 -0.04858757062146893 0.03954802259887006 -0.04858757062146893 0.04745762711864407
5.62 -0.04858757062146893 0.03954802259887006 -0.04858757062146893 0.04745762711864407
5.64 -0.04858757062146893 0.031638418079096044 -0.04858757062146893 0.04745762711864407
5.66 -0.04067796610169492 0.031638418079096044 -0.04067796610169492 0.04745762711864407
5.68 -0.04858757062146893 0.031638418079096044 -0.04858757062146893 0.04745762711864407
5.7 -0.04858757062146893 0.031638418079096044 -0.04858757062146893 0.04745762711864407
5.72 -0.04858757062146893 0.03954802259887006 -0.04067796610169492 0.04745762711864407
5.74 -0.04067796610169492 0.031638418079096044 -0.04858757062146893 0.04745762711864407
5.76 -0.04067796610169492 0.031638418079096044 -0.04067796610169492 0.04745762711864407
5.78 -0.04858757062146893 0.031638418079096044 -0.04858757062146893 0.04745762711864407
5.8 -0.04067796610169492 0.031638418079096044 -0.04858757062146893 0.04745762711864407
5.82 -0.04858757062146893 0.03954802259887006 -0.04858757062146893 0.05536723163841808
5.84 -0.04858757062146893 0.03954802259887006 -0.04858757062146893 0.04745762711864407
5.86 -0.04858757062146893 0.031638418079096044 -0.04858757062146893 0.04745762711864407
5.88 -0.04067796610169492 0.031638418079096044 -0.04858757062146893 0.04745762711864407
5.9 -0.04067796610169492 0.031638418079096044 -0.04858757062146893 0.04745762711864407
5.92 -0.04858757062146893 0.031638418079096044 -0.04067796610169492 0.05536723163841808
5.94 -0.04067796610169492 0.03954802259887006 -0.04858757062146893 0.04745762711864407
5.96 -0.04067796610169492 0.031638418079096044 -0.04858757062146893 0.04745762711864407
5.98 -0.04858757062146893 0.031638418079096044 -0.04858757062146893 0.05536723163841808
6.0 -0.04858757062146893 0.031638418079096044 -0.04858757062146893 0.04745762711864407
6.02 -0.04067796610169492 0.031638418079096044 -0.04858757062146893 0.04745762711864407
6.04 -0.04858757062146893 0.031638418079096044 -0.04858757062146893 0.04745762711864407
6.06 -0.04858757062146893 0.031638418079096044 -0.04858757062146893 0.04745762711864407
6.08 -0.04067796610169492 0.031638418079096044 -0.04858757062146893 0.04745762711864407
6.1 -0.04858757062146893 0.03954802259887006 -0.04858757062146893 0.04745762711864407
6.12 -0.04067796610169492 0.031638418079096044 -0.04858757062146893 0.04745762711864407
6.14 -0.04067796610169492 0.031638418079096044 -0.04858757062146893 0.04745762711864407
6.16 -0.04858757062146893 0.031638418079096044 -0.04858757062146893 0.04745762711864407
6.18 -0.04067796610169492 0.031638418079096044 -0.04067796610169492 0.04745762711864407
6.2 -0.04067796610169492 0.031638418079096044 -0.04858757062146893 0.04745762711864407
6.22 -0.04067796610169492 0.031638418079096044 -0.04067796610169492 0.04745762711864407
6.24 -0.04067796610169492 0.031638418079096044 -0.04858757062146893 0.04745762711864407
6.26 -0.04067796610169492 0.031638418079096044 -0.04858757062146893 0.04745762711864407
6.28 -0.04067796610169492 0.031638418079096044 -0.04067796610169492 0.05536723163841808
6.3 -0.04858757062146893 0.031638418079096044 -0.04858757062146893 0.04745762711864407
6.32 -0.04858757062146893 0.031638418079096044 -0.04858757062146893 0.04745762711864407
6.34 -0.04858757062146893 0.031638418079096044 -0.04858757062146893 0.04745762711864407
6.36 -0.04067796610169492 0.031638418079096044 -0.04067796610169492 0.04745762711864407
6.38 -0.04858757062146893 0.031638418079096044 -0.04067796610169492 0.04745762711864407
6.4 -0.04858757062146893 0.031638418079096044 -0.04067796610169492 0.04745762711864407
6.42 -0.04067796610169492 0.031638418079096044 -0.04858757062146893 0.04745762711864407
6.44 -0.04067796610169492 0.031638418079096044 -0.04858757062146893 0.04745762711864407
6.46 -0.04858757062146893 0.03954802259887006 -0.04858757062146893 0.04745762711864407
6.48 -0.04858757062146893 0.031638418079096044 -0.04858757062146893 0.04745762711864407
6.5 -0.04067796610169492 0.031638418079096044 -0.04858757062146893 0.04745762711864407
6.52 -0.04067796610169492 0.031638418079096044 -0.04067796610169492 0.04745762711864407
6.54 -0.04067796610169492 0.031638418079096044 -0.04067796610169492 0.04745762711864407
6.56 -0.04858757062146893 0.031638418079096044 -0.04858757062146893 0.04745762711864407
6.58 -0.04067796610169492 0.031638418079096044 -0.04858757062146893 0.04745762711864407
6.6 -0.04858757062146893 0.031638418079096044 -0.04067796610169492 0.04745762711864407
6.62 -0.04067796610169492 0.031638418079096044 -0.04858757062146893 0.04745762711864407
6.64 -0.04067796610169492 0.031638418079096044 -0.04067796610169492 0.05536723163841808
6.66 -0.04858757062146893 0.031638418079096044 -0.04067796610169492 0.04745762711864407
6.68 -0.04067796610169492 0.031638418079096044 -0.04858757062146893 0.05536723163841808
6.7 -0.04067796610169492 0.031638418079096044 -0.04858757062146893 0.04745762711864407
6.72 -0.04067796610169492 0.031638418079096044 -0.04858757062146893 0.05536723163841808
6.74 -0.04067796610169492 0.031638418079096044 -0.04858757062146893 0.04745762711864407
6.76 -0.04858757062146893 0.031638418079096044 -0.04067796610169492 0.04745762711864407
6.78 -0.04858757062146893 0.031638418079096044 -0.04067796610169492 0.04745762711864407
6.8 -0.04067796610169492 0.031638418079096044 -0.04858757062146893 0.05536723163841808
6.82 -0.04067796610169492 0.031638418079096044 -0.04858757062146893 0.04745762711864407
6.84 -0.04067796610169492 0.031638418079096044 -0.04067796610169492 0.04745762711864407
6.86 -0.04858757062146893 0.031638418079096044 -0.04858757062146893 0.04745762711864407
6.88 -0.04858757062146893 0.031638418079096044 -0.04858757062146893 0.04745762711864407
6.9 -0.04858757062146893 0.031638418079096044 -0.04067796610169492 0.04745762711864407
6.92 -0.04858757062146893 0.031638418079096044 -0.04067796610169492 0.04745762711864407
6.94 -0.04067796610169492 0.031638418079096044 -0.04858757062146893 0.04745762711864407
6.96 -0.04067796610169492 0.031638418079096044 -0.04858757062146893 0.04745762711864407
6.98 -0.04067796610169492 0.031638418079096044 -0.04858757062146893 0.05536723163841808
7.0 -0.04067796610169492 0.031638418079096044 -0.04067796610169492 0.04745762711864407
7.02 -0.04067796610169492 0.031638418079096044 -0.04067796610169492 0.04745762711864407
7.04 -0.04067796610169492 0.031638418079096044 -0.04858757062146893 0.04745762711864407
7.06 -0.04858757062146893 0.031638418079096044 -0.04858757062146893 0.04745762711864407
7.08 -0.04858757062146893 0.031638418079096044 -0.04858757062146893 0.04745762711864407
7.1 -0.04858757062146893 0.031638418079096044 -0.04858757062146893 0.04745762711864407
7.12 -0.04858757062146893 0.031638418079096044 -0.04067796610169492 0.04745762711864407
7.14 -0.04067796610169492 0.031638418079096044 -0.04067796610169492 0.04745762711864407
7.16 -0.04067796610169492 0.03954802259887006 -0.04067796610169492 0.05536723163841808
7.18 -0.04858757062146893 0.031638418079096044 -0.04067796610169492 0.04745762711864407
7.2 -0.04067796610169492 0.031638418079096044 -0.04858757062146893 0.04745762711864407
7.22 -0.04067796610169492 0.031638418079096044 -0.04858757062146893 0.04745762711864407
7.24 -0.04067796610169492 0.031638418079096044 -0.04067796610169492 0.04745762711864407
7.26 -0.04067796610169492 0.031638418079096044 -0.04067796610169492 0.04745762711864407
7.28 -0.04067796610169492 0.031638418079096044 -0.04067796610169492 0.04745762711864407
7.3 -0.04858757062146893 0.031638418079096044 -0.04858757062146893 0.04745762711864407
7.32 -0.04067796610169492 0.031638418079096044 -0.04858757062146893 0.04745762711864407
7.34 -0.04858757062146893 0.031638418079096044 -0.04067796610169492 0.04745762711864407
7.36 -0.04858757062146893 0.031638418079096044 -0.04067796610169492 0.04745762711864407
7.38 -0.04067796610169492 0.031638418079096044 -0.04067796610169492 0.04745762711864407
7.4 -0.04858757062146893 0.031638418079096044 -0.04858757062146893 0.04745762711864407
7.42 -0.04858757062146893 0.031638418079096044 -0.04858757062146893 0.04745762711864407
7.44 -0.04858757062146893 0.031638418079096044 -0.04067796610169492 0.04745762711864407
7.46 -0.04067796610169492 0.031638418079096044 -0.04067796610169492 0.04745762711864407
7.48 -0.04858757062146893 0.031638418079096044 -0.04067796610169492 0.04745762711864407
7.5 -0.04858757062146893 0.031638418079096044 -0.04067796610169492 0.04745762711864407
7.52 -0.04858757062146893 0.031638418079096044 -0.04858757062146893 0.04745762711864407
7.54 -0.04858757062146893 0.031638418079096044 -0.04858757062146893 0.04745762711864407
7.56 -0.04067796610169492 0.031638418079096044 -0.04858757062146893 0.04745762711864407
7.58 -0.04858757062146893 0.031638418079096044 -0.04858757062146893 0.04745762711864407
7.6 -0.04067796610169492 0.031638418079096044 -0.04858757062146893 0.04745762711864407
7.62 -0.04067796610169492 0.031638418079096044 -0.04067796610169492 0.04745762711864407
7.64 -0.04067796610169492 0.031638418079096044 -0.04067796610169492 0.04745762711864407
7.66 -0.04067796610169492 0.031638418079096044 -0.04067796610169492 0.04745762711864407
7.68 -0.04858757062146893 0.031638418079096044 -0.04067796610169492 0.04745762711864407
7.7 -0.04858757062146893 0.03954802259887006 -0.04067796610169492 0.04745762711864407
7.72 -0.04067796610169492 0.03954802259887006 -0.04858757062146893 0.04745762711864407
7.74 -0.04067796610169492 0.031638418079096044 -0.04858757062146893 0.04745762711864407
7.76 -0.04858757062146893 0.031638418079096044 -0.04067796610169492 0.04745762711864407
7.78 -0.04858757062146893 0.031638418079096044 -0.04858757062146893 0.04745762711864407
7.8 -0.04858757062146893 0.031638418079096044 -0.04067796610169492 0.04745762711864407
7.82 -0.04858757062146893 0.031638418079096044 -0.04067796610169492 0.04745762711864407
7.84 -0.04858757062146893 0.031638418079096044 -0.04067796610169492 0.04745762711864407
7.86 -0.04858757062146893 0.031638418079096044 -0.04067796610169492 0.04745762711864407
7.88 -0.04067796610169492 0.031638418079096044 -0.04858757062146893 0.04745762711864407
7.9 -0.04067796610169492 0.031638418079096044 -0.04858757062146893 0.04745762711864407
7.92 -0.04858757062146893 0.031638418079096044 -0.04067796610169492 0.04745762711864407
7.94 -0.04067796610169492 0.031638418079096044 -0.04067796610169492 0.04745762711864407
7.96 -0.04858757062146893 0.031638418079096044 -0.04858757062146893 0.04745762711864407
7.98 -0.04067796610169492 0.031638418079096044 -0.04858757062146893 0.04745762711864407
8.0 -0.04067796610169492 0.031638418079096044 -0.04067796610169492 0.04745762711864407
8.02 -0.04067796610169492 0.031638418079096044 -0.04858757062146893 0.04745762711864407
8.04 -0.04067796610169492 0.031638418079096044 -0.04067796610169492 0.04745762711864407
8.06 -0.04858757062146893 0.031638418079096044 -0.04858757062146893 0.04745762711864407
8.08 -0.04067796610169492 0.031638418079096044 -0.04067796610169492 0.04745762711864407
8.1 -0.04858757062146893 0.03954802259887006 -0.04067796610169492 0.04745762711864407
8.12 -0.04067796610169492 0.031638418079096044 -0.04858757062146893 0.04745762711864407
8.14 -0.04067796610169492 0.031638418079096044 -0.04067796610169492 0.04745762711864407
8.16 -0.04067796610169492 0.031638418079096044 -0.04858757062146893 0.04745762711864407
8.18 -0.04858757062146893 0.031638418079096044 -0.04067796610169492 0.04745762711864407
8.2 -0.04067796610169492 0.031638418079096044 -0.04067796610169492 0.04745762711864407
8.22 -0.04858757062146893 0.031638418079096044 -0.04067796610169492 0.04745762711864407
8.24 -0.04067796610169492 0.031638418079096044 -0.04067796610169492 0.04745762711864407
8.26 -0.04858757062146893 0.03954802259887006 -0.04067796610169492 0.04745762711864407
8.28 -0.04067796610169492 0.03954802259887006 -0.04067796610169492 0.04745762711864407
8.3 -0.04067796610169492 0.031638418079096044 -0.04858757062146893 0.04745762711864407
8.32 -0.04067796610169492 0.031638418079096044 -0.04858757062146893 0.04745762711864407
8.34 -0.04858757062146893 0.031638418079096044 -0.04067796610169492 0.04745762711864407
8.36 -0.04067796610169492 0.031638418079096044 -0.04067796610169492 0.04745762711864407
8.38 -0.04858757062146893 0.031638418079096044 -0.04067796610169492 0.04745762711864407
8.4 -0.04067796610169492 0.031638418079096044 -0.04858757062146893 0.04745762711864407
8.42 -0.04067796610169492 0.031638418079096044 -0.04067796610169492 0.04745762711864407
8.44 -0.04067796610169492 0.031638418079096044 -0.04067796610169492 0.04745762711864407
8.46 -0.04858757062146893 0.031638418079096044 -0.04858757062146893 0.04745762711864407
8.48 -0.04067796610169492 0.031638418079096044 -0.04067796610169492 0.04745762711864407
8.5 -0.04858757062146893 0.031638418079096044 -0.04067796610169492 0.04745762711864407
8.52 -0.04067796610169492 0.031638418079096044 -0.04067796610169492 0.04745762711864407
8.54 -0.04067796610169492 0.031638418079096044 -0.04067796610169492 0.04745762711864407
8.56 -0.04067796610169492 0.031638418079096044 -0.04067796610169492 0.05536723163841808
8.58 -0.04067796610169492 0.031638418079096044 -0.04067796610169492 0.04745762711864407
8.6 -0.04067796610169492 0.031638418079096044 -0.04067796610169492 0.04745762711864407
8.62 -0.04858757062146893 0.031638418079096044 -0.04858757062146893 0.04745762711864407
8.64 -0.04067796610169492 0.031638418079096044 -0.04067796610169492 0.04745762711864407
8.66 -0.04067796610169492 0.031638418079096044 -0.04067796610169492 0.04745762711864407
8.68 -0.04067796610169492 0.031638418079096044 -0.04067796610169492 0.04745762711864407
8.7 -0.04858757062146893 0.03954802259887006 -0.04858757062146893 0.04745762711864407
8.72 -0.04067796610169492 0.031638418079096044 -0.04858757062146893 0.04745762711864407
8.74 -0.04067796610169492 0.031638418079096044 -0.04067796610169492 0.04745762711864407
8.76 -0.04067796610169492 0.031638418079096044 -0.04067796610169492 0.04745762711864407
8.78 -0.04067796610169492 0.031638418079096044 -0.04067796610169492 0.04745762711864407
8.8 -0.04858757062146893 0.03954802259887006 -0.04067796610169492 0.04745762711864407
8.82 -0.04067796610169492 0.031638418079096044 -0.04858757062146893 0.04745762711864407
8.84 -0.04067796610169492 0.03954802259887006 -0.04858757062146893 0.04745762711864407
8.86 -0.04858757062146893 0.031638418079096044 -0.04067796610169492 0.04745762711864407
8.88 -0.04858757062146893 0.031638418079096044 -0.04858757062146893 0.04745762711864407
8.9 -0.04067796610169492 0.031638418079096044 -0.04067796610169492 0.04745762711864407
8.92 -0.04067796610169492 0.031638418079096044 -0.04067796610169492 0.05536723163841808
8.94 -0.04067796610169492 0.031638418079096044 -0.04067796610169492 0.04745762711864407
8.96 -0.04067796610169492 0.031638418079096044 -0.04067796610169492 0.04745762711864407
8.98 -0.04067796610169492 0.031638418079096044 -0.04067796610169492 0.04745762711864407
9.0 -0.04858757062146893 0.031638418079096044 -0.04067796610169492 0.04745762711864407
9.02 -0.04067796610169492 0.031638418079096044 -0.04858757062146893 0.04745762711864407
9.04 -0.04858757062146893 0.031638418079096044 -0.04858757062146893 0.04745762711864407
9.06 -0.04067796610169492 0.031638418079096044 -0.04067796610169492 0.04745762711864407
9.08 -0.04067796610169492 0.031638418079096044 -0.04067796610169492 0.04745762711864407
9.1 -0.04067796610169492 0.031638418079096044 -0.04067796610169492 0.04745762711864407
9.12 -0.04067796610169492 0.031638418079096044 -0.04067796610169492 0.04745762711864407
9.14 -0.04067796610169492 0.031638418079096044 -0.04067796610169492 0.04745762711864407
9.16 -0.04858757062146893 0.031638418079096044 -0.04067796610169492 0.04745762711864407
9.18 -0.04067796610169492 0.031638418079096044 -0.04067796610169492 0.04745762711864407
9.2 -0.04067796610169492 0.031638418079096044 -0.04858757062146893 0.05536723163841808
9.22 -0.04067796610169492 0.031638418079096044 -0.04067796610169492 0.04745762711864407
9.24 -0.04067796610169492 0.031638418079096044 -0.04858757062146893 0.04745762711864407
9.26 -0.04858757062146893 0.031638418079096044 -0.04858757062146893 0.04745762711864407
9.28 -0.04067796610169492 0.031638418079096044 -0.04858757062146893 0.04745762711864407
9.3 -0.04067796610169492 0.031638418079096044 -0.04067796610169492 0.04745762711864407
9.32 -0.04067796610169492 0.031638418079096044 -0.04067796610169492 0.04745762711864407
9.34 -0.04067796610169492 0.031638418079096044 -0.04067796610169492 0.04745762711864407
9.36 -0.04067796610169492 0.031638418079096044 -0.04858757062146893 0.04745762711864407
9.38 -0.04858757062146893 0.031638418079096044 -0.04858757062146893 0.04745762711864407
9.4 -0.04067796610169492 0.031638418079096044 -0.04067796610169492 0.05536723163841808
9.42 -0.04858757062146893 0.031638418079096044 -0.04067796610169492 0.04745762711864407
9.44 -0.04858757062146893 0.031638418079096044 -0.04067796610169492 0.04745762711864407
9.46 -0.04067796610169492 0.031638418079096044 -0.04858757062146893 0.04745762711864407
9.48 -0.04067796610169492 0.031638418079096044 -0.04067796610169492 0.04745762711864407
9.5 -0.04858757062146893 0.031638418079096044 -0.04067796610169492 0.04745762711864407
9.52 -0.04858757062146893 0.031638418079096044 -0.04067796610169492 0.04745762711864407
9.54 -0.04067796610169492 0.031638418079096044 -0.04067796610169492 0.05536723163841808
9.56 -0.04067796610169492 0.031638418079096044 -0.04067796610169492 0.04745762711864407
9.58 -0.04067796610169492 0.031638418079096044 -0.04067796610169492 0.04745762711864407
9.6 -0.04067796610169492 0.03954802259887006 -0.04067796610169492 0.04745762711864407
9.62 -0.04067796610169492 0.031638418079096044 -0.04067796610169492 0.04745762711864407
9.64 -0.04067796610169492 0.031638418079096044 -0.04858757062146893 0.05536723163841808
9.66 -0.04067796610169492 0.031638418079096044 -0.04858757062146893 0.04745762711864407
9.68 -0.04067796610169492 0.031638418079096044 -0.04067796610169492 0.04745762711864407
9.7 -0.04067796610169492 0.031638418079096044 -0.04067796610169492 0.04745762711864407
9.72 -0.04858757062146893 0.031638418079096044 -0.04067796610169492 0.05536723163841808
9.74 -0.04067796610169492 0.031638418079096044 -0.04067796610169492 0.05536723163841808
9.76 -0.04067796610169492 0.031638418079096044 -0.04067796610169492 0.04745762711864407
9.78 -0.04858757062146893 0.031638418079096044 -0.04067796610169492 0.04745762711864407
9.8 -0.04067796610169492 0.031638418079096044 -0.04067796610169492 0.04745762711864407
9.82 -0.04858757062146893 0.031638418079096044 -0.04067796610169492 0.04745762711864407
9.84 -0.04067796610169492 0.031638418079096044 -0.04067796610169492 0.04745762711864407
9.86 -0.04858757062146893 0.031638418079096044 -0.04067796610169492 0.04745762711864407
9.88 -0.04858757062146893 0.031638418079096044 -0.04067796610169492 0.04745762711864407
9.9 -0.04067796610169492 0.031638418079096044 -0.04067796610169492 0.04745762711864407
9.92 -0.04858757062146893 0.031638418079096044 -0.04067796610169492 0.04745762711864407
9.94 -0.04858757062146893 0.031638418079096044 -0.04858757062146893 0.04745762711864407
9.96 -0.04858757062146893 0.031638418079096044 -0.04067796610169492 0.05536723163841808
9.98 -0.04067796610169492 0.031638418079096044 -0.04067796610169492 0.04745762711864407
10.0 -0.04858757062146893 0.031638418079096044 -0.04067796610169492 0.04745762711864407
10.02 -0.04067796610169492 0.031638418079096044 -0.04858757062146893 0.04745762711864407
10.04 -0.04858757062146893 0.031638418079096044 -0.04858757062146893 0.04745762711864407
10.06 -0.04067796610169492 0.031638418079096044 -0.04067796610169492 0.04745762711864407
10.08 -0.04858757062146893 0.031638418079096044 -0.04858757062146893 0.04745762711864407
10.1 -0.04067796610169492 0.031638418079096044 -0.04067796610169492 0.04745762711864407
10.12 -0.04858757062146893 0.031638418079096044 -0.04067796610169492 0.04745762711864407
10.14 -0.04858757062146893 0.031638418079096044 -0.04067796610169492 0.04745762711864407
10.16 -0.04067796610169492 0.031638418079096044 -0.04067796610169492 0.04745762711864407
10.18 -0.04067796610169492 0.031638418079096044 -0.04067796610169492 0.04745762711864407
10.2 -0.04067796610169492 0.031638418079096044 -0.04067796610169492 0.04745762711864407
10.22 -0.04067796610169492 0.031638418079096044 -0.04067796610169492 0.04745762711864407
10.24 -0.04067796610169492 0.031638418079096044 -0.04858757062146893 0.04745762711864407
10.26 -0.0327683615819209 0.031638418079096044 -0.04067796610169492 0.04745762711864407
10.28 -0.0327683615819209 0.023728813559322035 -0.04067796610169492 0.04745762711864407
10.3 -0.0327683615819209 0.023728813559322035 -0.04067796610169492 0.04745762711864407
10.32 -0.0327683615819209 0.023728813559322035 -0.04067796610169492 0.04745762711864407
10.34 -0.0327683615819209 0.023728813559322035 -0.04067796610169492 0.04745762711864407
10.36 -0.0327683615819209 0.023728813559322035 -0.04067796610169492 0.04745762711864407
10.38 -0.0327683615819209 0.031638418079096044 -0.04067796610169492 0.04745762711864407
10.4 -0.0327683615819209 0.031638418079096044 -0.0327683615819209 0.04745762711864407
10.42 -0.024858757062146894 0.023728813559322035 -0.0327683615819209 0.04745762711864407
10.44 -0.024858757062146894 0.023728813559322035 -0.0327683615819209 0.04745762711864407
10.46 -0.024858757062146894 0.031638418079096044 -0.0327683615819209 0.04745762711864407
10.48 -0.024858757062146894 0.031638418079096044 -0.0327683615819209 0.04745762711864407
10.5 -0.024858757062146894 0.031638418079096044 -0.0327683615819209 0.04745762711864407
10.52 -0.024858757062146894 0.031638418079096044 -0.024858757062146894 0.04745762711864407
10.54 -0.01694915254237288 0.031638418079096044 -0.024858757062146894 0.04745762711864407
10.56 -0.01694915254237288 0.023728813559322035 -0.024858757062146894 0.04745762711864407
10.58 -0.00903954802259887 0.031638418079096044 -0.024858757062146894 0.04745762711864407
10.6 -0.01694915254237288 0.031638418079096044 -0.01694915254237288 0.04745762711864407
10.62 -0.00903954802259887 0.031638418079096044 -0.01694915254237288 0.04745762711864407
10.64 -0.00903954802259887 0.031638418079096044 -0.01694915254237288 0.04745762711864407
10.66 0.0 0.031638418079096044 -0.00903954802259887 0.04745762711864407
10.68 -0.00903954802259887 0.031638418079096044 0.007909604519774011 0.04745762711864407
10.7 0.007909604519774011 0.031638418079096044 0.0 0.04745762711864407
10.72 0.007909604519774011 0.031638418079096044 0.015819209039548022 0.04745762711864407
10.74 0.007909604519774011 0.015819209039548022 0.015819209039548022 0.04745762711864407
10.76 0.0 0.015819209039548022 0.023728813559322035 0.03954802259887006
10.78 0.015819209039548022 0.015819209039548022 0.015819209039548022 0.03954802259887006
10.8 0.007909604519774011 0.015819209039548022 0.03954802259887006 0.03954802259887006
10.82 0.023728813559322035 0.023728813559322035 0.031638418079096044 0.03954802259887006
10.84 0.015819209039548022 0.015819209039548022 0.06327683615819209 0.031638418079096044
10.86 0.03954802259887006 0.015819209039548022 0.05536723163841808 0.031638418079096044
10.88 0.023728813559322035 0.015819209039548022 0.09491525423728814 0.023728813559322035
10.9 0.06327683615819209 0.0 0.0711864406779661 0.023728813559322035
10.92 0.03954802259887006 0.0 0.11073446327683616 0.015819209039548022
10.94 0.08700564971751412 0.0 0.07909604519774012 0.007909604519774011
10.96 0.06327683615819209 0.007909604519774011 0.1423728813559322 -0.00903954802259887
10.98 0.12655367231638417 -0.024858757062146894 0.10282485875706215 0.0
11.0 0.08700564971751412 -0.00903954802259887 0.18983050847457628 -0.024858757062146894
11.02 0.18192090395480226 -0.04067796610169492 0.1423728813559322 0.0
11.04 0.11864406779661017 -0.01694915254237288 0.24519774011299436 -0.05649717514124294
11.06 0.2214689265536723 -0.05649717514124294 0.18192090395480226 -0.01694915254237288
11.08 0.15028248587570622 -0.01694915254237288 0.23728813559322035 -0.0327683615819209
11.1 0.16610169491525426 0.023728813559322035 0.16610169491525426 -0.00903954802259887
11.12 0.11073446327683616 0.023728813559322035 0.1423728813559322 0.10282485875706215
11.14 0.03954802259887006 0.18192090395480226 0.09491525423728814 0.0711864406779661
11.16 0.023728813559322035 0.10282485875706215 0.0 0.2621468926553672
11.18 -0.10395480225988701 0.3096045197740113 -0.00903954802259887 0.1423728813559322
11.2 -0.08813559322033898 0.15819209039548024 -0.1593220338983051 0.3728813559322034
11.22 -0.22259887005649717 0.39661016949152544 -0.12768361581920903 0.1977401129943503
11.24 -0.16723163841807911 0.18983050847457628 -0.28700564971751413 0.4203389830508475
11.26 -0.3265536723163842 0.43615819209039547 -0.21468926553672318 0.22937853107344633
11.28 -0.2305084745762712 0.2056497175141243 -0.38192090395480227 0.4440677966101695
11.3 -0.3898305084745763 0.43615819209039547 -0.2790960451977401 0.22937853107344633
11.32 -0.2711864406779661 0.1977401129943503 -0.41355932203389834 0.4124293785310735
11.34 -0.42146892655367235 0.4282485875706215 -0.30282485875706217 0.22937853107344633
11.36 -0.3107344632768362 0.1977401129943503 -0.42937853107344637 0.40451977401129946
11.38 -0.43728813559322033 0.40451977401129946 -0.30282485875706217 0.21355932203389832
11.4 -0.3107344632768362 0.18192090395480226 -0.42146892655367235 0.34915254237288135
11.42 -0.42937853107344637 0.32542372881355935 -0.29491525423728815 0.18983050847457628
11.44 -0.29491525423728815 0.15819209039548024 -0.41355932203389834 0.2937853107344633
11.46 -0.4056497175141243 0.2542372881355932 -0.29491525423728815 0.16610169491525426
11.48 -0.28700564971751413 0.12655367231638417 -0.3977401129943503 0.21355932203389832
11.5 -0.37401129943502825 0.16610169491525426 -0.28700564971751413 0.12655367231638417
11.52 -0.2711864406779661 0.09491525423728814 -0.36610169491525424 0.1344632768361582
11.54 -0.3265536723163842 0.07909604519774012 -0.2711864406779661 0.09491525423728814
11.56 -0.2384180790960452 0.06327683615819209 -0.3186440677966102 0.04745762711864407
11.58 -0.2790960451977401 -0.01694915254237288 -0.2305084745762712 0.04745762711864407
11.6 -0.20677966101694917 0.007909604519774011 -0.2542372881355932 -0.05649717514124294
11.62 -0.21468926553672318 -0.11186440677966102 -0.19096045197740114 -0.01694915254237288
11.64 -0.16723163841807911 -0.04067796610169492 -0.19096045197740114 -0.1751412429378531
11.66 -0.14350282485875707 -0.19887005649717515 -0.15141242937853108 -0.06440677966101695
11.68 -0.11977401129943503 -0.08022598870056498 -0.11977401129943503 -0.2384180790960452
11.7 -0.06440677966101695 -0.2711864406779661 -0.10395480225988701 -0.096045197740113
11.72 -0.06440677966101695 -0.11186440677966102 -0.04067796610169492 -0.29491525423728815
11.74 0.023728813559322035 -0.33446327683615823 -0.0327683615819209 -0.11977401129943503
11.76 0.0 -0.13559322033898305 0.06327683615819209 -0.37401129943502825
11.78 0.09491525423728814 -0.3898305084745763 0.031638418079096044 -0.15141242937853108
11.8 0.05536723163841808 -0.13559322033898305 0.1423728813559322 -0.3977401129943503
11.82 0.16610169491525426 -0.4056497175141243 0.09491525423728814 -0.1593220338983051
11.84 0.10282485875706215 -0.15141242937853108 0.2056497175141243 -0.3898305084745763
11.86 0.1977401129943503 -0.3977401129943503 0.1344632768361582 -0.1751412429378531
11.88 0.11864406779661017 -0.14350282485875707 0.23728813559322035 -0.3581920903954802
11.9 0.2214689265536723 -0.3502824858757062 0.32542372881355935 -0.15141242937853108
11.92 0.1344632768361582 -0.11977401129943503 0.24519774011299436 -0.2790960451977401
11.94 0.21355932203389832 -0.24632768361581922 0.15819209039548024 -0.11977401129943503
11.96 0.12655367231638417 -0.07231638418079096 0.2214689265536723 -0.15141242937853108
11.98 0.18983050847457628 -0.08022598870056498 0.15028248587570622 -0.06440677966101695
12.0 0.11073446327683616 -0.00903954802259887 0.1977401129943503 0.0
12.02 0.15819209039548024 0.05536723163841808 0.1344632768361582 0.007909604519774011
12.04 0.09491525423728814 0.04745762711864407 0.16610169491525426 0.0711864406779661
12.06 0.12655367231638417 0.07909604519774012 0.10282485875706215 0.05536723163841808
12.08 0.0711864406779661 0.04745762711864407 0.1344632768361582 0.07909604519774012
12.1 0.10282485875706215 0.05536723163841808 0.08700564971751412 0.05536723163841808
12.12 0.05536723163841808 0.03954802259887006 0.11073446327683616 0.06327683615819209
12.14 0.07909604519774012 0.04745762711864407 0.0711864406779661 0.04745762711864407
12.16 0.04745762711864407 0.031638418079096044 0.08700564971751412 0.04745762711864407
12.18 0.0711864406779661 0.03954802259887006 0.06327683615819209 0.03954802259887006
12.2 0.03954802259887006 0.03954802259887006 0.08700564971751412 0.04745762711864407
12.22 0.05536723163841808 0.03954802259887006 0.05536723163841808 0.03954802259887006
12.24 0.031638418079096044 0.031638418079096044 0.06327683615819209 0.04745762711864407
12.26 0.03954802259887006 0.031638418079096044 0.04745762711864407 0.04745762711864407
12.28 0.023728813559322035 0.031638418079096044 0.04745762711864407 0.03954802259887006
12.3 0.023728813559322035 0.031638418079096044 0.031638418079096044 0.03954802259887006
12.32 0.007909604519774011 0.023728813559322035 0.03954802259887006 0.04745762711864407
12.34 0.023728813559322035 0.031638418079096044 0.03954802259887006 0.03954802259887006
12.36 0.007909604519774011 0.031638418079096044 0.04745762711864407 0.03954802259887006
12.38 0.023728813559322035 0.007909604519774011 0.04745762711864407 0.03954802259887006
12.4 0.023728813559322035 0.023728813559322035 0.03954802259887006 0.03954802259887006
12.42 0.015819209039548022 0.023728813559322035 0.031638418079096044 0.03954802259887006
12.44 0.007909604519774011 0.031638418079096044 0.03954802259887006 0.03954802259887006
12.46 0.007909604519774011 0.031638418079096044 0.031638418079096044 0.03954802259887006
12.48 0.0 0.023728813559322035 0.015819209039548022 0.03954802259887006
12.5 0.0 0.031638418079096044 0.015819209039548022 0.03954802259887006
12.52 -0.00903954802259887 0.023728813559322035 0.007909604519774011 0.03954802259887006
12.54 -0.00903954802259887 0.023728813559322035 0.0 0.03954802259887006
12.56 -0.00903954802259887 0.023728813559322035 0.007909604519774011 0.03954802259887006
12.58 0.0 0.023728813559322035 0.007909604519774011 0.03954802259887006
12.6 -0.00903954802259887 0.023728813559322035 0.007909604519774011 0.03954802259887006
12.62 0.007909604519774011 0.031638418079096044 0.007909604519774011 0.03954802259887006
12.64 0.0 0.023728813559322035 0.023728813559322035 0.03954802259887006
12.66 0.007909604519774011 0.023728813559322035 0.023728813559322035 0.03954802259887006
12.68 0.0 0.031638418079096044 0.031638418079096044 0.03954802259887006
12.7 0.007909604519774011 0.015819209039548022 0.031638418079096044 0.03954802259887006
12.72 0.007909604519774011 0.015819209039548022 0.04745762711864407 0.031638418079096044
12.74 0.015819209039548022 0.015819209039548022 0.04745762711864407 0.031638418079096044
12.76 0.007909604519774011 0.015819209039548022 0.04745762711864407 0.031638418079096044
12.78 0.023728813559322035 0.015819209039548022 0.03954802259887006 0.031638418079096044
12.8 0.007909604519774011 0.015819209039548022 0.06327683615819209 0.023728813559322035
12.82 0.03954802259887006 0.015819209039548022 0.031638418079096044 0.023728813559322035
12.84 0.023728813559322035 0.015819209039548022 0.06327683615819209 0.015819209039548022
12.86 0.05536723163841808 0.007909604519774011 0.04745762711864407 0.015819209039548022
12.88 0.03954802259887006 0.015819209039548022 0.10282485875706215 0.007909604519774011
12.9 0.08700564971751412 -0.00903954802259887 0.0711864406779661 0.007909604519774011
12.92 0.06327683615819209 0.007909604519774011 0.1423728813559322 -0.00903954802259887
12.94 0.12655367231638417 -0.01694915254237288 0.11073446327683616 0.0
12.96 0.08700564971751412 0.0 0.18192090395480226 -0.0327683615819209
12.98 0.1977401129943503 -0.05649717514124294 0.1344632768361582 0.0
13.0 0.1344632768361582 -0.01694915254237288 0.2621468926553672 -0.05649717514124294
13.02 0.22937853107344633 -0.04858757062146893 0.18192090395480226 -0.01694915254237288
13.04 0.15819209039548024 -0.01694915254237288 0.24519774011299436 -0.04067796610169492
13.06 0.17401129943502824 0.031638418079096044 0.17401129943502824 -0.00903954802259887
13.08 0.11073446327683616 0.023728813559322035 0.15028248587570622 0.11073446327683616
13.1 0.03954802259887006 0.17401129943502824 0.10282485875706215 0.07909604519774012
13.12 0.015819209039548022 0.09491525423728814 0.007909604519774011 0.2542372881355932
13.14 -0.10395480225988701 0.3016949152542373 0.007909604519774011 0.1423728813559322
13.16 -0.08813559322033898 0.15819209039548024 -0.16723163841807911 0.3728813559322034
13.18 -0.2384180790960452 0.40451977401129946 -0.12768361581920903 0.1977401129943503
13.2 -0.1751412429378531 0.1977401129943503 -0.2790960451977401 0.4282485875706215
13.22 -0.3265536723163842 0.43615819209039547 -0.20677966101694917 0.21355932203389832
13.24 -0.2305084745762712 0.21355932203389832 -0.37401129943502825 0.4519774011299435
13.26 -0.38192090395480227 0.4282485875706215 -0.2711864406779661 0.23728813559322035
13.28 -0.2711864406779661 0.1977401129943503 -0.42146892655367235 0.4440677966101695
13.3 -0.42146892655367235 0.4203389830508475 -0.3107344632768362 0.22937853107344633
13.32 -0.29491525423728815 0.1977401129943503 -0.44519774011299434 0.4124293785310735
13.34 -0.42937853107344637 0.39661016949152544 -0.3186440677966102 0.2214689265536723
13.36 -0.30282485875706217 0.17401129943502824 -0.42937853107344637 0.35706214689265536
13.38 -0.42937853107344637 0.33333333333333337 -0.30282485875706217 0.1977401129943503
13.4 -0.30282485875706217 0.15028248587570622 -0.42146892655367235 0.3096045197740113
13.42 -0.41355932203389834 0.2621468926553672 -0.29491525423728815 0.18192090395480226
13.44 -0.3107344632768362 0.11073446327683616 -0.3977401129943503 0.2214689265536723
13.46 -0.3977401129943503 0.16610169491525426 -0.28700564971751413 0.12655367231638417
13.48 -0.29491525423728815 0.09491525423728814 -0.36610169491525424 0.1344632768361582
13.5 -0.3423728813559322 0.07909604519774012 -0.2711864406779661 0.09491525423728814
13.52 -0.2384180790960452 0.06327683615819209 -0.3186440677966102 0.03954802259887006
13.54 -0.2711864406779661 -0.00903954802259887 -0.2384180790960452 0.04745762711864407
13.56 -0.19887005649717515 0.007909604519774011 -0.2542372881355932 -0.06440677966101695
13.58 -0.20677966101694917 -0.11186440677966102 -0.19096045197740114 -0.01694915254237288
13.6 -0.1593220338983051 -0.04067796610169492 -0.18305084745762712 -0.16723163841807911
13.62 -0.13559322033898305 -0.19887005649717515 -0.15141242937853108 -0.06440677966101695
13.64 -0.11977401129943503 -0.07231638418079096 -0.11977401129943503 -0.2384180790960452
13.66 -0.07231638418079096 -0.2790960451977401 -0.10395480225988701 -0.10395480225988701
13.68 -0.06440677966101695 -0.10395480225988701 -0.04067796610169492 -0.30282485875706217
13.7 0.015819209039548022 -0.3423728813559322 -0.04067796610169492 -0.12768361581920903
13.72 0.0 -0.11977401129943503 0.05536723163841808 -0.3581920903954802
13.74 0.09491525423728814 -0.3898305084745763 0.031638418079096044 -0.15141242937853108
13.76 0.05536723163841808 -0.13559322033898305 0.1423728813559322 -0.3898305084745763
13.78 0.16610169491525426 -0.3977401129943503 0.08700564971751412 -0.16723163841807911
13.8 0.10282485875706215 -0.14350282485875707 0.1977401129943503 -0.3977401129943503
13.82 0.1977401129943503 -0.3898305084745763 0.1344632768361582 -0.16723163841807911
13.84 0.11864406779661017 -0.14350282485875707 0.23728813559322035 -0.36610169491525424
13.86 0.2214689265536723 -0.3502824858757062 0.15819209039548024 -0.1593220338983051
13.88 0.1344632768361582 -0.12768361581920903 0.24519774011299436 -0.28700564971751413
13.9 0.2056497175141243 -0.2384180790960452 0.15819209039548024 -0.12768361581920903
13.92 0.1344632768361582 -0.07231638418079096 0.2214689265536723 -0.1593220338983051
13.94 0.1977401129943503 -0.07231638418079096 0.1423728813559322 -0.06440677966101695
13.96 0.11864406779661017 -0.00903954802259887 0.1977401129943503 0.0
13.98 0.15819209039548024 0.05536723163841808 0.12655367231638417 0.007909604519774011
14.0 0.09491525423728814 0.04745762711864407 0.15819209039548024 0.0711864406779661
14.02 0.12655367231638417 0.07909604519774012 0.10282485875706215 0.05536723163841808
14.04 0.07909604519774012 0.05536723163841808 0.1344632768361582 0.0711864406779661
14.06 0.10282485875706215 0.05536723163841808 0.08700564971751412 0.05536723163841808
14.08 0.05536723163841808 0.031638418079096044 0.11073446327683616 0.0711864406779661
14.1 0.07909604519774012 0.03954802259887006 0.0711864406779661 0.04745762711864407
14.12 0.04745762711864407 0.031638418079096044 0.08700564971751412 0.04745762711864407
14.14 0.06327683615819209 0.03954802259887006 0.06327683615819209 0.03954802259887006
14.16 0.03954802259887006 0.031638418079096044 0.08700564971751412 0.03954802259887006
14.18 0.05536723163841808 0.03954802259887006 0.05536723163841808 0.03954802259887006
14.2 0.031638418079096044 0.031638418079096044 0.06327683615819209 0.04745762711864407
14.22 0.03954802259887006 0.031638418079096044 0.04745762711864407 0.04745762711864407
14.24 0.015819209039548022 0.031638418079096044 0.04745762711864407 0.03954802259887006
14.26 0.023728813559322035 0.023728813559322035 0.031638418079096044 0.03954802259887006
14.28 0.007909604519774011 0.023728813559322035 0.03954802259887006 0.04745762711864407
14.3 0.015819209039548022 0.031638418079096044 0.031638418079096044 0.03954802259887006
14.32 0.007909604519774011 0.031638418079096044 0.04745762711864407 0.03954802259887006
14.34 0.023728813559322035 0.007909604519774011 0.03954802259887006 0.03954802259887006
14.36 0.023728813559322035 0.023728813559322035 0.03954802259887006 0.03954802259887006
14.38 0.023728813559322035 0.023728813559322035 0.031638418079096044 0.03954802259887006
14.4 0.007909604519774011 0.031638418079096044 0.031638418079096044 0.03954802259887006
14.42 0.007909604519774011 0.031638418079096044 0.023728813559322035 0.03954802259887006
14.44 0.0 0.023728813559322035 0.015819209039548022 0.03954802259887006
14.46 0.0 0.023728813559322035 0.015819209039548022 0.03954802259887006
14.48 -0.00903954802259887 0.023728813559322035 0.007909604519774011 0.03954802259887006
14.5 -0.00903954802259887 0.023728813559322035 0.007909604519774011 0.03954802259887006
14.52 -0.00903954802259887 0.023728813559322035 0.007909604519774011 0.03954802259887006
14.54 0.0 0.023728813559322035 0.0 0.03954802259887006
14.56 -0.00903954802259887 0.023728813559322035 0.007909604519774011 0.03954802259887006
14.58 0.007909604519774011 0.023728813559322035 0.007909604519774011 0.03954802259887006
14.6 -0.00903954802259887 0.023728813559322035 0.023728813559322035 0.03954802259887006
14.62 0.007909604519774011 0.023728813559322035 0.015819209039548022 0.03954802259887006
14.64 0.0 0.031638418079096044 0.031638418079096044 0.03954802259887006
14.66 0.007909604519774011 0.015819209039548022 0.031638418079096044 0.03954802259887006
14.68 0.007909604519774011 0.023728813559322035 0.04745762711864407 0.031638418079096044
14.7 0.015819209039548022 0.015819209039548022 0.03954802259887006 0.031638418079096044
14.72 0.007909604519774011 0.023728813559322035 0.05536723163841808 0.031638418079096044
14.74 0.023728813559322035 0.015819209039548022 0.03954802259887006 0.031638418079096044
14.76 0.007909604519774011 0.015819209039548022 0.05536723163841808 0.023728813559322035
14.78 0.03954802259887006 0.015819209039548022 0.031638418079096044 0.023728813559322035
14.8 0.023728813559322035 0.015819209039548022 0.06327683615819209 0.015819209039548022
14.82 0.05536723163841808 0.007909604519774011 0.04745762711864407 0.015819209039548022
14.84 0.03954802259887006 0.015819209039548022 0.09491525423728814 0.007909604519774011
14.86 0.08700564971751412 0.0 0.0711864406779661 0.015819209039548022
14.88 0.06327683615819209 0.0 0.1423728813559322 -0.00903954802259887
14.9 0.12655367231638417 -0.01694915254237288 0.10282485875706215 0.0
14.92 0.08700564971751412 0.0 0.18983050847457628 -0.0327683615819209
14.94 0.1977401129943503 -0.05649717514124294 0.12655367231638417 -0.00903954802259887
14.96 0.1344632768361582 -0.01694915254237288 0.2621468926553672 -0.05649717514124294
14.98 0.23728813559322035 -0.04858757062146893 0.18192090395480226 -0.01694915254237288
15.0 0.15819209039548024 -0.00903954802259887 0.2542372881355932 -0.0327683615819209
15.02 0.17401129943502824 0.031638418079096044 0.17401129943502824 -0.00903954802259887
15.04 0.11073446327683616 0.031638418079096044 0.15028248587570622 0.10282485875706215
15.06 0.03954802259887006 0.17401129943502824 0.09491525423728814 0.07909604519774012
15.08 0.015819209039548022 0.09491525423728814 0.007909604519774011 0.24519774011299436
15.1 -0.11186440677966102 0.3016949152542373 0.0 0.1423728813559322
15.12 -0.08813559322033898 0.15819209039548024 -0.16723163841807911 0.3728813559322034
15.14 -0.2305084745762712 0.3887005649717514 -0.12768361581920903 0.2056497175141243
15.16 -0.16723163841807911 0.1977401129943503 -0.28700564971751413 0.4282485875706215
15.18 -0.3265536723163842 0.4203389830508475 -0.20677966101694917 0.21355932203389832
15.2 -0.2305084745762712 0.2056497175141243 -0.38192090395480227 0.4519774011299435
15.22 -0.3898305084745763 0.4440677966101695 -0.2711864406779661 0.23728813559322035
15.24 -0.2711864406779661 0.1977401129943503 -0.42937853107344637 0.4440677966101695
15.26 -0.42146892655367235 0.4124293785310735 -0.30282485875706217 0.23728813559322035
15.28 -0.28700564971751413 0.18983050847457628 -0.42937853107344637 0.39661016949152544
15.3 -0.42937853107344637 0.39661016949152544 -0.30282485875706217 0.2214689265536723
15.32 -0.30282485875706217 0.17401129943502824 -0.42937853107344637 0.35706214689265536
15.34 -0.42937853107344637 0.33333333333333337 -0.30282485875706217 0.1977401129943503
15.36 -0.30282485875706217 0.15028248587570622 -0.42146892655367235 0.3016949152542373
15.38 -0.41355932203389834 0.2621468926553672 -0.30282485875706217 0.17401129943502824
15.4 -0.30282485875706217 0.11073446327683616 -0.3977401129943503 0.21355932203389832
15.42 -0.3977401129943503 0.16610169491525426 -0.28700564971751413 0.12655367231638417
15.44 -0.29491525423728815 0.09491525423728814 -0.37401129943502825 0.1423728813559322
15.46 -0.3423728813559322 0.07909604519774012 -0.2711864406779661 0.09491525423728814
15.48 -0.2384180790960452 0.06327683615819209 -0.3186440677966102 0.04745762711864407
15.5 -0.2711864406779661 -0.00903954802259887 -0.2305084745762712 0.04745762711864407
15.52 -0.19887005649717515 0.007909604519774011 -0.2632768361581921 -0.05649717514124294
15.54 -0.21468926553672318 -0.11186440677966102 -0.19887005649717515 -0.01694915254237288
15.56 -0.1593220338983051 -0.04067796610169492 -0.18305084745762712 -0.16723163841807911
15.58 -0.13559322033898305 -0.19096045197740114 -0.15141242937853108 -0.06440677966101695
15.6 -0.11977401129943503 -0.07231638418079096 -0.11186440677966102 -0.2384180790960452
15.62 -0.07231638418079096 -0.2790960451977401 -0.10395480225988701 -0.096045197740113
15.64 -0.07231638418079096 -0.10395480225988701 -0.04067796610169492 -0.30282485875706217
15.66 0.015819209039548022 -0.33446327683615823 -0.04067796610169492 -0.12768361581920903
15.68 0.0 -0.11977401129943503 0.06327683615819209 -0.3581920903954802
15.7 0.09491525423728814 -0.38192090395480227 0.03954802259887006 -0.15141242937853108
15.72 0.05536723163841808 -0.13559322033898305 0.1423728813559322 -0.3898305084745763
15.74 0.16610169491525426 -0.3977401129943503 0.09491525423728814 -0.16723163841807911
15.76 0.10282485875706215 -0.14350282485875707 0.2056497175141243 -0.3898305084745763
15.78 0.1977401129943503 -0.3898305084745763 0.1344632768361582 -0.16723163841807911
15.8 0.12655367231638417 -0.15141242937853108 0.23728813559322035 -0.36610169491525424
15.82 0.2214689265536723 -0.36610169491525424 0.15819209039548024 -0.1593220338983051
15.84 0.1344632768361582 -0.12768361581920903 0.2542372881355932 -0.2790960451977401
15.86 0.21355932203389832 -0.24632768361581922 0.16610169491525426 -0.11977401129943503
15.88 0.1344632768361582 -0.06440677966101695 0.2214689265536723 -0.15141242937853108
15.9 0.1977401129943503 -0.07231638418079096 0.1423728813559322 -0.06440677966101695
15.92 0.11864406779661017 -0.00903954802259887 0.1977401129943503 0.0
15.94 0.15819209039548024 0.05536723163841808 0.12655367231638417 0.007909604519774011
15.96 0.10282485875706215 0.04745762711864407 0.16610169491525426 0.0711864406779661
15.98 0.12655367231638417 0.07909604519774012 0.10282485875706215 0.04745762711864407
16.0 0.07909604519774012 0.04745762711864407 0.1344632768361582 0.0711864406779661
16.02 0.10282485875706215 0.05536723163841808 0.09491525423728814 0.05536723163841808
16.04 0.05536723163841808 0.03954802259887006 0.11073446327683616 0.06327683615819209
16.06 0.07909604519774012 0.03954802259887006 0.0711864406779661 0.05536723163841808
16.08 0.04745762711864407 0.031638418079096044 0.08700564971751412 0.04745762711864407
16.1 0.0711864406779661 0.03954802259887006 0.06327683615819209 0.03954802259887006
16.12 0.03954802259887006 0.031638418079096044 0.08700564971751412 0.04745762711864407
16.14 0.05536723163841808 0.03954802259887006 0.05536723163841808 0.03954802259887006
16.16 0.031638418079096044 0.031638418079096044 0.06327683615819209 0.04745762711864407
16.18 0.03954802259887006 0.031638418079096044 0.04745762711864407 0.04745762711864407
16.2 0.023728813559322035 0.031638418079096044 0.04745762711864407 0.03954802259887006
16.22 0.023728813559322035 0.023728813559322035 0.031638418079096044 0.03954802259887006
16.24 0.007909604519774011 0.023728813559322035 0.03954802259887006 0.04745762711864407
16.26 0.023728813559322035 0.031638418079096044 0.03954802259887006 0.03954802259887006
16.28 0.007909604519774011 0.031638418079096044 0.04745762711864407 0.03954802259887006
16.3 0.023728813559322035 0.007909604519774011 0.03954802259887006 0.03954802259887006
16.32 0.023728813559322035 0.023728813559322035 0.03954802259887006 0.03954802259887006
16.34 0.023728813559322035 0.023728813559322035 0.031638418079096044 0.03954802259887006
16.36 0.007909604519774011 0.03954802259887006 0.03954802259887006 0.03954802259887006
16.38 0.007909604519774011 0.031638418079096044 0.023728813559322035 0.03954802259887006
16.4 0.0 0.023728813559322035 0.015819209039548022 0.03954802259887006
16.42 0.0 0.023728813559322035 0.015819209039548022 0.031638418079096044
16.44 0.0 0.023728813559322035 0.007909604519774011 0.03954802259887006
16.46 0.0 0.023728813559322035 0.0 0.03954802259887006
16.48 -0.00903954802259887 0.023728813559322035 0.007909604519774011 0.031638418079096044
16.5 0.0 0.023728813559322035 0.007909604519774011 0.031638418079096044
16.52 -0.00903954802259887 0.023728813559322035 0.007909604519774011 0.031638418079096044
16.54 0.007909604519774011 0.023728813559322035 0.007909604519774011 0.03954802259887006
16.56 0.0 0.023728813559322035 0.023728813559322035 0.031638418079096044
16.58 0.007909604519774011 0.023728813559322035 0.023728813559322035 0.03954802259887006
16.6 0.0 0.023728813559322035 0.03954802259887006 0.03954802259887006
16.62 0.007909604519774011 0.015819209039548022 0.031638418079096044 0.03954802259887006
16.64 0.007909604519774011 0.015819209039548022 0.04745762711864407 0.031638418079096044
16.66 0.023728813559322035 0.015819209039548022 0.03954802259887006 0.031638418079096044
16.68 0.007909604519774011 0.023728813559322035 0.04745762711864407 0.031638418079096044
16.7 0.023728813559322035 0.015819209039548022 0.031638418079096044 0.023728813559322035
16.72 0.015819209039548022 0.015819209039548022 0.05536723163841808 0.015819209039548022
16.74 0.03954802259887006 0.015819209039548022 0.031638418079096044 0.015819209039548022
16.76 0.023728813559322035 0.015819209039548022 0.06327683615819209 0.015819209039548022
16.78 0.05536723163841808 0.007909604519774011 0.04745762711864407 0.015819209039548022
16.8 0.03954802259887006 0.015819209039548022 0.10282485875706215 0.007909604519774011
16.82 0.08700564971751412 0.0 0.0711864406779661 0.015819209039548022
16.84 0.06327683615819209 0.007909604519774011 0.1423728813559322 -0.00903954802259887
16.86 0.12655367231638417 -0.01694915254237288 0.11073446327683616 0.0
16.88 0.08700564971751412 0.0 0.18983050847457628 -0.024858757062146894
16.9 0.1977401129943503 -0.05649717514124294 0.12655367231638417 -0.00903954802259887
16.92 0.1344632768361582 -0.01694915254237288 0.2621468926553672 -0.05649717514124294
16.94 0.22937853107344633 -0.04858757062146893 0.18983050847457628 -0.024858757062146894
16.96 0.15819209039548024 -0.01694915254237288 0.24519774011299436 -0.0327683615819209
16.98 0.17401129943502824 0.023728813559322035 0.17401129943502824 -0.00903954802259887
17.0 0.11073446327683616 0.023728813559322035 0.15028248587570622 0.11073446327683616
17.02 0.03954802259887006 0.17401129943502824 0.10282485875706215 0.07909604519774012
17.04 0.015819209039548022 0.09491525423728814 0.007909604519774011 0.2542372881355932
17.06 -0.11186440677966102 0.3096045197740113 0.0 0.1423728813559322
17.08 -0.08813559322033898 0.15819209039548024 -0.16723163841807911 0.3807909604519774
17.1 -0.2305084745762712 0.39661016949152544 -0.12768361581920903 0.1977401129943503
17.12 -0.16723163841807911 0.2056497175141243 -0.2790960451977401 0.43615819209039547
17.14 -0.3265536723163842 0.4282485875706215 -0.20677966101694917 0.2214689265536723
17.16 -0.2305084745762712 0.21355932203389832 -0.37401129943502825 0.43615819209039547
17.18 -0.38192090395480227 0.4282485875706215 -0.2711864406779661 0.22937853107344633
17.2 -0.2711864406779661 0.1977401129943503 -0.42937853107344637 0.4519774011299435
17.22 -0.42146892655367235 0.4282485875706215 -0.3107344632768362 0.23728813559322035
17.24 -0.29491525423728815 0.1977401129943503 -0.44519774011299434 0.4124293785310735
17.26 -0.42937853107344637 0.3887005649717514 -0.3107344632768362 0.2214689265536723
17.28 -0.30282485875706217 0.17401129943502824 -0.42937853107344637 0.35706214689265536
17.3 -0.42937853107344637 0.33333333333333337 -0.30282485875706217 0.1977401129943503
17.32 -0.30282485875706217 0.15819209039548024 -0.42146892655367235 0.3096045197740113
17.34 -0.41355932203389834 0.2621468926553672 -0.29491525423728815 0.17401129943502824
17.36 -0.29491525423728815 0.11073446327683616 -0.3977401129943503 0.21355932203389832
17.38 -0.3898305084745763 0.15819209039548024 -0.28700564971751413 0.12655367231638417
17.4 -0.29491525423728815 0.09491525423728814 -0.36610169491525424 0.1423728813559322
17.42 -0.3423728813559322 0.07909604519774012 -0.2711864406779661 0.09491525423728814
17.44 -0.2384180790960452 0.06327683615819209 -0.3107344632768362 0.04745762711864407
17.46 -0.2711864406779661 -0.01694915254237288 -0.2305084745762712 0.04745762711864407
17.48 -0.19887005649717515 0.007909604519774011 -0.2542372881355932 -0.05649717514124294
17.5 -0.21468926553672318 -0.11186440677966102 -0.19096045197740114 -0.01694915254237288
17.52 -0.1593220338983051 -0.04067796610169492 -0.18305084745762712 -0.16723163841807911
17.54 -0.13559322033898305 -0.19887005649717515 -0.14350282485875707 -0.07231638418079096
17.56 -0.11977401129943503 -0.07231638418079096 -0.11186440677966102 -0.2384180790960452
17.58 -0.07231638418079096 -0.2711864406779661 -0.10395480225988701 -0.10395480225988701
17.6 -0.06440677966101695 -0.11186440677966102 -0.04067796610169492 -0.3107344632768362
17.62 0.007909604519774011 -0.3423728813559322 -0.04067796610169492 -0.11977401129943503
17.64 0.0 -0.12768361581920903 0.06327683615819209 -0.36610169491525424
17.66 0.09491525423728814 -0.3898305084745763 0.031638418079096044 -0.15141242937853108
17.68 0.05536723163841808 -0.12768361581920903 0.1423728813559322 -0.3898305084745763
17.7 0.16610169491525426 -0.41355932203389834 0.08700564971751412 -0.16723163841807911
17.72 0.10282485875706215 -0.15141242937853108 0.2056497175141243 -0.3977401129943503
17.74 0.1977401129943503 -0.3977401129943503 0.1344632768361582 -0.16723163841807911
17.76 0.11864406779661017 -0.14350282485875707 0.23728813559322035 -0.36610169491525424
17.78 0.21355932203389832 -0.3502824858757062 0.15819209039548024 -0.1593220338983051
17.8 0.1344632768361582 -0.12768361581920903 0.2542372881355932 -0.28700564971751413
17.82 0.21355932203389832 -0.24632768361581922 0.16610169491525426 -0.12768361581920903
17.84 0.1344632768361582 -0.07231638418079096 0.2214689265536723 -0.1593220338983051
17.86 0.1977401129943503 -0.07231638418079096 0.1423728813559322 -0.06440677966101695
17.88 0.11864406779661017 -0.00903954802259887 0.1977401129943503 0.0
17.9 0.16610169491525426 0.05536723163841808 0.12655367231638417 0.007909604519774011
17.92 0.09491525423728814 0.04745762711864407 0.16610169491525426 0.0711864406779661
17.94 0.12655367231638417 0.07909604519774012 0.10282485875706215 0.04745762711864407
17.96 0.07909604519774012 0.04745762711864407 0.1344632768361582 0.0711864406779661
17.98 0.10282485875706215 0.05536723163841808 0.08700564971751412 0.05536723163841808
18.0 0.05536723163841808 0.03954802259887006 0.10282485875706215 0.06327683615819209
18.02 0.07909604519774012 0.03954802259887006 0.0711864406779661 0.04745762711864407
18.04 0.04745762711864407 0.031638418079096044 0.08700564971751412 0.04745762711864407
18.06 0.0711864406779661 0.03954802259887006 0.06327683615819209 0.03954802259887006
18.08 0.03954802259887006 0.03954802259887006 0.08700564971751412 0.04745762711864407
18.1 0.05536723163841808 0.031638418079096044 0.05536723163841808 0.03954802259887006
18.12 0.031638418079096044 0.031638418079096044 0.06327683615819209 0.04745762711864407
18.14 0.03954802259887006 0.031638418079096044 0.04745762711864407 0.04745762711864407
18.16 0.015819209039548022 0.031638418079096044 0.04745762711864407 0.03954802259887006
18.18 0.023728813559322035 0.023728813559322035 0.031638418079096044 0.03954802259887006
18.2 0.007909604519774011 0.031638418079096044 0.03954802259887006 0.04745762711864407
18.22 0.023728813559322035 0.031638418079096044 0.031638418079096044 0.03954802259887006
18.24 0.007909604519774011 0.031638418079096044 0.04745762711864407 0.03954802259887006
18.26 0.023728813559322035 0.007909604519774011 0.04745762711864407 0.03954802259887006
18.28 0.023728813559322035 0.023728813559322035 0.03954802259887006 0.03954802259887006
18.3 0.023728813559322035 0.023728813559322035 0.031638418079096044 0.03954802259887006
18.32 0.007909604519774011 0.031638418079096044 0.03954802259887006 0.03954802259887006
18.34 0.0 0.031638418079096044 0.023728813559322035 0.03954802259887006
18.36 -0.00903954802259887 0.023728813559322035 0.015819209039548022 0.03954802259887006
18.38 0.0 0.023728813559322035 0.007909604519774011 0.03954802259887006
18.4 -0.00903954802259887 0.023728813559322035 0.007909604519774011 0.03954802259887006
18.42 -0.00903954802259887 0.023728813559322035 0.0 0.03954802259887006
18.44 -0.00903954802259887 0.023728813559322035 0.007909604519774011 0.03954802259887006
18.46 0.0 0.023728813559322035 0.007909604519774011 0.03954802259887006
18.48 -0.00903954802259887 0.023728813559322035 0.007909604519774011 0.03954802259887006
18.5 0.007909604519774011 0.023728813559322035 0.007909604519774011 0.03954802259887006
18.52 0.0 0.023728813559322035 0.023728813559322035 0.03954802259887006
18.54 0.007909604519774011 0.023728813559322035 0.023728813559322035 0.03954802259887006
18.56 0.0 0.031638418079096044 0.031638418079096044 0.03954802259887006
18.58 0.007909604519774011 0.015819209039548022 0.031638418079096044 0.03954802259887006
18.6 0.007909604519774011 0.015819209039548022 0.04745762711864407 0.031638418079096044
18.62 0.015819209039548022 0.015819209039548022 0.03954802259887006 0.031638418079096044
18.64 0.007909604519774011 0.015819209039548022 0.04745762711864407 0.031638418079096044
18.66 0.023728813559322035 0.023728813559322035 0.03954802259887006 0.031638418079096044
18.68 0.007909604519774011 0.015819209039548022 0.05536723163841808 0.023728813559322035
18.7 0.03954802259887006 0.015819209039548022 0.031638418079096044 0.023728813559322035
18.72 0.023728813559322035 0.007909604519774011 0.06327683615819209 0.015819209039548022
18.74 0.05536723163841808 0.007909604519774011 0.04745762711864407 0.015819209039548022
18.76 0.03954802259887006 0.015819209039548022 0.09491525423728814 0.007909604519774011
18.78 0.08700564971751412 0.0 0.0711864406779661 0.015819209039548022
18.8 0.06327683615819209 0.0 0.1423728813559322 -0.00903954802259887
18.82 0.12655367231638417 -0.01694915254237288 0.11073446327683616 0.0
18.84 0.08700564971751412 0.0 0.18983050847457628 -0.024858757062146894
18.86 0.1977401129943503 -0.04858757062146893 0.1344632768361582 0.0
18.88 0.1344632768361582 -0.01694915254237288 0.2542372881355932 -0.05649717514124294
18.9 0.22937853107344633 -0.04858757062146893 0.18983050847457628 -0.01694915254237288
18.92 0.15819209039548024 -0.00903954802259887 0.24519774011299436 -0.0327683615819209
18.94 0.17401129943502824 0.023728813559322035 0.17401129943502824 -0.00903954802259887
18.96 0.11073446327683616 0.031638418079096044 0.1423728813559322 0.11073446327683616
18.98 0.03954802259887006 0.17401129943502824 0.09491525423728814 0.0711864406779661
19.0 0.015819209039548022 0.10282485875706215 0.007909604519774011 0.24519774011299436
19.02 -0.10395480225988701 0.3096045197740113 0.0 0.1423728813559322
19.04 -0.08022598870056498 0.15819209039548024 -0.16723163841807911 0.3728813559322034
19.06 -0.2305084745762712 0.3887005649717514 -0.12768361581920903 0.1977401129943503
19.08 -0.16723163841807911 0.1977401129943503 -0.2790960451977401 0.4282485875706215
19.1 -0.3265536723163842 0.4282485875706215 -0.20677966101694917 0.2214689265536723
19.12 -0.2305084745762712 0.21355932203389832 -0.37401129943502825 0.43615819209039547
19.14 -0.3898305084745763 0.4282485875706215 -0.2790960451977401 0.23728813559322035
19.16 -0.2711864406779661 0.1977401129943503 -0.42937853107344637 0.4440677966101695
19.18 -0.42146892655367235 0.4203389830508475 -0.30282485875706217 0.23728813559322035
19.2 -0.29491525423728815 0.18983050847457628 -0.44519774011299434 0.40451977401129946
19.22 -0.42146892655367235 0.39661016949152544 -0.30282485875706217 0.2214689265536723
19.24 -0.30282485875706217 0.17401129943502824 -0.43728813559322033 0.35706214689265536
19.26 -0.42146892655367235 0.33333333333333337 -0.29491525423728815 0.18983050847457628
19.28 -0.29491525423728815 0.15819209039548024 -0.42146892655367235 0.2937853107344633
19.3 -0.41355932203389834 0.2621468926553672 -0.29491525423728815 0.17401129943502824
19.32 -0.30282485875706217 0.11073446327683616 -0.3977401129943503 0.21355932203389832
19.34 -0.3977401129943503 0.16610169491525426 -0.28700564971751413 0.12655367231638417
19.36 -0.28700564971751413 0.09491525423728814 -0.36610169491525424 0.1344632768361582
19.38 -0.33446327683615823 0.07909604519774012 -0.2632768361581921 0.09491525423728814
19.4 -0.2384180790960452 0.06327683615819209 -0.3107344632768362 0.03954802259887006
19.42 -0.2711864406779661 -0.01694915254237288 -0.2305084745762712 0.03954802259887006
19.44 -0.19887005649717515 0.007909604519774011 -0.2542372881355932 -0.06440677966101695
19.46 -0.21468926553672318 -0.11186440677966102 -0.19096045197740114 -0.01694915254237288
19.48 -0.1593220338983051 -0.0327683615819209 -0.18305084745762712 -0.16723163841807911
19.5 -0.13559322033898305 -0.19887005649717515 -0.14350282485875707 -0.06440677966101695
19.52 -0.11977401129943503 -0.08022598870056498 -0.11186440677966102 -0.24632768361581922
19.54 -0.07231638418079096 -0.2790960451977401 -0.10395480225988701 -0.10395480225988701
19.56 -0.06440677966101695 -0.10395480225988701 -0.04067796610169492 -0.3107344632768362
19.58 0.015819209039548022 -0.3423728813559322 -0.04067796610169492 -0.12768361581920903
19.6 0.0 -0.12768361581920903 0.06327683615819209 -0.36610169491525424
19.62 0.09491525423728814 -0.3898305084745763 0.03954802259887006 -0.15141242937853108
19.64 0.04745762711864407 -0.13559322033898305 0.1423728813559322 -0.3898305084745763
19.66 0.16610169491525426 -0.3977401129943503 0.09491525423728814 -0.1751412429378531
19.68 0.09491525423728814 -0.14350282485875707 0.1977401129943503 -0.3977401129943503
19.7 0.1977401129943503 -0.3898305084745763 0.1344632768361582 -0.1751412429378531
19.72 0.12655367231638417 -0.14350282485875707 0.23728813559322035 -0.37401129943502825
19.74 0.22937853107344633 -0.3502824858757062 0.15819209039548024 -0.1593220338983051
19.76 0.1344632768361582 -0.12768361581920903 0.24519774011299436 -0.28700564971751413
19.78 0.21355932203389832 -0.2384180790960452 0.15819209039548024 -0.11977401129943503
19.8 0.1344632768361582 -0.06440677966101695 0.2214689265536723 -0.1593220338983051
19.82 0.1977401129943503 -0.07231638418079096 0.1423728813559322 -0.07231638418079096
19.84 0.11864406779661017 -0.00903954802259887 0.1977401129943503 0.0
19.86 0.15819209039548024 0.05536723163841808 0.12655367231638417 0.007909604519774011
19.88 0.09491525423728814 0.04745762711864407 0.16610169491525426 0.0711864406779661
19.9 0.12655367231638417 0.07909604519774012 0.11073446327683616 0.05536723163841808
19.92 0.0711864406779661 0.05536723163841808 0.1344632768361582 0.07909604519774012
19.94 0.10282485875706215 0.05536723163841808 0.09491525423728814 0.05536723163841808
19.96 0.05536723163841808 0.03954802259887006 0.11073446327683616 0.06327683615819209
19.98 0.07909604519774012 0.03954802259887006 0.0711864406779661 0.04745762711864407
20.0 0.04745762711864407 0.031638418079096044 0.08700564971751412 0.04745762711864407
