0.0 0.0 0.0 0.0 0.0
0.02 0.0 0.0 0.0 0.0
0.04 0.0 0.0 0.0 0.0
0.06 0.0 0.0 0.0 0.0
0.08 0.0 0.0 0.0 0.047961647844804174
0.1 0.0 0.047961647844804174 0.0 0.09592329568960835
0.12 -0.023980823922402087 0.11990411961201043 0.0 0.14388494353441253
0.14 -0.047961647844804174 0.1678657674568146 0.0 0.1678657674568146
0.16 -0.07194247176720626 0.1918465913792167 0.0 0.1918465913792167
0.18 -0.07194247176720626 0.21582741530161878 -0.023980823922402087 0.21582741530161878
0.2 -0.07194247176720626 0.21582741530161878 -0.047961647844804174 0.21582741530161878
0.22 -0.09592329568960835 0.23980823922402086 -0.047961647844804174 0.21582741530161878
0.24 -0.09592329568960835 0.21582741530161878 -0.07194247176720626 0.21582741530161878
0.26 -0.09592329568960835 0.21582741530161878 -0.09592329568960835 0.21582741530161878
0.28 -0.09592329568960835 0.21582741530161878 -0.09592329568960835 0.21582741530161878
0.3 -0.09592329568960835 0.21582741530161878 -0.09592329568960835 0.21582741530161878
0.32 -0.07194247176720626 0.21582741530161878 -0.09592329568960835 0.21582741530161878
0.34 -0.09592329568960835 0.21582741530161878 -0.09592329568960835 0.21582741530161878
0.36 -0.09592329568960835 0.21582741530161878 -0.11990411961201043 0.1918465913792167
0.38 -0.09592329568960835 0.21582741530161878 -0.09592329568960835 0.1918465913792167
0.4 -0.09592329568960835 0.1918465913792167 -0.09592329568960835 0.1918465913792167
0.42 -0.09592329568960835 0.1918465913792167 -0.09592329568960835 0.1918465913792167
0.44 -0.09592329568960835 0.1918465913792167 -0.09592329568960835 0.21582741530161878
0.46 -0.09592329568960835 0.1918465913792167 -0.09592329568960835 0.21582741530161878
0.48 -0.09592329568960835 0.1918465913792167 -0.09592329568960835 0.21582741530161878
0.5 -0.09592329568960835 0.21582741530161878 -0.07194247176720626 0.23980823922402086
0.52 -0.09592329568960835 0.21582741530161878 -0.07194247176720626 0.23980823922402086
0.54 -0.09592329568960835 0.23980823922402086 -0.09592329568960835 0.23980823922402086
0.56 -0.09592329568960835 0.21582741530161878 -0.09592329568960835 0.21582741530161878
0.58 -0.09592329568960835 0.21582741530161878 -0.09592329568960835 0.21582741530161878
0.6 -0.09592329568960835 0.1918465913792167 -0.09592329568960835 0.21582741530161878
0.62 -0.09592329568960835 0.21582741530161878 -0.09592329568960835 0.1918465913792167
0.64 -0.09592329568960835 0.21582741530161878 -0.09592329568960835 0.1918465913792167
0.66 -0.09592329568960835 0.21582741530161878 -0.09592329568960835 0.1918465913792167
0.68 -0.09592329568960835 0.1918465913792167 -0.09592329568960835 0.1918465913792167
0.7 -0.09592329568960835 0.21582741530161878 -0.09592329568960835 0.1918465913792167
0.72 -0.09592329568960835 0.21582741530161878 -0.09592329568960835 0.21582741530161878
0.74 -0.09592329568960835 0.21582741530161878 -0.09592329568960835 0.21582741530161878
0.76 -0.09592329568960835 0.21582741530161878 -0.09592329568960835 0.23980823922402086
0.78 -0.09592329568960835 0.21582741530161878 -0.09592329568960835 0.21582741530161878
0.8 -0.07194247176720626 0.1918465913792167 -0.09592329568960835 0.21582741530161878
0.82 -0.07194247176720626 0.1918465913792167 -0.07194247176720626 0.1918465913792167
0.84 -0.07194247176720626 0.1918465913792167 -0.07194247176720626 0.1918465913792167
0.86 -0.07194247176720626 0.1918465913792167 -0.07194247176720626 0.1678657674568146
0.88 -0.07194247176720626 0.1918465913792167 -0.09592329568960835 0.1678657674568146
0.9 -0.07194247176720626 0.21582741530161878 -0.09592329568960835 0.1678657674568146
0.92 -0.07194247176720626 0.1918465913792167 -0.09592329568960835 0.1678657674568146
0.94 -0.07194247176720626 0.1918465913792167 -0.07194247176720626 0.1678657674568146
0.96 -0.07194247176720626 0.1918465913792167 -0.07194247176720626 0.1918465913792167
0.98 -0.09592329568960835 0.1918465913792167 -0.07194247176720626 0.1918465913792167
1.0 -0.09592329568960835 0.1918465913792167 -0.07194247176720626 0.1918465913792167
1.02 -0.07194247176720626 0.1918465913792167 -0.07194247176720626 0.1918465913792167
1.04 -0.07194247176720626 0.1918465913792167 -0.07194247176720626 0.1918465913792167
1.06 -0.07194247176720626 0.1918465913792167 -0.07194247176720626 0.1918465913792167
1.08 -0.07194247176720626 0.1918465913792167 -0.07194247176720626 0.1918465913792167
1.1 -0.07194247176720626 0.1918465913792167 -0.07194247176720626 0.1918465913792167
1.12 -0.07194247176720626 0.1918465913792167 -0.07194247176720626 0.1918465913792167
1.14 -0.07194247176720626 0.1918465913792167 -0.07194247176720626 0.1918465913792167
1.16 -0.07194247176720626 0.1918465913792167 -0.07194247176720626 0.1918465913792167
1.18 -0.07194247176720626 0.1918465913792167 -0.07194247176720626 0.1918465913792167
1.2 -0.07194247176720626 0.1918465913792167 -0.07194247176720626 0.1918465913792167
1.22 -0.07194247176720626 0.1918465913792167 -0.07194247176720626 0.1918465913792167
1.24 -0.07194247176720626 0.1678657674568146 -0.07194247176720626 0.21582741530161878
1.26 -0.07194247176720626 0.1678657674568146 -0.07194247176720626 0.1918465913792167
1.28 -0.07194247176720626 0.1678657674568146 -0.07194247176720626 0.1918465913792167
1.3 -0.07194247176720626 0.1678657674568146 -0.07194247176720626 0.1918465913792167
1.32 -0.07194247176720626 0.1678657674568146 -0.07194247176720626 0.1918465913792167
1.34 -0.07194247176720626 0.1678657674568146 -0.07194247176720626 0.1918465913792167
1.36 -0.07194247176720626 0.1678657674568146 -0.07194247176720626 0.1678657674568146
1.38 -0.07194247176720626 0.1678657674568146 -0.07194247176720626 0.1678657674568146
1.4 -0.07194247176720626 0.1678657674568146 -0.07194247176720626 0.1678657674568146
1.42 -0.07194247176720626 0.1678657674568146 -0.07194247176720626 0.1678657674568146
1.44 -0.07194247176720626 0.1678657674568146 -0.07194247176720626 0.1678657674568146
1.46 -0.07194247176720626 0.1678657674568146 -0.07194247176720626 0.1678657674568146
1.48 -0.07194247176720626 0.1678657674568146 -0.07194247176720626 0.1678657674568146
1.5 -0.07194247176720626 0.1678657674568146 -0.07194247176720626 0.1678657674568146
1.52 -0.07194247176720626 0.1678657674568146 -0.07194247176720626 0.1678657674568146
1.54 -0.07194247176720626 0.1678657674568146 -0.07194247176720626 0.1678657674568146
1.56 -0.07194247176720626 0.1678657674568146 -0.07194247176720626 0.1678657674568146
1.58 -0.07194247176720626 0.1678657674568146 -0.07194247176720626 0.1678657674568146
1.6 -0.07194247176720626 0.1678657674568146 -0.07194247176720626 0.1678657674568146
1.62 -0.07194247176720626 0.1678657674568146 -0.07194247176720626 0.1678657674568146
1.64 -0.07194247176720626 0.1678657674568146 -0.07194247176720626 0.1678657674568146
1.66 -0.07194247176720626 0.1678657674568146 -0.07194247176720626 0.14388494353441253
1.68 -0.07194247176720626 0.1678657674568146 -0.07194247176720626 0.14388494353441253
1.7 -0.07194247176720626 0.1678657674568146 -0.07194247176720626 0.14388494353441253
1.72 -0.07194247176720626 0.1678657674568146 -0.07194247176720626 0.1678657674568146
1.74 -0.07194247176720626 0.14388494353441253 -0.07194247176720626 0.1678657674568146
1.76 -0.07194247176720626 0.14388494353441253 -0.07194247176720626 0.1678657674568146
1.78 -0.07194247176720626 0.14388494353441253 -0.047961647844804174 0.1678657674568146
1.8 -0.07194247176720626 0.14388494353441253 -0.047961647844804174 0.1678657674568146
1.82 -0.07194247176720626 0.14388494353441253 -0.047961647844804174 0.1678657674568146
1.84 -0.07194247176720626 0.14388494353441253 -0.047961647844804174 0.1678657674568146
1.86 -0.07194247176720626 0.14388494353441253 -0.047961647844804174 0.1678657674568146
1.88 -0.07194247176720626 0.14388494353441253 -0.07194247176720626 0.1678657674568146
1.9 -0.07194247176720626 0.1678657674568146 -0.07194247176720626 0.1678657674568146
1.92 -0.07194247176720626 0.14388494353441253 -0.07194247176720626 0.1678657674568146
1.94 -0.07194247176720626 0.1678657674568146 -0.07194247176720626 0.1678657674568146
1.96 -0.07194247176720626 0.14388494353441253 -0.07194247176720626 0.1678657674568146
1.98 -0.07194247176720626 0.1678657674568146 -0.07194247176720626 0.1678657674568146
2.0 -0.07194247176720626 0.1678657674568146 -0.07194247176720626 0.1678657674568146
2.02 -0.07194247176720626 0.1678657674568146 -0.07194247176720626 0.14388494353441253
2.04 -0.07194247176720626 0.14388494353441253 -0.07194247176720626 0.14388494353441253
2.06 -0.07194247176720626 0.14388494353441253 -0.07194247176720626 0.14388494353441253
2.08 -0.07194247176720626 0.14388494353441253 -0.07194247176720626 0.14388494353441253
2.1 -0.07194247176720626 0.14388494353441253 -0.047961647844804174 0.14388494353441253
2.12 -0.07194247176720626 0.14388494353441253 -0.047961647844804174 0.14388494353441253
2.14 -0.07194247176720626 0.1678657674568146 -0.047961647844804174 0.14388494353441253
2.16 -0.047961647844804174 0.1678657674568146 -0.047961647844804174 0.14388494353441253
2.18 -0.047961647844804174 0.1678657674568146 -0.047961647844804174 0.14388494353441253
2.2 -0.047961647844804174 0.14388494353441253 -0.047961647844804174 0.1678657674568146
2.22 -0.047961647844804174 0.14388494353441253 -0.047961647844804174 0.14388494353441253
2.24 -0.047961647844804174 0.14388494353441253 -0.047961647844804174 0.14388494353441253
2.26 -0.047961647844804174 0.14388494353441253 -0.047961647844804174 0.14388494353441253
2.28 -0.047961647844804174 0.14388494353441253 -0.047961647844804174 0.14388494353441253
2.3 -0.07194247176720626 0.14388494353441253 -0.047961647844804174 0.14388494353441253
2.32 -0.07194247176720626 0.14388494353441253 -0.047961647844804174 0.14388494353441253
2.34 -0.07194247176720626 0.14388494353441253 -0.07194247176720626 0.14388494353441253
2.36 -0.07194247176720626 0.14388494353441253 -0.07194247176720626 0.14388494353441253
2.38 -0.07194247176720626 0.14388494353441253 -0.07194247176720626 0.14388494353441253
2.4 -0.047961647844804174 0.14388494353441253 -0.07194247176720626 0.14388494353441253
2.42 -0.047961647844804174 0.14388494353441253 -0.07194247176720626 0.14388494353441253
2.44 -0.047961647844804174 0.14388494353441253 -0.047961647844804174 0.14388494353441253
2.46 -0.047961647844804174 0.14388494353441253 -0.047961647844804174 0.14388494353441253
2.48 -0.047961647844804174 0.14388494353441253 -0.047961647844804174 0.14388494353441253
2.5 -0.047961647844804174 0.1678657674568146 -0.047961647844804174 0.14388494353441253
2.52 -0.047961647844804174 0.1678657674568146 -0.047961647844804174 0.14388494353441253
2.54 -0.047961647844804174 0.1678657674568146 -0.047961647844804174 0.14388494353441253
2.56 -0.047961647844804174 0.14388494353441253 -0.047961647844804174 0.14388494353441253
2.58 -0.047961647844804174 0.14388494353441253 -0.047961647844804174 0.11990411961201043
2.6 -0.047961647844804174 0.11990411961201043 -0.047961647844804174 0.11990411961201043
2.62 -0.047961647844804174 0.11990411961201043 -0.047961647844804174 0.11990411961201043
2.64 -0.047961647844804174 0.11990411961201043 -0.07194247176720626 0.14388494353441253
2.66 -0.047961647844804174 0.14388494353441253 -0.047961647844804174 0.14388494353441253
2.68 -0.047961647844804174 0.14388494353441253 -0.047961647844804174 0.14388494353441253
2.7 -0.047961647844804174 0.11990411961201043 -0.047961647844804174 0.11990411961201043
2.72 -0.047961647844804174 0.11990411961201043 -0.047961647844804174 0.11990411961201043
2.74 -0.047961647844804174 0.11990411961201043 -0.047961647844804174 0.11990411961201043
2.76 -0.047961647844804174 0.11990411961201043 -0.047961647844804174 0.14388494353441253
2.78 -0.047961647844804174 0.11990411961201043 -0.047961647844804174 0.14388494353441253
2.8 -0.047961647844804174 0.11990411961201043 -0.047961647844804174 0.14388494353441253
2.82 -0.047961647844804174 0.11990411961201043 -0.047961647844804174 0.11990411961201043
2.84 -0.047961647844804174 0.11990411961201043 -0.047961647844804174 0.11990411961201043
2.86 -0.047961647844804174 0.11990411961201043 -0.047961647844804174 0.11990411961201043
2.88 -0.047961647844804174 0.11990411961201043 -0.047961647844804174 0.11990411961201043
2.9 -0.047961647844804174 0.11990411961201043 -0.047961647844804174 0.11990411961201043
2.92 -0.047961647844804174 0.11990411961201043 -0.047961647844804174 0.11990411961201043
2.94 -0.047961647844804174 0.11990411961201043 -0.047961647844804174 0.11990411961201043
2.96 -0.047961647844804174 0.11990411961201043 -0.047961647844804174 0.11990411961201043
2.98 -0.047961647844804174 0.11990411961201043 -0.047961647844804174 0.11990411961201043
3.0 -0.047961647844804174 0.09592329568960835 -0.07194247176720626 0.11990411961201043
3.02 -0.047961647844804174 0.09592329568960835 -0.07194247176720626 0.11990411961201043
3.04 -0.047961647844804174 0.09592329568960835 -0.047961647844804174 0.11990411961201043
3.06 -0.047961647844804174 0.11990411961201043 -0.047961647844804174 0.11990411961201043
3.08 -0.047961647844804174 0.11990411961201043 -0.047961647844804174 0.11990411961201043
3.1 -0.047961647844804174 0.11990411961201043 -0.047961647844804174 0.09592329568960835
3.12 -0.047961647844804174 0.11990411961201043 -0.047961647844804174 0.09592329568960835
3.14 -0.047961647844804174 0.11990411961201043 -0.047961647844804174 0.09592329568960835
3.16 -0.047961647844804174 0.11990411961201043 -0.047961647844804174 0.09592329568960835
3.18 -0.047961647844804174 0.09592329568960835 -0.047961647844804174 0.09592329568960835
3.2 -0.047961647844804174 0.09592329568960835 -0.047961647844804174 0.09592329568960835
3.22 -0.047961647844804174 0.09592329568960835 -0.047961647844804174 0.09592329568960835
3.24 -0.047961647844804174 0.09592329568960835 -0.047961647844804174 0.09592329568960835
3.26 -0.047961647844804174 0.09592329568960835 -0.047961647844804174 0.09592329568960835
3.28 -0.047961647844804174 0.09592329568960835 -0.047961647844804174 0.09592329568960835
3.3 -0.047961647844804174 0.09592329568960835 -0.023980823922402087 0.09592329568960835
3.32 -0.047961647844804174 0.09592329568960835 -0.023980823922402087 0.09592329568960835
3.34 -0.047961647844804174 0.09592329568960835 -0.023980823922402087 0.09592329568960835
3.36 -0.047961647844804174 0.09592329568960835 -0.047961647844804174 0.09592329568960835
3.38 -0.047961647844804174 0.09592329568960835 -0.047961647844804174 0.09592329568960835
3.4 -0.047961647844804174 0.07194247176720626 -0.047961647844804174 0.09592329568960835
3.42 -0.047961647844804174 0.09592329568960835 -0.023980823922402087 0.09592329568960835
3.44 -0.047961647844804174 0.09592329568960835 -0.023980823922402087 0.09592329568960835
3.46 -0.047961647844804174 0.09592329568960835 -0.023980823922402087 0.09592329568960835
3.48 -0.047961647844804174 0.09592329568960835 -0.047961647844804174 0.07194247176720626
3.5 -0.023980823922402087 0.09592329568960835 -0.047961647844804174 0.07194247176720626
3.52 -0.023980823922402087 0.09592329568960835 -0.023980823922402087 0.09592329568960835
3.54 -0.023980823922402087 0.09592329568960835 -0.023980823922402087 0.09592329568960835
3.56 -0.023980823922402087 0.09592329568960835 -0.023980823922402087 0.09592329568960835
3.58 -0.023980823922402087 0.09592329568960835 -0.047961647844804174 0.09592329568960835
3.6 -0.023980823922402087 0.07194247176720626 -0.047961647844804174 0.09592329568960835
3.62 -0.023980823922402087 0.07194247176720626 -0.047961647844804174 0.07194247176720626
3.64 -0.023980823922402087 0.07194247176720626 -0.047961647844804174 0.07194247176720626
3.66 -0.023980823922402087 0.07194247176720626 -0.047961647844804174 0.07194247176720626
3.68 -0.023980823922402087 0.07194247176720626 -0.023980823922402087 0.07194247176720626
3.7 -0.023980823922402087 0.07194247176720626 -0.023980823922402087 0.07194247176720626
3.72 -0.023980823922402087 0.07194247176720626 -0.023980823922402087 0.07194247176720626
3.74 -0.023980823922402087 0.07194247176720626 -0.023980823922402087 0.07194247176720626
3.76 -0.023980823922402087 0.07194247176720626 -0.023980823922402087 0.09592329568960835
3.78 -0.023980823922402087 0.07194247176720626 -0.023980823922402087 0.09592329568960835
3.8 -0.023980823922402087 0.07194247176720626 -0.023980823922402087 0.09592329568960835
3.82 -0.023980823922402087 0.07194247176720626 -0.023980823922402087 0.07194247176720626
3.84 -0.023980823922402087 0.07194247176720626 -0.023980823922402087 0.07194247176720626
3.86 -0.023980823922402087 0.07194247176720626 -0.023980823922402087 0.047961647844804174
3.88 -0.023980823922402087 0.047961647844804174 -0.023980823922402087 0.07194247176720626
3.9 -0.023980823922402087 0.047961647844804174 -0.023980823922402087 0.07194247176720626
3.92 -0.023980823922402087 0.047961647844804174 -0.023980823922402087 0.07194247176720626
3.94 -0.023980823922402087 0.07194247176720626 -0.023980823922402087 0.07194247176720626
3.96 -0.023980823922402087 0.07194247176720626 -0.023980823922402087 0.07194247176720626
3.98 -0.023980823922402087 0.07194247176720626 -0.023980823922402087 0.07194247176720626
4.0 -0.023980823922402087 0.07194247176720626 -0.023980823922402087 0.07194247176720626
4.02 -0.023980823922402087 0.047961647844804174 -0.023980823922402087 0.07194247176720626
4.04 -0.023980823922402087 0.047961647844804174 -0.023980823922402087 0.07194247176720626
4.06 -0.023980823922402087 0.047961647844804174 -0.023980823922402087 0.07194247176720626
4.08 -0.023980823922402087 0.047961647844804174 -0.023980823922402087 0.07194247176720626
4.1 -0.023980823922402087 0.047961647844804174 0.0 0.047961647844804174
4.12 -0.023980823922402087 0.047961647844804174 0.0 0.047961647844804174
4.14 -0.023980823922402087 0.047961647844804174 0.0 0.047961647844804174
4.16 -0.023980823922402087 0.047961647844804174 -0.023980823922402087 0.047961647844804174
4.18 -0.023980823922402087 0.047961647844804174 -0.023980823922402087 0.047961647844804174
4.2 -0.023980823922402087 0.047961647844804174 -0.023980823922402087 0.047961647844804174
4.22 -0.023980823922402087 0.047961647844804174 -0.023980823922402087 0.047961647844804174
4.24 -0.023980823922402087 0.047961647844804174 -0.023980823922402087 0.047961647844804174
4.26 -0.023980823922402087 0.047961647844804174 0.0 0.047961647844804174
4.28 -0.023980823922402087 0.047961647844804174 0.0 0.047961647844804174
4.3 -0.023980823922402087 0.047961647844804174 0.0 0.047961647844804174
4.32 -0.023980823922402087 0.047961647844804174 0.0 0.047961647844804174
4.34 -0.023980823922402087 0.047961647844804174 0.0 0.047961647844804174
4.36 -0.023980823922402087 0.047961647844804174 0.0 0.047961647844804174
4.38 -0.023980823922402087 0.047961647844804174 0.0 0.023980823922402087
4.4 -0.023980823922402087 0.047961647844804174 0.0 0.023980823922402087
4.42 -0.023980823922402087 0.047961647844804174 -0.023980823922402087 0.023980823922402087
4.44 -0.023980823922402087 0.023980823922402087 -0.023980823922402087 0.023980823922402087
4.46 -0.023980823922402087 0.023980823922402087 -0.023980823922402087 0.047961647844804174
4.48 0.0 0.023980823922402087 -0.023980823922402087 0.023980823922402087
4.5 0.0 0.023980823922402087 -0.023980823922402087 0.023980823922402087
4.52 0.0 0.023980823922402087 -0.023980823922402087 0.023980823922402087
4.54 0.0 0.023980823922402087 0.0 0.023980823922402087
4.56 0.0 0.023980823922402087 0.0 0.023980823922402087
4.58 0.0 0.023980823922402087 0.0 0.023980823922402087
4.6 0.0 0.023980823922402087 0.0 0.023980823922402087
4.62 0.0 0.023980823922402087 0.0 0.023980823922402087
4.64 0.0 0.023980823922402087 0.0 0.023980823922402087
4.66 -0.023980823922402087 0.023980823922402087 0.0 0.0
4.68 -0.023980823922402087 0.023980823922402087 0.0 0.0
4.7 -0.023980823922402087 0.023980823922402087 0.0 0.0
4.72 0.0 0.023980823922402087 0.0 0.0
4.74 0.0 0.023980823922402087 0.0 0.0
4.76 0.0 0.0 0.0 0.023980823922402087
4.78 0.0 0.0 0.0 0.023980823922402087
4.8 0.0 0.0 0.0 0.023980823922402087
4.82 0.0 0.023980823922402087 0.0 0.023980823922402087
4.84 0.0 0.023980823922402087 0.0 0.023980823922402087
4.86 0.0 0.023980823922402087 0.0 0.0
4.88 0.0 0.0 0.0 0.0
4.9 0.0 0.0 0.0 0.0
4.92 0.0 0.0 0.0 0.0
4.94 0.0 0.0 0.0 0.0
4.96 0.0 0.0 0.0 0.0
4.98 0.0 0.0 0.0 0.0
5.0 0.0 0.0 0.0 0.0
5.02 0.0 0.0 0.0 0.0
5.04 0.0 0.0 0.0 0.0
5.06 0.0 0.0 0.0 0.0
5.08 0.0 0.0 0.0 0.0
5.1 0.0 0.0 0.0 0.0
5.12 0.0 0.0 0.0 0.0
5.14 0.0 0.0 0.0 0.0
5.16 0.0 0.0 0.0 0.0
5.18 0.0 0.0 0.0 0.0
5.2 0.0 0.0 0.0 0.0
5.22 0.0 0.0 0.0 0.0
5.24 0.0 0.0 0.0 0.0
5.26 0.0 0.0 0.0 0.0
5.28 0.0 0.0 0.0 0.0
5.3 0.0 0.0 0.0 0.0
5.32 0.0 0.0 0.0 0.0
5.34 0.0 0.0 0.0 0.0
5.36 0.0 0.0 0.0 0.0
5.38 0.0 0.0 0.0 0.0
5.4 0.0 0.0 0.0 0.0
5.42 0.0 0.0 0.0 0.0
5.44 0.0 0.0 0.0 0.0
5.46 0.0 0.0 0.0 0.0
5.48 0.0 0.0 0.0 0.0
5.5 0.0 0.0 0.0 0.0
5.52 0.0 0.0 0.0 0.0
5.54 0.0 0.0 0.0 0.0
5.56 0.0 0.0 0.0 0.0
5.58 0.0 0.0 0.0 0.0
5.6 0.0 0.0 0.0 0.0
5.62 0.0 0.0 0.0 0.0
5.64 0.0 0.0 0.0 0.0
5.66 0.0 0.0 0.0 0.0
5.68 0.0 0.0 0.0 0.0
5.7 0.0 0.0 0.0 0.0
5.72 0.0 0.0 0.0 0.0
5.74 0.0 0.0 0.0 0.0
5.76 0.0 0.0 0.0 0.0
5.78 0.0 0.0 0.0 0.0
5.8 0.0 0.0 0.0 0.0
5.82 0.0 0.0 0.0 0.0
5.84 0.0 0.0 0.0 0.0
5.86 0.0 0.0 0.0 0.0
5.88 0.0 0.0 0.0 0.0
5.9 0.0 0.0 0.0 0.0
5.92 0.0 0.0 0.0 0.0
5.94 0.0 0.0 0.0 0.0
5.96 0.0 0.0 0.0 0.0
5.98 0.0 0.0 0.0 0.0
6.0 0.0 0.0 0.0 0.0
6.02 0.0 0.0 0.0 0.0
6.04 0.0 0.0 0.0 0.0
6.06 0.0 0.0 0.0 0.0
6.08 0.0 0.0 0.0 0.0
6.1 0.0 0.0 0.0 0.0
6.12 0.0 0.0 0.0 0.0
6.14 0.0 0.0 0.0 0.0
6.16 0.0 0.0 0.0 0.0
6.18 0.0 0.0 0.0 0.0
6.2 0.0 0.0 0.0 0.0
6.22 0.0 0.0 0.0 0.0
6.24 0.0 0.0 0.0 0.0
6.26 0.0 0.0 0.0 0.0
6.28 0.0 0.0 0.0 0.0
6.3 0.0 0.0 0.0 0.0
6.32 0.0 0.0 0.0 0.0
6.34 0.0 0.0 0.0 0.0
6.36 0.0 0.0 0.0 0.0
6.38 0.0 0.0 0.0 0.0
6.4 0.0 0.0 0.0 0.0
6.42 0.0 0.0 0.0 0.0
6.44 0.0 0.0 0.0 0.0
6.46 0.0 0.0 0.0 0.0
6.48 0.0 0.0 0.0 0.0
6.5 0.0 0.0 0.0 0.0
6.52 0.0 0.0 0.0 0.0
6.54 0.0 0.0 0.0 0.0
6.56 0.0 0.0 0.0 0.0
6.58 0.0 0.0 0.0 0.0
6.6 0.0 0.0 0.0 0.0
6.62 0.0 0.0 0.0 0.0
6.64 0.0 0.0 0.0 0.0
6.66 0.0 0.0 0.0 0.0
6.68 0.0 0.0 0.0 0.0
6.7 0.0 0.0 0.0 0.0
6.72 0.0 0.0 0.0 0.0
6.74 0.0 0.0 0.0 0.0
6.76 0.0 0.0 0.0 0.0
6.78 0.0 0.0 0.0 0.0
6.8 0.0 0.0 0.0 0.0
6.82 0.0 0.0 0.0 0.0
6.84 0.0 0.0 0.0 0.0
6.86 0.0 0.0 0.0 0.0
6.88 0.0 0.0 0.0 0.0
6.9 0.0 0.0 0.0 0.0
6.92 0.0 0.0 0.0 0.0
6.94 0.0 0.0 0.0 0.0
6.96 0.0 0.0 0.0 0.0
6.98 0.0 0.0 0.0 0.0
7.0 0.0 0.0 0.0 0.0
7.02 0.0 0.0 0.0 0.0
7.04 0.0 0.0 0.0 0.0
7.06 0.0 0.0 0.0 0.0
7.08 0.0 0.0 0.0 0.0
7.1 0.0 0.0 0.0 0.0
7.12 0.0 0.0 0.0 0.0
7.14 0.0 0.0 0.0 0.0
7.16 0.0 0.0 0.0 0.0
7.18 0.0 0.0 0.0 0.0
7.2 0.0 0.0 0.0 0.0
7.22 0.0 0.0 0.0 0.0
7.24 0.0 0.0 0.0 0.0
7.26 0.0 0.0 0.0 0.0
7.28 0.0 0.0 0.0 0.0
7.3 0.0 0.0 0.0 0.0
7.32 0.0 0.0 0.0 0.0
7.34 0.0 0.0 0.0 0.0
7.36 0.0 0.0 0.0 0.0
7.38 0.0 0.0 0.0 0.0
7.4 0.0 0.0 0.0 0.0
7.42 0.0 0.0 0.0 0.0
7.44 0.0 0.0 0.0 0.0
7.46 0.0 0.0 0.0 0.0
7.48 0.0 0.0 0.0 0.0
7.5 0.0 0.0 0.0 0.0
7.52 0.0 0.0 0.0 0.0
7.54 0.0 0.0 0.0 0.0
7.56 0.0 0.0 0.0 0.0
7.58 0.0 0.0 0.0 0.0
7.6 0.0 0.0 0.0 0.0
7.62 0.0 0.0 0.0 0.0
7.64 0.0 0.0 0.0 0.0
7.66 0.0 0.0 0.0 0.0
7.68 0.0 0.0 0.0 0.0
7.7 0.0 0.0 0.0 0.0
7.72 0.0 0.0 0.0 0.0
7.74 0.0 0.0 0.0 0.0
7.76 0.0 0.0 0.0 0.0
7.78 0.0 0.0 0.0 0.0
7.8 0.0 0.0 0.0 0.0
7.82 0.0 0.0 0.0 0.0
7.84 0.0 0.0 0.0 0.0
7.86 0.0 0.0 0.0 0.0
7.88 0.0 0.0 0.0 0.0
7.9 0.0 0.0 0.0 0.0
7.92 0.0 0.0 0.0 0.0
7.94 0.0 0.0 0.0 0.0
7.96 0.0 0.0 0.0 0.0
7.98 0.0 0.0 0.0 0.0
8.0 0.0 0.0 0.0 0.0
8.02 0.0 0.0 0.0 0.0
8.04 0.0 0.0 0.0 0.0
8.06 0.0 0.0 0.0 0.0
8.08 0.0 0.0 0.0 0.0
8.1 0.0 0.0 0.0 0.0
8.12 0.0 0.0 0.0 0.0
8.14 0.0 0.0 0.0 0.0
8.16 0.0 0.0 0.0 0.0
8.18 0.0 0.0 0.0 0.0
8.2 0.0 0.0 0.0 0.0
8.22 0.0 0.0 0.0 0.0
8.24 0.0 0.0 0.0 0.0
8.26 0.0 0.0 0.0 0.0
8.28 0.0 0.0 0.0 0.0
8.3 0.0 0.0 0.0 0.0
8.32 0.0 0.0 0.0 0.0
8.34 0.0 0.0 0.0 0.0
8.36 0.0 0.0 0.0 0.0
8.38 0.0 0.0 0.0 0.0
8.4 0.0 0.0 0.0 0.0
8.42 0.0 0.0 0.0 0.0
8.44 0.0 0.0 0.0 0.0
8.46 0.0 0.0 0.0 0.0
8.48 0.0 0.0 0.0 0.0
8.5 0.0 0.0 0.0 0.0
8.52 0.0 0.0 0.0 0.0
8.54 0.0 0.0 0.0 0.0
8.56 0.0 0.0 0.0 0.0
8.58 0.0 0.0 0.0 0.0
8.6 0.0 0.0 0.0 0.0
8.62 0.0 0.0 0.0 0.0
8.64 0.0 0.0 0.0 0.0
8.66 0.0 0.0 0.0 0.0
8.68 0.0 0.0 0.0 0.0
8.7 0.0 0.0 0.0 0.0
8.72 0.0 0.0 0.0 0.0
8.74 0.0 0.0 0.0 0.0
8.76 0.0 0.0 0.0 0.0
8.78 0.0 0.0 0.0 0.0
8.8 0.0 0.0 0.0 0.0
8.82 0.0 0.0 0.0 0.0
8.84 0.0 0.0 0.0 0.0
8.86 0.0 0.0 0.0 0.0
8.88 0.0 0.0 0.0 0.0
8.9 0.0 0.0 0.0 0.0
8.92 0.0 0.0 0.0 0.0
8.94 0.0 0.0 0.0 0.0
8.96 0.0 0.0 0.0 0.0
8.98 0.0 0.0 0.0 0.0
9.0 0.0 0.0 0.0 0.0
9.02 0.0 0.0 0.0 0.0
9.04 0.0 0.0 0.0 0.0
9.06 0.0 0.0 0.0 0.0
9.08 0.0 0.0 0.0 0.0
9.1 0.0 0.0 0.0 0.0
9.12 0.0 0.0 0.0 0.0
9.14 0.0 0.0 0.0 0.0
9.16 0.0 0.0 0.0 0.0
9.18 0.0 0.0 0.0 0.0
9.2 0.0 0.0 0.0 0.0
9.22 0.0 0.0 0.0 0.0
9.24 0.0 0.0 0.0 0.0
9.26 0.0 0.0 0.0 0.0
9.28 0.0 0.0 0.0 0.0
9.3 0.0 0.0 0.0 0.0
9.32 0.0 0.0 0.0 0.0
9.34 0.0 0.0 0.0 0.0
9.36 0.0 0.0 0.0 0.0
9.38 0.0 0.0 0.0 0.0
9.4 0.0 0.0 0.0 0.0
9.42 0.0 0.0 0.0 0.0
9.44 0.0 0.0 0.0 0.0
9.46 0.0 0.0 0.0 0.0
9.48 0.0 0.0 0.0 0.0
9.5 0.0 0.0 0.0 0.0
9.52 0.0 0.0 0.0 0.0
9.54 0.0 0.0 0.0 0.0
9.56 0.0 0.0 0.0 0.0
9.58 0.0 0.0 0.0 0.0
9.6 0.0 0.0 0.0 0.0
9.62 0.0 0.0 0.0 0.0
9.64 0.0 0.0 0.0 0.0
9.66 0.0 0.0 0.0 0.0
9.68 0.0 0.0 0.0 0.0
9.7 0.0 0.0 0.0 0.0
9.72 0.0 0.0 0.0 0.0
9.74 0.0 0.0 0.0 0.0
9.76 0.0 0.0 0.0 0.0
9.78 0.0 0.0 0.0 0.0
9.8 0.0 0.0 0.0 0.0
9.82 0.0 0.0 0.0 0.0
9.84 0.0 0.0 0.0 0.0
9.86 0.0 0.0 0.0 0.0
9.88 0.0 0.0 0.0 0.0
9.9 0.0 0.0 0.0 0.0
9.92 0.0 0.0 0.0 0.0
9.94 0.0 0.0 0.0 0.0
9.96 0.0 0.0 0.0 0.0
9.98 0.0 0.0 0.0 0.0
10.0 0.0 0.0 0.0 0.0
10.02 0.0 0.0 0.0 0.0
10.04 0.0 0.0 0.0 0.0
10.06 0.0 0.0 0.0 0.0
10.08 0.0 0.0 0.0 0.0
10.1 0.0 0.0 0.0 0.0
10.12 0.0 0.0 0.0 0.0
10.14 0.0 0.0 0.0 0.0
10.16 0.0 0.0 0.0 0.0
10.18 0.0 0.0 0.0 0.0
10.2 0.0 0.0 0.0 0.0
10.22 0.0 0.0 0.0 0.0
10.24 0.0 0.0 0.0 0.0
10.26 0.0 0.0 0.0 0.0
10.28 0.0 0.0 0.0 0.0
10.3 0.0 0.0 0.0 0.0
10.32 0.0 0.0 0.0 0.0
10.34 0.0 0.0 0.0 0.0
10.36 0.0 0.0 0.0 0.0
10.38 0.0 0.0 0.0 0.0
10.4 0.0 0.0 0.0 0.0
10.42 0.0 0.0 0.0 0.0
10.44 0.0 0.0 0.0 0.0
10.46 0.0 0.0 0.0 0.0
10.48 0.0 0.0 0.0 0.0
10.5 0.0 0.0 0.0 0.0
10.52 0.0 0.0 0.0 0.0
10.54 0.0 0.0 0.0 0.0
10.56 0.0 0.0 0.0 0.0
10.58 0.0 0.0 0.0 0.0
10.6 0.0 0.0 0.0 0.0
10.62 0.0 0.0 0.0 0.0
10.64 0.0 0.0 0.0 0.0
10.66 0.0 0.0 0.0 0.0
10.68 0.0 0.0 0.0 0.0
10.7 0.0 0.0 0.0 0.0
10.72 0.023980823922402087 0.0 0.0 0.0
10.74 0.023980823922402087 0.0 0.0 0.0
10.76 0.047961647844804174 0.0 0.0 0.0
10.78 0.047961647844804174 0.0 0.023980823922402087 0.0
10.8 0.07194247176720626 0.0 0.023980823922402087 0.0
10.82 0.07194247176720626 0.0 0.023980823922402087 0.0
10.84 0.09592329568960835 0.0 0.047961647844804174 0.0
10.86 0.09592329568960835 0.0 0.023980823922402087 0.0
10.88 0.09592329568960835 0.0 0.047961647844804174 0.0
10.9 0.11990411961201043 0.0 0.09592329568960835 0.0
10.92 0.1678657674568146 0.0 0.14388494353441253 0.0
10.94 0.1918465913792167 -0.023980823922402087 0.1918465913792167 0.0
10.96 0.23980823922402086 -0.023980823922402087 0.23980823922402086 0.0
10.98 0.263789063146423 -0.047961647844804174 0.28776988706882506 -0.023980823922402087
11.0 0.31175071099122714 -0.07194247176720626 0.3357315349136292 -0.047961647844804174
11.02 0.3836931827584334 -0.09592329568960835 0.3836931827584334 -0.09592329568960835
11.04 0.43165483060323756 -0.14388494353441253 0.45563565452563964 -0.1678657674568146
11.06 0.527578126292846 -0.21582741530161878 0.5035973023704439 -0.23980823922402086
11.08 0.5755397741376501 -0.263789063146423 0.5995205980600522 -0.31175071099122714
11.1 0.6235014219824543 -0.28776988706882506 0.6474822459048564 -0.31175071099122714
11.12 0.6235014219824543 -0.23980823922402086 0.6474822459048564 -0.23980823922402086
11.14 0.5995205980600522 -0.09592329568960835 0.5995205980600522 -0.09592329568960835
11.16 0.4796164784480417 0.11990411961201043 0.4796164784480417 0.14388494353441253
11.18 0.3357315349136292 0.45563565452563964 0.3357315349136292 0.43165483060323756
11.2 0.14388494353441253 0.7913671894392689 0.1678657674568146 0.815348013361671
11.22 -0.047961647844804174 1.1990411961201044 0.023980823922402087 1.103117900430496
11.24 -0.21582741530161878 1.4628302592665272 -0.1678657674568146 1.4628302592665272
11.26 -0.43165483060323756 1.7506001463353524 -0.3357315349136292 1.654676850645744
11.28 -0.5995205980600522 1.8465234420249608 -0.527578126292846 1.918465913792167
11.3 -0.7673863655168668 2.038370033404177 -0.6954438937496605 1.9904083855593733
11.32 -0.8872904851288772 2.038370033404177 -0.8872904851288772 2.110312505171384
11.34 -1.0071946047408877 2.0863316812489816 -1.0071946047408877 2.0623508573265794
11.36 -1.055156252585692 1.9904083855593733 -1.103117900430496 2.0863316812489816
11.38 -1.127098724352898 2.0143892094817755 -1.1510795482753002 1.966427561636971
11.4 -1.1510795482753002 1.894485089869765 -1.2230220200425064 1.942446737714569
11.42 -1.2230220200425064 1.8705042659473627 -1.2230220200425064 1.7985617941801566
11.44 -1.2470028439649086 1.7026384984905483 -1.2230220200425064 1.7266193224129502
11.46 -1.2470028439649086 1.5587535549561358 -1.1990411961201044 1.5347727310337336
11.48 -1.2230220200425064 1.3669069635769189 -1.1990411961201044 1.390887787499321
11.5 -1.1990411961201044 1.1990411961201044 -1.1510795482753002 1.1990411961201044
11.52 -1.127098724352898 0.9832137808184855 -1.103117900430496 1.0311754286632897
11.54 -1.0791370765080939 0.7913671894392689 -1.055156252585692 0.7913671894392689
11.56 -1.0071946047408877 0.5755397741376501 -1.0071946047408877 0.5755397741376501
11.58 -0.9352521329736814 0.3357315349136292 -0.9352521329736814 0.3597123588360313
11.6 -0.8633096612064751 0.14388494353441253 -0.8633096612064751 0.14388494353441253
11.62 -0.7673863655168668 -0.07194247176720626 -0.7673863655168668 -0.023980823922402087
11.64 -0.6714630698272585 -0.263789063146423 -0.6714630698272585 -0.263789063146423
11.66 -0.5755397741376501 -0.527578126292846 -0.5755397741376501 -0.45563565452563964
11.68 -0.45563565452563964 -0.7194247176720626 -0.45563565452563964 -0.7434055415944647
11.7 -0.3357315349136292 -0.9832137808184855 -0.3357315349136292 -0.9352521329736814
11.72 -0.23980823922402086 -1.1510795482753002 -0.21582741530161878 -1.2230220200425064
11.74 -0.11990411961201043 -1.414868611421723 -0.11990411961201043 -1.342926139654517
11.76 -0.023980823922402087 -1.4868110831889294 -0.023980823922402087 -1.5827343788785377
11.78 0.07194247176720626 -1.7266193224129502 0.023980823922402087 -1.630696026723342
11.8 0.1678657674568146 -1.7745809702577544 0.11990411961201043 -1.8225426181025586
11.82 0.31175071099122714 -1.966427561636971 0.1918465913792167 -1.8465234420249608
11.84 0.4076740066808355 -1.966427561636971 0.3597123588360313 -2.038370033404177
11.86 0.527578126292846 -2.110312505171384 0.45563565452563964 -2.0143892094817755
11.88 0.5995205980600522 -2.038370033404177 0.5755397741376501 -2.1582741530161877
11.9 0.6954438937496605 -2.110312505171384 0.6474822459048564 -2.038370033404177
11.92 0.7434055415944647 -1.966427561636971 0.7194247176720626 -2.0623508573265794
11.94 0.7913671894392689 -1.918465913792167 0.7434055415944647 -1.8705042659473627
11.96 0.7673863655168668 -1.7026384984905483 0.7913671894392689 -1.7506001463353524
11.98 0.7913671894392689 -1.4868110831889294 0.7673863655168668 -1.4628302592665272
12.0 0.7434055415944647 -1.1750603721977022 0.7673863655168668 -1.1750603721977022
12.02 0.7194247176720626 -0.7913671894392689 0.7194247176720626 -0.7913671894392689
12.04 0.6714630698272585 -0.45563565452563964 0.6954438937496605 -0.45563565452563964
12.06 0.6474822459048564 -0.14388494353441253 0.6235014219824543 -0.1678657674568146
12.08 0.5995205980600522 0.047961647844804174 0.5995205980600522 0.023980823922402087
12.1 0.5755397741376501 0.1678657674568146 0.527578126292846 0.14388494353441253
12.12 0.527578126292846 0.21582741530161878 0.5035973023704439 0.1918465913792167
12.14 0.4796164784480417 0.21582741530161878 0.45563565452563964 0.1918465913792167
12.16 0.43165483060323756 0.1918465913792167 0.43165483060323756 0.1678657674568146
12.18 0.3836931827584334 0.14388494353441253 0.3836931827584334 0.14388494353441253
12.2 0.31175071099122714 0.07194247176720626 0.31175071099122714 0.09592329568960835
12.22 0.28776988706882506 0.047961647844804174 0.28776988706882506 0.07194247176720626
12.24 0.263789063146423 0.023980823922402087 0.23980823922402086 0.047961647844804174
12.26 0.23980823922402086 0.023980823922402087 0.23980823922402086 0.023980823922402087
12.28 0.21582741530161878 0.023980823922402087 0.21582741530161878 0.023980823922402087
12.3 0.1918465913792167 0.023980823922402087 0.21582741530161878 0.023980823922402087
12.32 0.1678657674568146 0.023980823922402087 0.1918465913792167 0.0
12.34 0.14388494353441253 0.023980823922402087 0.14388494353441253 0.0
12.36 0.11990411961201043 0.023980823922402087 0.09592329568960835 0.0
12.38 0.11990411961201043 0.0 0.047961647844804174 0.0
12.4 0.09592329568960835 0.0 0.047961647844804174 0.0
12.42 0.07194247176720626 0.0 0.047961647844804174 0.0
12.44 0.047961647844804174 0.0 0.07194247176720626 0.0
12.46 0.047961647844804174 0.0 0.09592329568960835 0.0
12.48 0.047961647844804174 0.0 0.09592329568960835 0.0
12.5 0.07194247176720626 0.0 0.09592329568960835 0.0
12.52 0.07194247176720626 0.0 0.09592329568960835 0.0
12.54 0.047961647844804174 0.0 0.07194247176720626 0.0
12.56 0.047961647844804174 0.0 0.07194247176720626 0.0
12.58 0.047961647844804174 0.0 0.07194247176720626 0.0
12.6 0.047961647844804174 0.0 0.047961647844804174 0.0
12.62 0.047961647844804174 0.0 0.023980823922402087 0.0
12.64 0.047961647844804174 0.0 0.023980823922402087 0.0
12.66 0.047961647844804174 0.0 0.0 0.0
12.68 0.047961647844804174 0.0 0.0 0.0
12.7 0.047961647844804174 0.0 0.0 0.0
12.72 0.047961647844804174 0.0 0.0 0.0
12.74 0.047961647844804174 0.0 0.023980823922402087 0.0
12.76 0.07194247176720626 0.0 0.047961647844804174 0.0
12.78 0.07194247176720626 0.0 0.07194247176720626 0.0
12.8 0.09592329568960835 0.0 0.11990411961201043 0.0
12.82 0.11990411961201043 0.0 0.14388494353441253 0.0
12.84 0.14388494353441253 0.0 0.1678657674568146 0.0
12.86 0.14388494353441253 0.0 0.1678657674568146 0.0
12.88 0.1678657674568146 -0.023980823922402087 0.1678657674568146 0.0
12.9 0.1678657674568146 -0.023980823922402087 0.1918465913792167 0.0
12.92 0.21582741530161878 -0.047961647844804174 0.21582741530161878 0.0
12.94 0.23980823922402086 -0.047961647844804174 0.23980823922402086 -0.023980823922402087
12.96 0.31175071099122714 -0.07194247176720626 0.31175071099122714 -0.07194247176720626
12.98 0.3836931827584334 -0.11990411961201043 0.3597123588360313 -0.09592329568960835
13.0 0.45563565452563964 -0.14388494353441253 0.45563565452563964 -0.1918465913792167
13.02 0.527578126292846 -0.23980823922402086 0.527578126292846 -0.263789063146423
13.04 0.5755397741376501 -0.28776988706882506 0.6235014219824543 -0.31175071099122714
13.06 0.6235014219824543 -0.31175071099122714 0.6474822459048564 -0.31175071099122714
13.08 0.6474822459048564 -0.23980823922402086 0.6714630698272585 -0.23980823922402086
13.1 0.6235014219824543 -0.09592329568960835 0.6235014219824543 -0.09592329568960835
13.12 0.527578126292846 0.11990411961201043 0.5035973023704439 0.14388494353441253
13.14 0.3597123588360313 0.4796164784480417 0.3597123588360313 0.43165483060323756
13.16 0.1678657674568146 0.7913671894392689 0.1918465913792167 0.815348013361671
13.18 -0.023980823922402087 1.1990411961201044 0.023980823922402087 1.103117900430496
13.2 -0.23980823922402086 1.4388494353441252 -0.14388494353441253 1.4628302592665272
13.22 -0.43165483060323756 1.7266193224129502 -0.3357315349136292 1.678657674568146
13.24 -0.5995205980600522 1.8225426181025586 -0.551558950215248 1.918465913792167
13.26 -0.7673863655168668 2.038370033404177 -0.7194247176720626 1.966427561636971
13.28 -0.8633096612064751 2.0143892094817755 -0.8872904851288772 2.0863316812489816
13.3 -1.0071946047408877 2.1342933290937856 -1.0071946047408877 2.038370033404177
13.32 -1.0791370765080939 2.038370033404177 -1.127098724352898 2.0863316812489816
13.34 -1.1750603721977022 2.038370033404177 -1.1750603721977022 1.966427561636971
13.36 -1.1750603721977022 1.918465913792167 -1.2230220200425064 1.966427561636971
13.38 -1.2230220200425064 1.8465234420249608 -1.2230220200425064 1.7985617941801566
13.4 -1.2230220200425064 1.7026384984905483 -1.2470028439649086 1.7266193224129502
13.42 -1.2230220200425064 1.5587535549561358 -1.1990411961201044 1.5347727310337336
13.44 -1.1990411961201044 1.3669069635769189 -1.1990411961201044 1.414868611421723
13.46 -1.1510795482753002 1.1990411961201044 -1.1510795482753002 1.1990411961201044
13.48 -1.103117900430496 1.0311754286632897 -1.103117900430496 1.0311754286632897
13.5 -1.0791370765080939 0.815348013361671 -1.055156252585692 0.7913671894392689
13.52 -1.0311754286632897 0.5755397741376501 -1.0071946047408877 0.5995205980600522
13.54 -1.0071946047408877 0.3357315349136292 -0.9352521329736814 0.3597123588360313
13.56 -0.9112713090512793 0.11990411961201043 -0.7673863655168668 -0.023980823922402087
13.58 -0.815348013361671 -0.07194247176720626 -0.7673863655168668 -0.023980823922402087
13.6 -0.6954438937496605 -0.263789063146423 -0.6714630698272585 -0.263789063146423
13.62 -0.5755397741376501 -0.527578126292846 -0.5755397741376501 -0.45563565452563964
13.64 -0.45563565452563964 -0.6954438937496605 -0.45563565452563964 -0.7434055415944647
13.66 -0.3357315349136292 -0.9832137808184855 -0.3357315349136292 -0.9352521329736814
13.68 -0.21582741530161878 -1.1510795482753002 -0.23980823922402086 -1.2230220200425064
13.7 -0.11990411961201043 -1.414868611421723 -0.14388494353441253 -1.342926139654517
13.72 -0.023980823922402087 -1.5107919071113314 -0.047961647844804174 -1.5827343788785377
13.74 0.07194247176720626 -1.7266193224129502 0.023980823922402087 -1.630696026723342
13.76 0.1678657674568146 -1.7745809702577544 0.11990411961201043 -1.8225426181025586
13.78 0.28776988706882506 -1.966427561636971 0.21582741530161878 -1.8465234420249608
13.8 0.4076740066808355 -1.966427561636971 0.3597123588360313 -2.038370033404177
13.82 0.527578126292846 -2.110312505171384 0.45563565452563964 -2.0143892094817755
13.84 0.5995205980600522 -2.038370033404177 0.5755397741376501 -2.1582741530161877
13.86 0.6954438937496605 -2.1342933290937856 0.6474822459048564 -2.038370033404177
13.88 0.7434055415944647 -1.942446737714569 0.7194247176720626 -2.038370033404177
13.9 0.7913671894392689 -1.918465913792167 0.7434055415944647 -1.8705042659473627
13.92 0.7913671894392689 -1.678657674568146 0.7913671894392689 -1.7745809702577544
13.94 0.7913671894392689 -1.4868110831889294 0.7673863655168668 -1.4628302592665272
13.96 0.7434055415944647 -1.1750603721977022 0.7673863655168668 -1.1750603721977022
13.98 0.7434055415944647 -0.815348013361671 0.7194247176720626 -0.815348013361671
14.0 0.6954438937496605 -0.4796164784480417 0.6954438937496605 -0.45563565452563964
14.02 0.6474822459048564 -0.14388494353441253 0.6235014219824543 -0.1678657674568146
14.04 0.5995205980600522 0.047961647844804174 0.5995205980600522 0.023980823922402087
14.06 0.551558950215248 0.1678657674568146 0.551558950215248 0.14388494353441253
14.08 0.5035973023704439 0.21582741530161878 0.5035973023704439 0.1918465913792167
14.1 0.4796164784480417 0.21582741530161878 0.45563565452563964 0.1918465913792167
14.12 0.4076740066808355 0.1918465913792167 0.4076740066808355 0.1678657674568146
14.14 0.3836931827584334 0.14388494353441253 0.3836931827584334 0.14388494353441253
14.16 0.31175071099122714 0.09592329568960835 0.31175071099122714 0.09592329568960835
14.18 0.28776988706882506 0.047961647844804174 0.28776988706882506 0.07194247176720626
14.2 0.263789063146423 0.023980823922402087 0.23980823922402086 0.023980823922402087
14.22 0.23980823922402086 0.023980823922402087 0.23980823922402086 0.023980823922402087
14.24 0.21582741530161878 0.023980823922402087 0.21582741530161878 0.023980823922402087
14.26 0.1918465913792167 0.023980823922402087 0.21582741530161878 0.023980823922402087
14.28 0.1678657674568146 0.023980823922402087 0.1678657674568146 0.0
14.3 0.14388494353441253 0.023980823922402087 0.14388494353441253 0.0
14.32 0.11990411961201043 0.023980823922402087 0.09592329568960835 0.0
14.34 0.09592329568960835 0.023980823922402087 0.047961647844804174 0.0
14.36 0.07194247176720626 0.023980823922402087 0.047961647844804174 0.0
14.38 0.07194247176720626 0.0 0.047961647844804174 0.0
14.4 0.047961647844804174 0.0 0.07194247176720626 0.0
14.42 0.047961647844804174 -0.023980823922402087 0.09592329568960835 0.0
14.44 0.047961647844804174 0.0 0.09592329568960835 0.0
14.46 0.07194247176720626 0.0 0.09592329568960835 0.0
14.48 0.07194247176720626 0.0 0.09592329568960835 0.0
14.5 0.07194247176720626 0.0 0.07194247176720626 0.0
14.52 0.047961647844804174 0.0 0.047961647844804174 0.0
14.54 0.047961647844804174 0.0 0.047961647844804174 0.0
14.56 0.047961647844804174 0.0 0.047961647844804174 0.0
14.58 0.023980823922402087 0.0 0.047961647844804174 0.0
14.6 0.023980823922402087 0.0 0.023980823922402087 0.0
14.62 0.023980823922402087 0.0 0.023980823922402087 0.0
14.64 0.047961647844804174 0.0 0.0 0.0
14.66 0.047961647844804174 0.0 0.0 0.0
14.68 0.047961647844804174 0.0 0.0 0.0
14.7 0.047961647844804174 0.0 0.023980823922402087 0.0
14.72 0.07194247176720626 0.0 0.047961647844804174 0.0
14.74 0.07194247176720626 0.0 0.07194247176720626 0.0
14.76 0.09592329568960835 0.0 0.11990411961201043 0.0
14.78 0.11990411961201043 0.0 0.14388494353441253 0.0
14.8 0.14388494353441253 0.0 0.1678657674568146 0.0
14.82 0.14388494353441253 0.0 0.1678657674568146 0.0
14.84 0.1678657674568146 -0.023980823922402087 0.1678657674568146 0.0
14.86 0.1678657674568146 -0.023980823922402087 0.1678657674568146 0.0
14.88 0.1918465913792167 -0.023980823922402087 0.1918465913792167 0.0
14.9 0.23980823922402086 -0.047961647844804174 0.23980823922402086 -0.023980823922402087
14.92 0.28776988706882506 -0.07194247176720626 0.31175071099122714 -0.07194247176720626
14.94 0.3836931827584334 -0.11990411961201043 0.3597123588360313 -0.09592329568960835
14.96 0.45563565452563964 -0.14388494353441253 0.45563565452563964 -0.1918465913792167
14.98 0.551558950215248 -0.23980823922402086 0.527578126292846 -0.23980823922402086
15.0 0.5755397741376501 -0.28776988706882506 0.6235014219824543 -0.31175071099122714
15.02 0.6235014219824543 -0.31175071099122714 0.6474822459048564 -0.31175071099122714
15.04 0.6474822459048564 -0.23980823922402086 0.6714630698272585 -0.23980823922402086
15.06 0.6235014219824543 -0.09592329568960835 0.6235014219824543 -0.09592329568960835
15.08 0.527578126292846 0.11990411961201043 0.5035973023704439 0.14388494353441253
15.1 0.3597123588360313 0.4796164784480417 0.3597123588360313 0.4076740066808355
15.12 0.1678657674568146 0.7913671894392689 0.1918465913792167 0.7913671894392689
15.14 -0.047961647844804174 1.2230220200425064 0.023980823922402087 1.103117900430496
15.16 -0.21582741530161878 1.414868611421723 -0.1678657674568146 1.4628302592665272
15.18 -0.45563565452563964 1.7266193224129502 -0.3357315349136292 1.654676850645744
15.2 -0.5995205980600522 1.7985617941801566 -0.5755397741376501 1.918465913792167
15.22 -0.7673863655168668 2.038370033404177 -0.7194247176720626 1.966427561636971
15.24 -0.8872904851288772 2.038370033404177 -0.8872904851288772 2.0863316812489816
15.26 -1.0311754286632897 2.1582741530161877 -1.0071946047408877 2.038370033404177
15.28 -1.0791370765080939 2.038370033404177 -1.127098724352898 2.0863316812489816
15.3 -1.1510795482753002 2.0143892094817755 -1.1750603721977022 1.9904083855593733
15.32 -1.1750603721977022 1.8705042659473627 -1.2230220200425064 1.966427561636971
15.34 -1.2230220200425064 1.8225426181025586 -1.2230220200425064 1.7985617941801566
15.36 -1.2230220200425064 1.7026384984905483 -1.2230220200425064 1.7266193224129502
15.38 -1.2230220200425064 1.5587535549561358 -1.1990411961201044 1.5347727310337336
15.4 -1.1750603721977022 1.3669069635769189 -1.1750603721977022 1.414868611421723
15.42 -1.1510795482753002 1.1990411961201044 -1.127098724352898 1.1990411961201044
15.44 -1.0791370765080939 1.0311754286632897 -1.127098724352898 1.0311754286632897
15.46 -1.0791370765080939 0.815348013361671 -1.055156252585692 0.815348013361671
15.48 -1.055156252585692 0.5755397741376501 -1.0071946047408877 0.5995205980600522
15.5 -1.0071946047408877 0.3357315349136292 -0.9352521329736814 0.3597123588360313
15.52 -0.9112713090512793 0.11990411961201043 -0.8633096612064751 0.14388494353441253
15.54 -0.815348013361671 -0.07194247176720626 -0.7673863655168668 -0.023980823922402087
15.56 -0.6954438937496605 -0.263789063146423 -0.6714630698272585 -0.263789063146423
15.58 -0.5755397741376501 -0.527578126292846 -0.551558950215248 -0.4796164784480417
15.6 -0.45563565452563964 -0.7194247176720626 -0.45563565452563964 -0.7434055415944647
15.62 -0.3357315349136292 -0.9832137808184855 -0.3357315349136292 -0.9352521329736814
15.64 -0.21582741530161878 -1.1510795482753002 -0.23980823922402086 -1.2230220200425064
15.66 -0.11990411961201043 -1.414868611421723 -0.14388494353441253 -1.342926139654517
15.68 -0.023980823922402087 -1.5107919071113314 -0.047961647844804174 -1.5827343788785377
15.7 0.07194247176720626 -1.7266193224129502 0.023980823922402087 -1.630696026723342
15.72 0.1678657674568146 -1.7745809702577544 0.11990411961201043 -1.8465234420249608
15.74 0.31175071099122714 -1.966427561636971 0.21582741530161878 -1.8705042659473627
15.76 0.4076740066808355 -1.9904083855593733 0.3597123588360313 -2.038370033404177
15.78 0.527578126292846 -2.110312505171384 0.45563565452563964 -2.0143892094817755
15.8 0.5995205980600522 -2.038370033404177 0.5755397741376501 -2.1582741530161877
15.82 0.6954438937496605 -2.110312505171384 0.6474822459048564 -2.038370033404177
15.84 0.7434055415944647 -1.942446737714569 0.7194247176720626 -2.038370033404177
15.86 0.7913671894392689 -1.918465913792167 0.7434055415944647 -1.8705042659473627
15.88 0.7913671894392689 -1.678657674568146 0.7913671894392689 -1.7506001463353524
15.9 0.7913671894392689 -1.4868110831889294 0.7673863655168668 -1.4628302592665272
15.92 0.7434055415944647 -1.1510795482753002 0.7673863655168668 -1.1750603721977022
15.94 0.7194247176720626 -0.7913671894392689 0.7194247176720626 -0.815348013361671
15.96 0.6954438937496605 -0.45563565452563964 0.6954438937496605 -0.45563565452563964
15.98 0.6474822459048564 -0.14388494353441253 0.6235014219824543 -0.1678657674568146
16.0 0.5995205980600522 0.047961647844804174 0.5995205980600522 0.023980823922402087
16.02 0.551558950215248 0.1678657674568146 0.551558950215248 0.14388494353441253
16.04 0.5035973023704439 0.21582741530161878 0.5035973023704439 0.1918465913792167
16.06 0.4796164784480417 0.21582741530161878 0.45563565452563964 0.1918465913792167
16.08 0.4076740066808355 0.1918465913792167 0.4076740066808355 0.1678657674568146
16.1 0.3597123588360313 0.14388494353441253 0.3836931827584334 0.14388494353441253
16.12 0.31175071099122714 0.07194247176720626 0.3357315349136292 0.09592329568960835
16.14 0.28776988706882506 0.047961647844804174 0.28776988706882506 0.07194247176720626
16.16 0.263789063146423 0.023980823922402087 0.263789063146423 0.023980823922402087
16.18 0.23980823922402086 0.023980823922402087 0.23980823922402086 0.023980823922402087
16.2 0.21582741530161878 0.023980823922402087 0.21582741530161878 0.023980823922402087
16.22 0.1918465913792167 0.023980823922402087 0.21582741530161878 0.023980823922402087
16.24 0.1678657674568146 0.023980823922402087 0.1678657674568146 0.0
16.26 0.14388494353441253 0.023980823922402087 0.14388494353441253 0.0
16.28 0.11990411961201043 0.023980823922402087 0.09592329568960835 0.0
16.3 0.09592329568960835 0.023980823922402087 0.047961647844804174 0.0
16.32 0.07194247176720626 0.023980823922402087 0.047961647844804174 0.0
16.34 0.07194247176720626 0.0 0.047961647844804174 0.0
16.36 0.047961647844804174 0.0 0.07194247176720626 0.0
16.38 0.047961647844804174 -0.023980823922402087 0.09592329568960835 0.0
16.4 0.047961647844804174 0.0 0.09592329568960835 0.0
16.42 0.07194247176720626 0.0 0.09592329568960835 0.0
16.44 0.07194247176720626 0.0 0.09592329568960835 0.0
16.46 0.07194247176720626 0.0 0.07194247176720626 0.0
16.48 0.07194247176720626 0.0 0.07194247176720626 0.0
16.5 0.047961647844804174 0.0 0.047961647844804174 0.0
16.52 0.047961647844804174 0.0 0.047961647844804174 0.0
16.54 0.023980823922402087 0.0 0.023980823922402087 0.0
16.56 0.023980823922402087 0.0 0.023980823922402087 0.0
16.58 0.023980823922402087 0.0 0.023980823922402087 0.0
16.6 0.047961647844804174 0.0 0.0 0.0
16.62 0.047961647844804174 0.0 0.0 0.0
16.64 0.047961647844804174 0.0 0.0 0.0
16.66 0.047961647844804174 0.0 0.023980823922402087 0.0
16.68 0.07194247176720626 0.0 0.047961647844804174 0.0
16.7 0.07194247176720626 0.0 0.07194247176720626 0.0
16.72 0.09592329568960835 0.0 0.11990411961201043 0.0
16.74 0.11990411961201043 0.0 0.14388494353441253 0.0
16.76 0.14388494353441253 0.0 0.1918465913792167 0.0
16.78 0.14388494353441253 0.0 0.1678657674568146 0.0
16.8 0.1678657674568146 -0.023980823922402087 0.1678657674568146 0.0
16.82 0.1678657674568146 -0.023980823922402087 0.1678657674568146 0.0
16.84 0.1918465913792167 -0.047961647844804174 0.1918465913792167 0.0
16.86 0.23980823922402086 -0.047961647844804174 0.23980823922402086 -0.023980823922402087
16.88 0.28776988706882506 -0.07194247176720626 0.31175071099122714 -0.07194247176720626
16.9 0.3836931827584334 -0.11990411961201043 0.3597123588360313 -0.09592329568960835
16.92 0.45563565452563964 -0.14388494353441253 0.45563565452563964 -0.1918465913792167
16.94 0.551558950215248 -0.23980823922402086 0.527578126292846 -0.23980823922402086
16.96 0.5755397741376501 -0.28776988706882506 0.6235014219824543 -0.31175071099122714
16.98 0.6235014219824543 -0.31175071099122714 0.6474822459048564 -0.31175071099122714
17.0 0.6474822459048564 -0.23980823922402086 0.6714630698272585 -0.23980823922402086
17.02 0.6235014219824543 -0.07194247176720626 0.6235014219824543 -0.09592329568960835
17.04 0.551558950215248 0.11990411961201043 0.5035973023704439 0.14388494353441253
17.06 0.3597123588360313 0.4796164784480417 0.3597123588360313 0.43165483060323756
17.08 0.1678657674568146 0.7913671894392689 0.1918465913792167 0.815348013361671
17.1 -0.047961647844804174 1.1990411961201044 0.023980823922402087 1.103117900430496
17.12 -0.21582741530161878 1.414868611421723 -0.1678657674568146 1.4868110831889294
17.14 -0.45563565452563964 1.7266193224129502 -0.3357315349136292 1.654676850645744
17.16 -0.5995205980600522 1.8225426181025586 -0.5755397741376501 1.918465913792167
17.18 -0.7673863655168668 2.038370033404177 -0.7194247176720626 1.966427561636971
17.2 -0.8872904851288772 2.0143892094817755 -0.8872904851288772 2.0863316812489816
17.22 -1.0071946047408877 2.1342933290937856 -1.0071946047408877 2.038370033404177
17.24 -1.0791370765080939 2.038370033404177 -1.127098724352898 2.0863316812489816
17.26 -1.1750603721977022 2.0143892094817755 -1.1750603721977022 1.9904083855593733
17.28 -1.1750603721977022 1.894485089869765 -1.2230220200425064 1.966427561636971
17.3 -1.2230220200425064 1.8225426181025586 -1.2230220200425064 1.7985617941801566
17.32 -1.2230220200425064 1.7026384984905483 -1.2230220200425064 1.7266193224129502
17.34 -1.2230220200425064 1.5347727310337336 -1.1990411961201044 1.5347727310337336
17.36 -1.1750603721977022 1.3669069635769189 -1.1750603721977022 1.414868611421723
17.38 -1.127098724352898 1.1990411961201044 -1.127098724352898 1.1990411961201044
17.4 -1.0791370765080939 1.0311754286632897 -1.103117900430496 1.0311754286632897
17.42 -1.0791370765080939 0.815348013361671 -1.055156252585692 0.815348013361671
17.44 -1.0311754286632897 0.5755397741376501 -1.0071946047408877 0.5995205980600522
17.46 -1.0071946047408877 0.3357315349136292 -0.9352521329736814 0.3597123588360313
17.48 -0.9112713090512793 0.11990411961201043 -0.8633096612064751 0.14388494353441253
17.5 -0.815348013361671 -0.07194247176720626 -0.7673863655168668 -0.023980823922402087
17.52 -0.6954438937496605 -0.263789063146423 -0.6714630698272585 -0.263789063146423
17.54 -0.5755397741376501 -0.527578126292846 -0.5755397741376501 -0.45563565452563964
17.56 -0.45563565452563964 -0.7194247176720626 -0.45563565452563964 -0.7434055415944647
17.58 -0.3357315349136292 -1.0071946047408877 -0.3597123588360313 -0.9352521329736814
17.6 -0.21582741530161878 -1.1510795482753002 -0.23980823922402086 -1.1990411961201044
17.62 -0.11990411961201043 -1.414868611421723 -0.14388494353441253 -1.342926139654517
17.64 -0.023980823922402087 -1.5107919071113314 -0.047961647844804174 -1.5827343788785377
17.66 0.07194247176720626 -1.7266193224129502 0.023980823922402087 -1.630696026723342
17.68 0.1678657674568146 -1.7745809702577544 0.11990411961201043 -1.8465234420249608
17.7 0.31175071099122714 -1.9904083855593733 0.21582741530161878 -1.8705042659473627
17.72 0.4076740066808355 -1.966427561636971 0.3597123588360313 -2.0623508573265794
17.74 0.5035973023704439 -2.0863316812489816 0.45563565452563964 -2.0143892094817755
17.76 0.5995205980600522 -2.038370033404177 0.5755397741376501 -2.1342933290937856
17.78 0.6954438937496605 -2.110312505171384 0.6474822459048564 -2.0143892094817755
17.8 0.7434055415944647 -1.918465913792167 0.7194247176720626 -2.038370033404177
17.82 0.7913671894392689 -1.918465913792167 0.7434055415944647 -1.8705042659473627
17.84 0.7913671894392689 -1.678657674568146 0.7913671894392689 -1.7745809702577544
17.86 0.7913671894392689 -1.4868110831889294 0.7913671894392689 -1.4628302592665272
17.88 0.7434055415944647 -1.1750603721977022 0.7673863655168668 -1.1750603721977022
17.9 0.7194247176720626 -0.7913671894392689 0.7194247176720626 -0.7913671894392689
17.92 0.6954438937496605 -0.45563565452563964 0.6714630698272585 -0.45563565452563964
17.94 0.6474822459048564 -0.11990411961201043 0.6235014219824543 -0.1678657674568146
17.96 0.5995205980600522 0.047961647844804174 0.5755397741376501 0.023980823922402087
17.98 0.551558950215248 0.1678657674568146 0.551558950215248 0.14388494353441253
18.0 0.5035973023704439 0.21582741530161878 0.5035973023704439 0.1918465913792167
18.02 0.4796164784480417 0.21582741530161878 0.45563565452563964 0.1918465913792167
18.04 0.43165483060323756 0.1918465913792167 0.43165483060323756 0.1678657674568146
18.06 0.3836931827584334 0.14388494353441253 0.3836931827584334 0.14388494353441253
18.08 0.31175071099122714 0.07194247176720626 0.3357315349136292 0.09592329568960835
18.1 0.28776988706882506 0.047961647844804174 0.28776988706882506 0.07194247176720626
18.12 0.263789063146423 0.023980823922402087 0.263789063146423 0.047961647844804174
18.14 0.23980823922402086 0.023980823922402087 0.23980823922402086 0.023980823922402087
18.16 0.21582741530161878 0.023980823922402087 0.21582741530161878 0.023980823922402087
18.18 0.1918465913792167 0.023980823922402087 0.21582741530161878 0.023980823922402087
18.2 0.1678657674568146 0.023980823922402087 0.1678657674568146 0.0
18.22 0.14388494353441253 0.023980823922402087 0.14388494353441253 0.0
18.24 0.11990411961201043 0.023980823922402087 0.09592329568960835 0.0
18.26 0.09592329568960835 0.023980823922402087 0.047961647844804174 0.0
18.28 0.07194247176720626 0.047961647844804174 0.047961647844804174 0.0
18.3 0.047961647844804174 0.0 0.047961647844804174 0.0
18.32 0.047961647844804174 0.0 0.07194247176720626 0.0
18.34 0.047961647844804174 -0.047961647844804174 0.09592329568960835 0.0
18.36 0.07194247176720626 0.0 0.11990411961201043 0.0
18.38 0.07194247176720626 0.0 0.11990411961201043 0.0
18.4 0.07194247176720626 0.0 0.09592329568960835 0.0
18.42 0.07194247176720626 0.0 0.07194247176720626 0.0
18.44 0.047961647844804174 0.0 0.07194247176720626 0.0
18.46 0.047961647844804174 0.0 0.047961647844804174 0.0
18.48 0.023980823922402087 0.0 0.047961647844804174 0.0
18.5 0.023980823922402087 0.0 0.023980823922402087 0.0
18.52 0.023980823922402087 0.0 0.023980823922402087 0.0
18.54 0.047961647844804174 0.0 0.023980823922402087 0.0
18.56 0.047961647844804174 0.0 0.0 0.0
18.58 0.047961647844804174 0.0 0.0 0.0
18.6 0.047961647844804174 0.0 0.0 0.0
18.62 0.047961647844804174 0.0 0.023980823922402087 0.0
18.64 0.07194247176720626 0.0 0.047961647844804174 0.0
18.66 0.07194247176720626 0.0 0.07194247176720626 0.0
18.68 0.09592329568960835 0.0 0.11990411961201043 0.0
18.7 0.11990411961201043 0.0 0.14388494353441253 0.0
18.72 0.14388494353441253 0.0 0.1678657674568146 0.0
18.74 0.14388494353441253 0.0 0.1678657674568146 0.0
18.76 0.1678657674568146 -0.023980823922402087 0.1678657674568146 0.0
18.78 0.1678657674568146 -0.023980823922402087 0.1678657674568146 0.0
18.8 0.21582741530161878 -0.047961647844804174 0.1918465913792167 0.0
18.82 0.23980823922402086 -0.047961647844804174 0.23980823922402086 -0.023980823922402087
18.84 0.31175071099122714 -0.07194247176720626 0.31175071099122714 -0.07194247176720626
18.86 0.3836931827584334 -0.11990411961201043 0.3597123588360313 -0.11990411961201043
18.88 0.45563565452563964 -0.14388494353441253 0.45563565452563964 -0.1918465913792167
18.9 0.527578126292846 -0.23980823922402086 0.527578126292846 -0.23980823922402086
18.92 0.5755397741376501 -0.28776988706882506 0.6235014219824543 -0.31175071099122714
18.94 0.6235014219824543 -0.31175071099122714 0.6474822459048564 -0.31175071099122714
18.96 0.6474822459048564 -0.23980823922402086 0.6714630698272585 -0.23980823922402086
18.98 0.6235014219824543 -0.07194247176720626 0.6235014219824543 -0.09592329568960835
19.0 0.551558950215248 0.11990411961201043 0.5035973023704439 0.14388494353441253
19.02 0.3597123588360313 0.4796164784480417 0.3597123588360313 0.4076740066808355
19.04 0.1678657674568146 0.7913671894392689 0.1918465913792167 0.815348013361671
19.06 -0.023980823922402087 1.1990411961201044 0.023980823922402087 1.103117900430496
19.08 -0.23980823922402086 1.414868611421723 -0.14388494353441253 1.4628302592665272
19.1 -0.45563565452563964 1.7266193224129502 -0.3357315349136292 1.654676850645744
19.12 -0.5995205980600522 1.8225426181025586 -0.551558950215248 1.918465913792167
19.14 -0.7673863655168668 2.038370033404177 -0.7194247176720626 1.966427561636971
19.16 -0.8872904851288772 2.0143892094817755 -0.8872904851288772 2.110312505171384
19.18 -1.0071946047408877 2.1342933290937856 -1.0071946047408877 2.038370033404177
19.2 -1.0791370765080939 2.0143892094817755 -1.127098724352898 2.0863316812489816
19.22 -1.1750603721977022 2.0143892094817755 -1.1750603721977022 1.966427561636971
19.24 -1.1750603721977022 1.894485089869765 -1.2230220200425064 1.942446737714569
19.26 -1.2230220200425064 1.8225426181025586 -1.2230220200425064 1.7985617941801566
19.28 -1.2230220200425064 1.7026384984905483 -1.2230220200425064 1.7266193224129502
19.3 -1.2230220200425064 1.5347727310337336 -1.1990411961201044 1.5347727310337336
19.32 -1.1750603721977022 1.3669069635769189 -1.1990411961201044 1.414868611421723
19.34 -1.127098724352898 1.1990411961201044 -1.1510795482753002 1.1990411961201044
19.36 -1.0791370765080939 1.0071946047408877 -1.127098724352898 1.0311754286632897
19.38 -1.0791370765080939 0.815348013361671 -1.055156252585692 0.815348013361671
19.4 -1.0311754286632897 0.5755397741376501 -1.0071946047408877 0.5755397741376501
19.42 -1.0071946047408877 0.3357315349136292 -0.9352521329736814 0.3597123588360313
19.44 -0.9112713090512793 0.11990411961201043 -0.8633096612064751 0.14388494353441253
19.46 -0.815348013361671 -0.07194247176720626 -0.7673863655168668 -0.023980823922402087
19.48 -0.6954438937496605 -0.263789063146423 -0.6714630698272585 -0.263789063146423
19.5 -0.5755397741376501 -0.5035973023704439 -0.5755397741376501 -0.45563565452563964
19.52 -0.45563565452563964 -0.7194247176720626 -0.45563565452563964 -0.7434055415944647
19.54 -0.3357315349136292 -1.0071946047408877 -0.3357315349136292 -0.9352521329736814
19.56 -0.23980823922402086 -1.1510795482753002 -0.23980823922402086 -1.2230220200425064
19.58 -0.11990411961201043 -1.414868611421723 -0.11990411961201043 -1.342926139654517
19.6 -0.023980823922402087 -1.4868110831889294 -0.047961647844804174 -1.5827343788785377
19.62 0.07194247176720626 -1.7026384984905483 0.023980823922402087 -1.630696026723342
19.64 0.1678657674568146 -1.7745809702577544 0.11990411961201043 -1.8225426181025586
19.66 0.28776988706882506 -1.966427561636971 0.1918465913792167 -1.8465234420249608
19.68 0.4076740066808355 -1.9904083855593733 0.3357315349136292 -2.038370033404177
19.7 0.5035973023704439 -2.110312505171384 0.45563565452563964 -2.038370033404177
19.72 0.5995205980600522 -2.038370033404177 0.5755397741376501 -2.1582741530161877
19.74 0.6954438937496605 -2.110312505171384 0.6474822459048564 -2.0623508573265794
19.76 0.7434055415944647 -1.942446737714569 0.7194247176720626 -2.0623508573265794
19.78 0.7913671894392689 -1.918465913792167 0.7434055415944647 -1.8705042659473627
19.8 0.7913671894392689 -1.678657674568146 0.7913671894392689 -1.7506001463353524
19.82 0.7913671894392689 -1.4868110831889294 0.7673863655168668 -1.4628302592665272
19.84 0.7434055415944647 -1.1750603721977022 0.7673863655168668 -1.1750603721977022
19.86 0.7194247176720626 -0.815348013361671 0.7194247176720626 -0.7913671894392689
19.88 0.6954438937496605 -0.43165483060323756 0.6954438937496605 -0.45563565452563964
19.9 0.6474822459048564 -0.11990411961201043 0.6235014219824543 -0.1678657674568146
19.92 0.5995205980600522 0.047961647844804174 0.5755397741376501 0.023980823922402087
19.94 0.551558950215248 0.1678657674568146 0.527578126292846 0.14388494353441253
19.96 0.5035973023704439 0.21582741530161878 0.5035973023704439 0.1918465913792167
19.98 0.4796164784480417 0.21582741530161878 0.45563565452563964 0.1918465913792167
20.0 0.4076740066808355 0.1918465913792167 0.4076740066808355 0.1678657674568146
