0.0 -0.00269 0.00269 0.0 -0.0
0.02 -0.00269 0.00269 0.0 -0.0
0.04 -0.00269 0.00269 0.0 -0.0
0.06 0.00269 0.01614 -0.04573 -0.04573
0.08 -0.00807 -0.0 0.048420000000000005 0.02152
0.1 0.00269 0.0269 -0.00269 -0.01345
0.12 -0.024210000000000002 -0.0 0.048420000000000005 0.03497
0.14 0.0 0.02959 0.00538 -0.0
0.16 -0.01883 0.01614 0.0538 0.056490000000000005
0.18 0.0 0.02959 0.00269 -0.00538
0.2 -0.00538 0.00538 0.0538 0.03228
0.22 0.0 0.02959 0.00538 -0.0
0.24 -0.00538 0.00807 0.04573 0.02959
0.26 0.00269 0.03228 -0.00538 -0.0
0.28 -0.01076 0.00807 0.04573 0.024210000000000002
0.3 0.0 0.02959 -0.0269 -0.00538
0.32 -0.01076 0.00269 0.03497 0.01345
0.34 0.0 0.02152 -0.00807 -0.01883
0.36 -0.01883 0.00269 0.024210000000000002 0.01076
0.38 0.0 0.024210000000000002 -0.01614 -0.02152
0.4 -0.00538 0.00807 0.01614 0.00269
0.42 0.0 0.0269 -0.01883 -0.01883
0.44 -0.00538 0.01614 0.01076 0.00269
0.46 0.00538 0.03766 -0.01076 -0.01883
0.48 0.0 0.02152 0.00538 0.00269
0.5 0.00538 0.048420000000000005 -0.01883 -0.02152
0.52 0.0 0.03228 0.00269 0.00269
0.54 0.01076 0.0538 -0.01076 -0.02959
0.56 0.0 0.03766 0.00269 -0.0
0.58 0.01076 0.05111 -0.01883 -0.0269
0.6 0.00269 0.03497 0.0 -0.0
0.62 0.024210000000000002 0.04304 -0.024210000000000002 -0.03497
0.64 0.01345 0.02959 0.0 -0.01076
0.66 0.01883 0.04573 -0.02959 -0.04304
0.68 0.00807 0.0269 0.0 -0.00807
0.7 0.01883 0.048420000000000005 -0.03228 -0.03497
0.72 0.01614 0.03497 -0.00538 -0.01076
0.74 0.01883 0.056490000000000005 -0.03497 -0.04573
0.76 0.01076 0.040350000000000004 -0.00538 -0.01883
0.78 0.024210000000000002 0.05918 -0.03497 -0.04573
0.8 0.01614 0.048420000000000005 -0.01076 -0.024210000000000002
0.82 0.03497 0.05918 -0.03228 -0.04304
0.84 0.02152 0.0538 -0.01345 -0.02959
0.86 0.03228 0.06456 -0.03497 -0.05111
0.88 0.024210000000000002 0.056490000000000005 -0.01883 -0.02959
0.9 0.0269 0.06456 -0.040350000000000004 -0.040350000000000004
0.92 0.024210000000000002 0.06187 -0.01883 -0.03228
0.94 0.03497 0.06456 -0.03228 -0.04573
0.96 0.024210000000000002 0.06187 -0.024210000000000002 -0.04304
0.98 0.03497 0.06994 -0.03497 -0.056490000000000005
1.0 0.024210000000000002 0.05918 -0.03497 -0.05111
1.02 0.0269 0.06994 -0.03766 -0.05111
1.04 0.0269 0.06994 -0.04304 -0.0538
1.06 0.03228 0.07263 -0.04573 -0.056490000000000005
1.08 0.02959 0.07263 -0.048420000000000005 -0.05918
1.1 0.03497 0.07263 -0.04573 -0.06187
1.12 0.03766 0.06994 -0.04573 -0.06187
1.14 0.03766 0.07532 -0.04573 -0.05918
1.16 0.03766 0.07532 -0.04573 -0.06187
1.18 0.03766 0.07263 -0.04573 -0.06187
1.2 0.03766 0.07532 -0.048420000000000005 -0.05918
1.22 0.03766 0.06187 -0.04573 -0.05918
1.24 0.03766 0.06187 -0.04573 -0.05918
1.26 0.03766 0.06187 -0.048420000000000005 -0.05918
1.28 0.03766 0.06456 -0.04573 -0.06187
1.3 0.048420000000000005 0.06187 -0.06456 -0.06187
1.32 0.04573 0.06456 -0.056490000000000005 -0.06187
1.34 0.048420000000000005 0.06187 -0.05918 -0.06187
1.36 0.03497 0.06187 -0.024210000000000002 -0.06187
1.38 0.048420000000000005 0.06187 -0.048420000000000005 -0.06187
1.4 0.03766 0.06456 -0.01076 -0.05918
1.42 0.056490000000000005 0.06187 -0.04304 -0.05918
1.44 0.040350000000000004 0.05918 0.0 -0.05918
1.46 0.05918 0.05111 -0.04304 -0.05918
1.48 0.02959 0.05111 -0.00269 -0.05918
1.5 0.05111 0.05111 -0.040350000000000004 -0.05918
1.52 0.024210000000000002 0.05111 -0.00807 -0.05918
1.54 0.05111 0.040350000000000004 -0.03228 -0.05918
1.56 0.02152 0.040350000000000004 -0.01614 -0.05918
1.58 0.05111 0.03228 -0.03766 -0.05918
1.6 0.0269 0.02959 -0.024210000000000002 -0.05918
1.62 0.04573 0.02152 -0.03228 -0.05918
1.64 0.03228 0.02152 -0.040350000000000004 -0.05918
1.66 0.05111 0.01345 -0.01883 -0.05918
1.68 0.03228 0.01345 -0.01883 -0.05918
1.7 0.04304 0.00538 -0.01076 -0.05918
1.72 0.048420000000000005 0.00807 -0.03497 -0.05918
1.74 0.0538 -0.0 -0.00807 -0.05918
1.76 0.07263 -0.0 -0.056490000000000005 -0.05918
1.78 0.06994 -0.0 -0.01345 -0.048420000000000005
1.8 0.08608 0.00269 -0.06187 -0.048420000000000005
1.82 0.02959 -0.0 -0.01614 -0.05111
1.84 0.03228 0.00269 -0.06187 -0.048420000000000005
1.86 0.024210000000000002 -0.0 -0.0269 -0.040350000000000004
1.88 0.02152 0.01076 -0.06456 -0.040350000000000004
1.9 0.01614 -0.0 -0.03766 -0.03228
1.92 0.040350000000000004 0.01076 -0.05918 -0.03228
1.94 0.024210000000000002 -0.00269 -0.03766 -0.00807
1.96 0.04573 0.00269 -0.040350000000000004 -0.00269
1.98 0.0269 -0.01076 -0.02959 -0.01076
2.0 0.05111 -0.0 -0.0269 -0.01076
2.02 0.03228 -0.024210000000000002 -0.0538 -0.01076
2.04 0.048420000000000005 -0.00269 -0.01883 -0.01883
2.06 0.02152 -0.02959 -0.040350000000000004 -0.01345
2.08 0.04573 -0.0 -0.01345 -0.03766
2.1 0.01883 -0.01076 -0.03497 -0.01614
2.12 0.040350000000000004 0.00807 -0.02152 -0.03497
2.14 0.02959 -0.0 -0.01883 -0.02152
2.16 0.04573 0.01076 -0.02959 -0.02152
2.18 0.02959 0.01883 -0.01614 -0.06725
2.2 0.04573 0.00807 -0.03497 -0.03497
2.22 0.040350000000000004 0.03766 -0.01614 -0.06187
2.24 0.04573 0.048420000000000005 -0.0269 -0.01076
2.26 0.0269 0.09146 -0.01614 -0.05111
2.28 0.024210000000000002 0.056490000000000005 -0.040350000000000004 -0.0
2.3 0.01883 0.07801000000000001 -0.0269 -0.0269
2.32 0.02152 0.03766 -0.040350000000000004 -0.0
2.34 0.024210000000000002 0.06187 -0.024210000000000002 -0.04573
2.36 0.01883 0.01614 -0.03228 -0.01076
2.38 0.01614 0.04573 -0.02959 -0.056490000000000005
2.4 0.01345 0.01076 -0.03497 -0.02959
2.42 0.01345 0.040350000000000004 -0.040350000000000004 -0.05918
2.44 0.01076 0.00807 -0.05111 -0.05918
2.46 0.01076 0.03766 -0.05111 -0.06725
2.48 0.01076 0.02152 -0.05111 -0.06994
2.5 0.01076 0.0538 -0.048420000000000005 -0.01076
2.52 0.01883 0.03497 -0.048420000000000005 -0.01076
2.54 0.01883 0.056490000000000005 -0.03766 -0.0
2.56 0.01883 0.05111 -0.03228 -0.040350000000000004
2.58 0.01614 0.06456 -0.03228 -0.00269
2.6 0.02152 0.07263 -0.02959 -0.06187
2.62 0.01614 0.06725 -0.03497 -0.01076
2.64 0.0269 0.08339 -0.02959 -0.06187
2.66 0.00807 0.07532 -0.02152 -0.01345
2.68 0.01883 0.09953000000000001 -0.02152 -0.056490000000000005
2.7 0.0 0.06994 -0.02152 -0.02959
2.72 0.01076 0.07263 -0.01345 -0.05918
2.74 -0.00269 0.01883 -0.01883 -0.02959
2.76 0.00807 0.024210000000000002 -0.01883 -0.048420000000000005
2.78 0.0 -0.0 -0.024210000000000002 -0.0269
2.8 0.02152 0.01614 -0.0269 -0.01883
2.82 0.0 0.00269 -0.02152 -0.05111
2.84 0.01614 0.02152 -0.03766 -0.05111
2.86 -0.00269 0.00807 -0.024210000000000002 -0.07263
2.88 0.02152 0.02959 -0.0538 -0.040350000000000004
2.9 0.0 0.01614 -0.0269 -0.048420000000000005
2.92 0.01614 0.03497 -0.04573 -0.02152
2.94 0.00269 0.02152 -0.03766 -0.02959
2.96 0.02152 0.040350000000000004 -0.03766 -0.02959
2.98 0.0269 0.0269 -0.06725 -0.03497
3.0 0.01614 0.03228 -0.01614 -0.04304
3.02 0.06187 0.01076 -0.048420000000000005 -0.05111
3.04 0.048420000000000005 0.02152 0.00807 -0.056490000000000005
3.06 0.06187 0.024210000000000002 -0.03497 -0.040350000000000004
3.08 0.01076 0.03228 0.00269 -0.048420000000000005
3.1 0.04304 0.02959 -0.03766 -0.03228
3.12 -0.00269 0.0269 0.00269 -0.04304
3.14 0.0269 0.02152 -0.04304 -0.04573
3.16 -0.01883 0.01614 0.0 -0.05111
3.18 0.00538 0.00807 -0.04304 -0.05111
3.2 -0.01345 -0.0 -0.01614 -0.0538
3.22 0.00538 -0.0 -0.04304 -0.048420000000000005
3.24 -0.02152 -0.0 -0.03228 -0.048420000000000005
3.26 0.0 -0.0 -0.04304 -0.04304
3.28 -0.01345 -0.0 -0.04304 -0.04304
3.3 0.00807 0.00269 -0.01614 -0.048420000000000005
3.32 0.0 0.01076 -0.03497 -0.048420000000000005
3.34 0.00538 0.01614 -0.01614 -0.048420000000000005
3.36 0.01076 0.0269 -0.05111 -0.04304
3.38 0.0269 0.01614 -0.01345 -0.04573
3.4 0.04573 0.02152 -0.07532 -0.04304
3.42 0.04573 0.00807 -0.024210000000000002 -0.03497
3.44 0.06725 0.01345 -0.07801000000000001 -0.03228
3.46 0.04304 0.00269 -0.03228 -0.024210000000000002
3.48 0.07532 0.01076 -0.07263 -0.02152
3.5 0.024210000000000002 -0.0 -0.04573 -0.01345
3.52 0.02959 -0.0 -0.07532 -0.00807
3.54 0.01076 -0.00538 -0.04304 -0.00807
3.56 0.024210000000000002 -0.0 -0.05918 -0.0
3.58 0.00538 -0.01076 -0.04304 -0.01345
3.6 0.03228 0.00538 -0.03228 -0.01614
3.62 0.01345 -0.01883 -0.056490000000000005 -0.01076
3.64 0.03766 -0.0 -0.02152 -0.02959
3.66 0.01883 -0.0269 -0.0538 -0.01614
3.68 0.048420000000000005 -0.0 -0.01076 -0.04573
3.7 0.02959 -0.01076 -0.02959 -0.01883
3.72 0.04573 0.00538 -0.01345 -0.03766
3.74 0.0269 -0.0 -0.01883 -0.02152
3.76 0.04304 0.00807 -0.01883 -0.01076
3.78 0.03228 0.024210000000000002 -0.01345 -0.056490000000000005
3.8 0.04573 0.01614 -0.02959 -0.03766
3.82 0.03228 0.05918 -0.01883 -0.05918
3.84 0.048420000000000005 0.05918 -0.03228 -0.0
3.86 0.03766 0.08877 -0.00538 -0.048420000000000005
3.88 0.03228 0.0538 -0.03497 -0.0
3.9 0.02152 0.08339 -0.024210000000000002 -0.04304
3.92 0.024210000000000002 0.03228 -0.03766 0.00269
3.94 0.01883 0.05918 -0.02152 -0.048420000000000005
3.96 0.01883 0.01076 -0.03228 -0.00269
3.98 0.02152 0.040350000000000004 -0.03228 -0.05918
4.0 0.01345 -0.0 -0.03497 -0.02959
4.02 0.01076 0.04573 -0.04573 -0.05918
4.04 0.00807 0.00269 -0.048420000000000005 -0.048420000000000005
4.06 0.01076 0.03497 -0.04573 -0.05918
4.08 0.01345 0.01883 -0.04304 -0.07801000000000001
4.1 0.01614 0.05111 -0.03228 -0.01345
4.12 0.01883 0.03228 -0.03228 -0.01345
4.14 0.01883 0.056490000000000005 -0.03228 -0.0
4.16 0.01883 0.048420000000000005 -0.03228 -0.04573
4.18 0.01614 0.07263 -0.03228 -0.0
4.2 0.01883 0.07801000000000001 -0.03228 -0.06456
4.22 0.01614 0.06456 -0.024210000000000002 -0.01076
4.24 0.0269 0.08608 -0.02152 -0.06725
4.26 0.00538 0.07532 -0.0269 -0.02152
4.28 0.01883 0.10491 -0.024210000000000002 -0.06456
4.3 0.0 0.08070000000000001 -0.02152 -0.02152
4.32 0.00807 0.08070000000000001 -0.01345 -0.05918
4.34 -0.00269 0.01883 -0.024210000000000002 -0.02959
4.36 0.00269 0.02959 -0.01883 -0.04573
4.38 -0.00269 0.00807 -0.02152 -0.02959
4.4 0.02152 0.024210000000000002 -0.03497 -0.01883
4.42 0.0 0.00807 -0.01883 -0.056490000000000005
4.44 0.02152 0.024210000000000002 -0.04573 -0.04573
4.46 -0.00538 0.01076 -0.0269 -0.07532
4.48 0.024210000000000002 0.03228 -0.05111 -0.03228
4.5 0.0 0.01614 -0.0269 -0.04304
4.52 0.01883 0.03228 -0.0538 -0.01883
4.54 0.00269 0.02959 -0.03497 -0.0269
4.56 0.01345 0.04304 -0.024210000000000002 -0.02152
4.58 0.024210000000000002 0.03497 -0.056490000000000005 -0.03228
4.6 0.01883 0.04304 -0.024210000000000002 -0.03497
4.62 0.048420000000000005 0.024210000000000002 -0.05111 -0.03228
4.64 0.040350000000000004 0.02152 0.0 -0.05918
4.66 0.06994 0.01883 -0.03766 -0.040350000000000004
4.68 0.01345 0.02959 0.02152 -0.048420000000000005
4.7 0.040350000000000004 0.02959 -0.040350000000000004 -0.02959
4.72 -0.00269 0.03228 0.00538 -0.04573
4.74 0.01345 0.024210000000000002 -0.048420000000000005 -0.04304
4.76 -0.02152 0.01883 0.0 -0.0538
4.78 0.00269 0.00807 -0.04573 -0.05111
4.8 -0.02959 0.00269 -0.01076 -0.05111
4.82 0.00538 -0.0 -0.05111 -0.04304
4.84 -0.01614 -0.0 -0.02959 -0.04573
4.86 0.00269 -0.0 -0.05111 -0.04573
4.88 -0.01345 -0.0 -0.048420000000000005 -0.04304
4.9 0.00269 -0.0 -0.01614 -0.04573
4.92 0.0 0.01076 -0.0269 -0.04573
4.94 0.00538 0.01614 -0.01614 -0.04573
4.96 0.0 0.0269 -0.05111 -0.040350000000000004
4.98 0.01614 0.01883 -0.01883 -0.040350000000000004
5.0 0.0269 0.024210000000000002 -0.06725 -0.03766
5.02 0.03766 0.01076 -0.02959 -0.0269
5.04 0.056490000000000005 0.01614 -0.07801000000000001 -0.0269
5.06 0.05111 0.00538 -0.0269 -0.01614
5.08 0.06725 0.01076 -0.07801000000000001 -0.01614
5.1 0.040350000000000004 -0.0 -0.04304 -0.01345
5.12 0.04573 0.00269 -0.07801000000000001 -0.00807
5.14 0.00807 -0.00538 -0.05111 -0.00807
5.16 0.01076 -0.0 -0.05918 -0.0
5.18 0.00538 -0.01345 -0.04304 -0.01345
5.2 0.03228 0.00269 -0.03766 -0.01345
5.22 0.00807 -0.01614 -0.056490000000000005 -0.01076
5.24 0.03766 -0.0 -0.024210000000000002 -0.01614
5.26 0.01076 -0.01883 -0.056490000000000005 -0.01076
5.28 0.04573 0.01076 -0.01614 -0.040350000000000004
5.3 0.02152 -0.00269 -0.03766 -0.02152
5.32 0.04573 0.00807 -0.01614 -0.02959
5.34 0.03228 -0.0 -0.01614 -0.02152
5.36 0.04573 0.01345 -0.02959 -0.02152
5.38 0.02959 0.02959 -0.01614 -0.06725
5.4 0.040350000000000004 0.01614 -0.03497 -0.03497
5.42 0.03766 0.06187 -0.01614 -0.05111
5.44 0.040350000000000004 0.056490000000000005 -0.03228 -0.00538
5.46 0.02959 0.08877 -0.01614 -0.048420000000000005
5.48 0.0269 0.0538 -0.03766 -0.0
5.5 0.02152 0.07801000000000001 -0.0269 -0.048420000000000005
5.52 0.024210000000000002 0.02959 -0.040350000000000004 -0.0
5.54 0.024210000000000002 0.06187 -0.024210000000000002 -0.048420000000000005
5.56 0.01883 0.01614 -0.03497 -0.00538
5.58 0.01614 0.05111 -0.02959 -0.05111
5.6 0.01076 0.01614 -0.03766 -0.03228
5.62 0.00807 0.04304 -0.04304 -0.05918
5.64 0.01076 0.01076 -0.04304 -0.056490000000000005
5.66 0.01076 0.040350000000000004 -0.04304 -0.06725
5.68 0.01345 0.02152 -0.04304 -0.07532
5.7 0.01614 0.056490000000000005 -0.03228 -0.00807
5.72 0.01883 0.03766 -0.03497 -0.01614
5.74 0.01883 0.05918 -0.03228 -0.0
5.76 0.01883 0.056490000000000005 -0.03766 -0.04573
5.78 0.01614 0.07532 -0.03766 -0.0
5.8 0.01883 0.07532 -0.02959 -0.06187
5.82 0.01883 0.06725 -0.0269 -0.01345
5.84 0.024210000000000002 0.09415 -0.02152 -0.056490000000000005
5.86 0.00538 0.09415 -0.02152 -0.01076
5.88 0.01614 0.12374 -0.01345 -0.06994
5.9 0.0 0.06187 -0.02152 -0.01883
5.92 0.00807 0.06456 -0.01345 -0.056490000000000005
5.94 -0.00269 0.024210000000000002 -0.024210000000000002 -0.02959
5.96 0.00807 0.02959 -0.01614 -0.04304
5.98 -0.00269 0.01076 -0.024210000000000002 -0.0269
6.0 0.02152 0.024210000000000002 -0.03497 -0.01883
6.02 0.0 0.00538 -0.02152 -0.06187
6.04 0.024210000000000002 0.024210000000000002 -0.04573 -0.04304
6.06 -0.00807 0.01076 -0.024210000000000002 -0.06725
6.08 0.024210000000000002 0.02959 -0.0538 -0.02959
6.1 0.0 0.01614 -0.02959 -0.03766
6.12 0.01614 0.03766 -0.056490000000000005 -0.01614
6.14 0.00269 0.0269 -0.03766 -0.02959
6.16 0.01345 0.04304 -0.024210000000000002 -0.02152
6.18 0.024210000000000002 0.03228 -0.06456 -0.03228
6.2 0.01614 0.03766 -0.02152 -0.03497
6.22 0.0538 0.02152 -0.0538 -0.03766
6.24 0.04304 0.024210000000000002 0.0 -0.05918
6.26 0.07263 0.02152 -0.02959 -0.03497
6.28 0.01614 0.03228 0.02152 -0.04573
6.3 0.048420000000000005 0.02959 -0.03497 -0.024210000000000002
6.32 -0.00269 0.02959 0.00807 -0.04304
6.34 0.01345 0.0269 -0.040350000000000004 -0.040350000000000004
6.36 -0.02152 0.02152 -0.00269 -0.048420000000000005
6.38 0.00269 0.01076 -0.048420000000000005 -0.04573
6.4 -0.02959 0.00538 -0.02152 -0.03766
6.42 0.00807 -0.0 -0.03766 -0.04573
6.44 -0.02152 -0.0 -0.02152 -0.04304
6.46 0.0 -0.0 -0.04304 -0.04304
6.48 -0.01614 -0.0 -0.0538 -0.04304
6.5 0.00269 0.00269 -0.01614 -0.04573
6.52 0.0 0.01076 -0.03497 -0.04573
6.54 0.00538 0.01614 -0.01076 -0.04573
6.56 0.00269 0.0269 -0.056490000000000005 -0.03766
6.58 0.01883 0.02152 -0.01614 -0.040350000000000004
6.6 0.04304 0.0269 -0.07263 -0.03497
6.62 0.040350000000000004 0.01614 -0.02959 -0.0269
6.64 0.06187 0.01883 -0.07801000000000001 -0.02959
6.66 0.04573 0.00807 -0.02959 -0.01614
6.68 0.06725 0.01345 -0.07801000000000001 -0.01883
6.7 0.03497 -0.0 -0.04573 -0.01076
6.72 0.03766 -0.0 -0.07532 -0.00269
6.74 0.01345 -0.01076 -0.040350000000000004 -0.01076
6.76 0.01345 -0.0 -0.05918 -0.0
6.78 0.00269 -0.01345 -0.048420000000000005 -0.01345
6.8 0.02959 0.00269 -0.03228 -0.01614
6.82 0.01345 -0.01614 -0.06187 -0.01345
6.84 0.040350000000000004 -0.0 -0.024210000000000002 -0.03228
6.86 0.01614 -0.024210000000000002 -0.056490000000000005 -0.01883
6.88 0.05111 -0.0 -0.01076 -0.04573
6.9 0.0269 -0.00807 -0.03766 -0.01883
6.92 0.04573 0.00538 -0.01345 -0.040350000000000004
6.94 0.02959 -0.0 -0.02152 -0.024210000000000002
6.96 0.04304 0.00807 -0.01614 -0.01614
6.98 0.03228 0.0269 -0.01614 -0.056490000000000005
7.0 0.04573 0.01614 -0.0269 -0.03766
7.02 0.03497 0.0538 -0.01614 -0.056490000000000005
7.04 0.04573 0.056490000000000005 -0.03228 -0.0
7.06 0.03497 0.08339 -0.01076 -0.04304
7.08 0.02959 0.048420000000000005 -0.040350000000000004 -0.0
7.1 0.024210000000000002 0.07801000000000001 -0.02152 -0.04573
7.12 0.02152 0.02959 -0.040350000000000004 -0.0
7.14 0.01883 0.05918 -0.02959 -0.048420000000000005
7.16 0.01883 0.00807 -0.03766 -0.00269
7.18 0.02152 0.04573 -0.02959 -0.05918
7.2 0.01076 0.00269 -0.03766 -0.024210000000000002
7.22 0.01076 0.048420000000000005 -0.040350000000000004 -0.06187
7.24 0.00807 0.00538 -0.0538 -0.048420000000000005
7.26 0.01076 0.04304 -0.05111 -0.06187
7.28 0.01345 0.01883 -0.04304 -0.07263
7.3 0.01345 0.05111 -0.03497 -0.01345
7.32 0.01614 0.02959 -0.03497 -0.01345
7.34 0.01883 0.0538 -0.03497 -0.0
7.36 0.01883 0.04573 -0.03228 -0.04573
7.38 0.01345 0.06994 -0.03228 -0.0
7.4 0.01614 0.07263 -0.03228 -0.06456
7.42 0.01614 0.06725 -0.024210000000000002 -0.01345
7.44 0.0269 0.08339 -0.02152 -0.06187
7.46 0.00269 0.07801000000000001 -0.024210000000000002 -0.01614
7.48 0.01883 0.1076 -0.02152 -0.06456
7.5 0.0 0.08070000000000001 -0.02152 -0.024210000000000002
7.52 0.01076 0.08070000000000001 -0.01345 -0.06187
7.54 -0.00538 0.01883 -0.024210000000000002 -0.02959
7.56 0.00269 0.02959 -0.01883 -0.04304
7.58 -0.00269 0.00807 -0.01345 -0.02959
7.6 0.02152 0.024210000000000002 -0.03497 -0.01614
7.62 0.0 0.00538 -0.01883 -0.05918
7.64 0.02152 0.02152 -0.048420000000000005 -0.04573
7.66 -0.00538 0.00807 -0.02152 -0.07263
7.68 0.024210000000000002 0.02959 -0.05111 -0.03228
7.7 0.0 0.01614 -0.024210000000000002 -0.04573
7.72 0.02152 0.03497 -0.0538 -0.02152
7.74 0.00538 0.0269 -0.03497 -0.02959
7.76 0.01614 0.04304 -0.02152 -0.024210000000000002
7.78 0.024210000000000002 0.03228 -0.06187 -0.03497
7.8 0.01614 0.040350000000000004 -0.024210000000000002 -0.03766
7.82 0.05111 0.024210000000000002 -0.0538 -0.03497
7.84 0.040350000000000004 0.02152 0.0 -0.05918
7.86 0.07532 0.01883 -0.03228 -0.03766
7.88 0.01614 0.02959 0.02959 -0.0538
7.9 0.04304 0.02959 -0.03228 -0.02959
7.92 -0.00538 0.03228 0.00807 -0.048420000000000005
7.94 0.01076 0.0269 -0.04304 -0.04573
7.96 -0.024210000000000002 0.02152 -0.00269 -0.0538
7.98 0.00269 0.01345 -0.04573 -0.05111
8.0 -0.02959 0.00538 -0.024210000000000002 -0.03766
8.02 0.01076 -0.0 -0.03228 -0.048420000000000005
8.04 -0.01614 -0.00269 -0.01883 -0.04573
8.06 0.0 -0.0 -0.04304 -0.04573
8.08 -0.01883 -0.0 -0.0538 -0.05111
8.1 0.0 -0.0 -0.02152 -0.04573
8.12 0.0 0.01076 -0.03766 -0.04573
8.14 0.00538 0.01883 -0.01345 -0.04573
8.16 0.0 0.0269 -0.056490000000000005 -0.03766
8.18 0.01614 0.02152 -0.01883 -0.040350000000000004
8.2 0.03766 0.024210000000000002 -0.07263 -0.03766
8.22 0.03766 0.01614 -0.03228 -0.02959
8.24 0.06456 0.01883 -0.07801000000000001 -0.02959
8.26 0.04573 0.00807 -0.024210000000000002 -0.01883
8.28 0.06725 0.01076 -0.08070000000000001 -0.02152
8.3 0.03497 -0.0 -0.04573 -0.01345
8.32 0.03766 -0.0 -0.07801000000000001 -0.00807
8.34 0.01345 -0.01345 -0.040350000000000004 -0.01076
8.36 0.01345 -0.0 -0.06187 -0.0
8.38 0.00269 -0.01345 -0.04573 -0.01076
8.4 0.02959 0.00269 -0.03228 -0.01614
8.42 0.01076 -0.01883 -0.06187 -0.01345
8.44 0.03766 -0.0 -0.02959 -0.024210000000000002
8.46 0.01614 -0.02152 -0.056490000000000005 -0.01614
8.48 0.048420000000000005 -0.0 -0.01076 -0.04573
8.5 0.03228 -0.00538 -0.03228 -0.02152
8.52 0.048420000000000005 0.00538 -0.01076 -0.03766
8.54 0.02959 -0.0 -0.01614 -0.01883
8.56 0.04304 0.01076 -0.01883 -0.01345
8.58 0.040350000000000004 0.02959 -0.01076 -0.05918
8.6 0.04573 0.01883 -0.0269 -0.040350000000000004
8.62 0.03497 0.0538 -0.02152 -0.06456
8.64 0.04573 0.0538 -0.03497 -0.00538
8.66 0.03497 0.08339 -0.01076 -0.048420000000000005
8.68 0.02959 0.04573 -0.03766 -0.0
8.7 0.02152 0.08070000000000001 -0.024210000000000002 -0.05111
8.72 0.01883 0.0269 -0.040350000000000004 -0.0
8.74 0.01614 0.06456 -0.02959 -0.05111
8.76 0.01614 0.01076 -0.03497 -0.00269
8.78 0.02152 0.04304 -0.02959 -0.056490000000000005
8.8 0.01614 0.00269 -0.03497 -0.02959
8.82 0.01345 0.04304 -0.03766 -0.06187
8.84 0.00807 0.00807 -0.04573 -0.04304
8.86 0.01076 0.040350000000000004 -0.04304 -0.06456
8.88 0.01345 0.01883 -0.04304 -0.06994
8.9 0.01614 0.048420000000000005 -0.04304 -0.01076
8.92 0.01883 0.03228 -0.040350000000000004 -0.00807
8.94 0.01883 0.05111 -0.03228 -0.0
8.96 0.01614 0.05111 -0.02959 -0.03766
8.98 0.02152 0.056490000000000005 -0.02959 -0.00269
9.0 0.01883 0.06725 -0.02959 -0.05918
9.02 0.01345 0.06994 -0.02959 -0.01076
9.04 0.0269 0.07801000000000001 -0.0269 -0.06187
9.06 0.01076 0.06187 -0.024210000000000002 -0.01614
9.08 0.01883 0.09415 -0.01883 -0.06187
9.1 0.0 0.07532 -0.02152 -0.0269
9.12 0.01076 0.07263 -0.01345 -0.056490000000000005
9.14 0.0 0.024210000000000002 -0.01883 -0.03228
9.16 0.00807 0.02152 -0.01614 -0.04573
9.18 0.0 0.00269 -0.0269 -0.024210000000000002
9.2 0.02152 0.02152 -0.02959 -0.01883
9.22 0.0 0.00538 -0.02152 -0.05111
9.24 0.02152 0.0269 -0.040350000000000004 -0.048420000000000005
9.26 0.0 0.01076 -0.024210000000000002 -0.07532
9.28 0.024210000000000002 0.02959 -0.0538 -0.03766
9.3 0.0 0.01614 -0.0269 -0.05111
9.32 0.01883 0.03228 -0.048420000000000005 -0.024210000000000002
9.34 0.00538 0.02152 -0.03766 -0.03228
9.36 0.01614 0.04304 -0.040350000000000004 -0.02959
9.38 0.024210000000000002 0.0269 -0.06725 -0.03497
9.4 0.01345 0.03766 -0.02152 -0.04304
9.42 0.05918 0.01345 -0.05111 -0.04304
9.44 0.05111 0.024210000000000002 0.00538 -0.056490000000000005
9.46 0.06456 0.024210000000000002 -0.02959 -0.040350000000000004
9.48 0.01345 0.03228 0.00538 -0.05111
9.5 0.04304 0.03228 -0.03228 -0.03497
9.52 0.0 0.02959 0.00269 -0.04304
9.54 0.024210000000000002 0.024210000000000002 -0.040350000000000004 -0.04573
9.56 -0.01883 0.01614 0.0 -0.0538
9.58 0.00807 0.01076 -0.048420000000000005 -0.05111
9.6 -0.01345 0.00269 -0.01883 -0.048420000000000005
9.62 0.00807 -0.0 -0.04573 -0.05111
9.64 -0.01883 -0.0 -0.03497 -0.05111
9.66 0.0 -0.0 -0.04304 -0.04573
9.68 -0.01076 -0.0 -0.04573 -0.04573
9.7 0.01076 -0.0 -0.01345 -0.048420000000000005
9.72 0.0 0.01345 -0.03766 -0.048420000000000005
9.74 0.00538 0.02152 -0.01614 -0.048420000000000005
9.76 0.00538 0.0269 -0.0538 -0.04304
9.78 0.0269 0.01614 -0.01883 -0.04304
9.8 0.04573 0.02152 -0.07801000000000001 -0.04304
9.82 0.048420000000000005 0.01076 -0.024210000000000002 -0.03497
9.84 0.07263 0.01614 -0.08070000000000001 -0.03228
9.86 0.04304 0.00269 -0.03228 -0.02152
9.88 0.07532 0.01076 -0.07532 -0.02152
9.9 0.024210000000000002 -0.0 -0.048420000000000005 -0.01076
9.92 0.02959 -0.0 -0.07801000000000001 -0.00807
9.94 0.01614 -0.00807 -0.04304 -0.00807
9.96 0.024210000000000002 -0.0 -0.05918 -0.0
9.98 0.00807 -0.01076 -0.048420000000000005 -0.01076
10.0 0.02959 0.00538 -0.03228 -0.01883
10.02 0.01345 -0.01614 -0.056490000000000005 -0.01345
10.04 0.040350000000000004 -0.0 -0.024210000000000002 -0.02959
10.06 0.02152 -0.02152 -0.0538 -0.01614
10.08 0.048420000000000005 -0.0 -0.01076 -0.04573
10.1 0.03497 -0.01076 -0.02959 -0.01614
10.12 0.04573 0.00538 -0.01345 -0.040350000000000004
10.14 0.0269 -0.0 -0.024210000000000002 -0.01883
10.16 0.04304 0.00807 -0.01883 -0.01076
10.18 0.03497 0.02959 -0.01345 -0.05918
10.2 0.04304 0.01614 -0.0269 -0.040350000000000004
10.22 0.03497 0.048420000000000005 -0.01883 -0.06456
10.24 0.04573 0.048420000000000005 -0.02959 -0.00269
10.26 0.040350000000000004 0.08070000000000001 -0.00807 -0.04573
10.28 0.02959 0.048420000000000005 -0.03766 -0.0
10.3 0.024210000000000002 0.08070000000000001 -0.0269 -0.040350000000000004
10.32 0.024210000000000002 0.02959 -0.040350000000000004 -0.0
10.34 0.01614 0.06456 -0.0269 -0.040350000000000004
10.36 0.01883 0.01345 -0.03766 -0.0
10.38 0.02152 0.03766 -0.02959 -0.05111
10.4 0.01614 0.00269 -0.03766 -0.0269
10.42 0.01076 0.03766 -0.040350000000000004 -0.06187
10.44 0.01076 0.00269 -0.04573 -0.04573
10.46 0.01345 0.03766 -0.04304 -0.06456
10.48 0.01076 0.01883 -0.04573 -0.07263
10.5 0.01345 0.04573 -0.04304 -0.00807
10.52 0.01614 0.03228 -0.04304 -0.01076
10.54 0.01614 0.05111 -0.03228 -0.0
10.56 0.01883 0.05111 -0.03228 -0.03766
10.58 0.01883 0.05918 -0.03228 -0.00269
10.6 0.02152 0.06725 -0.02959 -0.05918
10.62 0.01614 0.06994 -0.02959 -0.01076
10.64 0.0269 0.07801000000000001 -0.0269 -0.06456
10.66 0.00807 0.06187 -0.024210000000000002 -0.01614
10.68 0.01883 0.09415 -0.01883 -0.06187
10.7 0.0 0.06994 -0.024210000000000002 -0.0269
10.72 0.01076 0.07263 -0.01345 -0.05918
10.74 -0.00269 0.024210000000000002 -0.01883 -0.02959
10.76 0.00538 0.02152 -0.02152 -0.04573
10.78 0.0 0.00269 -0.0269 -0.0269
10.8 0.01883 0.01883 -0.02959 -0.02152
10.82 0.0 0.00269 -0.02152 -0.056490000000000005
10.84 0.01883 0.024210000000000002 -0.040350000000000004 -0.048420000000000005
10.86 -0.00538 0.00538 -0.0269 -0.07532
10.88 0.0269 0.02959 -0.05111 -0.040350000000000004
10.9 0.0 0.01614 -0.0269 -0.048420000000000005
10.92 0.01883 0.03228 -0.048420000000000005 -0.02152
10.94 0.00269 0.0269 -0.03228 -0.03228
10.96 0.01883 0.04304 -0.03228 -0.02959
10.98 0.024210000000000002 0.03228 -0.06456 -0.03497
11.0 0.01883 0.03766 -0.024210000000000002 -0.04304
11.02 0.06187 0.01345 -0.05111 -0.04573
11.04 0.04304 0.02152 0.00538 -0.06187
11.06 0.06456 0.024210000000000002 -0.03766 -0.040350000000000004
11.08 0.00269 0.02959 0.00538 -0.05111
11.1 0.03766 0.02959 -0.03228 -0.03497
11.12 -0.00269 0.0269 0.0 -0.04304
11.14 0.01614 0.02152 -0.03766 -0.048420000000000005
11.16 -0.01883 0.01345 -0.00538 -0.0538
11.18 0.00269 0.01076 -0.05111 -0.05111
11.2 -0.01883 0.00807 -0.03228 -0.048420000000000005
11.22 0.00538 -0.0 -0.0538 -0.05111
11.24 -0.01883 -0.0 -0.02959 -0.0538
11.26 0.00269 -0.0 -0.048420000000000005 -0.05111
11.28 -0.00538 -0.0 -0.040350000000000004 -0.048420000000000005
11.3 0.00538 0.00269 -0.01883 -0.05111
11.32 0.0 0.01345 -0.03228 -0.05111
11.34 0.00269 0.02152 -0.01614 -0.05111
11.36 0.00807 0.0269 -0.05111 -0.04304
11.38 0.02152 0.01614 -0.01614 -0.048420000000000005
11.4 0.04573 0.01883 -0.06994 -0.04573
11.42 0.040350000000000004 0.01076 -0.0269 -0.03766
11.44 0.05918 0.01614 -0.07801000000000001 -0.03497
11.46 0.040350000000000004 0.00807 -0.02959 -0.02959
11.48 0.07263 0.01076 -0.08070000000000001 -0.0269
11.5 0.0269 -0.0 -0.04304 -0.02152
11.52 0.02959 -0.0 -0.07801000000000001 -0.02152
11.54 0.00807 -0.00538 -0.048420000000000005 -0.00269
11.56 0.01076 -0.0 -0.05918 -0.0
11.58 0.01076 -0.00807 -0.04573 -0.01345
11.6 0.03228 0.00538 -0.040350000000000004 -0.01345
11.62 0.01076 -0.01076 -0.05918 -0.01076
11.64 0.03766 0.00538 -0.0269 -0.01883
11.66 0.01345 -0.01614 -0.048420000000000005 -0.00807
11.68 0.048420000000000005 0.00807 -0.01614 -0.03766
11.7 0.02152 -0.00538 -0.02959 -0.02152
11.72 0.04304 0.00807 -0.01883 -0.03228
11.74 0.03228 -0.0 -0.01883 -0.02152
11.76 0.04573 0.01076 -0.02959 -0.02152
11.78 0.02959 0.0269 -0.01345 -0.06725
11.8 0.04304 0.01614 -0.03497 -0.03497
11.82 0.040350000000000004 0.06187 -0.02152 -0.0538
11.84 0.04304 0.056490000000000005 -0.03228 -0.00269
11.86 0.03228 0.09146 -0.01614 -0.04573
11.88 0.02959 0.056490000000000005 -0.03766 -0.0
11.9 0.02152 0.08339 -0.024210000000000002 -0.0538
11.92 0.024210000000000002 0.03228 -0.040350000000000004 -0.0
11.94 0.0269 0.06725 -0.0269 -0.04573
11.96 0.01883 0.01883 -0.03766 -0.00538
11.98 0.01883 0.05111 -0.03228 -0.05111
12.0 0.01345 0.01345 -0.03497 -0.03228
12.02 0.00807 0.04573 -0.04573 -0.06187
12.04 0.01076 0.00807 -0.04573 -0.056490000000000005
12.06 0.01076 0.04304 -0.04573 -0.06994
12.08 0.01076 0.02152 -0.04573 -0.07532
12.1 0.01345 0.0538 -0.03228 -0.00538
12.12 0.01614 0.03766 -0.03228 -0.01614
12.14 0.01883 0.05918 -0.03228 -0.0
12.16 0.01883 0.0538 -0.03228 -0.04573
12.18 0.01614 0.07532 -0.03497 -0.00269
12.2 0.01883 0.07801000000000001 -0.02959 -0.06725
12.22 0.01883 0.06994 -0.0269 -0.01345
12.24 0.024210000000000002 0.09415 -0.01883 -0.05918
12.26 0.00807 0.09146 -0.01883 -0.01345
12.28 0.01614 0.12912 -0.01614 -0.06725
12.3 0.0 0.06187 -0.02152 -0.01883
12.32 0.00538 0.06456 -0.01345 -0.056490000000000005
12.34 -0.00269 0.02152 -0.02152 -0.024210000000000002
12.36 0.00807 0.02959 -0.01614 -0.04304
12.38 0.0 0.01076 -0.02152 -0.0269
12.4 0.02152 0.024210000000000002 -0.03497 -0.02152
12.42 0.0 0.00807 -0.01883 -0.06187
12.44 0.024210000000000002 0.024210000000000002 -0.048420000000000005 -0.04573
12.46 -0.00538 0.01076 -0.024210000000000002 -0.06725
12.48 0.0269 0.03228 -0.0538 -0.02959
12.5 0.0 0.01883 -0.0269 -0.04304
12.52 0.01883 0.03497 -0.05918 -0.01883
12.54 0.00269 0.0269 -0.03766 -0.0269
12.56 0.01345 0.04304 -0.024210000000000002 -0.02152
12.58 0.02152 0.03497 -0.05918 -0.03228
12.6 0.01883 0.040350000000000004 -0.02152 -0.03766
12.62 0.04304 0.0269 -0.040350000000000004 -0.03497
12.64 0.040350000000000004 0.02152 0.0 -0.05918
12.66 0.06725 0.01883 -0.03766 -0.03766
12.68 0.01076 0.03228 0.01883 -0.048420000000000005
12.7 0.040350000000000004 0.02959 -0.03766 -0.024210000000000002
12.72 -0.00538 0.03228 0.00538 -0.04304
12.74 0.01345 0.0269 -0.048420000000000005 -0.03766
12.76 -0.0269 0.01883 -0.00269 -0.05111
12.78 0.0 0.00807 -0.04304 -0.048420000000000005
12.8 -0.03228 0.00269 -0.01345 -0.05111
12.82 0.0 -0.0 -0.05111 -0.04573
12.84 -0.02959 -0.0 -0.02959 -0.04573
12.86 0.0 -0.0 -0.0538 -0.04573
12.88 -0.01883 -0.0 -0.048420000000000005 -0.04573
12.9 0.00269 -0.0 -0.01614 -0.04573
12.92 0.0 0.01076 -0.02959 -0.04573
12.94 0.00269 0.01614 -0.01076 -0.04573
12.96 0.0 0.024210000000000002 -0.05111 -0.04304
12.98 0.02152 0.02152 -0.01883 -0.04304
13.0 0.03228 0.024210000000000002 -0.06456 -0.040350000000000004
13.02 0.040350000000000004 0.01345 -0.024210000000000002 -0.02959
13.04 0.056490000000000005 0.01614 -0.07801000000000001 -0.03228
13.06 0.04304 0.00538 -0.02959 -0.02152
13.08 0.06187 0.01076 -0.07801000000000001 -0.01883
13.1 0.03497 -0.0 -0.03766 -0.01076
13.12 0.04573 0.00269 -0.07801000000000001 -0.01076
13.14 0.00807 -0.00807 -0.05111 -0.00269
13.16 0.01883 -0.0 -0.06187 -0.0
13.18 0.00538 -0.01345 -0.04304 -0.01614
13.2 0.0269 0.00269 -0.03766 -0.01076
13.22 0.00807 -0.01614 -0.056490000000000005 -0.01076
13.24 0.03497 -0.0 -0.02959 -0.01883
13.26 0.01345 -0.01883 -0.0538 -0.01345
13.28 0.04573 0.01076 -0.01614 -0.040350000000000004
13.3 0.02152 -0.00269 -0.040350000000000004 -0.02152
13.32 0.04304 0.01076 -0.01614 -0.02959
13.34 0.03497 -0.0 -0.01345 -0.02152
13.36 0.04573 0.01345 -0.024210000000000002 -0.01883
13.38 0.03228 0.0269 -0.01614 -0.06187
13.4 0.04304 0.01614 -0.03497 -0.03228
13.42 0.040350000000000004 0.06187 -0.01883 -0.048420000000000005
13.44 0.040350000000000004 0.05918 -0.03497 -0.00269
13.46 0.02959 0.08877 -0.01883 -0.04304
13.48 0.0269 0.05111 -0.03766 -0.0
13.5 0.02152 0.08070000000000001 -0.024210000000000002 -0.05111
13.52 0.02152 0.02959 -0.040350000000000004 -0.0
13.54 0.02152 0.06187 -0.0269 -0.04573
13.56 0.01614 0.01345 -0.040350000000000004 -0.00538
13.58 0.01614 0.048420000000000005 -0.03497 -0.05111
13.6 0.01076 0.01345 -0.03766 -0.02959
13.62 0.01076 0.04573 -0.040350000000000004 -0.06187
13.64 0.01076 0.01076 -0.04573 -0.056490000000000005
13.66 0.01076 0.04573 -0.04573 -0.06725
13.68 0.01345 0.02152 -0.04573 -0.07532
13.7 0.01345 0.056490000000000005 -0.03497 -0.00807
13.72 0.01883 0.03766 -0.03497 -0.01614
13.74 0.01883 0.056490000000000005 -0.03228 -0.0
13.76 0.01883 0.05111 -0.03228 -0.04573
13.78 0.01614 0.07263 -0.03766 -0.0
13.8 0.02152 0.07263 -0.02959 -0.06456
13.82 0.01883 0.07263 -0.0269 -0.01076
13.84 0.0269 0.09146 -0.01883 -0.0538
13.86 0.00538 0.09146 -0.01883 -0.00807
13.88 0.01614 0.12374 -0.01345 -0.06994
13.9 0.0 0.06187 -0.02152 -0.02152
13.92 0.00807 0.06187 -0.01614 -0.056490000000000005
13.94 -0.00269 0.02152 -0.024210000000000002 -0.0269
13.96 0.00807 0.024210000000000002 -0.01883 -0.04304
13.98 0.0 0.00538 -0.02152 -0.024210000000000002
14.0 0.02152 0.02152 -0.03228 -0.02152
14.02 0.0 0.00538 -0.01614 -0.06456
14.04 0.02152 0.024210000000000002 -0.04573 -0.04573
14.06 -0.00269 0.00807 -0.02152 -0.06725
14.08 0.0269 0.02959 -0.048420000000000005 -0.02959
14.1 0.0 0.01614 -0.0269 -0.04304
14.12 0.02152 0.03497 -0.056490000000000005 -0.01883
14.14 0.00269 0.0269 -0.03766 -0.02959
14.16 0.01345 0.04304 -0.024210000000000002 -0.024210000000000002
14.18 0.0269 0.03228 -0.05918 -0.03497
14.2 0.01883 0.03766 -0.01883 -0.03766
14.22 0.04573 0.02152 -0.0538 -0.03497
14.24 0.040350000000000004 0.01883 0.0 -0.06187
14.26 0.06994 0.01614 -0.02959 -0.040350000000000004
14.28 0.01614 0.02959 0.024210000000000002 -0.05111
14.3 0.04304 0.02959 -0.03497 -0.0269
14.32 -0.00538 0.03228 0.0 -0.04573
14.34 0.01883 0.0269 -0.056490000000000005 -0.04304
14.36 -0.02152 0.01883 0.0 -0.048420000000000005
14.38 0.0 0.00807 -0.03497 -0.05111
14.4 -0.03228 0.00269 -0.01345 -0.05111
14.42 0.0 -0.0 -0.048420000000000005 -0.04573
14.44 -0.024210000000000002 -0.0 -0.03228 -0.04573
14.46 0.0 -0.0 -0.0538 -0.04573
14.48 -0.01345 -0.0 -0.0538 -0.04304
14.5 0.00538 -0.0 -0.01614 -0.04304
14.52 0.0 0.01076 -0.0269 -0.048420000000000005
14.54 0.00538 0.01614 -0.01345 -0.04573
14.56 0.0 0.024210000000000002 -0.0538 -0.040350000000000004
14.58 0.01883 0.01883 -0.01345 -0.04304
14.6 0.03228 0.024210000000000002 -0.06725 -0.03766
14.62 0.04304 0.01076 -0.024210000000000002 -0.02959
14.64 0.05918 0.01614 -0.07801000000000001 -0.02959
14.66 0.04573 0.00269 -0.02152 -0.01883
14.68 0.06725 0.01076 -0.07801000000000001 -0.01614
14.7 0.03766 -0.0 -0.040350000000000004 -0.01345
14.72 0.048420000000000005 0.00269 -0.07801000000000001 -0.01076
14.74 0.01076 -0.00807 -0.048420000000000005 -0.00807
14.76 0.01883 -0.0 -0.06187 -0.0
14.78 0.00538 -0.01345 -0.04304 -0.01345
14.8 0.03228 -0.0 -0.03766 -0.01076
14.82 0.00807 -0.01614 -0.05918 -0.01076
14.84 0.03766 -0.0 -0.0269 -0.01883
14.86 0.01614 -0.01883 -0.05111 -0.01076
14.88 0.04573 0.01076 -0.01614 -0.03766
14.9 0.02152 -0.00269 -0.03228 -0.01883
14.92 0.04573 0.01076 -0.01614 -0.02959
14.94 0.03497 -0.0 -0.01345 -0.01883
14.96 0.04573 0.01076 -0.0269 -0.02152
14.98 0.03228 0.0269 -0.01076 -0.06725
15.0 0.04304 0.01345 -0.03497 -0.03228
15.02 0.03766 0.06187 -0.01883 -0.0538
15.04 0.040350000000000004 0.06187 -0.02959 -0.00269
15.06 0.03228 0.08608 -0.01883 -0.048420000000000005
15.08 0.0269 0.048420000000000005 -0.03766 -0.0
15.1 0.02152 0.08070000000000001 -0.024210000000000002 -0.05918
15.12 0.024210000000000002 0.02959 -0.04304 -0.0
15.14 0.024210000000000002 0.06456 -0.0269 -0.05111
15.16 0.01614 0.01883 -0.03766 -0.00538
15.18 0.01614 0.048420000000000005 -0.03228 -0.0538
15.2 0.01345 0.01345 -0.03766 -0.03497
15.22 0.01076 0.04573 -0.04304 -0.06456
15.24 0.01076 0.01076 -0.048420000000000005 -0.05918
15.26 0.01345 0.048420000000000005 -0.04304 -0.06994
15.28 0.01345 0.024210000000000002 -0.04573 -0.07532
15.3 0.01614 0.056490000000000005 -0.03497 -0.00807
15.32 0.01614 0.03766 -0.03497 -0.01345
15.34 0.01614 0.056490000000000005 -0.03228 -0.0
15.36 0.01883 0.05111 -0.03228 -0.04573
15.38 0.01614 0.07532 -0.03766 -0.00269
15.4 0.02152 0.07532 -0.02959 -0.06456
15.42 0.01345 0.06994 -0.0269 -0.01076
15.44 0.024210000000000002 0.09146 -0.01883 -0.056490000000000005
15.46 0.00807 0.09146 -0.02152 -0.01614
15.48 0.01614 0.12643000000000001 -0.01614 -0.06994
15.5 0.0 0.06187 -0.01883 -0.024210000000000002
15.52 0.00538 0.06456 -0.01345 -0.056490000000000005
15.54 -0.00269 0.01883 -0.024210000000000002 -0.024210000000000002
15.56 0.01076 0.024210000000000002 -0.01614 -0.04304
15.58 -0.00269 0.00807 -0.02152 -0.0269
15.6 0.02152 0.024210000000000002 -0.03497 -0.02152
15.62 0.0 0.00538 -0.01883 -0.06187
15.64 0.024210000000000002 0.0269 -0.04573 -0.04573
15.66 -0.00538 0.01076 -0.024210000000000002 -0.06725
15.68 0.024210000000000002 0.03228 -0.0538 -0.03228
15.7 0.0 0.01614 -0.0269 -0.048420000000000005
15.72 0.01883 0.03497 -0.056490000000000005 -0.01883
15.74 0.0 0.02959 -0.03766 -0.02959
15.76 0.01076 0.04304 -0.024210000000000002 -0.024210000000000002
15.78 0.024210000000000002 0.03497 -0.05918 -0.03497
15.8 0.01883 0.040350000000000004 -0.0269 -0.03766
15.82 0.040350000000000004 0.0269 -0.05111 -0.03766
15.84 0.03766 0.02152 0.0 -0.05918
15.86 0.07263 0.01883 -0.03497 -0.04304
15.88 0.01883 0.02959 0.024210000000000002 -0.05111
15.9 0.040350000000000004 0.0269 -0.03228 -0.02959
15.92 -0.00538 0.03228 0.00807 -0.04573
15.94 0.01345 0.02959 -0.04573 -0.04304
15.96 -0.02152 0.01883 0.0 -0.0538
15.98 0.00269 0.01076 -0.040350000000000004 -0.05111
16.0 -0.03228 0.00269 -0.01345 -0.0538
16.02 0.00269 -0.0 -0.05111 -0.040350000000000004
16.04 -0.02152 -0.0 -0.02959 -0.04573
16.06 0.0 -0.0 -0.056490000000000005 -0.04573
16.08 -0.01883 -0.0 -0.05111 -0.04573
16.1 0.0 -0.0 -0.01883 -0.04573
16.12 -0.00269 0.01076 -0.0269 -0.04573
16.14 0.00538 0.01614 -0.01614 -0.04573
16.16 0.0 0.0269 -0.0538 -0.04304
16.18 0.01614 0.01883 -0.01883 -0.04573
16.2 0.02959 0.024210000000000002 -0.06725 -0.03766
16.22 0.040350000000000004 0.01345 -0.024210000000000002 -0.02959
16.24 0.05918 0.01614 -0.07801000000000001 -0.02959
16.26 0.04573 0.00538 -0.02152 -0.02152
16.28 0.06725 0.01076 -0.07532 -0.01883
16.3 0.040350000000000004 -0.0 -0.04573 -0.01345
16.32 0.05111 0.00269 -0.07532 -0.01345
16.34 0.01076 -0.00807 -0.05111 -0.00538
16.36 0.01883 -0.0 -0.06456 -0.0
16.38 0.00269 -0.01076 -0.04304 -0.01614
16.4 0.02959 -0.0 -0.040350000000000004 -0.01345
16.42 0.00807 -0.01614 -0.056490000000000005 -0.01076
16.44 0.03497 -0.0 -0.02959 -0.01614
16.46 0.01614 -0.01614 -0.05111 -0.01076
16.48 0.04573 0.00807 -0.01883 -0.03497
16.5 0.024210000000000002 -0.0 -0.03228 -0.024210000000000002
16.52 0.04304 0.01076 -0.01614 -0.03228
16.54 0.03497 -0.0 -0.01883 -0.0269
16.56 0.04573 0.01345 -0.02959 -0.02959
16.58 0.03228 0.0269 -0.01614 -0.06725
16.6 0.04304 0.01614 -0.03497 -0.03228
16.62 0.040350000000000004 0.05918 -0.01883 -0.056490000000000005
16.64 0.04304 0.0538 -0.02959 -0.00538
16.66 0.03228 0.08608 -0.01614 -0.05111
16.68 0.0269 0.048420000000000005 -0.03766 -0.0
16.7 0.01883 0.08070000000000001 -0.0269 -0.048420000000000005
16.72 0.01883 0.03228 -0.040350000000000004 -0.0
16.74 0.02152 0.06456 -0.03228 -0.04304
16.76 0.01883 0.01076 -0.03766 -0.00807
16.78 0.01614 0.048420000000000005 -0.03228 -0.0538
16.8 0.01345 0.01076 -0.040350000000000004 -0.02959
16.82 0.01076 0.048420000000000005 -0.040350000000000004 -0.06187
16.84 0.01076 0.01076 -0.04573 -0.056490000000000005
16.86 0.01345 0.04304 -0.04304 -0.06456
16.88 0.01345 0.02152 -0.04304 -0.06994
16.9 0.01345 0.0538 -0.04573 -0.01345
16.92 0.01614 0.03766 -0.04573 -0.01076
16.94 0.01883 0.05918 -0.03228 -0.0
16.96 0.01883 0.0538 -0.03228 -0.04304
16.98 0.01614 0.06456 -0.03228 -0.0
17.0 0.01883 0.07263 -0.02959 -0.06187
17.02 0.01345 0.06725 -0.03766 -0.01345
17.04 0.024210000000000002 0.07801000000000001 -0.0269 -0.06187
17.06 0.00269 0.06994 -0.0269 -0.01076
17.08 0.01883 0.09684000000000001 -0.02152 -0.06187
17.1 0.0 0.07263 -0.02152 -0.02959
17.12 0.01076 0.07263 -0.01614 -0.05918
17.14 0.0 0.01883 -0.01614 -0.0269
17.16 0.01076 0.02959 -0.01614 -0.04573
17.18 0.0 0.00269 -0.02152 -0.0269
17.2 0.024210000000000002 0.02152 -0.0269 -0.01883
17.22 0.0 0.00538 -0.02152 -0.056490000000000005
17.24 0.01883 0.024210000000000002 -0.03766 -0.05111
17.26 -0.00269 0.01076 -0.0269 -0.07532
17.28 0.02152 0.03228 -0.056490000000000005 -0.040350000000000004
17.3 0.0 0.01883 -0.0269 -0.04573
17.32 0.01883 0.03497 -0.048420000000000005 -0.02152
17.34 0.00269 0.024210000000000002 -0.03228 -0.03228
17.36 0.01614 0.040350000000000004 -0.03228 -0.0269
17.38 0.024210000000000002 0.03228 -0.06456 -0.03497
17.4 0.01614 0.03766 -0.0269 -0.040350000000000004
17.42 0.05918 0.01345 -0.05111 -0.04573
17.44 0.04304 0.01883 0.00269 -0.06187
17.46 0.07532 0.01883 -0.0269 -0.040350000000000004
17.48 0.00807 0.03228 0.00807 -0.05111
17.5 0.04304 0.02959 -0.03228 -0.03228
17.52 -0.00538 0.02959 0.0 -0.04304
17.54 0.01883 0.024210000000000002 -0.040350000000000004 -0.04573
17.56 -0.01614 0.01883 -0.00269 -0.0538
17.58 0.0 0.01345 -0.048420000000000005 -0.0538
17.6 -0.01345 0.00538 -0.040350000000000004 -0.03766
17.62 0.01614 -0.0 -0.0538 -0.048420000000000005
17.64 -0.01076 -0.0 -0.024210000000000002 -0.048420000000000005
17.66 0.00538 -0.0 -0.04304 -0.048420000000000005
17.68 -0.00807 -0.0 -0.04573 -0.04304
17.7 0.00538 0.00269 -0.01614 -0.04304
17.72 0.0 0.01614 -0.03228 -0.04304
17.74 0.0 0.02152 -0.01076 -0.04304
17.76 0.00538 0.02959 -0.05111 -0.040350000000000004
17.78 0.024210000000000002 0.01883 -0.01076 -0.04304
17.8 0.04573 0.01883 -0.06456 -0.04304
17.82 0.04304 0.01076 -0.02152 -0.03228
17.84 0.06456 0.01614 -0.07532 -0.02959
17.86 0.04304 0.00807 -0.0269 -0.02152
17.88 0.06994 0.01345 -0.07801000000000001 -0.02152
17.9 0.02959 -0.0 -0.04304 -0.01345
17.92 0.03228 -0.0 -0.07801000000000001 -0.01345
17.94 0.01345 -0.00538 -0.04573 -0.00538
17.96 0.01076 -0.0 -0.056490000000000005 -0.0
17.98 0.00807 -0.01076 -0.040350000000000004 -0.01345
18.0 0.02959 0.00269 -0.03766 -0.01076
18.02 0.01076 -0.01076 -0.05918 -0.01076
18.04 0.03766 0.00269 -0.02959 -0.01614
18.06 0.01345 -0.01614 -0.05111 -0.01076
18.08 0.04573 0.00807 -0.01614 -0.03766
18.1 0.0269 -0.00807 -0.02959 -0.02152
18.12 0.04304 0.00807 -0.01614 -0.02959
18.14 0.03228 -0.0 -0.01614 -0.01883
18.16 0.04573 0.01345 -0.02959 -0.02152
18.18 0.02959 0.02959 -0.01614 -0.06725
18.2 0.04304 0.01614 -0.03228 -0.03228
18.22 0.03766 0.06456 -0.02152 -0.05111
18.24 0.04304 0.05918 -0.03228 -0.00538
18.26 0.02959 0.09146 -0.01345 -0.04573
18.28 0.0269 0.05111 -0.03766 -0.0
18.3 0.02152 0.08070000000000001 -0.0269 -0.048420000000000005
18.32 0.024210000000000002 0.03228 -0.040350000000000004 -0.0
18.34 0.024210000000000002 0.06725 -0.024210000000000002 -0.048420000000000005
18.36 0.01883 0.01614 -0.03497 -0.00538
18.38 0.01614 0.05111 -0.02959 -0.0538
18.4 0.01345 0.01345 -0.03497 -0.03228
18.42 0.00807 0.040350000000000004 -0.04304 -0.06187
18.44 0.01076 0.01345 -0.04573 -0.056490000000000005
18.46 0.01345 0.04304 -0.04304 -0.06994
18.48 0.01345 0.02152 -0.04573 -0.07532
18.5 0.01614 0.0538 -0.03228 -0.00807
18.52 0.01883 0.03766 -0.03228 -0.01614
18.54 0.01883 0.0538 -0.03228 -0.0
18.56 0.02152 0.056490000000000005 -0.02959 -0.04573
18.58 0.01883 0.07532 -0.02959 -0.00538
18.6 0.02152 0.07532 -0.02959 -0.06456
18.62 0.01614 0.06725 -0.024210000000000002 -0.01345
18.64 0.0269 0.09146 -0.02152 -0.05918
18.66 0.00538 0.09146 -0.01883 -0.01076
18.68 0.01614 0.12643000000000001 -0.01614 -0.06725
18.7 0.0 0.06187 -0.02152 -0.024210000000000002
18.72 0.00538 0.06456 -0.01345 -0.056490000000000005
18.74 0.0 0.01883 -0.024210000000000002 -0.02152
18.76 0.00538 0.024210000000000002 -0.01883 -0.04304
18.78 0.0 0.00538 -0.02152 -0.0269
18.8 0.02152 0.02152 -0.03766 -0.01883
18.82 0.0 0.00538 -0.02152 -0.06187
18.84 0.01883 0.024210000000000002 -0.048420000000000005 -0.04573
18.86 -0.00538 0.00807 -0.0269 -0.06994
18.88 0.024210000000000002 0.02959 -0.0538 -0.02959
18.9 0.0 0.01345 -0.02959 -0.04304
18.92 0.01883 0.03497 -0.056490000000000005 -0.01883
18.94 0.00269 0.024210000000000002 -0.03766 -0.0269
18.96 0.01076 0.04573 -0.024210000000000002 -0.02152
18.98 0.024210000000000002 0.03228 -0.05918 -0.03228
19.0 0.01883 0.03766 -0.02152 -0.03766
19.02 0.04304 0.02152 -0.05111 -0.02959
19.04 0.03766 0.02152 0.0 -0.056490000000000005
19.06 0.06994 0.01614 -0.02959 -0.04573
19.08 0.01614 0.0269 0.024210000000000002 -0.0538
19.1 0.040350000000000004 0.0269 -0.03766 -0.0269
19.12 -0.00807 0.03228 0.00538 -0.04304
19.14 0.01345 0.0269 -0.048420000000000005 -0.04304
19.16 -0.024210000000000002 0.01614 0.0 -0.05111
19.18 0.0 0.01076 -0.04304 -0.05111
19.2 -0.03228 0.00269 -0.01614 -0.05111
19.22 0.00269 -0.0 -0.0538 -0.04304
19.24 -0.024210000000000002 -0.0 -0.02959 -0.04573
19.26 0.0 -0.0 -0.056490000000000005 -0.04573
19.28 -0.01883 -0.0 -0.05111 -0.04573
19.3 0.0 -0.0 -0.01883 -0.04573
19.32 0.0 0.00807 -0.02959 -0.04573
19.34 0.00269 0.01345 -0.01345 -0.04573
19.36 0.0 0.024210000000000002 -0.0538 -0.04304
19.38 0.01883 0.01883 -0.01883 -0.04304
19.4 0.03228 0.024210000000000002 -0.06725 -0.03497
19.42 0.03766 0.01076 -0.024210000000000002 -0.0269
19.44 0.05918 0.01614 -0.08070000000000001 -0.02959
19.46 0.048420000000000005 0.00538 -0.0269 -0.01883
19.48 0.06725 0.01076 -0.07532 -0.01614
19.5 0.04304 -0.0 -0.040350000000000004 -0.01345
19.52 0.05111 -0.0 -0.08070000000000001 -0.01076
19.54 0.01076 -0.00807 -0.0538 -0.00538
19.56 0.02152 -0.0 -0.06187 -0.0
19.58 0.00807 -0.00807 -0.04573 -0.01345
19.6 0.02959 -0.0 -0.03766 -0.01345
19.62 0.00538 -0.02152 -0.056490000000000005 -0.01076
19.64 0.03766 -0.0 -0.02959 -0.01883
19.66 0.01883 -0.01883 -0.05111 -0.01076
19.68 0.04304 0.01076 -0.01614 -0.040350000000000004
19.7 0.024210000000000002 -0.00269 -0.03497 -0.024210000000000002
19.72 0.04304 0.01076 -0.01614 -0.02959
19.74 0.03228 -0.0 -0.01883 -0.01883
19.76 0.04573 0.01076 -0.02152 -0.01883
19.78 0.03228 0.0269 -0.01345 -0.06456
19.8 0.040350000000000004 0.01614 -0.03497 -0.02959
19.82 0.03766 0.06456 -0.02152 -0.04573
19.84 0.03766 0.05918 -0.02959 -0.00269
19.86 0.02959 0.08877 -0.01883 -0.04573
19.88 0.0269 0.05111 -0.03766 -0.0
19.9 0.02152 0.07801000000000001 -0.024210000000000002 -0.048420000000000005
19.92 0.02152 0.02959 -0.040350000000000004 -0.0
19.94 0.02152 0.06456 -0.024210000000000002 -0.04304
19.96 0.01614 0.01883 -0.03766 -0.00269
19.98 0.01614 0.05111 -0.02959 -0.05111
20.0 0.01345 0.01345 -0.03766 -0.02959
