0.0 90.10989010989012 -89.84615384615385 90.10989010989012 -89.84615384615385
0.02 90.10989010989012 -89.84615384615385 90.10989010989012 -89.93406593406594
0.04 90.28571428571429 -89.75824175824177 89.58241758241759 -90.37362637362638
0.06 90.37362637362638 -89.67032967032968 88.61538461538463 -91.07692307692308
0.08 90.81318681318682 -89.31868131868133 87.47252747252747 -92.39560439560441
0.1 91.51648351648352 -88.7912087912088 85.71428571428572 -93.97802197802199
0.12 91.95604395604396 -88.17582417582419 84.13186813186813 -95.82417582417582
0.14 92.65934065934067 -87.56043956043956 82.37362637362638 -97.4945054945055
0.16 93.36263736263737 -86.76923076923077 80.61538461538463 -99.25274725274726
0.18 94.06593406593407 -86.06593406593407 78.76923076923077 -100.92307692307693
0.2 94.85714285714286 -85.45054945054946 77.1868131868132 -102.76923076923077
0.22 95.56043956043956 -84.65934065934067 75.42857142857143 -104.26373626373628
0.24 96.43956043956045 -83.86813186813187 73.84615384615385 -106.10989010989012
0.26 97.14285714285715 -83.16483516483517 72.08791208791209 -107.6043956043956
0.28 97.93406593406594 -82.28571428571429 70.68131868131869 -109.36263736263737
0.3 98.63736263736264 -81.58241758241759 69.09890109890111 -110.76923076923077
0.32 99.42857142857143 -80.87912087912089 67.51648351648352 -112.43956043956045
0.34 100.13186813186815 -80.08791208791209 66.02197802197803 -113.84615384615385
0.36 100.92307692307693 -79.2967032967033 64.43956043956044 -115.42857142857143
0.38 101.53846153846155 -78.76923076923077 63.120879120879124 -116.83516483516485
0.4 102.24175824175825 -77.97802197802199 61.62637362637363 -118.32967032967034
0.42 102.94505494505495 -77.36263736263737 60.307692307692314 -119.64835164835166
0.44 103.56043956043956 -76.74725274725276 58.81318681318682 -121.14285714285715
0.46 104.0879120879121 -76.21978021978022 57.40659340659341 -122.37362637362638
0.48 104.7912087912088 -75.51648351648352 56.087912087912095 -123.7802197802198
0.5 105.31868131868133 -74.98901098901099 54.85714285714286 -125.01098901098902
0.52 105.93406593406594 -74.37362637362638 53.53846153846154 -126.32967032967034
0.54 106.46153846153847 -73.84615384615385 52.48351648351649 -127.47252747252749
0.56 107.07692307692308 -73.31868131868133 51.16483516483517 -128.7032967032967
0.58 107.51648351648352 -72.7912087912088 50.10989010989012 -129.84615384615387
0.6 108.13186813186815 -72.26373626373626 48.96703296703297 -130.989010989011
0.62 108.57142857142858 -71.73626373626374 47.91208791208791 -131.95604395604397
0.64 109.09890109890111 -71.2967032967033 46.85714285714286 -133.01098901098902
0.66 109.53846153846155 -70.76923076923077 45.89010989010989 -133.97802197802199
0.68 109.97802197802199 -70.24175824175825 44.92307692307693 -134.94505494505495
0.7 110.32967032967034 -69.80219780219781 44.04395604395605 -135.9120879120879
0.72 110.76923076923077 -69.36263736263737 43.16483516483517 -136.7912087912088
0.74 111.20879120879121 -69.01098901098902 42.37362637362638 -137.5824175824176
0.76 111.56043956043958 -68.65934065934067 41.40659340659341 -138.46153846153848
0.78 112.00000000000001 -68.21978021978022 40.70329670329671 -139.16483516483518
0.8 112.35164835164836 -67.86813186813187 40.08791208791209 -139.86813186813188
0.82 112.61538461538463 -67.6043956043956 39.38461538461539 -140.4835164835165
0.84 112.96703296703298 -67.34065934065934 38.681318681318686 -141.1868131868132
0.86 113.14285714285715 -66.98901098901099 38.15384615384615 -141.71428571428572
0.88 113.40659340659342 -66.81318681318682 37.53846153846154 -142.32967032967034
0.9 113.67032967032968 -66.54945054945055 37.0989010989011 -142.85714285714286
0.92 113.84615384615385 -66.28571428571429 36.659340659340664 -143.2967032967033
0.94 114.02197802197803 -66.10989010989012 36.307692307692314 -143.56043956043956
0.96 114.1978021978022 -65.93406593406594 35.956043956043956 -143.9120879120879
0.98 114.37362637362638 -65.84615384615385 35.69230769230769 -144.17582417582418
1.0 114.54945054945055 -65.67032967032968 35.51648351648352 -144.35164835164835
1.02 114.54945054945055 -65.58241758241759 35.42857142857143 -144.52747252747253
1.04 114.63736263736264 -65.4945054945055 35.252747252747255 -144.52747252747253
1.06 114.72527472527473 -65.40659340659342 35.252747252747255 -144.6153846153846
1.08 114.72527472527473 -65.40659340659342 35.252747252747255 -144.6153846153846
1.1 114.72527472527473 -65.40659340659342 35.252747252747255 -144.6153846153846
1.12 114.72527472527473 -65.40659340659342 35.252747252747255 -144.6153846153846
1.14 114.81318681318682 -65.40659340659342 35.252747252747255 -144.6153846153846
1.16 114.72527472527473 -65.31868131868133 35.252747252747255 -144.6153846153846
1.18 114.81318681318682 -65.31868131868133 35.252747252747255 -144.6153846153846
1.2 114.81318681318682 -65.40659340659342 35.16483516483517 -144.52747252747253
1.22 114.81318681318682 -65.31868131868133 35.16483516483517 -144.6153846153846
1.24 114.81318681318682 -65.40659340659342 35.16483516483517 -144.6153846153846
1.26 114.81318681318682 -65.31868131868133 35.16483516483517 -144.6153846153846
1.28 114.81318681318682 -65.40659340659342 35.252747252747255 -144.52747252747253
1.3 114.81318681318682 -65.31868131868133 35.16483516483517 -144.6153846153846
1.32 114.9010989010989 -65.31868131868133 34.98901098901099 -144.6153846153846
1.34 114.98901098901099 -65.31868131868133 34.72527472527473 -144.6153846153846
1.36 115.34065934065934 -65.31868131868133 34.1978021978022 -144.6153846153846
1.38 115.69230769230771 -65.31868131868133 33.67032967032967 -144.6153846153846
1.4 116.13186813186815 -65.31868131868133 32.87912087912088 -144.6153846153846
1.42 116.65934065934067 -65.40659340659342 32.0 -144.52747252747253
1.44 117.36263736263737 -65.40659340659342 31.120879120879124 -144.6153846153846
1.46 118.06593406593407 -65.31868131868133 30.241758241758244 -144.52747252747253
1.48 118.85714285714286 -65.31868131868133 29.274725274725277 -144.6153846153846
1.5 119.64835164835166 -65.31868131868133 28.395604395604398 -144.6153846153846
1.52 120.61538461538463 -65.31868131868133 27.516483516483518 -144.6153846153846
1.54 121.40659340659342 -65.31868131868133 26.813186813186814 -144.6153846153846
1.56 122.28571428571429 -65.31868131868133 26.1978021978022 -144.6153846153846
1.58 123.25274725274726 -65.31868131868133 25.75824175824176 -144.52747252747253
1.6 124.04395604395606 -65.31868131868133 25.40659340659341 -144.6153846153846
1.62 124.92307692307693 -65.40659340659342 25.05494505494506 -144.52747252747253
1.64 125.62637362637363 -65.31868131868133 24.96703296703297 -144.6153846153846
1.66 126.41758241758242 -65.40659340659342 24.96703296703297 -144.6153846153846
1.68 127.03296703296704 -65.40659340659342 25.230769230769234 -144.6153846153846
1.7 127.64835164835166 -65.40659340659342 25.582417582417584 -144.6153846153846
1.72 128.0 -65.40659340659342 26.1978021978022 -144.6153846153846
1.74 128.35164835164835 -65.4945054945055 26.813186813186814 -144.6153846153846
1.76 128.6153846153846 -65.58241758241759 27.86813186813187 -144.52747252747253
1.78 128.6153846153846 -65.67032967032968 28.835164835164836 -144.6153846153846
1.8 128.7032967032967 -65.84615384615385 30.06593406593407 -144.6153846153846
1.82 128.7032967032967 -65.93406593406594 31.20879120879121 -144.6153846153846
1.84 128.6153846153846 -66.10989010989012 32.52747252747253 -144.6153846153846
1.86 128.52747252747253 -66.28571428571429 33.67032967032967 -144.6153846153846
1.88 128.26373626373626 -66.54945054945055 34.901098901098905 -144.6153846153846
1.9 128.0 -66.81318681318682 36.043956043956044 -144.6153846153846
1.92 127.47252747252749 -67.16483516483517 37.0989010989011 -144.6153846153846
1.94 127.12087912087912 -67.51648351648352 37.97802197802198 -144.6153846153846
1.96 126.68131868131869 -67.86813186813187 38.5934065934066 -144.52747252747253
1.98 126.15384615384616 -68.3076923076923 39.120879120879124 -144.43956043956044
2.0 125.62637362637363 -68.92307692307693 39.20879120879121 -144.26373626373626
2.02 125.09890109890111 -69.62637362637363 39.20879120879121 -144.0
2.04 124.4835164835165 -70.5934065934066 38.85714285714286 -143.47252747252747
2.06 123.95604395604397 -71.47252747252747 38.41758241758242 -143.12087912087912
2.08 123.34065934065936 -72.61538461538463 37.89010989010989 -142.5934065934066
2.1 122.54945054945055 -73.67032967032968 37.362637362637365 -142.06593406593407
2.12 121.93406593406594 -74.72527472527473 36.83516483516484 -141.62637362637363
2.14 121.23076923076924 -75.6923076923077 36.48351648351649 -141.45054945054946
2.16 120.61538461538463 -76.3076923076923 36.13186813186813 -141.53846153846155
2.18 119.91208791208793 -76.83516483516485 35.86813186813187 -141.71428571428572
2.2 119.3846153846154 -77.01098901098902 35.69230769230769 -142.41758241758242
2.22 118.76923076923077 -77.09890109890111 35.604395604395606 -143.2967032967033
2.24 118.24175824175825 -76.74725274725276 35.42857142857143 -144.52747252747253
2.26 117.80219780219781 -76.3076923076923 35.34065934065934 -145.75824175824178
2.28 117.45054945054946 -75.42857142857143 35.252747252747255 -147.34065934065936
2.3 117.09890109890111 -74.54945054945055 35.252747252747255 -148.65934065934067
2.32 116.92307692307693 -73.31868131868133 35.16483516483517 -150.15384615384616
2.34 116.65934065934067 -72.08791208791209 35.16483516483517 -151.56043956043956
2.36 116.39560439560441 -70.5934065934066 35.16483516483517 -152.79120879120882
2.38 116.21978021978023 -69.09890109890111 35.16483516483517 -153.84615384615387
2.4 116.04395604395606 -67.42857142857143 35.16483516483517 -154.81318681318683
2.42 115.86813186813188 -65.93406593406594 35.16483516483517 -155.60439560439562
2.44 115.69230769230771 -64.35164835164835 35.16483516483517 -156.04395604395606
2.46 115.51648351648353 -62.94505494505495 35.16483516483517 -156.30769230769232
2.48 115.42857142857143 -61.45054945054945 35.16483516483517 -156.3956043956044
2.5 115.25274725274726 -60.13186813186814 35.16483516483517 -156.3956043956044
2.52 115.07692307692308 -58.81318681318682 35.16483516483517 -156.04395604395606
2.54 114.9010989010989 -57.758241758241766 35.16483516483517 -155.60439560439562
2.56 114.72527472527473 -56.791208791208796 35.16483516483517 -154.81318681318683
2.58 114.54945054945055 -56.00000000000001 35.16483516483517 -153.75824175824178
2.6 114.37362637362638 -55.38461538461539 35.16483516483517 -152.43956043956044
2.62 114.1978021978022 -54.85714285714286 35.16483516483517 -151.2087912087912
2.64 113.84615384615385 -54.50549450549451 35.16483516483517 -149.71428571428572
2.66 113.67032967032968 -54.24175824175825 35.16483516483517 -148.30769230769232
2.68 113.40659340659342 -54.06593406593407 35.16483516483517 -146.81318681318683
2.7 113.14285714285715 -54.06593406593407 35.16483516483517 -145.31868131868134
2.72 112.7912087912088 -54.06593406593407 35.252747252747255 -144.0
2.74 112.43956043956045 -54.06593406593407 35.34065934065934 -142.85714285714286
2.76 112.00000000000001 -54.24175824175825 35.42857142857143 -141.97802197802199
2.78 111.47252747252747 -54.329670329670336 35.51648351648352 -141.27472527472528
2.8 110.76923076923077 -54.681318681318686 35.78021978021978 -141.01098901098902
2.82 109.97802197802199 -54.94505494505495 36.043956043956044 -140.92307692307693
2.84 109.1868131868132 -55.472527472527474 36.3956043956044 -141.1868131868132
2.86 108.13186813186815 -56.00000000000001 36.92307692307693 -141.45054945054946
2.88 107.16483516483517 -56.61538461538462 37.53846153846154 -141.97802197802199
2.9 106.1978021978022 -57.23076923076923 38.065934065934066 -142.5054945054945
2.92 105.14285714285715 -57.93406593406594 38.41758241758242 -143.03296703296704
2.94 104.17582417582419 -58.63736263736264 38.5934065934066 -143.47252747252747
2.96 103.64835164835165 -59.252747252747255 38.41758241758242 -143.73626373626374
2.98 102.85714285714286 -59.95604395604396 38.24175824175825 -144.0
3.0 102.76923076923077 -60.48351648351649 37.45054945054945 -144.17582417582418
3.02 102.76923076923077 -61.010989010989015 36.48351648351649 -144.26373626373626
3.04 103.2967032967033 -61.45054945054945 35.07692307692308 -144.35164835164835
3.06 103.91208791208793 -61.8901098901099 33.84615384615385 -144.35164835164835
3.08 104.7912087912088 -62.329670329670336 32.35164835164836 -144.52747252747253
3.1 105.84615384615385 -62.681318681318686 30.94505494505495 -144.52747252747253
3.12 107.25274725274726 -63.032967032967036 29.450549450549453 -144.6153846153846
3.14 108.65934065934067 -63.2967032967033 28.219780219780223 -144.7032967032967
3.16 110.15384615384616 -63.56043956043956 26.989010989010993 -144.6153846153846
3.18 111.73626373626375 -63.736263736263744 25.846153846153847 -144.7032967032967
3.2 113.40659340659342 -63.91208791208792 24.96703296703297 -144.7032967032967
3.22 114.98901098901099 -63.91208791208792 24.17582417582418 -144.7032967032967
3.24 116.57142857142858 -64.08791208791209 23.736263736263737 -144.7032967032967
3.26 118.15384615384616 -64.17582417582418 23.472527472527474 -144.7032967032967
3.28 119.73626373626375 -64.43956043956044 23.472527472527474 -144.7032967032967
3.3 121.05494505494507 -64.70329670329672 23.560439560439562 -144.7032967032967
3.32 122.28571428571429 -64.96703296703298 24.000000000000004 -144.7032967032967
3.34 123.42857142857144 -65.14285714285715 24.615384615384617 -144.7032967032967
3.36 124.39560439560441 -65.31868131868133 25.75824175824176 -144.7912087912088
3.38 125.27472527472528 -65.4945054945055 26.725274725274726 -144.7912087912088
3.4 125.97802197802199 -65.67032967032968 28.131868131868135 -144.7912087912088
3.42 126.41758241758242 -65.84615384615385 29.53846153846154 -144.7032967032967
3.44 126.68131868131869 -66.10989010989012 31.20879120879121 -144.7912087912088
3.46 126.94505494505495 -66.37362637362638 32.70329670329671 -144.7912087912088
3.48 127.03296703296704 -66.54945054945055 34.28571428571429 -144.7912087912088
3.5 127.03296703296704 -66.81318681318682 35.78021978021978 -144.7032967032967
3.52 126.94505494505495 -67.16483516483517 37.27472527472528 -144.7032967032967
3.54 126.85714285714286 -67.51648351648352 38.41758241758242 -144.6153846153846
3.56 126.68131868131869 -68.04395604395604 39.38461538461539 -144.43956043956044
3.58 126.32967032967034 -68.65934065934067 40.0 -144.35164835164835
3.6 125.97802197802199 -69.36263736263737 40.17582417582418 -144.0879120879121
3.62 125.62637362637363 -70.15384615384616 40.08791208791209 -143.73626373626374
3.64 125.01098901098902 -71.20879120879121 39.73626373626374 -143.2967032967033
3.66 124.4835164835165 -72.26373626373626 39.20879120879121 -142.76923076923077
3.68 123.86813186813188 -73.4945054945055 38.50549450549451 -142.06593406593407
3.7 123.16483516483517 -74.72527472527473 37.8021978021978 -141.36263736263737
3.72 122.37362637362638 -75.86813186813187 37.18681318681319 -140.92307692307693
3.74 121.67032967032968 -76.92307692307693 36.659340659340664 -140.57142857142858
3.76 120.96703296703298 -77.62637362637363 36.219780219780226 -140.57142857142858
3.78 120.35164835164836 -78.41758241758242 35.956043956043956 -140.74725274725276
3.8 119.64835164835166 -78.5934065934066 35.69230769230769 -141.45054945054946
3.82 119.12087912087912 -78.5934065934066 35.604395604395606 -142.41758241758242
3.84 118.50549450549451 -78.24175824175825 35.42857142857143 -143.64835164835165
3.86 118.15384615384616 -77.80219780219781 35.42857142857143 -144.967032967033
3.88 117.62637362637363 -76.83516483516485 35.34065934065934 -146.63736263736266
3.9 117.36263736263737 -75.86813186813187 35.252747252747255 -148.04395604395606
3.92 117.01098901098902 -74.54945054945055 35.252747252747255 -149.71428571428572
3.94 116.74725274725276 -73.23076923076924 35.252747252747255 -151.12087912087912
3.96 116.4835164835165 -71.56043956043956 35.252747252747255 -152.52747252747253
3.98 116.30769230769232 -69.8901098901099 35.16483516483517 -153.5824175824176
4.0 116.13186813186815 -68.13186813186813 35.16483516483517 -154.63736263736266
4.02 115.95604395604397 -66.46153846153847 35.252747252747255 -155.42857142857144
4.04 115.69230769230771 -64.70329670329672 35.16483516483517 -155.95604395604397
4.06 115.60439560439562 -63.20879120879121 35.16483516483517 -156.30769230769232
4.08 115.42857142857143 -61.62637362637363 35.16483516483517 -156.3956043956044
4.1 115.25274725274726 -60.13186813186814 35.16483516483517 -156.3956043956044
4.12 115.07692307692308 -58.81318681318682 35.16483516483517 -156.04395604395606
4.14 114.9010989010989 -57.582417582417584 35.16483516483517 -155.51648351648353
4.16 114.72527472527473 -56.52747252747253 35.16483516483517 -154.63736263736266
4.18 114.46153846153847 -55.64835164835165 35.16483516483517 -153.49450549450552
4.2 114.28571428571429 -54.85714285714286 35.16483516483517 -152.0879120879121
4.22 114.02197802197803 -54.329670329670336 35.16483516483517 -150.76923076923077
4.24 113.84615384615385 -53.8901098901099 35.16483516483517 -149.0989010989011
4.26 113.58241758241759 -53.62637362637363 35.16483516483517 -147.51648351648353
4.28 113.31868131868133 -53.362637362637365 35.252747252747255 -145.93406593406596
4.3 112.96703296703298 -53.362637362637365 35.252747252747255 -144.35164835164835
4.32 112.61538461538463 -53.362637362637365 35.34065934065934 -143.03296703296704
4.34 112.26373626373628 -53.362637362637365 35.34065934065934 -141.8021978021978
4.36 111.73626373626375 -53.53846153846154 35.51648351648352 -140.83516483516485
4.38 111.03296703296704 -53.714285714285715 35.69230769230769 -140.21978021978023
4.4 110.24175824175825 -54.06593406593407 35.956043956043956 -139.95604395604397
4.42 109.53846153846155 -54.329670329670336 36.307692307692314 -139.95604395604397
4.44 108.4835164835165 -54.769230769230774 36.74725274725275 -140.21978021978023
4.46 107.34065934065934 -55.2967032967033 37.27472527472528 -140.65934065934067
4.48 106.28571428571429 -55.91208791208792 37.97802197802198 -141.36263736263737
4.5 105.14285714285715 -56.61538461538462 38.681318681318686 -141.97802197802199
4.52 104.0879120879121 -57.31868131868132 39.120879120879124 -142.6813186813187
4.54 103.03296703296704 -58.02197802197803 39.472527472527474 -143.2087912087912
4.56 102.24175824175825 -58.81318681318682 39.38461538461539 -143.56043956043956
4.58 101.45054945054946 -59.51648351648352 39.2967032967033 -143.9120879120879
4.6 101.09890109890111 -60.13186813186814 38.5934065934066 -144.0879120879121
4.62 101.09890109890111 -60.659340659340664 37.62637362637363 -144.26373626373626
4.64 101.53846153846155 -61.18681318681319 36.307692307692314 -144.26373626373626
4.66 102.06593406593407 -61.62637362637363 34.901098901098905 -144.43956043956044
4.68 102.94505494505495 -62.06593406593407 33.31868131868132 -144.43956043956044
4.7 104.00000000000001 -62.41758241758242 31.912087912087916 -144.52747252747253
4.72 105.31868131868133 -62.769230769230774 30.41758241758242 -144.6153846153846
4.74 106.72527472527473 -63.120879120879124 28.923076923076927 -144.7032967032967
4.76 108.30769230769232 -63.38461538461539 27.604395604395606 -144.7032967032967
4.78 109.8901098901099 -63.56043956043956 26.461538461538463 -144.7032967032967
4.8 111.56043956043958 -63.736263736263744 25.494505494505496 -144.7032967032967
4.82 113.14285714285715 -63.82417582417583 24.615384615384617 -144.7032967032967
4.84 114.81318681318682 -63.91208791208792 24.000000000000004 -144.7032967032967
4.86 116.30769230769232 -64.0 23.560439560439562 -144.7032967032967
4.88 117.8901098901099 -64.26373626373626 23.472527472527474 -144.7032967032967
4.9 119.3846153846154 -64.43956043956044 23.472527472527474 -144.7032967032967
4.92 120.61538461538463 -64.70329670329672 23.824175824175825 -144.7032967032967
4.94 121.75824175824177 -64.96703296703298 24.263736263736266 -144.7032967032967
4.96 122.9010989010989 -65.23076923076924 25.142857142857146 -144.7032967032967
4.98 123.7802197802198 -65.31868131868133 26.109890109890113 -144.7032967032967
5.0 124.57142857142858 -65.58241758241759 27.42857142857143 -144.7912087912088
5.02 125.09890109890111 -65.75824175824177 28.65934065934066 -144.7912087912088
5.04 125.53846153846155 -65.93406593406594 30.241758241758244 -144.7912087912088
5.06 125.8901098901099 -66.1978021978022 31.64835164835165 -144.7912087912088
5.08 125.97802197802199 -66.46153846153847 33.23076923076923 -144.7032967032967
5.1 126.06593406593407 -66.63736263736264 34.63736263736264 -144.7912087912088
5.12 126.06593406593407 -66.9010989010989 36.043956043956044 -144.7032967032967
5.14 125.97802197802199 -67.25274725274726 37.18681318681319 -144.7032967032967
5.16 125.80219780219781 -67.6923076923077 38.15384615384615 -144.6153846153846
5.18 125.62637362637363 -68.21978021978022 38.769230769230774 -144.52747252747253
5.2 125.27472527472528 -68.83516483516485 39.032967032967036 -144.26373626373626
5.22 124.92307692307693 -69.53846153846155 39.120879120879124 -144.0879120879121
5.24 124.39560439560441 -70.5934065934066 38.85714285714286 -143.56043956043956
5.26 123.86813186813188 -71.56043956043956 38.41758241758242 -143.2087912087912
5.28 123.16483516483517 -72.70329670329672 37.89010989010989 -142.5934065934066
5.3 122.54945054945055 -73.75824175824177 37.362637362637365 -142.06593406593407
5.32 121.84615384615385 -74.72527472527473 36.83516483516484 -141.71428571428572
5.34 121.14285714285715 -75.6923076923077 36.3956043956044 -141.45054945054946
5.36 120.52747252747254 -76.39560439560441 36.043956043956044 -141.62637362637363
5.38 119.91208791208793 -76.92307692307693 35.86813186813187 -141.8021978021978
5.4 119.2967032967033 -77.09890109890111 35.69230769230769 -142.5934065934066
5.42 118.76923076923077 -77.01098901098902 35.604395604395606 -143.47252747252747
5.44 118.24175824175825 -76.65934065934067 35.42857142857143 -144.7912087912088
5.46 117.80219780219781 -76.13186813186813 35.34065934065934 -146.02197802197804
5.48 117.45054945054946 -75.25274725274726 35.252747252747255 -147.42857142857144
5.5 117.09890109890111 -74.1978021978022 35.252747252747255 -148.83516483516485
5.52 116.83516483516485 -72.96703296703298 35.252747252747255 -150.41758241758242
5.54 116.57142857142858 -71.64835164835165 35.252747252747255 -151.73626373626374
5.56 116.39560439560441 -70.06593406593407 35.16483516483517 -152.967032967033
5.58 116.21978021978023 -68.48351648351648 35.252747252747255 -154.10989010989013
5.6 116.04395604395606 -66.81318681318682 35.252747252747255 -154.989010989011
5.62 115.86813186813188 -65.31868131868133 35.16483516483517 -155.6923076923077
5.64 115.69230769230771 -63.64835164835166 35.16483516483517 -156.13186813186815
5.66 115.60439560439562 -62.15384615384616 35.16483516483517 -156.3956043956044
5.68 115.34065934065934 -60.659340659340664 35.16483516483517 -156.3956043956044
5.7 115.16483516483517 -59.34065934065934 35.252747252747255 -156.3956043956044
5.72 114.98901098901099 -58.02197802197803 35.16483516483517 -156.04395604395606
5.74 114.81318681318682 -56.96703296703297 35.16483516483517 -155.42857142857144
5.76 114.63736263736264 -56.00000000000001 35.16483516483517 -154.3736263736264
5.78 114.46153846153847 -55.120879120879124 35.16483516483517 -153.23076923076925
5.8 114.28571428571429 -54.5934065934066 35.16483516483517 -151.82417582417582
5.82 114.02197802197803 -53.978021978021985 35.16483516483517 -150.41758241758242
5.84 113.75824175824177 -53.62637362637363 35.16483516483517 -148.92307692307693
5.86 113.58241758241759 -53.27472527472528 35.16483516483517 -147.34065934065936
5.88 113.23076923076924 -53.27472527472528 35.252747252747255 -145.6703296703297
5.9 112.96703296703298 -53.27472527472528 35.252747252747255 -144.17582417582418
5.92 112.61538461538463 -53.27472527472528 35.34065934065934 -142.85714285714286
5.94 112.17582417582419 -53.27472527472528 35.42857142857143 -141.71428571428572
5.96 111.64835164835166 -53.362637362637365 35.604395604395606 -140.74725274725276
5.98 111.03296703296704 -53.62637362637363 35.604395604395606 -140.13186813186815
6.0 110.24175824175825 -53.978021978021985 35.956043956043956 -139.86813186813188
6.02 109.53846153846155 -54.329670329670336 36.219780219780226 -139.86813186813188
6.04 108.4835164835165 -54.769230769230774 36.83516483516484 -140.21978021978023
6.06 107.42857142857143 -55.2967032967033 37.362637362637365 -140.74725274725276
6.08 106.37362637362638 -56.00000000000001 38.065934065934066 -141.36263736263737
6.1 105.14285714285715 -56.61538461538462 38.681318681318686 -141.97802197802199
6.12 104.0879120879121 -57.40659340659341 39.120879120879124 -142.6813186813187
6.14 103.03296703296704 -58.10989010989012 39.472527472527474 -143.2087912087912
6.16 102.24175824175825 -58.81318681318682 39.38461538461539 -143.56043956043956
6.18 101.36263736263737 -59.51648351648352 39.20879120879121 -143.82417582417582
6.2 101.1868131868132 -60.13186813186814 38.50549450549451 -144.0879120879121
6.22 101.1868131868132 -60.74725274725275 37.53846153846154 -144.26373626373626
6.24 101.62637362637363 -61.27472527472528 36.219780219780226 -144.26373626373626
6.26 102.24175824175825 -61.62637362637363 34.81318681318682 -144.35164835164835
6.28 103.2967032967033 -62.06593406593407 33.23076923076923 -144.43956043956044
6.3 104.26373626373628 -62.41758241758242 31.736263736263737 -144.52747252747253
6.32 105.67032967032968 -62.85714285714286 30.153846153846157 -144.6153846153846
6.34 107.16483516483517 -63.120879120879124 28.747252747252748 -144.7032967032967
6.36 108.83516483516485 -63.38461538461539 27.42857142857143 -144.7032967032967
6.38 110.32967032967034 -63.64835164835166 26.28571428571429 -144.7032967032967
6.4 112.0879120879121 -63.82417582417583 25.230769230769234 -144.7032967032967
6.42 113.75824175824177 -63.82417582417583 24.43956043956044 -144.7032967032967
6.44 115.42857142857143 -64.0 23.824175824175825 -144.7032967032967
6.46 117.09890109890111 -64.08791208791209 23.472527472527474 -144.7032967032967
6.48 118.68131868131869 -64.35164835164835 23.472527472527474 -144.7032967032967
6.5 120.17582417582419 -64.52747252747253 23.472527472527474 -144.7032967032967
6.52 121.40659340659342 -64.7912087912088 23.912087912087912 -144.7032967032967
6.54 122.63736263736264 -65.14285714285715 24.43956043956044 -144.7032967032967
6.56 123.7802197802198 -65.31868131868133 25.582417582417584 -144.7912087912088
6.58 124.74725274725276 -65.4945054945055 26.54945054945055 -144.7912087912088
6.6 125.53846153846155 -65.75824175824177 28.043956043956047 -144.7912087912088
6.62 126.06593406593407 -65.93406593406594 29.362637362637365 -144.7912087912088
6.64 126.41758241758242 -66.10989010989012 31.032967032967036 -144.7912087912088
6.66 126.76923076923077 -66.37362637362638 32.52747252747253 -144.7912087912088
6.68 126.85714285714286 -66.54945054945055 34.1978021978022 -144.7032967032967
6.7 126.94505494505495 -66.81318681318682 35.69230769230769 -144.7912087912088
6.72 126.85714285714286 -67.16483516483517 37.18681318681319 -144.7032967032967
6.74 126.76923076923077 -67.51648351648352 38.329670329670336 -144.6153846153846
6.76 126.5934065934066 -67.95604395604396 39.2967032967033 -144.43956043956044
6.78 126.32967032967034 -68.57142857142858 39.91208791208791 -144.43956043956044
6.8 125.97802197802199 -69.27472527472528 40.17582417582418 -144.17582417582418
6.82 125.53846153846155 -70.15384615384616 40.17582417582418 -143.73626373626374
6.84 125.01098901098902 -71.20879120879121 39.73626373626374 -143.2967032967033
6.86 124.4835164835165 -72.26373626373626 39.20879120879121 -142.76923076923077
6.88 123.86813186813188 -73.4945054945055 38.50549450549451 -142.06593406593407
6.9 123.16483516483517 -74.72527472527473 37.8021978021978 -141.36263736263737
6.92 122.37362637362638 -75.95604395604396 37.18681318681319 -140.83516483516485
6.94 121.67032967032968 -76.92307692307693 36.659340659340664 -140.57142857142858
6.96 120.96703296703298 -77.71428571428572 36.219780219780226 -140.57142857142858
6.98 120.35164835164836 -78.32967032967034 35.956043956043956 -140.74725274725276
7.0 119.64835164835166 -78.5934065934066 35.69230769230769 -141.45054945054946
7.02 119.12087912087912 -78.5934065934066 35.604395604395606 -142.41758241758242
7.04 118.50549450549451 -78.24175824175825 35.42857142857143 -143.64835164835165
7.06 118.06593406593407 -77.71428571428572 35.42857142857143 -145.05494505494508
7.08 117.62637362637363 -76.74725274725276 35.34065934065934 -146.54945054945057
7.1 117.36263736263737 -75.86813186813187 35.252747252747255 -148.04395604395606
7.12 117.09890109890111 -74.46153846153847 35.252747252747255 -149.62637362637363
7.14 116.74725274725276 -73.14285714285715 35.252747252747255 -151.03296703296704
7.16 116.4835164835165 -71.56043956043956 35.252747252747255 -152.43956043956044
7.18 116.30769230769232 -69.8901098901099 35.252747252747255 -153.6703296703297
7.2 116.13186813186815 -68.13186813186813 35.252747252747255 -154.63736263736266
7.22 115.95604395604397 -66.46153846153847 35.252747252747255 -155.42857142857144
7.24 115.7802197802198 -64.70329670329672 35.16483516483517 -155.95604395604397
7.26 115.60439560439562 -63.120879120879124 35.252747252747255 -156.30769230769232
7.28 115.42857142857143 -61.53846153846154 35.16483516483517 -156.30769230769232
7.3 115.25274725274726 -60.13186813186814 35.16483516483517 -156.30769230769232
7.32 115.07692307692308 -58.81318681318682 35.16483516483517 -156.04395604395606
7.34 114.9010989010989 -57.582417582417584 35.16483516483517 -155.51648351648353
7.36 114.72527472527473 -56.52747252747253 35.16483516483517 -154.63736263736266
7.38 114.54945054945055 -55.64835164835165 35.16483516483517 -153.49450549450552
7.4 114.28571428571429 -54.85714285714286 35.16483516483517 -152.0879120879121
7.42 114.10989010989012 -54.329670329670336 35.16483516483517 -150.6813186813187
7.44 113.84615384615385 -53.8901098901099 35.16483516483517 -149.0989010989011
7.46 113.58241758241759 -53.62637362637363 35.16483516483517 -147.60439560439562
7.48 113.23076923076924 -53.362637362637365 35.252747252747255 -145.84615384615387
7.5 112.96703296703298 -53.362637362637365 35.252747252747255 -144.35164835164835
7.52 112.52747252747254 -53.362637362637365 35.34065934065934 -142.94505494505495
7.54 112.26373626373628 -53.362637362637365 35.42857142857143 -141.8021978021978
7.56 111.64835164835166 -53.53846153846154 35.51648351648352 -140.83516483516485
7.58 111.12087912087912 -53.714285714285715 35.69230769230769 -140.21978021978023
7.6 110.24175824175825 -53.978021978021985 35.956043956043956 -139.95604395604397
7.62 109.53846153846155 -54.329670329670336 36.307692307692314 -139.95604395604397
7.64 108.4835164835165 -54.769230769230774 36.74725274725275 -140.21978021978023
7.66 107.34065934065934 -55.2967032967033 37.362637362637365 -140.65934065934067
7.68 106.28571428571429 -56.00000000000001 37.97802197802198 -141.36263736263737
7.7 105.14285714285715 -56.61538461538462 38.681318681318686 -141.97802197802199
7.72 104.0879120879121 -57.40659340659341 39.120879120879124 -142.6813186813187
7.74 103.03296703296704 -58.10989010989012 39.472527472527474 -143.2087912087912
7.76 102.24175824175825 -58.81318681318682 39.38461538461539 -143.56043956043956
7.78 101.45054945054946 -59.51648351648352 39.20879120879121 -143.9120879120879
7.8 101.09890109890111 -60.13186813186814 38.50549450549451 -144.0879120879121
7.82 101.09890109890111 -60.74725274725275 37.62637362637363 -144.17582417582418
7.84 101.62637362637363 -61.18681318681319 36.219780219780226 -144.35164835164835
7.86 102.24175824175825 -61.62637362637363 34.81318681318682 -144.35164835164835
7.88 103.20879120879121 -62.06593406593407 33.142857142857146 -144.43956043956044
7.9 104.26373626373628 -62.41758241758242 31.736263736263737 -144.52747252747253
7.92 105.75824175824177 -62.769230769230774 30.153846153846157 -144.6153846153846
7.94 107.16483516483517 -63.120879120879124 28.747252747252748 -144.6153846153846
7.96 108.83516483516485 -63.38461538461539 27.42857142857143 -144.7032967032967
7.98 110.32967032967034 -63.56043956043956 26.1978021978022 -144.7032967032967
8.0 112.0879120879121 -63.82417582417583 25.230769230769234 -144.7032967032967
8.02 113.75824175824177 -63.82417582417583 24.43956043956044 -144.7032967032967
8.04 115.51648351648353 -63.91208791208792 23.824175824175825 -144.7032967032967
8.06 117.01098901098902 -64.08791208791209 23.472527472527474 -144.7032967032967
8.08 118.68131868131869 -64.26373626373626 23.384615384615387 -144.7032967032967
8.1 120.26373626373628 -64.52747252747253 23.472527472527474 -144.7032967032967
8.12 121.4945054945055 -64.87912087912089 23.912087912087912 -144.7032967032967
8.14 122.63736263736264 -65.14285714285715 24.43956043956044 -144.7032967032967
8.16 123.7802197802198 -65.31868131868133 25.582417582417584 -144.7032967032967
8.18 124.74725274725276 -65.4945054945055 26.63736263736264 -144.7912087912088
8.2 125.53846153846155 -65.75824175824177 28.043956043956047 -144.7912087912088
8.22 126.06593406593407 -65.93406593406594 29.362637362637365 -144.7912087912088
8.24 126.41758241758242 -66.10989010989012 30.94505494505495 -144.7912087912088
8.26 126.76923076923077 -66.28571428571429 32.52747252747253 -144.7912087912088
8.28 126.85714285714286 -66.63736263736264 34.1978021978022 -144.7912087912088
8.3 126.94505494505495 -66.9010989010989 35.69230769230769 -144.7912087912088
8.32 126.85714285714286 -67.16483516483517 37.18681318681319 -144.7032967032967
8.34 126.76923076923077 -67.51648351648352 38.329670329670336 -144.6153846153846
8.36 126.5934065934066 -68.04395604395604 39.2967032967033 -144.52747252747253
8.38 126.32967032967034 -68.57142857142858 39.91208791208791 -144.35164835164835
8.4 125.97802197802199 -69.36263736263737 40.08791208791209 -144.0879120879121
8.42 125.53846153846155 -70.06593406593407 40.17582417582418 -143.73626373626374
8.44 125.09890109890111 -71.20879120879121 39.73626373626374 -143.2967032967033
8.46 124.4835164835165 -72.26373626373626 39.20879120879121 -142.76923076923077
8.48 123.86813186813188 -73.4945054945055 38.50549450549451 -142.06593406593407
8.5 123.16483516483517 -74.72527472527473 37.8021978021978 -141.36263736263737
8.52 122.46153846153847 -75.86813186813187 37.18681318681319 -140.92307692307693
8.54 121.67032967032968 -77.01098901098902 36.659340659340664 -140.57142857142858
8.56 120.96703296703298 -77.71428571428572 36.307692307692314 -140.57142857142858
8.58 120.35164835164836 -78.41758241758242 35.956043956043956 -140.65934065934067
8.6 119.73626373626375 -78.5934065934066 35.78021978021978 -141.45054945054946
8.62 119.12087912087912 -78.68131868131869 35.604395604395606 -142.32967032967034
8.64 118.5934065934066 -78.32967032967034 35.42857142857143 -143.56043956043956
8.66 118.06593406593407 -77.8901098901099 35.42857142857143 -144.7912087912088
8.68 117.71428571428572 -77.01098901098902 35.252747252747255 -146.3736263736264
8.7 117.36263736263737 -76.13186813186813 35.252747252747255 -147.95604395604397
8.72 117.09890109890111 -74.81318681318682 35.252747252747255 -149.45054945054946
8.74 116.74725274725276 -73.4945054945055 35.252747252747255 -150.85714285714286
8.76 116.4835164835165 -72.0 35.252747252747255 -152.35164835164835
8.78 116.30769230769232 -70.41758241758242 35.252747252747255 -153.49450549450552
8.8 116.13186813186815 -68.74725274725276 35.16483516483517 -154.46153846153848
8.82 115.86813186813188 -67.07692307692308 35.252747252747255 -155.34065934065936
8.84 115.69230769230771 -65.4945054945055 35.16483516483517 -155.95604395604397
8.86 115.69230769230771 -64.0 35.252747252747255 -156.30769230769232
8.88 115.42857142857143 -62.41758241758242 35.252747252747255 -156.30769230769232
8.9 115.25274725274726 -61.010989010989015 35.16483516483517 -156.30769230769232
8.92 115.07692307692308 -59.6923076923077 35.16483516483517 -156.04395604395606
8.94 114.98901098901099 -58.46153846153847 35.16483516483517 -155.6923076923077
8.96 114.72527472527473 -57.494505494505496 35.16483516483517 -154.81318681318683
8.98 114.63736263736264 -56.52747252747253 35.16483516483517 -153.93406593406596
9.0 114.37362637362638 -55.82417582417583 35.16483516483517 -152.6153846153846
9.02 114.28571428571429 -55.20879120879121 35.16483516483517 -151.3846153846154
9.04 113.93406593406594 -54.769230769230774 35.16483516483517 -149.8021978021978
9.06 113.75824175824177 -54.50549450549451 35.16483516483517 -148.3956043956044
9.08 113.40659340659342 -54.24175824175825 35.252747252747255 -146.81318681318683
9.1 113.14285714285715 -54.15384615384616 35.252747252747255 -145.40659340659343
9.12 112.87912087912089 -54.15384615384616 35.252747252747255 -144.0
9.14 112.43956043956045 -54.15384615384616 35.34065934065934 -142.94505494505495
9.16 112.00000000000001 -54.329670329670336 35.42857142857143 -141.97802197802199
9.18 111.47252747252747 -54.41758241758242 35.51648351648352 -141.27472527472528
9.2 110.76923076923077 -54.681318681318686 35.78021978021978 -141.01098901098902
9.22 109.97802197802199 -55.032967032967036 36.043956043956044 -141.01098901098902
9.24 109.09890109890111 -55.472527472527474 36.3956043956044 -141.1868131868132
9.26 108.21978021978023 -55.91208791208792 36.92307692307693 -141.45054945054946
9.28 107.16483516483517 -56.61538461538462 37.53846153846154 -141.97802197802199
9.3 106.02197802197803 -57.23076923076923 38.065934065934066 -142.5934065934066
9.32 105.14285714285715 -57.93406593406594 38.41758241758242 -143.12087912087912
9.34 104.17582417582419 -58.549450549450555 38.5934065934066 -143.47252747252747
9.36 103.56043956043956 -59.252747252747255 38.41758241758242 -143.73626373626374
9.38 102.94505494505495 -59.95604395604396 38.24175824175825 -143.9120879120879
9.4 102.76923076923077 -60.48351648351649 37.53846153846154 -144.17582417582418
9.42 102.76923076923077 -61.010989010989015 36.57142857142858 -144.26373626373626
9.44 103.2967032967033 -61.53846153846154 35.16483516483517 -144.35164835164835
9.46 103.91208791208793 -61.8901098901099 33.84615384615385 -144.43956043956044
9.48 104.7912087912088 -62.329670329670336 32.35164835164836 -144.52747252747253
9.5 105.84615384615385 -62.681318681318686 30.94505494505495 -144.52747252747253
9.52 107.25274725274726 -63.032967032967036 29.450549450549453 -144.7032967032967
9.54 108.65934065934067 -63.2967032967033 28.219780219780223 -144.7032967032967
9.56 110.24175824175825 -63.56043956043956 26.9010989010989 -144.7032967032967
9.58 111.73626373626375 -63.736263736263744 25.846153846153847 -144.7032967032967
9.6 113.40659340659342 -63.91208791208792 24.87912087912088 -144.7032967032967
9.62 114.98901098901099 -63.91208791208792 24.17582417582418 -144.7032967032967
9.64 116.65934065934067 -64.08791208791209 23.736263736263737 -144.7032967032967
9.66 118.15384615384616 -64.17582417582418 23.472527472527474 -144.7032967032967
9.68 119.73626373626375 -64.43956043956044 23.472527472527474 -144.7032967032967
9.7 121.05494505494507 -64.61538461538463 23.472527472527474 -144.7032967032967
9.72 122.28571428571429 -64.87912087912089 24.000000000000004 -144.7032967032967
9.74 123.42857142857144 -65.05494505494507 24.615384615384617 -144.7032967032967
9.76 124.4835164835165 -65.31868131868133 25.75824175824176 -144.7032967032967
9.78 125.27472527472528 -65.4945054945055 26.725274725274726 -144.7032967032967
9.8 125.8901098901099 -65.67032967032968 28.219780219780223 -144.7912087912088
9.82 126.32967032967034 -65.93406593406594 29.53846153846154 -144.7912087912088
9.84 126.76923076923077 -66.10989010989012 31.20879120879121 -144.7912087912088
9.86 126.94505494505495 -66.28571428571429 32.61538461538462 -144.7032967032967
9.88 127.03296703296704 -66.54945054945055 34.28571428571429 -144.7032967032967
9.9 127.12087912087912 -66.81318681318682 35.86813186813187 -144.7032967032967
9.92 126.94505494505495 -67.16483516483517 37.27472527472528 -144.7032967032967
9.94 126.85714285714286 -67.51648351648352 38.41758241758242 -144.6153846153846
9.96 126.68131868131869 -68.04395604395604 39.38461538461539 -144.43956043956044
9.98 126.32967032967034 -68.57142857142858 40.0 -144.35164835164835
10.0 126.06593406593407 -69.27472527472528 40.17582417582418 -144.0879120879121
10.02 125.62637362637363 -70.15384615384616 40.17582417582418 -143.73626373626374
10.04 125.01098901098902 -71.20879120879121 39.73626373626374 -143.2967032967033
10.06 124.4835164835165 -72.26373626373626 39.20879120879121 -142.76923076923077
10.08 123.86813186813188 -73.4945054945055 38.41758241758242 -142.06593406593407
10.1 123.16483516483517 -74.72527472527473 37.8021978021978 -141.27472527472528
10.12 122.37362637362638 -75.86813186813187 37.18681318681319 -140.92307692307693
10.14 121.67032967032968 -76.92307692307693 36.659340659340664 -140.57142857142858
10.16 120.96703296703298 -77.71428571428572 36.307692307692314 -140.57142857142858
10.18 120.35164835164836 -78.32967032967034 36.043956043956044 -140.74725274725276
10.2 119.73626373626375 -78.5934065934066 35.78021978021978 -141.45054945054946
10.22 119.12087912087912 -78.5934065934066 35.604395604395606 -142.32967032967034
10.24 118.5934065934066 -78.32967032967034 35.51648351648352 -143.56043956043956
10.26 118.15384615384616 -77.8901098901099 35.42857142857143 -144.7912087912088
10.28 117.71428571428572 -77.01098901098902 35.34065934065934 -146.46153846153848
10.3 117.36263736263737 -76.04395604395604 35.34065934065934 -147.95604395604397
10.32 117.09890109890111 -74.81318681318682 35.252747252747255 -149.53846153846155
10.34 116.83516483516485 -73.4945054945055 35.252747252747255 -150.94505494505495
10.36 116.4835164835165 -72.0 35.252747252747255 -152.35164835164835
10.38 116.30769230769232 -70.50549450549451 35.252747252747255 -153.49450549450552
10.4 116.04395604395606 -68.74725274725276 35.16483516483517 -154.46153846153848
10.42 115.95604395604397 -67.16483516483517 35.16483516483517 -155.34065934065936
10.44 115.7802197802198 -65.40659340659342 35.16483516483517 -155.86813186813188
10.46 115.60439560439562 -64.0 35.16483516483517 -156.30769230769232
10.48 115.42857142857143 -62.329670329670336 35.16483516483517 -156.30769230769232
10.5 115.25274725274726 -61.010989010989015 35.252747252747255 -156.3956043956044
10.52 115.07692307692308 -59.604395604395606 35.16483516483517 -156.04395604395606
10.54 114.98901098901099 -58.46153846153847 35.16483516483517 -155.6923076923077
10.56 114.72527472527473 -57.31868131868132 35.16483516483517 -154.81318681318683
10.58 114.63736263736264 -56.52747252747253 35.16483516483517 -153.93406593406596
10.6 114.37362637362638 -55.82417582417583 35.16483516483517 -152.6153846153846
10.62 114.28571428571429 -55.20879120879121 35.16483516483517 -151.3846153846154
10.64 113.93406593406594 -54.769230769230774 35.16483516483517 -149.8021978021978
10.66 113.75824175824177 -54.50549450549451 35.16483516483517 -148.3956043956044
10.68 113.4945054945055 -54.24175824175825 35.16483516483517 -146.90109890109892
10.7 113.14285714285715 -54.15384615384616 35.252747252747255 -145.40659340659343
10.72 112.7912087912088 -54.15384615384616 35.34065934065934 -144.0
10.74 112.43956043956045 -54.15384615384616 35.34065934065934 -142.94505494505495
10.76 112.00000000000001 -54.329670329670336 35.42857142857143 -141.97802197802199
10.78 111.47252747252747 -54.41758241758242 35.51648351648352 -141.36263736263737
10.8 110.76923076923077 -54.681318681318686 35.78021978021978 -141.01098901098902
10.82 109.97802197802199 -55.032967032967036 36.043956043956044 -140.92307692307693
10.84 109.09890109890111 -55.472527472527474 36.3956043956044 -141.1868131868132
10.86 108.21978021978023 -55.91208791208792 36.92307692307693 -141.45054945054946
10.88 107.07692307692308 -56.61538461538462 37.53846153846154 -141.97802197802199
10.9 106.10989010989012 -57.23076923076923 38.065934065934066 -142.5934065934066
10.92 105.05494505494507 -57.93406593406594 38.41758241758242 -143.12087912087912
10.94 104.17582417582419 -58.549450549450555 38.681318681318686 -143.47252747252747
10.96 103.64835164835165 -59.252747252747255 38.41758241758242 -143.73626373626374
10.98 102.94505494505495 -59.95604395604396 38.24175824175825 -144.0
11.0 102.68131868131869 -60.48351648351649 37.45054945054945 -144.17582417582418
11.02 102.76923076923077 -61.010989010989015 36.57142857142858 -144.26373626373626
11.04 103.20879120879121 -61.53846153846154 35.252747252747255 -144.35164835164835
11.06 103.73626373626375 -61.8901098901099 33.934065934065934 -144.43956043956044
11.08 104.61538461538463 -62.329670329670336 32.439560439560445 -144.52747252747253
11.1 105.58241758241759 -62.681318681318686 31.120879120879124 -144.52747252747253
11.12 106.98901098901099 -62.94505494505495 29.626373626373628 -144.6153846153846
11.14 108.30769230769232 -63.20879120879121 28.30769230769231 -144.7032967032967
11.16 109.71428571428572 -63.472527472527474 27.07692307692308 -144.7032967032967
11.18 111.20879120879121 -63.64835164835166 26.021978021978025 -144.6153846153846
11.2 112.87912087912089 -63.82417582417583 25.05494505494506 -144.7032967032967
11.22 114.37362637362638 -64.0 24.263736263736266 -144.7032967032967
11.24 115.95604395604397 -64.17582417582418 23.824175824175825 -144.7032967032967
11.26 117.45054945054946 -64.26373626373626 23.472527472527474 -144.7032967032967
11.28 118.94505494505495 -64.43956043956044 23.472527472527474 -144.7032967032967
11.3 120.26373626373628 -64.61538461538463 23.472527472527474 -144.7032967032967
11.32 121.40659340659342 -64.7912087912088 23.824175824175825 -144.7032967032967
11.34 122.46153846153847 -64.96703296703298 24.351648351648354 -144.7032967032967
11.36 123.51648351648353 -65.23076923076924 25.230769230769234 -144.7032967032967
11.38 124.30769230769232 -65.31868131868133 26.28571428571429 -144.7032967032967
11.4 124.92307692307693 -65.58241758241759 27.604395604395606 -144.7032967032967
11.42 125.45054945054946 -65.75824175824177 28.835164835164836 -144.7032967032967
11.44 125.80219780219781 -65.93406593406594 30.41758241758242 -144.7032967032967
11.46 126.06593406593407 -66.1978021978022 31.82417582417583 -144.7032967032967
11.48 126.24175824175825 -66.37362637362638 33.31868131868132 -144.7032967032967
11.5 126.24175824175825 -66.63736263736264 34.72527472527473 -144.7032967032967
11.52 126.24175824175825 -66.9010989010989 36.13186813186813 -144.7032967032967
11.54 126.15384615384616 -67.25274725274726 37.27472527472528 -144.7032967032967
11.56 125.97802197802199 -67.6923076923077 38.15384615384615 -144.6153846153846
11.58 125.62637362637363 -68.21978021978022 38.85714285714286 -144.43956043956044
11.6 125.36263736263737 -68.92307692307693 39.032967032967036 -144.26373626373626
11.62 124.92307692307693 -69.62637362637363 39.120879120879124 -144.0879120879121
11.64 124.4835164835165 -70.5934065934066 38.85714285714286 -143.56043956043956
11.66 123.86813186813188 -71.56043956043956 38.41758241758242 -143.2087912087912
11.68 123.25274725274726 -72.70329670329672 37.89010989010989 -142.5934065934066
11.7 122.54945054945055 -73.75824175824177 37.362637362637365 -142.06593406593407
11.72 121.84615384615385 -74.72527472527473 36.83516483516484 -141.71428571428572
11.74 121.14285714285715 -75.6923076923077 36.3956043956044 -141.53846153846155
11.76 120.52747252747254 -76.3076923076923 36.043956043956044 -141.62637362637363
11.78 119.91208791208793 -76.92307692307693 35.86813186813187 -141.8021978021978
11.8 119.2967032967033 -77.09890109890111 35.69230769230769 -142.5934065934066
11.82 118.76923076923077 -77.01098901098902 35.604395604395606 -143.47252747252747
11.84 118.24175824175825 -76.65934065934067 35.42857142857143 -144.7032967032967
11.86 117.80219780219781 -76.13186813186813 35.34065934065934 -146.02197802197804
11.88 117.45054945054946 -75.25274725274726 35.252747252747255 -147.51648351648353
11.9 117.09890109890111 -74.1978021978022 35.252747252747255 -148.92307692307693
11.92 116.83516483516485 -72.96703296703298 35.16483516483517 -150.41758241758242
11.94 116.57142857142858 -71.64835164835165 35.16483516483517 -151.64835164835165
11.96 116.39560439560441 -69.97802197802199 35.16483516483517 -152.967032967033
11.98 116.21978021978023 -68.48351648351648 35.16483516483517 -154.10989010989013
12.0 116.04395604395606 -66.81318681318682 35.16483516483517 -154.989010989011
12.02 115.86813186813188 -65.31868131868133 35.16483516483517 -155.6923076923077
12.04 115.69230769230771 -63.64835164835166 35.16483516483517 -156.13186813186815
12.06 115.51648351648353 -62.15384615384616 35.16483516483517 -156.30769230769232
12.08 115.34065934065934 -60.659340659340664 35.16483516483517 -156.3956043956044
12.1 115.16483516483517 -59.34065934065934 35.16483516483517 -156.3956043956044
12.12 114.98901098901099 -58.02197802197803 35.252747252747255 -155.95604395604397
12.14 114.81318681318682 -56.96703296703297 35.16483516483517 -155.34065934065936
12.16 114.63736263736264 -55.91208791208792 35.16483516483517 -154.3736263736264
12.18 114.46153846153847 -55.20879120879121 35.16483516483517 -153.23076923076925
12.2 114.28571428571429 -54.50549450549451 35.16483516483517 -151.82417582417582
12.22 114.02197802197803 -54.06593406593407 35.16483516483517 -150.41758241758242
12.24 113.75824175824177 -53.62637362637363 35.16483516483517 -148.83516483516485
12.26 113.58241758241759 -53.362637362637365 35.16483516483517 -147.34065934065936
12.28 113.23076923076924 -53.18681318681319 35.16483516483517 -145.6703296703297
12.3 112.96703296703298 -53.18681318681319 35.252747252747255 -144.17582417582418
12.32 112.52747252747254 -53.27472527472528 35.34065934065934 -142.76923076923077
12.34 112.17582417582419 -53.27472527472528 35.34065934065934 -141.62637362637363
12.36 111.64835164835166 -53.362637362637365 35.51648351648352 -140.74725274725276
12.38 111.12087912087912 -53.62637362637363 35.69230769230769 -140.04395604395606
12.4 110.24175824175825 -53.978021978021985 35.956043956043956 -139.86813186813188
12.42 109.53846153846155 -54.329670329670336 36.307692307692314 -139.95604395604397
12.44 108.4835164835165 -54.769230769230774 36.74725274725275 -140.21978021978023
12.46 107.42857142857143 -55.2967032967033 37.362637362637365 -140.65934065934067
12.48 106.37362637362638 -55.91208791208792 37.97802197802198 -141.36263736263737
12.5 105.14285714285715 -56.61538461538462 38.5934065934066 -141.97802197802199
12.52 104.0879120879121 -57.31868131868132 39.120879120879124 -142.6813186813187
12.54 103.03296703296704 -58.10989010989012 39.472527472527474 -143.2087912087912
12.56 102.15384615384616 -58.81318681318682 39.38461538461539 -143.56043956043956
12.58 101.36263736263737 -59.51648351648352 39.2967032967033 -143.82417582417582
12.6 101.09890109890111 -60.13186813186814 38.5934065934066 -144.0879120879121
12.62 101.09890109890111 -60.74725274725275 37.62637362637363 -144.17582417582418
12.64 101.45054945054946 -61.18681318681319 36.307692307692314 -144.35164835164835
12.66 101.97802197802199 -61.62637362637363 34.901098901098905 -144.35164835164835
12.68 102.94505494505495 -62.06593406593407 33.40659340659341 -144.43956043956044
12.7 104.00000000000001 -62.41758241758242 31.912087912087916 -144.52747252747253
12.72 105.31868131868133 -62.769230769230774 30.329670329670332 -144.6153846153846
12.74 106.72527472527473 -63.120879120879124 29.010989010989015 -144.7032967032967
12.76 108.30769230769232 -63.38461538461539 27.604395604395606 -144.6153846153846
12.78 109.8901098901099 -63.64835164835166 26.461538461538463 -144.7032967032967
12.8 111.56043956043958 -63.82417582417583 25.494505494505496 -144.7032967032967
12.82 113.14285714285715 -63.91208791208792 24.615384615384617 -144.7032967032967
12.84 114.81318681318682 -63.91208791208792 24.000000000000004 -144.7032967032967
12.86 116.30769230769232 -64.08791208791209 23.560439560439562 -144.7032967032967
12.88 117.8901098901099 -64.26373626373626 23.472527472527474 -144.7032967032967
12.9 119.3846153846154 -64.43956043956044 23.472527472527474 -144.7032967032967
12.92 120.61538461538463 -64.7912087912088 23.824175824175825 -144.7032967032967
12.94 121.75824175824177 -64.96703296703298 24.263736263736266 -144.7032967032967
12.96 122.9010989010989 -65.23076923076924 25.142857142857146 -144.7032967032967
12.98 123.7802197802198 -65.40659340659342 26.109890109890113 -144.7912087912088
13.0 124.57142857142858 -65.67032967032968 27.42857142857143 -144.7912087912088
13.02 125.09890109890111 -65.84615384615385 28.65934065934066 -144.7912087912088
13.04 125.53846153846155 -66.02197802197803 30.241758241758244 -144.7912087912088
13.06 125.80219780219781 -66.1978021978022 31.64835164835165 -144.7912087912088
13.08 125.97802197802199 -66.46153846153847 33.23076923076923 -144.7912087912088
13.1 126.06593406593407 -66.63736263736264 34.63736263736264 -144.7912087912088
13.12 126.06593406593407 -66.9010989010989 36.043956043956044 -144.7032967032967
13.14 125.97802197802199 -67.25274725274726 37.18681318681319 -144.7032967032967
13.16 125.80219780219781 -67.6923076923077 38.15384615384615 -144.6153846153846
13.18 125.62637362637363 -68.21978021978022 38.769230769230774 -144.43956043956044
13.2 125.27472527472528 -68.83516483516485 39.032967032967036 -144.26373626373626
13.22 124.92307692307693 -69.53846153846155 39.120879120879124 -144.0
13.24 124.39560439560441 -70.5934065934066 38.85714285714286 -143.56043956043956
13.26 123.86813186813188 -71.56043956043956 38.41758241758242 -143.2087912087912
13.28 123.34065934065936 -72.70329670329672 37.89010989010989 -142.5934065934066
13.3 122.63736263736264 -73.75824175824177 37.362637362637365 -142.06593406593407
13.32 121.84615384615385 -74.72527472527473 36.83516483516484 -141.71428571428572
13.34 121.14285714285715 -75.6923076923077 36.3956043956044 -141.45054945054946
13.36 120.52747252747254 -76.3076923076923 36.13186813186813 -141.62637362637363
13.38 119.91208791208793 -76.92307692307693 35.78021978021978 -141.8021978021978
13.4 119.2967032967033 -77.09890109890111 35.69230769230769 -142.5934065934066
13.42 118.76923076923077 -77.01098901098902 35.51648351648352 -143.47252747252747
13.44 118.24175824175825 -76.65934065934067 35.42857142857143 -144.7032967032967
13.46 117.80219780219781 -76.13186813186813 35.34065934065934 -146.02197802197804
13.48 117.45054945054946 -75.25274725274726 35.252747252747255 -147.51648351648353
13.5 117.09890109890111 -74.1978021978022 35.252747252747255 -148.83516483516485
13.52 116.83516483516485 -72.87912087912089 35.252747252747255 -150.32967032967034
13.54 116.65934065934067 -71.56043956043956 35.16483516483517 -151.64835164835165
13.56 116.39560439560441 -69.97802197802199 35.16483516483517 -152.967032967033
13.58 116.21978021978023 -68.48351648351648 35.16483516483517 -154.10989010989013
13.6 116.04395604395606 -66.81318681318682 35.252747252747255 -154.90109890109892
13.62 115.7802197802198 -65.31868131868133 35.252747252747255 -155.6923076923077
13.64 115.69230769230771 -63.64835164835166 35.16483516483517 -156.13186813186815
13.66 115.60439560439562 -62.15384615384616 35.252747252747255 -156.3956043956044
13.68 115.34065934065934 -60.659340659340664 35.16483516483517 -156.3956043956044
13.7 115.16483516483517 -59.34065934065934 35.16483516483517 -156.3956043956044
13.72 114.98901098901099 -58.02197802197803 35.16483516483517 -155.95604395604397
13.74 114.81318681318682 -56.96703296703297 35.16483516483517 -155.34065934065936
13.76 114.63736263736264 -55.91208791208792 35.16483516483517 -154.3736263736264
13.78 114.46153846153847 -55.20879120879121 35.16483516483517 -153.23076923076925
13.8 114.28571428571429 -54.50549450549451 35.16483516483517 -151.82417582417582
13.82 114.02197802197803 -54.06593406593407 35.16483516483517 -150.5054945054945
13.84 113.84615384615385 -53.62637362637363 35.16483516483517 -148.83516483516485
13.86 113.58241758241759 -53.27472527472528 35.16483516483517 -147.34065934065936
13.88 113.23076923076924 -53.27472527472528 35.252747252747255 -145.5824175824176
13.9 112.96703296703298 -53.27472527472528 35.252747252747255 -144.17582417582418
13.92 112.61538461538463 -53.27472527472528 35.34065934065934 -142.85714285714286
13.94 112.26373626373628 -53.27472527472528 35.42857142857143 -141.71428571428572
13.96 111.64835164835166 -53.362637362637365 35.604395604395606 -140.74725274725276
13.98 111.03296703296704 -53.62637362637363 35.69230769230769 -140.13186813186815
14.0 110.24175824175825 -53.978021978021985 35.956043956043956 -139.86813186813188
14.02 109.53846153846155 -54.24175824175825 36.307692307692314 -139.86813186813188
14.04 108.4835164835165 -54.769230769230774 36.74725274725275 -140.21978021978023
14.06 107.42857142857143 -55.2967032967033 37.362637362637365 -140.65934065934067
14.08 106.37362637362638 -56.00000000000001 37.97802197802198 -141.36263736263737
14.1 105.14285714285715 -56.61538461538462 38.5934065934066 -141.97802197802199
14.12 104.0879120879121 -57.40659340659341 39.120879120879124 -142.6813186813187
14.14 103.03296703296704 -58.10989010989012 39.472527472527474 -143.2087912087912
14.16 102.15384615384616 -58.901098901098905 39.38461538461539 -143.56043956043956
14.18 101.36263736263737 -59.51648351648352 39.2967032967033 -143.9120879120879
14.2 101.01098901098902 -60.13186813186814 38.5934065934066 -144.0879120879121
14.22 101.09890109890111 -60.74725274725275 37.62637362637363 -144.26373626373626
14.24 101.45054945054946 -61.18681318681319 36.307692307692314 -144.35164835164835
14.26 101.97802197802199 -61.62637362637363 34.901098901098905 -144.35164835164835
14.28 102.85714285714286 -62.06593406593407 33.31868131868132 -144.43956043956044
14.3 104.00000000000001 -62.50549450549451 31.912087912087916 -144.52747252747253
14.32 105.31868131868133 -62.85714285714286 30.41758241758242 -144.6153846153846
14.34 106.72527472527473 -63.120879120879124 29.010989010989015 -144.7032967032967
14.36 108.30769230769232 -63.38461538461539 27.604395604395606 -144.7032967032967
14.38 109.8901098901099 -63.56043956043956 26.461538461538463 -144.7032967032967
14.4 111.64835164835166 -63.82417582417583 25.40659340659341 -144.6153846153846
14.42 113.14285714285715 -63.82417582417583 24.615384615384617 -144.7032967032967
14.44 114.81318681318682 -64.0 24.000000000000004 -144.7032967032967
14.46 116.30769230769232 -64.08791208791209 23.64835164835165 -144.7032967032967
14.48 117.8901098901099 -64.26373626373626 23.560439560439562 -144.7032967032967
14.5 119.3846153846154 -64.43956043956044 23.472527472527474 -144.7032967032967
14.52 120.70329670329672 -64.7912087912088 23.824175824175825 -144.7032967032967
14.54 121.75824175824177 -65.05494505494507 24.263736263736266 -144.7032967032967
14.56 122.9010989010989 -65.23076923076924 25.142857142857146 -144.7032967032967
14.58 123.7802197802198 -65.40659340659342 26.109890109890113 -144.7912087912088
14.6 124.57142857142858 -65.58241758241759 27.340659340659343 -144.7032967032967
14.62 125.09890109890111 -65.75824175824177 28.65934065934066 -144.7912087912088
14.64 125.53846153846155 -66.02197802197803 30.241758241758244 -144.7032967032967
14.66 125.80219780219781 -66.1978021978022 31.64835164835165 -144.7032967032967
14.68 125.97802197802199 -66.46153846153847 33.23076923076923 -144.7032967032967
14.7 126.06593406593407 -66.72527472527473 34.63736263736264 -144.7032967032967
14.72 126.06593406593407 -66.98901098901099 35.956043956043956 -144.7032967032967
14.74 126.06593406593407 -67.25274725274726 37.18681318681319 -144.7032967032967
14.76 125.8901098901099 -67.6923076923077 38.15384615384615 -144.52747252747253
14.78 125.62637362637363 -68.21978021978022 38.769230769230774 -144.43956043956044
14.8 125.27472527472528 -68.83516483516485 39.032967032967036 -144.26373626373626
14.82 124.92307692307693 -69.53846153846155 39.120879120879124 -144.0879120879121
14.84 124.39560439560441 -70.5934065934066 38.85714285714286 -143.56043956043956
14.86 123.86813186813188 -71.56043956043956 38.41758241758242 -143.2087912087912
14.88 123.25274725274726 -72.70329670329672 37.89010989010989 -142.5934065934066
14.9 122.54945054945055 -73.75824175824177 37.362637362637365 -141.97802197802199
14.92 121.84615384615385 -74.72527472527473 36.92307692307693 -141.71428571428572
14.94 121.14285714285715 -75.6923076923077 36.3956043956044 -141.53846153846155
14.96 120.61538461538463 -76.39560439560441 36.043956043956044 -141.62637362637363
14.98 119.91208791208793 -76.92307692307693 35.86813186813187 -141.8021978021978
15.0 119.2967032967033 -77.09890109890111 35.69230769230769 -142.5934065934066
15.02 118.76923076923077 -77.01098901098902 35.604395604395606 -143.47252747252747
15.04 118.24175824175825 -76.65934065934067 35.42857142857143 -144.7032967032967
15.06 117.80219780219781 -76.13186813186813 35.34065934065934 -146.02197802197804
15.08 117.45054945054946 -75.25274725274726 35.252747252747255 -147.51648351648353
15.1 117.09890109890111 -74.1978021978022 35.252747252747255 -148.83516483516485
15.12 116.83516483516485 -72.96703296703298 35.252747252747255 -150.32967032967034
15.14 116.65934065934067 -71.64835164835165 35.16483516483517 -151.64835164835165
15.16 116.39560439560441 -69.97802197802199 35.16483516483517 -152.967032967033
15.18 116.21978021978023 -68.48351648351648 35.16483516483517 -154.10989010989013
15.2 115.95604395604397 -66.81318681318682 35.16483516483517 -154.989010989011
15.22 115.86813186813188 -65.31868131868133 35.16483516483517 -155.6923076923077
15.24 115.69230769230771 -63.64835164835166 35.16483516483517 -156.13186813186815
15.26 115.51648351648353 -62.15384615384616 35.16483516483517 -156.3956043956044
15.28 115.34065934065934 -60.659340659340664 35.16483516483517 -156.3956043956044
15.3 115.16483516483517 -59.34065934065934 35.16483516483517 -156.3956043956044
15.32 114.98901098901099 -58.02197802197803 35.16483516483517 -155.95604395604397
15.34 114.81318681318682 -56.96703296703297 35.16483516483517 -155.34065934065936
15.36 114.63736263736264 -56.00000000000001 35.16483516483517 -154.2857142857143
15.38 114.46153846153847 -55.20879120879121 35.16483516483517 -153.23076923076925
15.4 114.28571428571429 -54.50549450549451 35.16483516483517 -151.82417582417582
15.42 114.02197802197803 -54.06593406593407 35.16483516483517 -150.41758241758242
15.44 113.84615384615385 -53.62637362637363 35.16483516483517 -148.83516483516485
15.46 113.58241758241759 -53.362637362637365 35.16483516483517 -147.34065934065936
15.48 113.23076923076924 -53.27472527472528 35.252747252747255 -145.5824175824176
15.5 112.96703296703298 -53.27472527472528 35.252747252747255 -144.17582417582418
15.52 112.52747252747254 -53.27472527472528 35.34065934065934 -142.76923076923077
15.54 112.26373626373628 -53.27472527472528 35.34065934065934 -141.71428571428572
15.56 111.64835164835166 -53.362637362637365 35.51648351648352 -140.74725274725276
15.58 111.03296703296704 -53.62637362637363 35.69230769230769 -140.13186813186815
15.6 110.24175824175825 -53.978021978021985 35.956043956043956 -139.86813186813188
15.62 109.53846153846155 -54.329670329670336 36.307692307692314 -139.95604395604397
15.64 108.57142857142858 -54.769230769230774 36.74725274725275 -140.21978021978023
15.66 107.34065934065934 -55.2967032967033 37.362637362637365 -140.65934065934067
15.68 106.37362637362638 -56.00000000000001 37.97802197802198 -141.36263736263737
15.7 105.14285714285715 -56.61538461538462 38.5934065934066 -141.97802197802199
15.72 104.0879120879121 -57.40659340659341 39.120879120879124 -142.6813186813187
15.74 102.94505494505495 -58.10989010989012 39.472527472527474 -143.2087912087912
15.76 102.15384615384616 -58.901098901098905 39.472527472527474 -143.56043956043956
15.78 101.36263736263737 -59.51648351648352 39.2967032967033 -143.9120879120879
15.8 101.01098901098902 -60.219780219780226 38.5934065934066 -144.0879120879121
15.82 101.01098901098902 -60.659340659340664 37.62637362637363 -144.26373626373626
15.84 101.45054945054946 -61.18681318681319 36.307692307692314 -144.26373626373626
15.86 101.97802197802199 -61.62637362637363 34.98901098901099 -144.35164835164835
15.88 102.94505494505495 -62.06593406593407 33.31868131868132 -144.43956043956044
15.9 104.00000000000001 -62.41758241758242 31.912087912087916 -144.52747252747253
15.92 105.31868131868133 -62.85714285714286 30.329670329670332 -144.6153846153846
15.94 106.63736263736264 -63.120879120879124 29.010989010989015 -144.6153846153846
15.96 108.30769230769232 -63.38461538461539 27.604395604395606 -144.7032967032967
15.98 109.8901098901099 -63.56043956043956 26.461538461538463 -144.7032967032967
16.0 111.56043956043958 -63.82417582417583 25.40659340659341 -144.7032967032967
16.02 113.14285714285715 -63.82417582417583 24.52747252747253 -144.7032967032967
16.04 114.81318681318682 -64.0 24.000000000000004 -144.7032967032967
16.06 116.30769230769232 -64.08791208791209 23.64835164835165 -144.7032967032967
16.08 117.97802197802199 -64.17582417582418 23.472527472527474 -144.7032967032967
16.1 119.3846153846154 -64.43956043956044 23.472527472527474 -144.7032967032967
16.12 120.70329670329672 -64.70329670329672 23.824175824175825 -144.7032967032967
16.14 121.75824175824177 -64.96703296703298 24.263736263736266 -144.7032967032967
16.16 122.9010989010989 -65.14285714285715 25.05494505494506 -144.7032967032967
16.18 123.7802197802198 -65.40659340659342 26.109890109890113 -144.7032967032967
16.2 124.57142857142858 -65.58241758241759 27.340659340659343 -144.7912087912088
16.22 125.09890109890111 -65.75824175824177 28.65934065934066 -144.7912087912088
16.24 125.53846153846155 -66.02197802197803 30.241758241758244 -144.7912087912088
16.26 125.8901098901099 -66.1978021978022 31.560439560439562 -144.7912087912088
16.28 125.97802197802199 -66.46153846153847 33.142857142857146 -144.7032967032967
16.3 126.06593406593407 -66.63736263736264 34.63736263736264 -144.7032967032967
16.32 126.06593406593407 -66.9010989010989 36.043956043956044 -144.7032967032967
16.34 125.97802197802199 -67.16483516483517 37.18681318681319 -144.7032967032967
16.36 125.8901098901099 -67.6923076923077 38.15384615384615 -144.6153846153846
16.38 125.62637362637363 -68.21978021978022 38.769230769230774 -144.43956043956044
16.4 125.27472527472528 -68.92307692307693 39.120879120879124 -144.26373626373626
16.42 124.92307692307693 -69.53846153846155 39.120879120879124 -144.0879120879121
16.44 124.4835164835165 -70.5934065934066 38.769230769230774 -143.56043956043956
16.46 123.86813186813188 -71.56043956043956 38.50549450549451 -143.2087912087912
16.48 123.25274725274726 -72.70329670329672 37.89010989010989 -142.5934065934066
16.5 122.54945054945055 -73.75824175824177 37.362637362637365 -142.06593406593407
16.52 121.84615384615385 -74.72527472527473 36.83516483516484 -141.71428571428572
16.54 121.14285714285715 -75.6923076923077 36.3956043956044 -141.45054945054946
16.56 120.52747252747254 -76.39560439560441 36.043956043956044 -141.62637362637363
16.58 119.91208791208793 -76.92307692307693 35.86813186813187 -141.71428571428572
16.6 119.2967032967033 -77.09890109890111 35.69230769230769 -142.5054945054945
16.62 118.76923076923077 -77.09890109890111 35.604395604395606 -143.3846153846154
16.64 118.24175824175825 -76.74725274725276 35.42857142857143 -144.6153846153846
16.66 117.80219780219781 -76.3076923076923 35.34065934065934 -145.84615384615387
16.68 117.45054945054946 -75.42857142857143 35.252747252747255 -147.34065934065936
16.7 117.1868131868132 -74.46153846153847 35.252747252747255 -148.65934065934067
16.72 116.92307692307693 -73.23076923076924 35.252747252747255 -150.15384615384616
16.74 116.65934065934067 -72.0 35.16483516483517 -151.56043956043956
16.76 116.39560439560441 -70.50549450549451 35.16483516483517 -152.79120879120882
16.78 116.21978021978023 -69.01098901098902 35.16483516483517 -153.84615384615387
16.8 115.95604395604397 -67.42857142857143 35.252747252747255 -154.81318681318683
16.82 115.86813186813188 -65.93406593406594 35.16483516483517 -155.51648351648353
16.84 115.69230769230771 -64.35164835164835 35.252747252747255 -156.04395604395606
16.86 115.51648351648353 -62.85714285714286 35.16483516483517 -156.30769230769232
16.88 115.34065934065934 -61.45054945054945 35.252747252747255 -156.3956043956044
16.9 115.25274725274726 -60.13186813186814 35.16483516483517 -156.3956043956044
16.92 114.98901098901099 -58.901098901098905 35.16483516483517 -156.04395604395606
16.94 114.9010989010989 -57.846153846153854 35.16483516483517 -155.6923076923077
16.96 114.72527472527473 -56.791208791208796 35.16483516483517 -154.81318681318683
16.98 114.54945054945055 -56.00000000000001 35.16483516483517 -153.75824175824178
17.0 114.37362637362638 -55.38461538461539 35.16483516483517 -152.43956043956044
17.02 114.10989010989012 -54.85714285714286 35.16483516483517 -151.2087912087912
17.04 113.93406593406594 -54.50549450549451 35.16483516483517 -149.71428571428572
17.06 113.67032967032968 -54.15384615384616 35.16483516483517 -148.30769230769232
17.08 113.40659340659342 -54.06593406593407 35.16483516483517 -146.72527472527474
17.1 113.14285714285715 -54.06593406593407 35.252747252747255 -145.31868131868134
17.12 112.7912087912088 -54.06593406593407 35.252747252747255 -144.0
17.14 112.52747252747254 -54.06593406593407 35.34065934065934 -142.85714285714286
17.16 112.00000000000001 -54.15384615384616 35.42857142857143 -141.97802197802199
17.18 111.47252747252747 -54.329670329670336 35.51648351648352 -141.27472527472528
17.2 110.68131868131869 -54.681318681318686 35.78021978021978 -141.01098901098902
17.22 109.97802197802199 -54.94505494505495 36.043956043956044 -140.92307692307693
17.24 109.09890109890111 -55.472527472527474 36.3956043956044 -141.0989010989011
17.26 108.13186813186815 -55.91208791208792 36.92307692307693 -141.45054945054946
17.28 107.16483516483517 -56.61538461538462 37.53846153846154 -141.97802197802199
17.3 106.1978021978022 -57.23076923076923 38.065934065934066 -142.5054945054945
17.32 105.14285714285715 -57.93406593406594 38.41758241758242 -143.03296703296704
17.34 104.17582417582419 -58.549450549450555 38.5934065934066 -143.47252747252747
17.36 103.56043956043956 -59.252747252747255 38.41758241758242 -143.73626373626374
17.38 102.85714285714286 -59.95604395604396 38.24175824175825 -144.0
17.4 102.68131868131869 -60.57142857142858 37.45054945054945 -144.17582417582418
17.42 102.76923076923077 -61.010989010989015 36.57142857142858 -144.26373626373626
17.44 103.12087912087912 -61.53846153846154 35.252747252747255 -144.35164835164835
17.46 103.73626373626375 -61.8901098901099 33.84615384615385 -144.43956043956044
17.48 104.52747252747254 -62.329670329670336 32.439560439560445 -144.52747252747253
17.5 105.58241758241759 -62.681318681318686 31.120879120879124 -144.52747252747253
17.52 106.9010989010989 -62.94505494505495 29.53846153846154 -144.6153846153846
17.54 108.30769230769232 -63.2967032967033 28.30769230769231 -144.6153846153846
17.56 109.80219780219781 -63.472527472527474 27.07692307692308 -144.6153846153846
17.58 111.2967032967033 -63.64835164835166 26.021978021978025 -144.7032967032967
17.6 112.87912087912089 -63.82417582417583 25.05494505494506 -144.7032967032967
17.62 114.37362637362638 -63.91208791208792 24.351648351648354 -144.7032967032967
17.64 115.95604395604397 -64.0 23.824175824175825 -144.7032967032967
17.66 117.36263736263737 -64.17582417582418 23.472527472527474 -144.7032967032967
17.68 118.94505494505495 -64.35164835164835 23.384615384615387 -144.7032967032967
17.7 120.26373626373628 -64.52747252747253 23.384615384615387 -144.7032967032967
17.72 121.40659340659342 -64.87912087912089 23.824175824175825 -144.7032967032967
17.74 122.46153846153847 -65.05494505494507 24.351648351648354 -144.7032967032967
17.76 123.51648351648353 -65.31868131868133 25.230769230769234 -144.7912087912088
17.78 124.30769230769232 -65.40659340659342 26.28571428571429 -144.7912087912088
17.8 124.92307692307693 -65.58241758241759 27.604395604395606 -144.7912087912088
17.82 125.53846153846155 -65.75824175824177 28.835164835164836 -144.7032967032967
17.84 125.8901098901099 -65.93406593406594 30.329670329670332 -144.7912087912088
17.86 126.06593406593407 -66.1978021978022 31.82417582417583 -144.7912087912088
17.88 126.15384615384616 -66.46153846153847 33.31868131868132 -144.7912087912088
17.9 126.24175824175825 -66.63736263736264 34.72527472527473 -144.7912087912088
17.92 126.15384615384616 -66.98901098901099 36.13186813186813 -144.7032967032967
17.94 126.15384615384616 -67.25274725274726 37.27472527472528 -144.7032967032967
17.96 125.97802197802199 -67.6923076923077 38.15384615384615 -144.6153846153846
17.98 125.71428571428572 -68.21978021978022 38.769230769230774 -144.52747252747253
18.0 125.36263736263737 -68.92307692307693 39.032967032967036 -144.26373626373626
18.02 124.92307692307693 -69.62637362637363 39.120879120879124 -144.0879120879121
18.04 124.4835164835165 -70.5934065934066 38.85714285714286 -143.56043956043956
18.06 123.95604395604397 -71.56043956043956 38.50549450549451 -143.2087912087912
18.08 123.34065934065936 -72.70329670329672 37.89010989010989 -142.5934065934066
18.1 122.54945054945055 -73.75824175824177 37.362637362637365 -142.06593406593407
18.12 121.84615384615385 -74.81318681318682 36.83516483516484 -141.71428571428572
18.14 121.14285714285715 -75.6923076923077 36.3956043956044 -141.53846153846155
18.16 120.52747252747254 -76.3076923076923 36.043956043956044 -141.62637362637363
18.18 120.00000000000001 -76.92307692307693 35.86813186813187 -141.8021978021978
18.2 119.2967032967033 -77.01098901098902 35.69230769230769 -142.5934065934066
18.22 118.76923076923077 -77.01098901098902 35.604395604395606 -143.47252747252747
18.24 118.24175824175825 -76.65934065934067 35.42857142857143 -144.7032967032967
18.26 117.80219780219781 -76.13186813186813 35.34065934065934 -145.93406593406596
18.28 117.45054945054946 -75.25274725274726 35.252747252747255 -147.51648351648353
18.3 117.09890109890111 -74.1978021978022 35.252747252747255 -148.92307692307693
18.32 116.83516483516485 -72.96703296703298 35.16483516483517 -150.41758241758242
18.34 116.57142857142858 -71.64835164835165 35.252747252747255 -151.64835164835165
18.36 116.39560439560441 -70.06593406593407 35.16483516483517 -152.967032967033
18.38 116.21978021978023 -68.57142857142858 35.16483516483517 -154.02197802197804
18.4 115.95604395604397 -66.9010989010989 35.16483516483517 -154.989010989011
18.42 115.7802197802198 -65.31868131868133 35.16483516483517 -155.6923076923077
18.44 115.69230769230771 -63.64835164835166 35.16483516483517 -156.13186813186815
18.46 115.51648351648353 -62.15384615384616 35.16483516483517 -156.3956043956044
18.48 115.34065934065934 -60.74725274725275 35.16483516483517 -156.3956043956044
18.5 115.25274725274726 -59.34065934065934 35.16483516483517 -156.3956043956044
18.52 114.98901098901099 -58.02197802197803 35.16483516483517 -155.95604395604397
18.54 114.81318681318682 -56.96703296703297 35.16483516483517 -155.42857142857144
18.56 114.63736263736264 -56.00000000000001 35.16483516483517 -154.3736263736264
18.58 114.46153846153847 -55.20879120879121 35.16483516483517 -153.23076923076925
18.6 114.1978021978022 -54.50549450549451 35.16483516483517 -151.9120879120879
18.62 114.10989010989012 -53.978021978021985 35.16483516483517 -150.41758241758242
18.64 113.75824175824177 -53.62637362637363 35.16483516483517 -148.92307692307693
18.66 113.58241758241759 -53.362637362637365 35.16483516483517 -147.34065934065936
18.68 113.23076923076924 -53.27472527472528 35.252747252747255 -145.6703296703297
18.7 112.96703296703298 -53.18681318681319 35.252747252747255 -144.17582417582418
18.72 112.61538461538463 -53.27472527472528 35.34065934065934 -142.76923076923077
18.74 112.26373626373628 -53.27472527472528 35.42857142857143 -141.62637362637363
18.76 111.64835164835166 -53.362637362637365 35.51648351648352 -140.74725274725276
18.78 111.12087912087912 -53.62637362637363 35.69230769230769 -140.04395604395606
18.8 110.24175824175825 -53.978021978021985 35.956043956043956 -139.86813186813188
18.82 109.53846153846155 -54.329670329670336 36.307692307692314 -139.86813186813188
18.84 108.57142857142858 -54.769230769230774 36.74725274725275 -140.21978021978023
18.86 107.42857142857143 -55.2967032967033 37.362637362637365 -140.65934065934067
18.88 106.37362637362638 -56.00000000000001 37.97802197802198 -141.36263736263737
18.9 105.14285714285715 -56.61538461538462 38.681318681318686 -141.97802197802199
18.92 104.0879120879121 -57.40659340659341 39.120879120879124 -142.6813186813187
18.94 103.03296703296704 -58.10989010989012 39.472527472527474 -143.2087912087912
18.96 102.15384615384616 -58.81318681318682 39.38461538461539 -143.56043956043956
18.98 101.36263736263737 -59.51648351648352 39.2967032967033 -143.9120879120879
19.0 101.09890109890111 -60.13186813186814 38.5934065934066 -144.0879120879121
19.02 101.09890109890111 -60.74725274725275 37.62637362637363 -144.26373626373626
19.04 101.45054945054946 -61.18681318681319 36.307692307692314 -144.35164835164835
19.06 101.97802197802199 -61.62637362637363 34.901098901098905 -144.35164835164835
19.08 102.94505494505495 -62.06593406593407 33.31868131868132 -144.43956043956044
19.1 104.00000000000001 -62.41758241758242 31.912087912087916 -144.52747252747253
19.12 105.31868131868133 -62.769230769230774 30.41758241758242 -144.6153846153846
19.14 106.72527472527473 -63.120879120879124 28.923076923076927 -144.7032967032967
19.16 108.30769230769232 -63.38461538461539 27.604395604395606 -144.7032967032967
19.18 109.8901098901099 -63.56043956043956 26.461538461538463 -144.7032967032967
19.2 111.64835164835166 -63.82417582417583 25.40659340659341 -144.6153846153846
19.22 113.23076923076924 -63.82417582417583 24.52747252747253 -144.7032967032967
19.24 114.81318681318682 -64.0 24.000000000000004 -144.7032967032967
19.26 116.39560439560441 -64.08791208791209 23.64835164835165 -144.7032967032967
19.28 117.8901098901099 -64.26373626373626 23.560439560439562 -144.7032967032967
19.3 119.3846153846154 -64.43956043956044 23.472527472527474 -144.7032967032967
19.32 120.70329670329672 -64.70329670329672 23.824175824175825 -144.7032967032967
19.34 121.75824175824177 -64.96703296703298 24.263736263736266 -144.7032967032967
19.36 122.9010989010989 -65.23076923076924 25.142857142857146 -144.7032967032967
19.38 123.7802197802198 -65.40659340659342 26.021978021978025 -144.7032967032967
19.4 124.57142857142858 -65.58241758241759 27.42857142857143 -144.7912087912088
19.42 125.09890109890111 -65.75824175824177 28.65934065934066 -144.7032967032967
19.44 125.53846153846155 -66.02197802197803 30.241758241758244 -144.7912087912088
19.46 125.80219780219781 -66.1978021978022 31.64835164835165 -144.7912087912088
19.48 125.97802197802199 -66.46153846153847 33.23076923076923 -144.7912087912088
19.5 126.06593406593407 -66.72527472527473 34.63736263736264 -144.7032967032967
19.52 126.06593406593407 -66.9010989010989 36.043956043956044 -144.7032967032967
19.54 126.06593406593407 -67.25274725274726 37.27472527472528 -144.7032967032967
19.56 125.8901098901099 -67.6923076923077 38.15384615384615 -144.6153846153846
19.58 125.62637362637363 -68.21978021978022 38.769230769230774 -144.43956043956044
19.6 125.27472527472528 -68.92307692307693 39.120879120879124 -144.26373626373626
19.62 124.92307692307693 -69.53846153846155 39.120879120879124 -144.0
19.64 124.39560439560441 -70.50549450549451 38.85714285714286 -143.56043956043956
19.66 123.86813186813188 -71.56043956043956 38.41758241758242 -143.2087912087912
19.68 123.25274725274726 -72.70329670329672 37.89010989010989 -142.5934065934066
19.7 122.54945054945055 -73.75824175824177 37.45054945054945 -142.06593406593407
19.72 121.84615384615385 -74.72527472527473 36.83516483516484 -141.71428571428572
19.74 121.14285714285715 -75.6923076923077 36.3956043956044 -141.53846153846155
19.76 120.52747252747254 -76.3076923076923 36.043956043956044 -141.62637362637363
19.78 119.91208791208793 -76.92307692307693 35.86813186813187 -141.8021978021978
19.8 119.2967032967033 -77.09890109890111 35.69230769230769 -142.5934065934066
19.82 118.76923076923077 -77.01098901098902 35.51648351648352 -143.47252747252747
19.84 118.24175824175825 -76.65934065934067 35.42857142857143 -144.7032967032967
19.86 117.80219780219781 -76.13186813186813 35.34065934065934 -146.02197802197804
19.88 117.45054945054946 -75.25274725274726 35.252747252747255 -147.51648351648353
19.9 117.1868131868132 -74.1978021978022 35.252747252747255 -148.83516483516485
19.92 116.83516483516485 -72.96703296703298 35.16483516483517 -150.41758241758242
19.94 116.57142857142858 -71.64835164835165 35.252747252747255 -151.64835164835165
19.96 116.39560439560441 -69.97802197802199 35.252747252747255 -152.967032967033
19.98 116.21978021978023 -68.48351648351648 35.16483516483517 -154.02197802197804
20.0 116.04395604395606 -66.81318681318682 35.252747252747255 -154.90109890109892
