0.0 0.0 -0.0 0.0 -0.0
0.02 0.0 -0.0 0.0 -0.0
0.04 0.0 -0.0 -0.023980823922402087 -0.023980823922402087
0.06 0.023980823922402087 -0.0 -0.1678657674568146 -0.14388494353441253
0.08 0.07194247176720626 0.023980823922402087 -0.4076740066808355 -0.3836931827584334
0.1 0.21582741530161878 0.14388494353441253 -0.7673863655168668 -0.7434055415944647
0.12 0.3357315349136292 0.28776988706882506 -1.055156252585692 -1.0311754286632897
0.14 0.45563565452563964 0.4076740066808355 -1.2949644918097127 -1.342926139654517
0.16 0.5035973023704439 0.4796164784480417 -1.414868611421723 -1.4388494353441252
0.18 0.551558950215248 0.551558950215248 -1.4868110831889294 -1.5347727310337336
0.2 0.5995205980600522 0.5755397741376501 -1.5107919071113314 -1.4868110831889294
0.22 0.6235014219824543 0.6235014219824543 -1.5107919071113314 -1.5347727310337336
0.24 0.6235014219824543 0.6235014219824543 -1.4628302592665272 -1.4628302592665272
0.26 0.6474822459048564 0.6474822459048564 -1.4628302592665272 -1.5107919071113314
0.28 0.6474822459048564 0.6235014219824543 -1.414868611421723 -1.4388494353441252
0.3 0.6714630698272585 0.6474822459048564 -1.414868611421723 -1.4388494353441252
0.32 0.6474822459048564 0.6235014219824543 -1.342926139654517 -1.3669069635769189
0.34 0.6474822459048564 0.6235014219824543 -1.342926139654517 -1.3669069635769189
0.36 0.6235014219824543 0.5995205980600522 -1.2949644918097127 -1.3189453157321147
0.38 0.6474822459048564 0.6235014219824543 -1.3189453157321147 -1.342926139654517
0.4 0.5995205980600522 0.5995205980600522 -1.2470028439649086 -1.2949644918097127
0.42 0.5995205980600522 0.5995205980600522 -1.2709836678873105 -1.2949644918097127
0.44 0.5755397741376501 0.551558950215248 -1.1990411961201044 -1.2230220200425064
0.46 0.5755397741376501 0.551558950215248 -1.2230220200425064 -1.2470028439649086
0.48 0.551558950215248 0.527578126292846 -1.1750603721977022 -1.1750603721977022
0.5 0.551558950215248 0.527578126292846 -1.1750603721977022 -1.1990411961201044
0.52 0.5035973023704439 0.5035973023704439 -1.103117900430496 -1.127098724352898
0.54 0.5035973023704439 0.5035973023704439 -1.103117900430496 -1.127098724352898
0.56 0.4796164784480417 0.4796164784480417 -1.055156252585692 -1.0791370765080939
0.58 0.4796164784480417 0.4796164784480417 -1.055156252585692 -1.0791370765080939
0.6 0.45563565452563964 0.45563565452563964 -1.0071946047408877 -1.0071946047408877
0.62 0.45563565452563964 0.45563565452563964 -1.0071946047408877 -1.0071946047408877
0.64 0.45563565452563964 0.43165483060323756 -0.9352521329736814 -0.9592329568960835
0.66 0.43165483060323756 0.43165483060323756 -0.9112713090512793 -0.9352521329736814
0.68 0.4076740066808355 0.4076740066808355 -0.8633096612064751 -0.8872904851288772
0.7 0.4076740066808355 0.4076740066808355 -0.839328837284073 -0.8633096612064751
0.72 0.3836931827584334 0.3836931827584334 -0.7913671894392689 -0.815348013361671
0.74 0.3836931827584334 0.3597123588360313 -0.7673863655168668 -0.815348013361671
0.76 0.3597123588360313 0.3357315349136292 -0.7194247176720626 -0.7434055415944647
0.78 0.3357315349136292 0.3357315349136292 -0.6954438937496605 -0.7434055415944647
0.8 0.31175071099122714 0.31175071099122714 -0.6474822459048564 -0.6714630698272585
0.82 0.31175071099122714 0.31175071099122714 -0.6474822459048564 -0.6474822459048564
0.84 0.28776988706882506 0.28776988706882506 -0.5995205980600522 -0.5995205980600522
0.86 0.263789063146423 0.263789063146423 -0.5995205980600522 -0.5755397741376501
0.88 0.23980823922402086 0.23980823922402086 -0.551558950215248 -0.527578126292846
0.9 0.23980823922402086 0.23980823922402086 -0.5035973023704439 -0.5035973023704439
0.92 0.1918465913792167 0.21582741530161878 -0.43165483060323756 -0.4796164784480417
0.94 0.1918465913792167 0.1918465913792167 -0.4076740066808355 -0.43165483060323756
0.96 0.1678657674568146 0.1678657674568146 -0.3597123588360313 -0.3836931827584334
0.98 0.1678657674568146 0.1678657674568146 -0.31175071099122714 -0.31175071099122714
1.0 0.14388494353441253 0.14388494353441253 -0.263789063146423 -0.263789063146423
1.02 0.11990411961201043 0.11990411961201043 -0.21582741530161878 -0.21582741530161878
1.04 0.09592329568960835 0.09592329568960835 -0.14388494353441253 -0.1678657674568146
1.06 0.07194247176720626 0.07194247176720626 -0.11990411961201043 -0.11990411961201043
1.08 0.047961647844804174 0.047961647844804174 -0.07194247176720626 -0.07194247176720626
1.1 0.023980823922402087 0.047961647844804174 -0.023980823922402087 -0.023980823922402087
1.12 0.023980823922402087 0.023980823922402087 0.0 -0.0
1.14 0.0 0.023980823922402087 0.0 -0.0
1.16 0.0 -0.0 0.0 -0.0
1.18 0.0 -0.0 0.0 -0.0
1.2 0.0 -0.0 0.0 -0.0
1.22 0.0 -0.0 0.0 -0.0
1.24 0.0 -0.0 0.0 -0.0
1.26 0.0 -0.0 0.0 -0.0
1.28 0.0 -0.0 0.0 -0.0
1.3 0.0 -0.0 0.0 -0.0
1.32 0.0 -0.0 0.0 -0.0
1.34 0.023980823922402087 -0.0 -0.047961647844804174 -0.0
1.36 0.047961647844804174 -0.0 -0.14388494353441253 -0.0
1.38 0.14388494353441253 -0.0 -0.263789063146423 -0.0
1.4 0.21582741530161878 -0.0 -0.3836931827584334 -0.0
1.42 0.31175071099122714 -0.0 -0.527578126292846 -0.0
1.44 0.3836931827584334 -0.0 -0.5995205980600522 -0.0
1.46 0.4796164784480417 -0.0 -0.6954438937496605 -0.0
1.48 0.551558950215248 -0.0 -0.7434055415944647 -0.0
1.5 0.6235014219824543 -0.0 -0.7913671894392689 -0.0
1.52 0.6714630698272585 -0.0 -0.7673863655168668 -0.0
1.54 0.7434055415944647 -0.0 -0.7673863655168668 -0.0
1.56 0.7434055415944647 -0.0 -0.6954438937496605 -0.0
1.58 0.7913671894392689 -0.0 -0.6235014219824543 -0.0
1.6 0.7673863655168668 -0.0 -0.5035973023704439 -0.0
1.62 0.7673863655168668 -0.0 -0.4076740066808355 -0.0
1.64 0.7434055415944647 -0.0 -0.28776988706882506 -0.0
1.66 0.7194247176720626 -0.0 -0.1918465913792167 -0.0
1.68 0.6714630698272585 -0.0 -0.07194247176720626 -0.0
1.7 0.5995205980600522 -0.0 0.047961647844804174 -0.0
1.72 0.527578126292846 -0.0 0.14388494353441253 -0.0
1.74 0.45563565452563964 -0.0 0.31175071099122714 -0.0
1.76 0.3597123588360313 -0.0 0.45563565452563964 -0.0
1.78 0.263789063146423 -0.023980823922402087 0.6235014219824543 -0.0
1.8 0.1678657674568146 -0.047961647844804174 0.7434055415944647 -0.0
1.82 0.09592329568960835 -0.07194247176720626 0.8872904851288772 -0.0
1.84 0.023980823922402087 -0.07194247176720626 0.9352521329736814 -0.0
1.86 0.0 -0.09592329568960835 1.0311754286632897 -0.0
1.88 -0.047961647844804174 -0.11990411961201043 1.0311754286632897 -0.0
1.9 -0.11990411961201043 -0.1678657674568146 1.0791370765080939 -0.0
1.92 -0.1918465913792167 -0.1918465913792167 1.0311754286632897 -0.0
1.94 -0.263789063146423 -0.23980823922402086 0.9832137808184855 -0.0
1.96 -0.31175071099122714 -0.263789063146423 0.8633096612064751 -0.0
1.98 -0.3597123588360313 -0.28776988706882506 0.7194247176720626 -0.0
2.0 -0.3836931827584334 -0.3357315349136292 0.551558950215248 0.047961647844804174
2.02 -0.43165483060323756 -0.43165483060323756 0.3597123588360313 0.09592329568960835
2.04 -0.43165483060323756 -0.5035973023704439 0.14388494353441253 0.1678657674568146
2.06 -0.45563565452563964 -0.6235014219824543 -0.047961647844804174 0.263789063146423
2.08 -0.4796164784480417 -0.7194247176720626 -0.21582741530161878 0.3357315349136292
2.1 -0.5035973023704439 -0.839328837284073 -0.3357315349136292 0.4076740066808355
2.12 -0.527578126292846 -0.8872904851288772 -0.4076740066808355 0.4076740066808355
2.14 -0.5755397741376501 -0.9112713090512793 -0.43165483060323756 0.4076740066808355
2.16 -0.5755397741376501 -0.839328837284073 -0.3836931827584334 0.28776988706882506
2.18 -0.5995205980600522 -0.7194247176720626 -0.3357315349136292 0.11990411961201043
2.2 -0.5755397741376501 -0.5755397741376501 -0.263789063146423 -0.023980823922402087
2.22 -0.551558950215248 -0.3836931827584334 -0.21582741530161878 -0.28776988706882506
2.24 -0.527578126292846 -0.1918465913792167 -0.14388494353441253 -0.527578126292846
2.26 -0.4796164784480417 -0.0 -0.11990411961201043 -0.7913671894392689
2.28 -0.43165483060323756 0.1918465913792167 -0.09592329568960835 -0.9592329568960835
2.3 -0.3597123588360313 0.4076740066808355 -0.07194247176720626 -1.1510795482753002
2.32 -0.31175071099122714 0.5995205980600522 -0.047961647844804174 -1.1750603721977022
2.34 -0.263789063146423 0.815348013361671 -0.023980823922402087 -1.2470028439649086
2.36 -0.23980823922402086 0.9352521329736814 -0.023980823922402087 -1.1990411961201044
2.38 -0.21582741530161878 1.103117900430496 0.0 -1.1750603721977022
2.4 -0.1918465913792167 1.1750603721977022 0.0 -1.0311754286632897
2.42 -0.1678657674568146 1.2709836678873105 0.0 -0.9352521329736814
2.44 -0.14388494353441253 1.2949644918097127 0.0 -0.7673863655168668
2.46 -0.11990411961201043 1.3189453157321147 0.0 -0.5995205980600522
2.48 -0.11990411961201043 1.2949644918097127 0.0 -0.43165483060323756
2.5 -0.11990411961201043 1.2709836678873105 0.0 -0.23980823922402086
2.52 -0.11990411961201043 1.2230220200425064 0.0 -0.09592329568960835
2.54 -0.11990411961201043 1.1510795482753002 0.0 0.07194247176720626
2.56 -0.11990411961201043 1.0311754286632897 0.0 0.21582741530161878
2.58 -0.14388494353441253 0.9352521329736814 0.0 0.45563565452563964
2.6 -0.14388494353441253 0.815348013361671 0.0 0.6474822459048564
2.62 -0.14388494353441253 0.6954438937496605 0.0 0.8872904851288772
2.64 -0.14388494353441253 0.551558950215248 0.0 1.0071946047408877
2.66 -0.1678657674568146 0.43165483060323756 0.0 1.1510795482753002
2.68 -0.1678657674568146 0.31175071099122714 0.0 1.1750603721977022
2.7 -0.1918465913792167 0.1918465913792167 0.0 1.2709836678873105
2.72 -0.21582741530161878 0.11990411961201043 0.0 1.2470028439649086
2.74 -0.23980823922402086 0.047961647844804174 0.023980823922402087 1.2470028439649086
2.76 -0.263789063146423 -0.0 0.047961647844804174 1.127098724352898
2.78 -0.3357315349136292 -0.023980823922402087 0.047961647844804174 1.0071946047408877
2.8 -0.3836931827584334 -0.047961647844804174 0.07194247176720626 0.7673863655168668
2.82 -0.5035973023704439 -0.11990411961201043 0.11990411961201043 0.527578126292846
2.84 -0.5755397741376501 -0.1918465913792167 0.1678657674568146 0.28776988706882506
2.86 -0.6954438937496605 -0.28776988706882506 0.263789063146423 0.047961647844804174
2.88 -0.7434055415944647 -0.3597123588360313 0.31175071099122714 -0.11990411961201043
2.9 -0.815348013361671 -0.43165483060323756 0.4076740066808355 -0.28776988706882506
2.92 -0.839328837284073 -0.4796164784480417 0.43165483060323756 -0.3836931827584334
2.94 -0.8633096612064751 -0.527578126292846 0.4076740066808355 -0.43165483060323756
2.96 -0.815348013361671 -0.551558950215248 0.28776988706882506 -0.4076740066808355
2.98 -0.7434055415944647 -0.5755397741376501 0.09592329568960835 -0.3597123588360313
3.0 -0.6235014219824543 -0.5755397741376501 -0.07194247176720626 -0.263789063146423
3.02 -0.43165483060323756 -0.551558950215248 -0.3357315349136292 -0.21582741530161878
3.04 -0.1918465913792167 -0.5035973023704439 -0.5755397741376501 -0.14388494353441253
3.06 0.07194247176720626 -0.45563565452563964 -0.8633096612064751 -0.09592329568960835
3.08 0.31175071099122714 -0.4076740066808355 -1.0071946047408877 -0.07194247176720626
3.1 0.5755397741376501 -0.3597123588360313 -1.1750603721977022 -0.07194247176720626
3.12 0.7673863655168668 -0.3357315349136292 -1.1990411961201044 -0.047961647844804174
3.14 0.9832137808184855 -0.31175071099122714 -1.2470028439649086 -0.047961647844804174
3.16 1.103117900430496 -0.28776988706882506 -1.1750603721977022 -0.023980823922402087
3.18 1.2470028439649086 -0.23980823922402086 -1.1510795482753002 -0.0
3.2 1.2949644918097127 -0.1918465913792167 -1.0071946047408877 -0.0
3.22 1.3669069635769189 -0.14388494353441253 -0.9112713090512793 -0.0
3.24 1.3669069635769189 -0.09592329568960835 -0.7434055415944647 -0.0
3.26 1.390887787499321 -0.07194247176720626 -0.5755397741376501 -0.0
3.28 1.3669069635769189 -0.09592329568960835 -0.4076740066808355 -0.0
3.3 1.3669069635769189 -0.14388494353441253 -0.21582741530161878 -0.0
3.32 1.2949644918097127 -0.1678657674568146 -0.047961647844804174 -0.0
3.34 1.1990411961201044 -0.1918465913792167 0.14388494353441253 -0.0
3.36 1.103117900430496 -0.1918465913792167 0.3357315349136292 -0.0
3.38 0.9832137808184855 -0.1678657674568146 0.5995205980600522 -0.0
3.4 0.839328837284073 -0.1678657674568146 0.7673863655168668 -0.0
3.42 0.6954438937496605 -0.1678657674568146 0.9592329568960835 -0.0
3.44 0.551558950215248 -0.1678657674568146 1.103117900430496 -0.0
3.46 0.4076740066808355 -0.1678657674568146 1.2709836678873105 -0.0
3.48 0.28776988706882506 -0.1678657674568146 1.2949644918097127 -0.0
3.5 0.1678657674568146 -0.1918465913792167 1.3669069635769189 -0.0
3.52 0.09592329568960835 -0.21582741530161878 1.3189453157321147 -0.0
3.54 0.0 -0.23980823922402086 1.2949644918097127 -0.0
3.56 -0.023980823922402087 -0.263789063146423 1.1750603721977022 0.023980823922402087
3.58 -0.09592329568960835 -0.3357315349136292 1.0071946047408877 0.07194247176720626
3.6 -0.1678657674568146 -0.4076740066808355 0.7434055415944647 0.09592329568960835
3.62 -0.23980823922402086 -0.527578126292846 0.4796164784480417 0.1678657674568146
3.64 -0.31175071099122714 -0.5995205980600522 0.21582741530161878 0.21582741530161878
3.66 -0.3597123588360313 -0.7194247176720626 -0.023980823922402087 0.31175071099122714
3.68 -0.43165483060323756 -0.815348013361671 -0.23980823922402086 0.3836931827584334
3.7 -0.4796164784480417 -0.9352521329736814 -0.43165483060323756 0.5035973023704439
3.72 -0.551558950215248 -0.9832137808184855 -0.5035973023704439 0.527578126292846
3.74 -0.5995205980600522 -1.0071946047408877 -0.551558950215248 0.5035973023704439
3.76 -0.6235014219824543 -0.9352521329736814 -0.5035973023704439 0.3836931827584334
3.78 -0.6235014219824543 -0.839328837284073 -0.43165483060323756 0.21582741530161878
3.8 -0.5995205980600522 -0.6714630698272585 -0.3357315349136292 -0.0
3.82 -0.5755397741376501 -0.45563565452563964 -0.263789063146423 -0.263789063146423
3.84 -0.551558950215248 -0.23980823922402086 -0.1918465913792167 -0.527578126292846
3.86 -0.5035973023704439 -0.0 -0.11990411961201043 -0.839328837284073
3.88 -0.45563565452563964 0.21582741530161878 -0.09592329568960835 -1.0071946047408877
3.9 -0.3836931827584334 0.45563565452563964 -0.07194247176720626 -1.1990411961201044
3.92 -0.3357315349136292 0.6474822459048564 -0.047961647844804174 -1.2470028439649086
3.94 -0.28776988706882506 0.8872904851288772 -0.023980823922402087 -1.342926139654517
3.96 -0.23980823922402086 1.0311754286632897 -0.023980823922402087 -1.2709836678873105
3.98 -0.21582741530161878 1.1990411961201044 0.0 -1.2470028439649086
4.0 -0.1918465913792167 1.2949644918097127 0.0 -1.127098724352898
4.02 -0.1918465913792167 1.390887787499321 0.0 -1.0071946047408877
4.04 -0.1678657674568146 1.414868611421723 0.0 -0.839328837284073
4.06 -0.14388494353441253 1.4628302592665272 0.0 -0.6714630698272585
4.08 -0.14388494353441253 1.414868611421723 0.0 -0.45563565452563964
4.1 -0.14388494353441253 1.390887787499321 0.0 -0.263789063146423
4.12 -0.14388494353441253 1.3189453157321147 0.0 -0.09592329568960835
4.14 -0.14388494353441253 1.2470028439649086 0.0 0.07194247176720626
4.16 -0.14388494353441253 1.1510795482753002 0.0 0.263789063146423
4.18 -0.14388494353441253 1.0311754286632897 0.0 0.5035973023704439
4.2 -0.14388494353441253 0.8872904851288772 0.0 0.7194247176720626
4.22 -0.1678657674568146 0.7673863655168668 0.0 0.9592329568960835
4.24 -0.1678657674568146 0.6235014219824543 0.0 1.0791370765080939
4.26 -0.1678657674568146 0.5035973023704439 0.0 1.2470028439649086
4.28 -0.1918465913792167 0.3597123588360313 0.0 1.2949644918097127
4.3 -0.21582741530161878 0.23980823922402086 0.0 1.390887787499321
4.32 -0.23980823922402086 0.14388494353441253 0.023980823922402087 1.342926139654517
4.34 -0.263789063146423 0.07194247176720626 0.023980823922402087 1.3189453157321147
4.36 -0.31175071099122714 -0.0 0.047961647844804174 1.1750603721977022
4.38 -0.3836931827584334 -0.0 0.07194247176720626 1.0071946047408877
4.4 -0.43165483060323756 -0.07194247176720626 0.09592329568960835 0.7673863655168668
4.42 -0.551558950215248 -0.11990411961201043 0.1678657674568146 0.5035973023704439
4.44 -0.6474822459048564 -0.1918465913792167 0.21582741530161878 0.23980823922402086
4.46 -0.7673863655168668 -0.263789063146423 0.31175071099122714 -0.0
4.48 -0.839328837284073 -0.3357315349136292 0.3836931827584334 -0.1918465913792167
4.5 -0.9112713090512793 -0.43165483060323756 0.4796164784480417 -0.3836931827584334
4.52 -0.9592329568960835 -0.5035973023704439 0.5035973023704439 -0.45563565452563964
4.54 -0.9832137808184855 -0.5755397741376501 0.5035973023704439 -0.527578126292846
4.56 -0.9352521329736814 -0.5995205980600522 0.3836931827584334 -0.5035973023704439
4.58 -0.8633096612064751 -0.6235014219824543 0.21582741530161878 -0.45563565452563964
4.6 -0.7194247176720626 -0.5995205980600522 0.0 -0.3597123588360313
4.62 -0.527578126292846 -0.5755397741376501 -0.263789063146423 -0.263789063146423
4.64 -0.28776988706882506 -0.527578126292846 -0.5035973023704439 -0.1918465913792167
4.66 0.0 -0.4796164784480417 -0.839328837284073 -0.11990411961201043
4.68 0.23980823922402086 -0.43165483060323756 -1.0071946047408877 -0.07194247176720626
4.7 0.527578126292846 -0.3836931827584334 -1.1990411961201044 -0.07194247176720626
4.72 0.7194247176720626 -0.3597123588360313 -1.2470028439649086 -0.07194247176720626
4.74 0.9592329568960835 -0.3357315349136292 -1.2949644918097127 -0.047961647844804174
4.76 1.103117900430496 -0.28776988706882506 -1.2470028439649086 -0.023980823922402087
4.78 1.2470028439649086 -0.23980823922402086 -1.2230220200425064 -0.023980823922402087
4.8 1.3189453157321147 -0.21582741530161878 -1.103117900430496 -0.0
4.82 1.414868611421723 -0.1678657674568146 -1.0071946047408877 -0.0
4.84 1.390887787499321 -0.11990411961201043 -0.839328837284073 -0.0
4.86 1.414868611421723 -0.09592329568960835 -0.6714630698272585 -0.0
4.88 1.3669069635769189 -0.07194247176720626 -0.5035973023704439 -0.0
4.9 1.3669069635769189 -0.09592329568960835 -0.31175071099122714 -0.0
4.92 1.3189453157321147 -0.14388494353441253 -0.11990411961201043 -0.0
4.94 1.2470028439649086 -0.1918465913792167 0.047961647844804174 -0.0
4.96 1.1510795482753002 -0.21582741530161878 0.21582741530161878 -0.0
4.98 1.055156252585692 -0.21582741530161878 0.45563565452563964 -0.0
5.0 0.9112713090512793 -0.1918465913792167 0.6235014219824543 -0.0
5.02 0.7913671894392689 -0.1678657674568146 0.8633096612064751 -0.0
5.04 0.6474822459048564 -0.1678657674568146 0.9832137808184855 -0.0
5.06 0.5035973023704439 -0.1678657674568146 1.1510795482753002 -0.0
5.08 0.3597123588360313 -0.1678657674568146 1.1990411961201044 -0.0
5.1 0.23980823922402086 -0.1678657674568146 1.2949644918097127 -0.0
5.12 0.14388494353441253 -0.1918465913792167 1.2470028439649086 -0.0
5.14 0.047961647844804174 -0.21582741530161878 1.2470028439649086 -0.0
5.16 0.0 -0.21582741530161878 1.127098724352898 0.023980823922402087
5.18 -0.047961647844804174 -0.28776988706882506 0.9832137808184855 0.047961647844804174
5.2 -0.11990411961201043 -0.3597123588360313 0.7673863655168668 0.07194247176720626
5.22 -0.1918465913792167 -0.45563565452563964 0.527578126292846 0.11990411961201043
5.24 -0.263789063146423 -0.551558950215248 0.263789063146423 0.1678657674568146
5.26 -0.3357315349136292 -0.6474822459048564 0.023980823922402087 0.263789063146423
5.28 -0.3836931827584334 -0.7434055415944647 -0.14388494353441253 0.3357315349136292
5.3 -0.45563565452563964 -0.839328837284073 -0.31175071099122714 0.43165483060323756
5.32 -0.527578126292846 -0.8872904851288772 -0.3836931827584334 0.43165483060323756
5.34 -0.5755397741376501 -0.9112713090512793 -0.43165483060323756 0.4076740066808355
5.36 -0.5995205980600522 -0.839328837284073 -0.4076740066808355 0.28776988706882506
5.38 -0.5995205980600522 -0.7434055415944647 -0.3597123588360313 0.11990411961201043
5.4 -0.5755397741376501 -0.5995205980600522 -0.28776988706882506 -0.047961647844804174
5.42 -0.551558950215248 -0.4076740066808355 -0.21582741530161878 -0.31175071099122714
5.44 -0.5035973023704439 -0.1918465913792167 -0.14388494353441253 -0.551558950215248
5.46 -0.45563565452563964 0.047961647844804174 -0.11990411961201043 -0.839328837284073
5.48 -0.4076740066808355 0.23980823922402086 -0.09592329568960835 -0.9832137808184855
5.5 -0.3597123588360313 0.4796164784480417 -0.07194247176720626 -1.127098724352898
5.52 -0.31175071099122714 0.6714630698272585 -0.047961647844804174 -1.1750603721977022
5.54 -0.263789063146423 0.8872904851288772 -0.023980823922402087 -1.2470028439649086
5.56 -0.23980823922402086 1.0071946047408877 0.0 -1.1990411961201044
5.58 -0.21582741530161878 1.1510795482753002 0.0 -1.1750603721977022
5.6 -0.1918465913792167 1.2230220200425064 0.0 -1.055156252585692
5.62 -0.1678657674568146 1.3189453157321147 0.0 -0.9352521329736814
5.64 -0.14388494353441253 1.342926139654517 0.0 -0.7673863655168668
5.66 -0.14388494353441253 1.390887787499321 0.0 -0.5995205980600522
5.68 -0.14388494353441253 1.342926139654517 0.0 -0.3836931827584334
5.7 -0.14388494353441253 1.3189453157321147 0.0 -0.21582741530161878
5.72 -0.14388494353441253 1.2470028439649086 0.0 -0.047961647844804174
5.74 -0.14388494353441253 1.1750603721977022 0.0 0.11990411961201043
5.76 -0.14388494353441253 1.0791370765080939 0.0 0.31175071099122714
5.78 -0.14388494353441253 0.9592329568960835 0.0 0.5755397741376501
5.8 -0.14388494353441253 0.839328837284073 0.0 0.7673863655168668
5.82 -0.14388494353441253 0.6954438937496605 0.0 1.0071946047408877
5.84 -0.1678657674568146 0.5755397741376501 0.0 1.103117900430496
5.86 -0.1678657674568146 0.43165483060323756 0.0 1.2470028439649086
5.88 -0.1918465913792167 0.31175071099122714 0.0 1.2709836678873105
5.9 -0.21582741530161878 0.1918465913792167 0.0 1.3669069635769189
5.92 -0.23980823922402086 0.09592329568960835 0.0 1.3189453157321147
5.94 -0.263789063146423 0.023980823922402087 0.023980823922402087 1.2949644918097127
5.96 -0.31175071099122714 -0.0 0.047961647844804174 1.127098724352898
5.98 -0.3836931827584334 -0.023980823922402087 0.07194247176720626 0.9832137808184855
6.0 -0.45563565452563964 -0.07194247176720626 0.09592329568960835 0.7673863655168668
6.02 -0.551558950215248 -0.14388494353441253 0.1678657674568146 0.5035973023704439
6.04 -0.6474822459048564 -0.21582741530161878 0.21582741530161878 0.23980823922402086
6.06 -0.7434055415944647 -0.28776988706882506 0.31175071099122714 -0.0
6.08 -0.839328837284073 -0.3597123588360313 0.3836931827584334 -0.1918465913792167
6.1 -0.9112713090512793 -0.45563565452563964 0.4796164784480417 -0.3836931827584334
6.12 -0.9352521329736814 -0.527578126292846 0.5035973023704439 -0.4796164784480417
6.14 -0.9592329568960835 -0.5755397741376501 0.4796164784480417 -0.527578126292846
6.16 -0.9352521329736814 -0.5995205980600522 0.3836931827584334 -0.5035973023704439
6.18 -0.8633096612064751 -0.6235014219824543 0.1918465913792167 -0.45563565452563964
6.2 -0.7194247176720626 -0.5995205980600522 0.0 -0.3597123588360313
6.22 -0.5035973023704439 -0.5755397741376501 -0.28776988706882506 -0.263789063146423
6.24 -0.263789063146423 -0.527578126292846 -0.527578126292846 -0.1918465913792167
6.26 0.023980823922402087 -0.4796164784480417 -0.8633096612064751 -0.11990411961201043
6.28 0.28776988706882506 -0.43165483060323756 -1.0311754286632897 -0.07194247176720626
6.3 0.5755397741376501 -0.4076740066808355 -1.2230220200425064 -0.07194247176720626
6.32 0.7673863655168668 -0.3597123588360313 -1.2470028439649086 -0.07194247176720626
6.34 1.0071946047408877 -0.3357315349136292 -1.3189453157321147 -0.07194247176720626
6.36 1.1510795482753002 -0.28776988706882506 -1.2709836678873105 -0.047961647844804174
6.38 1.2949644918097127 -0.263789063146423 -1.2470028439649086 -0.023980823922402087
6.4 1.3669069635769189 -0.21582741530161878 -1.103117900430496 -0.0
6.42 1.4388494353441252 -0.1678657674568146 -0.9832137808184855 -0.0
6.44 1.4388494353441252 -0.11990411961201043 -0.815348013361671 -0.0
6.46 1.4628302592665272 -0.09592329568960835 -0.6714630698272585 -0.0
6.48 1.414868611421723 -0.09592329568960835 -0.4796164784480417 -0.0
6.5 1.414868611421723 -0.11990411961201043 -0.28776988706882506 -0.0
6.52 1.3669069635769189 -0.1678657674568146 -0.09592329568960835 -0.0
6.54 1.2949644918097127 -0.21582741530161878 0.09592329568960835 -0.0
6.56 1.1750603721977022 -0.21582741530161878 0.31175071099122714 -0.0
6.58 1.055156252585692 -0.21582741530161878 0.551558950215248 -0.0
6.6 0.9352521329736814 -0.1918465913792167 0.7434055415944647 -0.0
6.62 0.7913671894392689 -0.1918465913792167 0.9592329568960835 -0.0
6.64 0.6474822459048564 -0.1678657674568146 1.0791370765080939 -0.0
6.66 0.4796164784480417 -0.1678657674568146 1.2470028439649086 -0.0
6.68 0.3597123588360313 -0.1678657674568146 1.2949644918097127 -0.0
6.7 0.21582741530161878 -0.1918465913792167 1.3669069635769189 -0.0
6.72 0.11990411961201043 -0.1918465913792167 1.342926139654517 -0.0
6.74 0.023980823922402087 -0.21582741530161878 1.3189453157321147 -0.0
6.76 0.0 -0.263789063146423 1.1750603721977022 0.023980823922402087
6.78 -0.07194247176720626 -0.3357315349136292 1.0311754286632897 0.07194247176720626
6.8 -0.14388494353441253 -0.4076740066808355 0.7673863655168668 0.09592329568960835
6.82 -0.21582741530161878 -0.527578126292846 0.5035973023704439 0.14388494353441253
6.84 -0.28776988706882506 -0.5995205980600522 0.23980823922402086 0.21582741530161878
6.86 -0.3597123588360313 -0.7434055415944647 -0.023980823922402087 0.31175071099122714
6.88 -0.4076740066808355 -0.815348013361671 -0.23980823922402086 0.4076740066808355
6.9 -0.4796164784480417 -0.9352521329736814 -0.43165483060323756 0.5035973023704439
6.92 -0.527578126292846 -0.9832137808184855 -0.527578126292846 0.527578126292846
6.94 -0.5995205980600522 -1.0071946047408877 -0.551558950215248 0.527578126292846
6.96 -0.6235014219824543 -0.9592329568960835 -0.5035973023704439 0.3836931827584334
6.98 -0.6235014219824543 -0.839328837284073 -0.43165483060323756 0.21582741530161878
7.0 -0.5995205980600522 -0.6954438937496605 -0.3357315349136292 -0.0
7.02 -0.5755397741376501 -0.4796164784480417 -0.263789063146423 -0.23980823922402086
7.04 -0.527578126292846 -0.23980823922402086 -0.1918465913792167 -0.527578126292846
7.06 -0.5035973023704439 -0.0 -0.11990411961201043 -0.839328837284073
7.08 -0.45563565452563964 0.21582741530161878 -0.09592329568960835 -1.0311754286632897
7.1 -0.3836931827584334 0.45563565452563964 -0.07194247176720626 -1.1990411961201044
7.12 -0.3357315349136292 0.6714630698272585 -0.047961647844804174 -1.2709836678873105
7.14 -0.28776988706882506 0.8872904851288772 -0.023980823922402087 -1.342926139654517
7.16 -0.263789063146423 1.0311754286632897 -0.023980823922402087 -1.2709836678873105
7.18 -0.23980823922402086 1.2230220200425064 0.0 -1.2470028439649086
7.2 -0.21582741530161878 1.2949644918097127 0.0 -1.127098724352898
7.22 -0.1918465913792167 1.390887787499321 0.0 -1.0071946047408877
7.24 -0.1678657674568146 1.414868611421723 0.0 -0.839328837284073
7.26 -0.14388494353441253 1.4628302592665272 0.0 -0.6714630698272585
7.28 -0.14388494353441253 1.414868611421723 0.0 -0.45563565452563964
7.3 -0.14388494353441253 1.390887787499321 0.0 -0.263789063146423
7.32 -0.14388494353441253 1.3189453157321147 0.0 -0.09592329568960835
7.34 -0.14388494353441253 1.2709836678873105 0.0 0.07194247176720626
7.36 -0.14388494353441253 1.1510795482753002 0.0 0.263789063146423
7.38 -0.14388494353441253 1.0311754286632897 0.0 0.527578126292846
7.4 -0.14388494353441253 0.9112713090512793 0.0 0.7194247176720626
7.42 -0.1678657674568146 0.7673863655168668 0.0 0.9592329568960835
7.44 -0.1678657674568146 0.6235014219824543 0.0 1.0791370765080939
7.46 -0.1918465913792167 0.5035973023704439 0.0 1.2470028439649086
7.48 -0.1918465913792167 0.3597123588360313 0.0 1.2949644918097127
7.5 -0.21582741530161878 0.23980823922402086 0.0 1.390887787499321
7.52 -0.23980823922402086 0.14388494353441253 0.0 1.3669069635769189
7.54 -0.28776988706882506 0.07194247176720626 0.023980823922402087 1.342926139654517
7.56 -0.31175071099122714 0.023980823922402087 0.047961647844804174 1.1750603721977022
7.58 -0.3836931827584334 -0.023980823922402087 0.07194247176720626 1.0071946047408877
7.6 -0.45563565452563964 -0.07194247176720626 0.11990411961201043 0.7673863655168668
7.62 -0.551558950215248 -0.14388494353441253 0.1678657674568146 0.5035973023704439
7.64 -0.6474822459048564 -0.1918465913792167 0.21582741530161878 0.263789063146423
7.66 -0.7434055415944647 -0.28776988706882506 0.31175071099122714 -0.0
7.68 -0.839328837284073 -0.3597123588360313 0.3597123588360313 -0.1918465913792167
7.7 -0.9112713090512793 -0.43165483060323756 0.4796164784480417 -0.3836931827584334
7.72 -0.9352521329736814 -0.5035973023704439 0.5035973023704439 -0.45563565452563964
7.74 -0.9592329568960835 -0.5755397741376501 0.5035973023704439 -0.527578126292846
7.76 -0.9352521329736814 -0.5995205980600522 0.3836931827584334 -0.5035973023704439
7.78 -0.8633096612064751 -0.6235014219824543 0.1918465913792167 -0.45563565452563964
7.8 -0.7194247176720626 -0.5995205980600522 0.0 -0.3597123588360313
7.82 -0.5035973023704439 -0.5755397741376501 -0.263789063146423 -0.263789063146423
7.84 -0.263789063146423 -0.527578126292846 -0.527578126292846 -0.1918465913792167
7.86 0.023980823922402087 -0.4796164784480417 -0.8633096612064751 -0.11990411961201043
7.88 0.28776988706882506 -0.43165483060323756 -1.055156252585692 -0.07194247176720626
7.9 0.5755397741376501 -0.3836931827584334 -1.2230220200425064 -0.07194247176720626
7.92 0.7673863655168668 -0.3597123588360313 -1.2709836678873105 -0.07194247176720626
7.94 1.0071946047408877 -0.3357315349136292 -1.3189453157321147 -0.07194247176720626
7.96 1.1510795482753002 -0.28776988706882506 -1.2709836678873105 -0.047961647844804174
7.98 1.2949644918097127 -0.263789063146423 -1.2470028439649086 -0.023980823922402087
8.0 1.3669069635769189 -0.21582741530161878 -1.103117900430496 -0.023980823922402087
8.02 1.4388494353441252 -0.1678657674568146 -0.9832137808184855 -0.0
8.04 1.4388494353441252 -0.11990411961201043 -0.815348013361671 -0.0
8.06 1.4628302592665272 -0.09592329568960835 -0.6714630698272585 -0.0
8.08 1.414868611421723 -0.09592329568960835 -0.4796164784480417 -0.0
8.1 1.414868611421723 -0.11990411961201043 -0.28776988706882506 -0.0
8.12 1.3669069635769189 -0.1678657674568146 -0.09592329568960835 -0.0
8.14 1.2949644918097127 -0.21582741530161878 0.11990411961201043 -0.0
8.16 1.1750603721977022 -0.21582741530161878 0.31175071099122714 -0.0
8.18 1.055156252585692 -0.21582741530161878 0.551558950215248 -0.0
8.2 0.9352521329736814 -0.1918465913792167 0.7434055415944647 -0.0
8.22 0.7913671894392689 -0.1678657674568146 0.9592329568960835 -0.0
8.24 0.6235014219824543 -0.1678657674568146 1.0791370765080939 -0.0
8.26 0.4796164784480417 -0.1678657674568146 1.2470028439649086 -0.0
8.28 0.3597123588360313 -0.1678657674568146 1.2709836678873105 -0.0
8.3 0.21582741530161878 -0.1918465913792167 1.3669069635769189 -0.0
8.32 0.11990411961201043 -0.1918465913792167 1.3189453157321147 -0.0
8.34 0.023980823922402087 -0.21582741530161878 1.3189453157321147 0.023980823922402087
8.36 0.0 -0.23980823922402086 1.1750603721977022 0.023980823922402087
8.38 -0.07194247176720626 -0.3357315349136292 1.0311754286632897 0.07194247176720626
8.4 -0.14388494353441253 -0.4076740066808355 0.7673863655168668 0.09592329568960835
8.42 -0.23980823922402086 -0.527578126292846 0.5035973023704439 0.14388494353441253
8.44 -0.28776988706882506 -0.5995205980600522 0.23980823922402086 0.21582741530161878
8.46 -0.3597123588360313 -0.7194247176720626 -0.023980823922402087 0.31175071099122714
8.48 -0.4076740066808355 -0.815348013361671 -0.23980823922402086 0.4076740066808355
8.5 -0.4796164784480417 -0.9352521329736814 -0.43165483060323756 0.5035973023704439
8.52 -0.527578126292846 -0.9832137808184855 -0.527578126292846 0.527578126292846
8.54 -0.5995205980600522 -1.0071946047408877 -0.551558950215248 0.5035973023704439
8.56 -0.6235014219824543 -0.9592329568960835 -0.5035973023704439 0.3836931827584334
8.58 -0.6235014219824543 -0.839328837284073 -0.43165483060323756 0.21582741530161878
8.6 -0.5995205980600522 -0.6954438937496605 -0.3357315349136292 -0.0
8.62 -0.5755397741376501 -0.4796164784480417 -0.23980823922402086 -0.23980823922402086
8.64 -0.551558950215248 -0.263789063146423 -0.1918465913792167 -0.5035973023704439
8.66 -0.5035973023704439 -0.023980823922402087 -0.14388494353441253 -0.815348013361671
8.68 -0.45563565452563964 0.1918465913792167 -0.09592329568960835 -0.9832137808184855
8.7 -0.3836931827584334 0.43165483060323756 -0.07194247176720626 -1.1750603721977022
8.72 -0.3357315349136292 0.6235014219824543 -0.047961647844804174 -1.2470028439649086
8.74 -0.28776988706882506 0.839328837284073 -0.023980823922402087 -1.3189453157321147
8.76 -0.263789063146423 0.9832137808184855 -0.023980823922402087 -1.2709836678873105
8.78 -0.23980823922402086 1.1510795482753002 0.0 -1.2470028439649086
8.8 -0.21582741530161878 1.2230220200425064 0.0 -1.127098724352898
8.82 -0.1918465913792167 1.342926139654517 0.0 -1.0311754286632897
8.84 -0.1678657674568146 1.3669069635769189 0.0 -0.8633096612064751
8.86 -0.14388494353441253 1.390887787499321 0.0 -0.6954438937496605
8.88 -0.14388494353441253 1.3669069635769189 0.0 -0.5035973023704439
8.9 -0.14388494353441253 1.342926139654517 0.0 -0.28776988706882506
8.92 -0.11990411961201043 1.2709836678873105 0.0 -0.11990411961201043
8.94 -0.14388494353441253 1.2230220200425064 0.0 0.023980823922402087
8.96 -0.14388494353441253 1.127098724352898 0.0 0.1918465913792167
8.98 -0.14388494353441253 1.0311754286632897 0.0 0.43165483060323756
9.0 -0.14388494353441253 0.9112713090512793 0.0 0.6235014219824543
9.02 -0.14388494353441253 0.7673863655168668 0.0 0.8633096612064751
9.04 -0.14388494353441253 0.6474822459048564 0.0 0.9832137808184855
9.06 -0.1678657674568146 0.5035973023704439 0.0 1.1510795482753002
9.08 -0.1918465913792167 0.3836931827584334 0.0 1.1990411961201044
9.1 -0.21582741530161878 0.263789063146423 0.0 1.2949644918097127
9.12 -0.21582741530161878 0.1678657674568146 0.0 1.2470028439649086
9.14 -0.263789063146423 0.07194247176720626 0.023980823922402087 1.2470028439649086
9.16 -0.28776988706882506 0.023980823922402087 0.023980823922402087 1.127098724352898
9.18 -0.3357315349136292 -0.0 0.047961647844804174 1.0071946047408877
9.2 -0.3836931827584334 -0.07194247176720626 0.07194247176720626 0.7913671894392689
9.22 -0.5035973023704439 -0.11990411961201043 0.11990411961201043 0.527578126292846
9.24 -0.5755397741376501 -0.1918465913792167 0.1678657674568146 0.28776988706882506
9.26 -0.6954438937496605 -0.263789063146423 0.263789063146423 0.07194247176720626
9.28 -0.7434055415944647 -0.3357315349136292 0.31175071099122714 -0.09592329568960835
9.3 -0.839328837284073 -0.43165483060323756 0.4076740066808355 -0.263789063146423
9.32 -0.8633096612064751 -0.4796164784480417 0.43165483060323756 -0.3836931827584334
9.34 -0.8633096612064751 -0.527578126292846 0.4076740066808355 -0.43165483060323756
9.36 -0.815348013361671 -0.551558950215248 0.263789063146423 -0.4076740066808355
9.38 -0.7194247176720626 -0.5755397741376501 0.09592329568960835 -0.3357315349136292
9.4 -0.5995205980600522 -0.5755397741376501 -0.07194247176720626 -0.263789063146423
9.42 -0.4076740066808355 -0.527578126292846 -0.31175071099122714 -0.21582741530161878
9.44 -0.1918465913792167 -0.4796164784480417 -0.551558950215248 -0.14388494353441253
9.46 0.09592329568960835 -0.43165483060323756 -0.839328837284073 -0.09592329568960835
9.48 0.31175071099122714 -0.3836931827584334 -1.0071946047408877 -0.07194247176720626
9.5 0.5755397741376501 -0.3597123588360313 -1.1750603721977022 -0.07194247176720626
9.52 0.7673863655168668 -0.3357315349136292 -1.1990411961201044 -0.07194247176720626
9.54 0.9832137808184855 -0.31175071099122714 -1.2470028439649086 -0.047961647844804174
9.56 1.103117900430496 -0.263789063146423 -1.1750603721977022 -0.023980823922402087
9.58 1.2470028439649086 -0.23980823922402086 -1.1510795482753002 -0.0
9.6 1.2949644918097127 -0.1918465913792167 -1.0071946047408877 -0.0
9.62 1.3669069635769189 -0.14388494353441253 -0.9112713090512793 -0.0
9.64 1.3669069635769189 -0.09592329568960835 -0.7434055415944647 -0.0
9.66 1.390887787499321 -0.09592329568960835 -0.5995205980600522 -0.0
9.68 1.3669069635769189 -0.09592329568960835 -0.3836931827584334 -0.0
9.7 1.3669069635769189 -0.14388494353441253 -0.21582741530161878 -0.0
9.72 1.2949644918097127 -0.1678657674568146 -0.047961647844804174 -0.0
9.74 1.1990411961201044 -0.1918465913792167 0.11990411961201043 -0.0
9.76 1.0791370765080939 -0.1918465913792167 0.3357315349136292 -0.0
9.78 0.9832137808184855 -0.1678657674568146 0.5755397741376501 -0.0
9.8 0.839328837284073 -0.1678657674568146 0.7673863655168668 -0.0
9.82 0.6954438937496605 -0.1678657674568146 0.9832137808184855 -0.0
9.84 0.551558950215248 -0.1678657674568146 1.103117900430496 -0.0
9.86 0.4076740066808355 -0.1678657674568146 1.2470028439649086 -0.0
9.88 0.28776988706882506 -0.1678657674568146 1.2949644918097127 -0.0
9.9 0.1678657674568146 -0.1918465913792167 1.3669069635769189 -0.0
9.92 0.09592329568960835 -0.1918465913792167 1.3189453157321147 -0.0
9.94 0.0 -0.21582741530161878 1.2949644918097127 -0.0
9.96 -0.023980823922402087 -0.263789063146423 1.1750603721977022 0.023980823922402087
9.98 -0.09592329568960835 -0.3357315349136292 1.0071946047408877 0.07194247176720626
10.0 -0.1678657674568146 -0.4076740066808355 0.7434055415944647 0.09592329568960835
10.02 -0.23980823922402086 -0.527578126292846 0.4796164784480417 0.1678657674568146
10.04 -0.28776988706882506 -0.5995205980600522 0.21582741530161878 0.21582741530161878
10.06 -0.3597123588360313 -0.7194247176720626 -0.023980823922402087 0.31175071099122714
10.08 -0.43165483060323756 -0.815348013361671 -0.23980823922402086 0.3836931827584334
10.1 -0.4796164784480417 -0.9352521329736814 -0.43165483060323756 0.5035973023704439
10.12 -0.527578126292846 -0.9832137808184855 -0.527578126292846 0.527578126292846
10.14 -0.5995205980600522 -1.0071946047408877 -0.551558950215248 0.5035973023704439
10.16 -0.6235014219824543 -0.9352521329736814 -0.5035973023704439 0.3836931827584334
10.18 -0.6235014219824543 -0.839328837284073 -0.43165483060323756 0.21582741530161878
10.2 -0.5995205980600522 -0.6954438937496605 -0.3357315349136292 -0.0
10.22 -0.5755397741376501 -0.4796164784480417 -0.23980823922402086 -0.23980823922402086
10.24 -0.551558950215248 -0.263789063146423 -0.1918465913792167 -0.5035973023704439
10.26 -0.5035973023704439 -0.023980823922402087 -0.14388494353441253 -0.815348013361671
10.28 -0.45563565452563964 0.1918465913792167 -0.09592329568960835 -0.9832137808184855
10.3 -0.4076740066808355 0.43165483060323756 -0.07194247176720626 -1.1750603721977022
10.32 -0.3357315349136292 0.6235014219824543 -0.047961647844804174 -1.2470028439649086
10.34 -0.28776988706882506 0.839328837284073 -0.023980823922402087 -1.3189453157321147
10.36 -0.263789063146423 0.9832137808184855 -0.023980823922402087 -1.2709836678873105
10.38 -0.23980823922402086 1.1510795482753002 0.0 -1.2470028439649086
10.4 -0.21582741530161878 1.2230220200425064 0.0 -1.127098724352898
10.42 -0.1918465913792167 1.3189453157321147 0.0 -1.0311754286632897
10.44 -0.1678657674568146 1.3669069635769189 0.0 -0.8633096612064751
10.46 -0.14388494353441253 1.390887787499321 0.0 -0.6954438937496605
10.48 -0.14388494353441253 1.3669069635769189 0.0 -0.5035973023704439
10.5 -0.14388494353441253 1.342926139654517 0.0 -0.28776988706882506
10.52 -0.11990411961201043 1.2709836678873105 0.0 -0.11990411961201043
10.54 -0.14388494353441253 1.2230220200425064 0.0 0.023980823922402087
10.56 -0.14388494353441253 1.127098724352898 0.0 0.1918465913792167
10.58 -0.14388494353441253 1.0311754286632897 0.0 0.43165483060323756
10.6 -0.14388494353441253 0.8872904851288772 0.0 0.5995205980600522
10.62 -0.14388494353441253 0.7673863655168668 0.0 0.8633096612064751
10.64 -0.14388494353441253 0.6474822459048564 0.0 0.9832137808184855
10.66 -0.1678657674568146 0.5035973023704439 0.0 1.1510795482753002
10.68 -0.1918465913792167 0.3836931827584334 0.0 1.1990411961201044
10.7 -0.21582741530161878 0.263789063146423 0.0 1.2949644918097127
10.72 -0.21582741530161878 0.1678657674568146 0.0 1.2709836678873105
10.74 -0.263789063146423 0.07194247176720626 0.023980823922402087 1.2709836678873105
10.76 -0.28776988706882506 0.023980823922402087 0.023980823922402087 1.127098724352898
10.78 -0.3357315349136292 -0.0 0.047961647844804174 1.0071946047408877
10.8 -0.3836931827584334 -0.07194247176720626 0.07194247176720626 0.7673863655168668
10.82 -0.5035973023704439 -0.11990411961201043 0.11990411961201043 0.527578126292846
10.84 -0.5755397741376501 -0.1918465913792167 0.1678657674568146 0.28776988706882506
10.86 -0.6954438937496605 -0.263789063146423 0.263789063146423 0.047961647844804174
10.88 -0.7673863655168668 -0.3357315349136292 0.31175071099122714 -0.09592329568960835
10.9 -0.839328837284073 -0.43165483060323756 0.4076740066808355 -0.263789063146423
10.92 -0.8633096612064751 -0.4796164784480417 0.4076740066808355 -0.3597123588360313
10.94 -0.8633096612064751 -0.527578126292846 0.4076740066808355 -0.43165483060323756
10.96 -0.815348013361671 -0.5755397741376501 0.28776988706882506 -0.4076740066808355
10.98 -0.7194247176720626 -0.5755397741376501 0.11990411961201043 -0.3357315349136292
11.0 -0.6235014219824543 -0.5755397741376501 -0.047961647844804174 -0.263789063146423
11.02 -0.43165483060323756 -0.551558950215248 -0.31175071099122714 -0.21582741530161878
11.04 -0.21582741530161878 -0.5035973023704439 -0.527578126292846 -0.14388494353441253
11.06 0.047961647844804174 -0.43165483060323756 -0.815348013361671 -0.09592329568960835
11.08 0.28776988706882506 -0.3836931827584334 -1.0071946047408877 -0.07194247176720626
11.1 0.551558950215248 -0.3597123588360313 -1.1510795482753002 -0.047961647844804174
11.12 0.7194247176720626 -0.3357315349136292 -1.1750603721977022 -0.047961647844804174
11.14 0.9352521329736814 -0.28776988706882506 -1.2230220200425064 -0.047961647844804174
11.16 1.055156252585692 -0.263789063146423 -1.1510795482753002 -0.023980823922402087
11.18 1.1750603721977022 -0.21582741530161878 -1.127098724352898 -0.0
11.2 1.2470028439649086 -0.1918465913792167 -1.0071946047408877 -0.0
11.22 1.3189453157321147 -0.1678657674568146 -0.9352521329736814 -0.0
11.24 1.342926139654517 -0.14388494353441253 -0.7673863655168668 -0.0
11.26 1.342926139654517 -0.11990411961201043 -0.5995205980600522 -0.0
11.28 1.3189453157321147 -0.09592329568960835 -0.43165483060323756 -0.0
11.3 1.2949644918097127 -0.11990411961201043 -0.263789063146423 -0.0
11.32 1.2230220200425064 -0.14388494353441253 -0.07194247176720626 -0.0
11.34 1.1510795482753002 -0.14388494353441253 0.09592329568960835 -0.0
11.36 1.055156252585692 -0.14388494353441253 0.263789063146423 -0.0
11.38 0.9352521329736814 -0.14388494353441253 0.5035973023704439 -0.0
11.4 0.815348013361671 -0.14388494353441253 0.6714630698272585 -0.0
11.42 0.6954438937496605 -0.14388494353441253 0.8872904851288772 -0.0
11.44 0.5755397741376501 -0.14388494353441253 1.0071946047408877 -0.0
11.46 0.45563565452563964 -0.1678657674568146 1.1510795482753002 -0.0
11.48 0.3357315349136292 -0.1678657674568146 1.1990411961201044 -0.0
11.5 0.1918465913792167 -0.1918465913792167 1.2709836678873105 -0.0
11.52 0.11990411961201043 -0.1918465913792167 1.2470028439649086 -0.0
11.54 0.023980823922402087 -0.21582741530161878 1.2230220200425064 -0.0
11.56 0.0 -0.23980823922402086 1.103117900430496 -0.0
11.58 -0.07194247176720626 -0.28776988706882506 0.9592329568960835 0.023980823922402087
11.6 -0.14388494353441253 -0.3597123588360313 0.7434055415944647 0.047961647844804174
11.62 -0.21582741530161878 -0.45563565452563964 0.5035973023704439 0.09592329568960835
11.64 -0.28776988706882506 -0.551558950215248 0.263789063146423 0.14388494353441253
11.66 -0.3597123588360313 -0.6474822459048564 0.0 0.23980823922402086
11.68 -0.4076740066808355 -0.7434055415944647 -0.1678657674568146 0.3357315349136292
11.7 -0.4796164784480417 -0.839328837284073 -0.31175071099122714 0.43165483060323756
11.72 -0.527578126292846 -0.8872904851288772 -0.4076740066808355 0.43165483060323756
11.74 -0.5755397741376501 -0.9112713090512793 -0.43165483060323756 0.3836931827584334
11.76 -0.5995205980600522 -0.839328837284073 -0.4076740066808355 0.263789063146423
11.78 -0.5995205980600522 -0.7434055415944647 -0.3597123588360313 0.09592329568960835
11.8 -0.5755397741376501 -0.5755397741376501 -0.263789063146423 -0.047961647844804174
11.82 -0.551558950215248 -0.3836931827584334 -0.1918465913792167 -0.31175071099122714
11.84 -0.5035973023704439 -0.1678657674568146 -0.14388494353441253 -0.527578126292846
11.86 -0.4796164784480417 0.047961647844804174 -0.11990411961201043 -0.839328837284073
11.88 -0.43165483060323756 0.23980823922402086 -0.09592329568960835 -0.9832137808184855
11.9 -0.3597123588360313 0.4796164784480417 -0.07194247176720626 -1.1510795482753002
11.92 -0.31175071099122714 0.6714630698272585 -0.047961647844804174 -1.1750603721977022
11.94 -0.263789063146423 0.8872904851288772 -0.023980823922402087 -1.2470028439649086
11.96 -0.23980823922402086 1.0071946047408877 0.0 -1.1990411961201044
11.98 -0.1918465913792167 1.1510795482753002 0.0 -1.1750603721977022
12.0 -0.1918465913792167 1.2230220200425064 0.0 -1.055156252585692
12.02 -0.1678657674568146 1.3189453157321147 0.0 -0.9352521329736814
12.04 -0.14388494353441253 1.342926139654517 0.0 -0.7673863655168668
12.06 -0.14388494353441253 1.390887787499321 0.0 -0.5995205980600522
12.08 -0.14388494353441253 1.342926139654517 0.0 -0.3836931827584334
12.1 -0.11990411961201043 1.3189453157321147 0.0 -0.21582741530161878
12.12 -0.14388494353441253 1.2470028439649086 0.0 -0.07194247176720626
12.14 -0.14388494353441253 1.1750603721977022 0.0 0.11990411961201043
12.16 -0.14388494353441253 1.0791370765080939 0.0 0.31175071099122714
12.18 -0.14388494353441253 0.9592329568960835 0.0 0.5755397741376501
12.2 -0.14388494353441253 0.839328837284073 0.0 0.7673863655168668
12.22 -0.14388494353441253 0.6954438937496605 0.0 0.9832137808184855
12.24 -0.1678657674568146 0.5755397741376501 0.0 1.103117900430496
12.26 -0.1678657674568146 0.43165483060323756 0.0 1.2470028439649086
12.28 -0.1918465913792167 0.31175071099122714 0.0 1.2709836678873105
12.3 -0.21582741530161878 0.1918465913792167 0.0 1.3669069635769189
12.32 -0.23980823922402086 0.09592329568960835 0.0 1.3189453157321147
12.34 -0.263789063146423 0.023980823922402087 0.023980823922402087 1.3189453157321147
12.36 -0.31175071099122714 -0.0 0.047961647844804174 1.1510795482753002
12.38 -0.3836931827584334 -0.023980823922402087 0.07194247176720626 0.9832137808184855
12.4 -0.45563565452563964 -0.09592329568960835 0.09592329568960835 0.7673863655168668
12.42 -0.551558950215248 -0.14388494353441253 0.1678657674568146 0.5035973023704439
12.44 -0.6474822459048564 -0.21582741530161878 0.1918465913792167 0.23980823922402086
12.46 -0.7434055415944647 -0.31175071099122714 0.31175071099122714 -0.0
12.48 -0.815348013361671 -0.3836931827584334 0.3836931827584334 -0.1918465913792167
12.5 -0.9112713090512793 -0.45563565452563964 0.4796164784480417 -0.3836931827584334
12.52 -0.9592329568960835 -0.527578126292846 0.5035973023704439 -0.4796164784480417
12.54 -0.9832137808184855 -0.5755397741376501 0.5035973023704439 -0.527578126292846
12.56 -0.9352521329736814 -0.5995205980600522 0.3836931827584334 -0.5035973023704439
12.58 -0.8633096612064751 -0.6235014219824543 0.21582741530161878 -0.45563565452563964
12.6 -0.7434055415944647 -0.5995205980600522 0.0 -0.3597123588360313
12.62 -0.527578126292846 -0.5755397741376501 -0.263789063146423 -0.263789063146423
12.64 -0.28776988706882506 -0.527578126292846 -0.527578126292846 -0.1918465913792167
12.66 0.0 -0.4796164784480417 -0.839328837284073 -0.11990411961201043
12.68 0.263789063146423 -0.43165483060323756 -1.0071946047408877 -0.07194247176720626
12.7 0.527578126292846 -0.3836931827584334 -1.1990411961201044 -0.07194247176720626
12.72 0.7434055415944647 -0.3597123588360313 -1.2470028439649086 -0.07194247176720626
12.74 0.9592329568960835 -0.3357315349136292 -1.2949644918097127 -0.047961647844804174
12.76 1.103117900430496 -0.28776988706882506 -1.2470028439649086 -0.047961647844804174
12.78 1.2470028439649086 -0.263789063146423 -1.2230220200425064 -0.023980823922402087
12.8 1.3189453157321147 -0.21582741530161878 -1.103117900430496 -0.0
12.82 1.414868611421723 -0.1678657674568146 -1.0071946047408877 -0.0
12.84 1.414868611421723 -0.11990411961201043 -0.815348013361671 -0.0
12.86 1.414868611421723 -0.09592329568960835 -0.6714630698272585 -0.0
12.88 1.3669069635769189 -0.07194247176720626 -0.5035973023704439 -0.0
12.9 1.342926139654517 -0.09592329568960835 -0.31175071099122714 -0.0
12.92 1.2949644918097127 -0.14388494353441253 -0.11990411961201043 -0.0
12.94 1.2470028439649086 -0.1918465913792167 0.047961647844804174 -0.0
12.96 1.1510795482753002 -0.1918465913792167 0.23980823922402086 -0.0
12.98 1.0311754286632897 -0.21582741530161878 0.45563565452563964 -0.0
13.0 0.9112713090512793 -0.1918465913792167 0.6235014219824543 -0.0
13.02 0.7913671894392689 -0.1678657674568146 0.8633096612064751 -0.0
13.04 0.6474822459048564 -0.1678657674568146 0.9832137808184855 -0.0
13.06 0.5035973023704439 -0.1678657674568146 1.1510795482753002 -0.0
13.08 0.3597123588360313 -0.1678657674568146 1.1990411961201044 -0.0
13.1 0.23980823922402086 -0.1678657674568146 1.2949644918097127 -0.0
13.12 0.14388494353441253 -0.1918465913792167 1.2470028439649086 -0.0
13.14 0.07194247176720626 -0.21582741530161878 1.2470028439649086 -0.0
13.16 0.0 -0.21582741530161878 1.127098724352898 0.023980823922402087
13.18 -0.047961647844804174 -0.28776988706882506 0.9832137808184855 0.047961647844804174
13.2 -0.11990411961201043 -0.3597123588360313 0.7673863655168668 0.07194247176720626
13.22 -0.21582741530161878 -0.45563565452563964 0.527578126292846 0.11990411961201043
13.24 -0.263789063146423 -0.527578126292846 0.263789063146423 0.1678657674568146
13.26 -0.3357315349136292 -0.6474822459048564 0.023980823922402087 0.263789063146423
13.28 -0.3836931827584334 -0.7434055415944647 -0.1678657674568146 0.3357315349136292
13.3 -0.45563565452563964 -0.839328837284073 -0.31175071099122714 0.43165483060323756
13.32 -0.527578126292846 -0.8872904851288772 -0.3836931827584334 0.43165483060323756
13.34 -0.5755397741376501 -0.9112713090512793 -0.43165483060323756 0.3836931827584334
13.36 -0.5995205980600522 -0.839328837284073 -0.4076740066808355 0.28776988706882506
13.38 -0.5995205980600522 -0.7434055415944647 -0.3597123588360313 0.11990411961201043
13.4 -0.5755397741376501 -0.5995205980600522 -0.28776988706882506 -0.047961647844804174
13.42 -0.551558950215248 -0.4076740066808355 -0.21582741530161878 -0.31175071099122714
13.44 -0.5035973023704439 -0.1918465913792167 -0.14388494353441253 -0.527578126292846
13.46 -0.4796164784480417 0.047961647844804174 -0.09592329568960835 -0.815348013361671
13.48 -0.43165483060323756 0.263789063146423 -0.09592329568960835 -0.9832137808184855
13.5 -0.3597123588360313 0.4796164784480417 -0.07194247176720626 -1.1510795482753002
13.52 -0.31175071099122714 0.6714630698272585 -0.047961647844804174 -1.1750603721977022
13.54 -0.263789063146423 0.8872904851288772 -0.023980823922402087 -1.2470028439649086
13.56 -0.23980823922402086 1.0071946047408877 0.0 -1.1990411961201044
13.58 -0.1918465913792167 1.1750603721977022 0.0 -1.1750603721977022
13.6 -0.1918465913792167 1.2470028439649086 0.0 -1.055156252585692
13.62 -0.1678657674568146 1.342926139654517 0.0 -0.9352521329736814
13.64 -0.14388494353441253 1.342926139654517 0.0 -0.7673863655168668
13.66 -0.14388494353441253 1.390887787499321 0.0 -0.5995205980600522
13.68 -0.11990411961201043 1.342926139654517 0.0 -0.3836931827584334
13.7 -0.11990411961201043 1.3189453157321147 0.0 -0.21582741530161878
13.72 -0.14388494353441253 1.2470028439649086 0.0 -0.047961647844804174
13.74 -0.14388494353441253 1.1750603721977022 0.0 0.11990411961201043
13.76 -0.14388494353441253 1.055156252585692 0.0 0.31175071099122714
13.78 -0.14388494353441253 0.9592329568960835 0.0 0.5755397741376501
13.8 -0.14388494353441253 0.815348013361671 0.0 0.7673863655168668
13.82 -0.14388494353441253 0.6954438937496605 0.0 0.9832137808184855
13.84 -0.1678657674568146 0.551558950215248 0.0 1.103117900430496
13.86 -0.1678657674568146 0.43165483060323756 0.0 1.2470028439649086
13.88 -0.1918465913792167 0.31175071099122714 0.0 1.2709836678873105
13.9 -0.21582741530161878 0.1918465913792167 0.0 1.3669069635769189
13.92 -0.23980823922402086 0.09592329568960835 0.0 1.3189453157321147
13.94 -0.263789063146423 0.023980823922402087 0.023980823922402087 1.3189453157321147
13.96 -0.31175071099122714 -0.0 0.047961647844804174 1.1510795482753002
13.98 -0.3836931827584334 -0.023980823922402087 0.07194247176720626 0.9832137808184855
14.0 -0.45563565452563964 -0.09592329568960835 0.09592329568960835 0.7434055415944647
14.02 -0.551558950215248 -0.1678657674568146 0.14388494353441253 0.5035973023704439
14.04 -0.6474822459048564 -0.21582741530161878 0.21582741530161878 0.23980823922402086
14.06 -0.7434055415944647 -0.31175071099122714 0.31175071099122714 -0.0
14.08 -0.815348013361671 -0.3597123588360313 0.3836931827584334 -0.1918465913792167
14.1 -0.9112713090512793 -0.45563565452563964 0.4796164784480417 -0.3836931827584334
14.12 -0.9352521329736814 -0.527578126292846 0.5035973023704439 -0.4796164784480417
14.14 -0.9832137808184855 -0.5755397741376501 0.5035973023704439 -0.527578126292846
14.16 -0.9352521329736814 -0.5995205980600522 0.3836931827584334 -0.5035973023704439
14.18 -0.8633096612064751 -0.6235014219824543 0.21582741530161878 -0.45563565452563964
14.2 -0.7434055415944647 -0.5995205980600522 0.0 -0.3597123588360313
14.22 -0.527578126292846 -0.5755397741376501 -0.263789063146423 -0.263789063146423
14.24 -0.28776988706882506 -0.527578126292846 -0.527578126292846 -0.1918465913792167
14.26 0.0 -0.4796164784480417 -0.839328837284073 -0.11990411961201043
14.28 0.23980823922402086 -0.43165483060323756 -1.0071946047408877 -0.07194247176720626
14.3 0.527578126292846 -0.3836931827584334 -1.1990411961201044 -0.07194247176720626
14.32 0.7194247176720626 -0.3597123588360313 -1.2230220200425064 -0.07194247176720626
14.34 0.9592329568960835 -0.3357315349136292 -1.2949644918097127 -0.047961647844804174
14.36 1.103117900430496 -0.28776988706882506 -1.2470028439649086 -0.047961647844804174
14.38 1.2470028439649086 -0.263789063146423 -1.2230220200425064 -0.023980823922402087
14.4 1.3189453157321147 -0.21582741530161878 -1.103117900430496 -0.0
14.42 1.414868611421723 -0.1678657674568146 -1.0071946047408877 -0.0
14.44 1.414868611421723 -0.11990411961201043 -0.839328837284073 -0.0
14.46 1.414868611421723 -0.09592329568960835 -0.6714630698272585 -0.0
14.48 1.390887787499321 -0.07194247176720626 -0.4796164784480417 -0.0
14.5 1.3669069635769189 -0.11990411961201043 -0.31175071099122714 -0.0
14.52 1.3189453157321147 -0.14388494353441253 -0.11990411961201043 -0.0
14.54 1.2470028439649086 -0.1918465913792167 0.047961647844804174 -0.0
14.56 1.1510795482753002 -0.1918465913792167 0.21582741530161878 -0.0
14.58 1.055156252585692 -0.1918465913792167 0.45563565452563964 -0.0
14.6 0.9112713090512793 -0.1918465913792167 0.6474822459048564 -0.0
14.62 0.7673863655168668 -0.1678657674568146 0.8633096612064751 -0.0
14.64 0.6474822459048564 -0.1678657674568146 0.9832137808184855 -0.0
14.66 0.5035973023704439 -0.1678657674568146 1.1510795482753002 -0.0
14.68 0.3597123588360313 -0.1678657674568146 1.1990411961201044 -0.0
14.7 0.23980823922402086 -0.1678657674568146 1.2709836678873105 -0.0
14.72 0.14388494353441253 -0.1918465913792167 1.2470028439649086 -0.0
14.74 0.047961647844804174 -0.1918465913792167 1.2470028439649086 -0.0
14.76 0.0 -0.21582741530161878 1.127098724352898 0.023980823922402087
14.78 -0.047961647844804174 -0.28776988706882506 0.9832137808184855 0.047961647844804174
14.8 -0.11990411961201043 -0.3597123588360313 0.7673863655168668 0.07194247176720626
14.82 -0.21582741530161878 -0.45563565452563964 0.527578126292846 0.11990411961201043
14.84 -0.263789063146423 -0.551558950215248 0.28776988706882506 0.1678657674568146
14.86 -0.3357315349136292 -0.6474822459048564 0.023980823922402087 0.263789063146423
14.88 -0.3836931827584334 -0.7434055415944647 -0.14388494353441253 0.3357315349136292
14.9 -0.45563565452563964 -0.839328837284073 -0.31175071099122714 0.43165483060323756
14.92 -0.527578126292846 -0.8872904851288772 -0.3836931827584334 0.43165483060323756
14.94 -0.5755397741376501 -0.9112713090512793 -0.43165483060323756 0.4076740066808355
14.96 -0.5995205980600522 -0.839328837284073 -0.4076740066808355 0.28776988706882506
14.98 -0.5995205980600522 -0.7434055415944647 -0.3597123588360313 0.11990411961201043
15.0 -0.5755397741376501 -0.5995205980600522 -0.28776988706882506 -0.047961647844804174
15.02 -0.551558950215248 -0.3836931827584334 -0.1918465913792167 -0.31175071099122714
15.04 -0.5035973023704439 -0.1678657674568146 -0.14388494353441253 -0.551558950215248
15.06 -0.4796164784480417 0.047961647844804174 -0.09592329568960835 -0.839328837284073
15.08 -0.43165483060323756 0.263789063146423 -0.09592329568960835 -0.9832137808184855
15.1 -0.3597123588360313 0.4796164784480417 -0.07194247176720626 -1.1510795482753002
15.12 -0.31175071099122714 0.6714630698272585 -0.047961647844804174 -1.1750603721977022
15.14 -0.263789063146423 0.8872904851288772 -0.023980823922402087 -1.2470028439649086
15.16 -0.23980823922402086 1.0071946047408877 0.0 -1.1990411961201044
15.18 -0.21582741530161878 1.1510795482753002 0.0 -1.1750603721977022
15.2 -0.1918465913792167 1.2470028439649086 0.0 -1.055156252585692
15.22 -0.1678657674568146 1.342926139654517 0.0 -0.9352521329736814
15.24 -0.14388494353441253 1.342926139654517 0.0 -0.7673863655168668
15.26 -0.14388494353441253 1.390887787499321 0.0 -0.5995205980600522
15.28 -0.11990411961201043 1.342926139654517 0.0 -0.3836931827584334
15.3 -0.11990411961201043 1.3189453157321147 0.0 -0.21582741530161878
15.32 -0.14388494353441253 1.2470028439649086 0.0 -0.07194247176720626
15.34 -0.14388494353441253 1.1750603721977022 0.0 0.11990411961201043
15.36 -0.14388494353441253 1.055156252585692 0.0 0.31175071099122714
15.38 -0.14388494353441253 0.9592329568960835 0.0 0.5755397741376501
15.4 -0.14388494353441253 0.815348013361671 0.0 0.7673863655168668
15.42 -0.14388494353441253 0.6954438937496605 0.0 0.9832137808184855
15.44 -0.1678657674568146 0.551558950215248 0.0 1.103117900430496
15.46 -0.1678657674568146 0.43165483060323756 0.0 1.2470028439649086
15.48 -0.1918465913792167 0.31175071099122714 0.0 1.2709836678873105
15.5 -0.21582741530161878 0.1918465913792167 0.0 1.3669069635769189
15.52 -0.23980823922402086 0.09592329568960835 0.0 1.342926139654517
15.54 -0.263789063146423 0.023980823922402087 0.023980823922402087 1.3189453157321147
15.56 -0.31175071099122714 -0.0 0.047961647844804174 1.1510795482753002
15.58 -0.3836931827584334 -0.023980823922402087 0.07194247176720626 0.9832137808184855
15.6 -0.45563565452563964 -0.07194247176720626 0.09592329568960835 0.7673863655168668
15.62 -0.551558950215248 -0.1678657674568146 0.14388494353441253 0.5035973023704439
15.64 -0.6474822459048564 -0.21582741530161878 0.21582741530161878 0.23980823922402086
15.66 -0.7434055415944647 -0.31175071099122714 0.31175071099122714 -0.0
15.68 -0.815348013361671 -0.3836931827584334 0.3836931827584334 -0.21582741530161878
15.7 -0.8872904851288772 -0.45563565452563964 0.4796164784480417 -0.3836931827584334
15.72 -0.9352521329736814 -0.527578126292846 0.5035973023704439 -0.4796164784480417
15.74 -0.9592329568960835 -0.5755397741376501 0.5035973023704439 -0.527578126292846
15.76 -0.9592329568960835 -0.5995205980600522 0.3836931827584334 -0.5035973023704439
15.78 -0.8633096612064751 -0.6235014219824543 0.21582741530161878 -0.45563565452563964
15.8 -0.7434055415944647 -0.5995205980600522 0.0 -0.3597123588360313
15.82 -0.527578126292846 -0.5755397741376501 -0.263789063146423 -0.263789063146423
15.84 -0.31175071099122714 -0.527578126292846 -0.527578126292846 -0.1918465913792167
15.86 0.0 -0.4796164784480417 -0.839328837284073 -0.11990411961201043
15.88 0.23980823922402086 -0.43165483060323756 -1.0311754286632897 -0.07194247176720626
15.9 0.5035973023704439 -0.3836931827584334 -1.1990411961201044 -0.07194247176720626
15.92 0.7194247176720626 -0.3597123588360313 -1.2470028439649086 -0.07194247176720626
15.94 0.9592329568960835 -0.3357315349136292 -1.2949644918097127 -0.047961647844804174
15.96 1.103117900430496 -0.28776988706882506 -1.2470028439649086 -0.047961647844804174
15.98 1.2470028439649086 -0.23980823922402086 -1.2230220200425064 -0.023980823922402087
16.0 1.3189453157321147 -0.21582741530161878 -1.103117900430496 -0.023980823922402087
16.02 1.414868611421723 -0.1678657674568146 -1.0071946047408877 -0.0
16.04 1.414868611421723 -0.11990411961201043 -0.839328837284073 -0.0
16.06 1.414868611421723 -0.09592329568960835 -0.6714630698272585 -0.0
16.08 1.3669069635769189 -0.07194247176720626 -0.4796164784480417 -0.0
16.1 1.3669069635769189 -0.09592329568960835 -0.31175071099122714 -0.0
16.12 1.2949644918097127 -0.14388494353441253 -0.11990411961201043 -0.0
16.14 1.2470028439649086 -0.1678657674568146 0.047961647844804174 -0.0
16.16 1.127098724352898 -0.1918465913792167 0.23980823922402086 -0.0
16.18 1.0311754286632897 -0.21582741530161878 0.45563565452563964 -0.0
16.2 0.9112713090512793 -0.1918465913792167 0.6235014219824543 -0.0
16.22 0.7913671894392689 -0.1678657674568146 0.8633096612064751 -0.0
16.24 0.6474822459048564 -0.1678657674568146 0.9832137808184855 -0.0
16.26 0.5035973023704439 -0.1678657674568146 1.1750603721977022 -0.0
16.28 0.3597123588360313 -0.1678657674568146 1.1990411961201044 -0.0
16.3 0.23980823922402086 -0.1678657674568146 1.2949644918097127 -0.0
16.32 0.11990411961201043 -0.1918465913792167 1.2470028439649086 -0.0
16.34 0.047961647844804174 -0.1918465913792167 1.2470028439649086 -0.0
16.36 0.0 -0.21582741530161878 1.127098724352898 0.023980823922402087
16.38 -0.047961647844804174 -0.28776988706882506 0.9832137808184855 0.047961647844804174
16.4 -0.11990411961201043 -0.3597123588360313 0.7673863655168668 0.07194247176720626
16.42 -0.21582741530161878 -0.45563565452563964 0.527578126292846 0.11990411961201043
16.44 -0.263789063146423 -0.527578126292846 0.28776988706882506 0.1678657674568146
16.46 -0.3357315349136292 -0.6474822459048564 0.023980823922402087 0.263789063146423
16.48 -0.3836931827584334 -0.7434055415944647 -0.14388494353441253 0.3357315349136292
16.5 -0.45563565452563964 -0.839328837284073 -0.31175071099122714 0.43165483060323756
16.52 -0.5035973023704439 -0.8872904851288772 -0.3836931827584334 0.43165483060323756
16.54 -0.5755397741376501 -0.9112713090512793 -0.43165483060323756 0.4076740066808355
16.56 -0.5995205980600522 -0.839328837284073 -0.4076740066808355 0.263789063146423
16.58 -0.5995205980600522 -0.7434055415944647 -0.3597123588360313 0.11990411961201043
16.6 -0.5755397741376501 -0.5995205980600522 -0.28776988706882506 -0.023980823922402087
16.62 -0.551558950215248 -0.4076740066808355 -0.21582741530161878 -0.28776988706882506
16.64 -0.5035973023704439 -0.1918465913792167 -0.14388494353441253 -0.5035973023704439
16.66 -0.45563565452563964 0.023980823922402087 -0.11990411961201043 -0.7913671894392689
16.68 -0.4076740066808355 0.23980823922402086 -0.09592329568960835 -0.9592329568960835
16.7 -0.3597123588360313 0.45563565452563964 -0.07194247176720626 -1.127098724352898
16.72 -0.31175071099122714 0.6474822459048564 -0.047961647844804174 -1.1750603721977022
16.74 -0.263789063146423 0.839328837284073 -0.023980823922402087 -1.2470028439649086
16.76 -0.23980823922402086 0.9592329568960835 0.0 -1.1990411961201044
16.78 -0.1918465913792167 1.103117900430496 0.0 -1.1750603721977022
16.8 -0.1918465913792167 1.1990411961201044 0.0 -1.055156252585692
16.82 -0.1678657674568146 1.2709836678873105 0.0 -0.9592329568960835
16.84 -0.14388494353441253 1.2949644918097127 0.0 -0.7913671894392689
16.86 -0.14388494353441253 1.3189453157321147 0.0 -0.6235014219824543
16.88 -0.11990411961201043 1.2949644918097127 0.0 -0.43165483060323756
16.9 -0.11990411961201043 1.2709836678873105 0.0 -0.23980823922402086
16.92 -0.11990411961201043 1.1990411961201044 0.0 -0.09592329568960835
16.94 -0.11990411961201043 1.1510795482753002 0.0 0.047961647844804174
16.96 -0.11990411961201043 1.055156252585692 0.0 0.21582741530161878
16.98 -0.11990411961201043 0.9352521329736814 0.0 0.45563565452563964
17.0 -0.14388494353441253 0.815348013361671 0.0 0.6474822459048564
17.02 -0.14388494353441253 0.6954438937496605 0.0 0.8872904851288772
17.04 -0.14388494353441253 0.5755397741376501 0.0 1.0071946047408877
17.06 -0.1678657674568146 0.45563565452563964 0.0 1.1510795482753002
17.08 -0.1918465913792167 0.3357315349136292 0.0 1.1990411961201044
17.1 -0.1918465913792167 0.21582741530161878 0.0 1.2709836678873105
17.12 -0.21582741530161878 0.11990411961201043 0.0 1.2470028439649086
17.14 -0.23980823922402086 0.047961647844804174 0.023980823922402087 1.2470028439649086
17.16 -0.263789063146423 -0.0 0.023980823922402087 1.103117900430496
17.18 -0.3357315349136292 -0.023980823922402087 0.047961647844804174 0.9832137808184855
17.2 -0.3836931827584334 -0.07194247176720626 0.07194247176720626 0.7673863655168668
17.22 -0.5035973023704439 -0.14388494353441253 0.11990411961201043 0.527578126292846
17.24 -0.5755397741376501 -0.21582741530161878 0.1678657674568146 0.28776988706882506
17.26 -0.6954438937496605 -0.28776988706882506 0.263789063146423 0.047961647844804174
17.28 -0.7434055415944647 -0.3597123588360313 0.3357315349136292 -0.11990411961201043
17.3 -0.815348013361671 -0.43165483060323756 0.4076740066808355 -0.28776988706882506
17.32 -0.839328837284073 -0.5035973023704439 0.43165483060323756 -0.3836931827584334
17.34 -0.8633096612064751 -0.551558950215248 0.3836931827584334 -0.43165483060323756
17.36 -0.839328837284073 -0.5755397741376501 0.28776988706882506 -0.4076740066808355
17.38 -0.7434055415944647 -0.5995205980600522 0.09592329568960835 -0.3357315349136292
17.4 -0.6474822459048564 -0.5755397741376501 -0.07194247176720626 -0.263789063146423
17.42 -0.45563565452563964 -0.551558950215248 -0.31175071099122714 -0.21582741530161878
17.44 -0.21582741530161878 -0.4796164784480417 -0.551558950215248 -0.14388494353441253
17.46 0.047961647844804174 -0.43165483060323756 -0.839328837284073 -0.09592329568960835
17.48 0.28776988706882506 -0.3836931827584334 -1.0071946047408877 -0.07194247176720626
17.5 0.527578126292846 -0.3597123588360313 -1.1510795482753002 -0.047961647844804174
17.52 0.7194247176720626 -0.3357315349136292 -1.1750603721977022 -0.047961647844804174
17.54 0.9352521329736814 -0.31175071099122714 -1.2230220200425064 -0.047961647844804174
17.56 1.055156252585692 -0.263789063146423 -1.1510795482753002 -0.023980823922402087
17.58 1.1990411961201044 -0.21582741530161878 -1.127098724352898 -0.0
17.6 1.2470028439649086 -0.1918465913792167 -1.0071946047408877 -0.0
17.62 1.3189453157321147 -0.14388494353441253 -0.9112713090512793 -0.0
17.64 1.3189453157321147 -0.11990411961201043 -0.7434055415944647 -0.0
17.66 1.342926139654517 -0.09592329568960835 -0.6235014219824543 -0.0
17.68 1.3189453157321147 -0.09592329568960835 -0.45563565452563964 -0.0
17.7 1.3189453157321147 -0.11990411961201043 -0.263789063146423 -0.0
17.72 1.2470028439649086 -0.1678657674568146 -0.09592329568960835 -0.0
17.74 1.1750603721977022 -0.1918465913792167 0.09592329568960835 -0.0
17.76 1.055156252585692 -0.1918465913792167 0.263789063146423 -0.0
17.78 0.9592329568960835 -0.1918465913792167 0.5035973023704439 -0.0
17.8 0.839328837284073 -0.1678657674568146 0.6714630698272585 -0.0
17.82 0.7194247176720626 -0.1678657674568146 0.8872904851288772 -0.0
17.84 0.5755397741376501 -0.14388494353441253 1.0071946047408877 -0.0
17.86 0.43165483060323756 -0.14388494353441253 1.1510795482753002 -0.0
17.88 0.31175071099122714 -0.14388494353441253 1.1990411961201044 -0.0
17.9 0.1918465913792167 -0.1678657674568146 1.2709836678873105 -0.0
17.92 0.11990411961201043 -0.1918465913792167 1.2470028439649086 -0.0
17.94 0.023980823922402087 -0.21582741530161878 1.2470028439649086 -0.0
17.96 0.0 -0.23980823922402086 1.127098724352898 0.023980823922402087
17.98 -0.07194247176720626 -0.28776988706882506 0.9832137808184855 0.047961647844804174
18.0 -0.14388494353441253 -0.3597123588360313 0.7434055415944647 0.07194247176720626
18.02 -0.21582741530161878 -0.45563565452563964 0.5035973023704439 0.11990411961201043
18.04 -0.28776988706882506 -0.551558950215248 0.263789063146423 0.1678657674568146
18.06 -0.3597123588360313 -0.6714630698272585 0.0 0.263789063146423
18.08 -0.4076740066808355 -0.7434055415944647 -0.1678657674568146 0.3357315349136292
18.1 -0.4796164784480417 -0.839328837284073 -0.31175071099122714 0.43165483060323756
18.12 -0.527578126292846 -0.8633096612064751 -0.3836931827584334 0.43165483060323756
18.14 -0.5755397741376501 -0.8872904851288772 -0.43165483060323756 0.3836931827584334
18.16 -0.5995205980600522 -0.839328837284073 -0.4076740066808355 0.263789063146423
18.18 -0.5995205980600522 -0.7434055415944647 -0.3597123588360313 0.09592329568960835
18.2 -0.5755397741376501 -0.5755397741376501 -0.28776988706882506 -0.047961647844804174
18.22 -0.551558950215248 -0.3836931827584334 -0.21582741530161878 -0.31175071099122714
18.24 -0.5035973023704439 -0.1678657674568146 -0.14388494353441253 -0.551558950215248
18.26 -0.4796164784480417 0.047961647844804174 -0.09592329568960835 -0.839328837284073
18.28 -0.4076740066808355 0.263789063146423 -0.09592329568960835 -0.9832137808184855
18.3 -0.3597123588360313 0.5035973023704439 -0.07194247176720626 -1.1510795482753002
18.32 -0.31175071099122714 0.6714630698272585 -0.047961647844804174 -1.1750603721977022
18.34 -0.263789063146423 0.8872904851288772 -0.023980823922402087 -1.2470028439649086
18.36 -0.23980823922402086 1.0071946047408877 -0.023980823922402087 -1.1990411961201044
18.38 -0.1918465913792167 1.1510795482753002 0.0 -1.1750603721977022
18.4 -0.1918465913792167 1.2470028439649086 0.0 -1.055156252585692
18.42 -0.1678657674568146 1.342926139654517 0.0 -0.9352521329736814
18.44 -0.14388494353441253 1.342926139654517 0.0 -0.7673863655168668
18.46 -0.14388494353441253 1.390887787499321 0.0 -0.5995205980600522
18.48 -0.11990411961201043 1.342926139654517 0.0 -0.3836931827584334
18.5 -0.11990411961201043 1.3189453157321147 0.0 -0.21582741530161878
18.52 -0.11990411961201043 1.2470028439649086 0.0 -0.047961647844804174
18.54 -0.14388494353441253 1.1750603721977022 0.0 0.11990411961201043
18.56 -0.14388494353441253 1.0791370765080939 0.0 0.31175071099122714
18.58 -0.14388494353441253 0.9592329568960835 0.0 0.5755397741376501
18.6 -0.14388494353441253 0.839328837284073 0.0 0.7673863655168668
18.62 -0.14388494353441253 0.6954438937496605 0.0 1.0071946047408877
18.64 -0.1678657674568146 0.5755397741376501 0.0 1.103117900430496
18.66 -0.1678657674568146 0.45563565452563964 0.0 1.2709836678873105
18.68 -0.1918465913792167 0.31175071099122714 0.0 1.2709836678873105
18.7 -0.21582741530161878 0.1918465913792167 0.0 1.3669069635769189
18.72 -0.23980823922402086 0.09592329568960835 0.023980823922402087 1.3189453157321147
18.74 -0.263789063146423 0.023980823922402087 0.023980823922402087 1.3189453157321147
18.76 -0.31175071099122714 -0.0 0.047961647844804174 1.1510795482753002
18.78 -0.3836931827584334 -0.023980823922402087 0.07194247176720626 0.9832137808184855
18.8 -0.45563565452563964 -0.07194247176720626 0.09592329568960835 0.7434055415944647
18.82 -0.551558950215248 -0.1678657674568146 0.1678657674568146 0.5035973023704439
18.84 -0.6474822459048564 -0.21582741530161878 0.21582741530161878 0.23980823922402086
18.86 -0.7434055415944647 -0.31175071099122714 0.31175071099122714 -0.0
18.88 -0.815348013361671 -0.3836931827584334 0.3836931827584334 -0.21582741530161878
18.9 -0.9112713090512793 -0.45563565452563964 0.4796164784480417 -0.3836931827584334
18.92 -0.9592329568960835 -0.527578126292846 0.5035973023704439 -0.4796164784480417
18.94 -0.9832137808184855 -0.5755397741376501 0.5035973023704439 -0.527578126292846
18.96 -0.9592329568960835 -0.5995205980600522 0.3836931827584334 -0.5035973023704439
18.98 -0.8633096612064751 -0.6235014219824543 0.21582741530161878 -0.45563565452563964
19.0 -0.7434055415944647 -0.5995205980600522 0.0 -0.3597123588360313
19.02 -0.527578126292846 -0.5755397741376501 -0.263789063146423 -0.263789063146423
19.04 -0.263789063146423 -0.527578126292846 -0.527578126292846 -0.1918465913792167
19.06 0.0 -0.4796164784480417 -0.839328837284073 -0.11990411961201043
19.08 0.263789063146423 -0.43165483060323756 -1.0071946047408877 -0.07194247176720626
19.1 0.527578126292846 -0.3836931827584334 -1.1990411961201044 -0.07194247176720626
19.12 0.7194247176720626 -0.3597123588360313 -1.2470028439649086 -0.07194247176720626
19.14 0.9592329568960835 -0.3357315349136292 -1.2949644918097127 -0.047961647844804174
19.16 1.103117900430496 -0.28776988706882506 -1.2470028439649086 -0.047961647844804174
19.18 1.2470028439649086 -0.23980823922402086 -1.2230220200425064 -0.023980823922402087
19.2 1.3189453157321147 -0.21582741530161878 -1.103117900430496 -0.023980823922402087
19.22 1.414868611421723 -0.1678657674568146 -1.0071946047408877 -0.0
19.24 1.414868611421723 -0.11990411961201043 -0.839328837284073 -0.0
19.26 1.414868611421723 -0.09592329568960835 -0.6714630698272585 -0.0
19.28 1.3669069635769189 -0.07194247176720626 -0.5035973023704439 -0.0
19.3 1.3669069635769189 -0.09592329568960835 -0.31175071099122714 -0.0
19.32 1.2949644918097127 -0.14388494353441253 -0.11990411961201043 -0.0
19.34 1.2470028439649086 -0.1918465913792167 0.047961647844804174 -0.0
19.36 1.1510795482753002 -0.1918465913792167 0.21582741530161878 -0.0
19.38 1.0311754286632897 -0.1918465913792167 0.43165483060323756 -0.0
19.4 0.9112713090512793 -0.1918465913792167 0.6235014219824543 -0.0
19.42 0.7913671894392689 -0.1678657674568146 0.8633096612064751 -0.0
19.44 0.6474822459048564 -0.1678657674568146 1.0071946047408877 -0.0
19.46 0.5035973023704439 -0.1678657674568146 1.1750603721977022 -0.0
19.48 0.3597123588360313 -0.1678657674568146 1.2230220200425064 -0.0
19.5 0.23980823922402086 -0.1678657674568146 1.2949644918097127 -0.0
19.52 0.14388494353441253 -0.1918465913792167 1.2470028439649086 -0.0
19.54 0.047961647844804174 -0.21582741530161878 1.2470028439649086 -0.0
19.56 0.0 -0.23980823922402086 1.127098724352898 0.023980823922402087
19.58 -0.047961647844804174 -0.28776988706882506 1.0071946047408877 0.047961647844804174
19.6 -0.11990411961201043 -0.3597123588360313 0.7673863655168668 0.07194247176720626
19.62 -0.21582741530161878 -0.45563565452563964 0.527578126292846 0.11990411961201043
19.64 -0.263789063146423 -0.551558950215248 0.28776988706882506 0.1678657674568146
19.66 -0.3357315349136292 -0.6474822459048564 0.023980823922402087 0.263789063146423
19.68 -0.3836931827584334 -0.7434055415944647 -0.14388494353441253 0.3357315349136292
19.7 -0.45563565452563964 -0.839328837284073 -0.31175071099122714 0.43165483060323756
19.72 -0.527578126292846 -0.8872904851288772 -0.3836931827584334 0.43165483060323756
19.74 -0.5755397741376501 -0.9112713090512793 -0.43165483060323756 0.4076740066808355
19.76 -0.5995205980600522 -0.839328837284073 -0.4076740066808355 0.263789063146423
19.78 -0.5995205980600522 -0.7434055415944647 -0.3597123588360313 0.11990411961201043
19.8 -0.5755397741376501 -0.5755397741376501 -0.263789063146423 -0.047961647844804174
19.82 -0.551558950215248 -0.3836931827584334 -0.21582741530161878 -0.31175071099122714
19.84 -0.5035973023704439 -0.1678657674568146 -0.14388494353441253 -0.551558950215248
19.86 -0.45563565452563964 0.047961647844804174 -0.09592329568960835 -0.815348013361671
19.88 -0.4076740066808355 0.263789063146423 -0.09592329568960835 -0.9832137808184855
19.9 -0.3597123588360313 0.5035973023704439 -0.07194247176720626 -1.127098724352898
19.92 -0.31175071099122714 0.6714630698272585 -0.047961647844804174 -1.1750603721977022
19.94 -0.263789063146423 0.8872904851288772 -0.023980823922402087 -1.2470028439649086
19.96 -0.23980823922402086 1.0071946047408877 -0.023980823922402087 -1.1990411961201044
19.98 -0.1918465913792167 1.1750603721977022 0.0 -1.1750603721977022
20.0 -0.1918465913792167 1.2470028439649086 0.0 -1.055156252585692
