0.0 0.0 -0.09491525423728814 -0.10847457627118645 -0.0
0.02 0.0 -0.09491525423728814 -0.10847457627118645 0.10847457627118645
0.04 0.7593220338983051 0.7728813559322034 -1.6271186440677967 -1.6135593220338984
0.06 0.5694915254237288 0.6779661016949153 -0.6779661016949153 -0.9491525423728815
0.08 1.993220338983051 2.0067796610169495 -3.44406779661017 -3.4305084745762717
0.1 1.1389830508474577 1.4372881355932206 -1.5322033898305085 -1.8033898305084748
0.12 2.3728813559322037 2.576271186440678 -3.633898305084746 -3.810169491525424
0.14 1.7084745762711866 1.9118644067796613 -1.6271186440677967 -1.993220338983051
0.16 2.657627118644068 2.8610169491525426 -3.728813559322034 -3.6203389830508477
0.18 1.898305084745763 2.1016949152542375 -1.6271186440677967 -1.898305084745763
0.2 2.752542372881356 2.8610169491525426 -3.44406779661017 -3.5254237288135597
0.22 1.993220338983051 2.1016949152542375 -1.5322033898305085 -1.898305084745763
0.24 2.657627118644068 2.8610169491525426 -3.349152542372882 -3.5254237288135597
0.26 1.898305084745763 2.0067796610169495 -1.5322033898305085 -1.8033898305084748
0.28 2.56271186440678 2.7661016949152546 -3.2542372881355934 -3.4305084745762717
0.3 1.8033898305084748 2.0067796610169495 -1.5322033898305085 -1.8033898305084748
0.32 2.4677966101694917 2.7661016949152546 -3.2542372881355934 -3.4305084745762717
0.34 1.7084745762711866 2.0067796610169495 -1.722033898305085 -1.898305084745763
0.36 2.3728813559322037 2.671186440677966 -3.1593220338983055 -3.3355932203389833
0.38 1.6135593220338984 1.9118644067796613 -1.6271186440677967 -1.7084745762711866
0.4 2.3728813559322037 2.576271186440678 -2.955932203389831 -3.2406779661016953
0.42 1.7084745762711866 1.816949152542373 -1.5322033898305085 -1.8033898305084748
0.44 2.2779661016949153 2.4813559322033902 -2.955932203389831 -3.050847457627119
0.46 1.6135593220338984 1.816949152542373 -1.5322033898305085 -1.6135593220338984
0.48 2.1830508474576273 2.4813559322033902 -2.8610169491525426 -2.8474576271186445
0.5 1.5186440677966102 1.816949152542373 -1.5322033898305085 -1.6135593220338984
0.52 2.1830508474576273 2.386440677966102 -2.671186440677966 -2.8474576271186445
0.54 1.6135593220338984 1.816949152542373 -1.4372881355932206 -1.5186440677966102
0.56 2.0881355932203394 2.386440677966102 -2.576271186440678 -2.657627118644068
0.58 1.5186440677966102 1.816949152542373 -1.4372881355932206 -1.4237288135593222
0.6 1.993220338983051 2.1966101694915254 -2.386440677966102 -2.56271186440678
0.62 1.5186440677966102 1.6271186440677967 -1.3423728813559324 -1.5186440677966102
0.64 1.898305084745763 2.1966101694915254 -2.386440677966102 -2.4677966101694917
0.66 1.4237288135593222 1.6271186440677967 -1.3423728813559324 -1.5186440677966102
0.68 1.8033898305084748 2.0067796610169495 -2.1966101694915254 -2.3728813559322037
0.7 1.4237288135593222 1.5322033898305085 -1.3423728813559324 -1.328813559322034
0.72 1.7084745762711866 1.9118644067796613 -2.1016949152542375 -2.1830508474576273
0.74 1.2338983050847459 1.5322033898305085 -1.2474576271186442 -1.328813559322034
0.76 1.6135593220338984 1.722033898305085 -1.9118644067796613 -2.0881355932203394
0.78 1.2338983050847459 1.3423728813559324 -1.152542372881356 -1.2338983050847459
0.8 1.5186440677966102 1.6271186440677967 -1.9118644067796613 -1.898305084745763
0.82 1.1389830508474577 1.3423728813559324 -1.152542372881356 -1.2338983050847459
0.84 1.4237288135593222 1.6271186440677967 -1.6271186440677967 -1.8033898305084748
0.86 1.1389830508474577 1.3423728813559324 -1.057627118644068 -1.1389830508474577
0.88 1.2338983050847459 1.5322033898305085 -1.4372881355932206 -1.6135593220338984
0.9 0.9491525423728815 1.2474576271186442 -0.9627118644067798 -1.0440677966101697
0.92 1.1389830508474577 1.4372881355932206 -1.2474576271186442 -1.328813559322034
0.94 0.9491525423728815 1.152542372881356 -0.8677966101694916 -0.9491525423728815
0.96 1.0440677966101697 1.152542372881356 -0.9627118644067798 -1.1389830508474577
0.98 0.8542372881355933 1.057627118644068 -0.6779661016949153 -1.1389830508474577
1.0 0.8542372881355933 1.057627118644068 -0.7728813559322034 -1.0440677966101697
1.02 0.664406779661017 0.9627118644067798 -0.6779661016949153 -0.8542372881355933
1.04 0.5694915254237288 0.8677966101694916 -0.5830508474576271 -0.664406779661017
1.06 0.5694915254237288 0.7728813559322034 -0.5830508474576271 -0.664406779661017
1.08 0.47457627118644075 0.7728813559322034 -0.48813559322033906 -0.664406779661017
1.1 0.47457627118644075 0.7728813559322034 -0.5830508474576271 -0.7593220338983051
1.12 0.47457627118644075 0.7728813559322034 -0.48813559322033906 -0.664406779661017
1.14 0.5694915254237288 0.6779661016949153 -0.48813559322033906 -0.664406779661017
1.16 0.47457627118644075 0.6779661016949153 -0.48813559322033906 -0.664406779661017
1.18 0.47457627118644075 0.6779661016949153 -0.48813559322033906 -0.664406779661017
1.2 0.47457627118644075 0.6779661016949153 -0.5830508474576271 -0.664406779661017
1.22 0.5694915254237288 0.6779661016949153 -0.48813559322033906 -0.664406779661017
1.24 0.47457627118644075 0.5830508474576271 -0.48813559322033906 -0.664406779661017
1.26 0.47457627118644075 0.5830508474576271 -0.48813559322033906 -0.664406779661017
1.28 0.5694915254237288 0.5830508474576271 -0.6779661016949153 -0.664406779661017
1.3 0.5694915254237288 0.5830508474576271 -0.5830508474576271 -0.664406779661017
1.32 1.0440677966101697 0.5830508474576271 -1.152542372881356 -0.664406779661017
1.34 0.9491525423728815 0.5830508474576271 -0.8677966101694916 -0.664406779661017
1.36 1.7084745762711866 0.6779661016949153 -1.6271186440677967 -0.7593220338983051
1.38 1.328813559322034 0.5830508474576271 -1.057627118644068 -0.7593220338983051
1.4 2.3728813559322037 0.5830508474576271 -2.1016949152542375 -0.664406779661017
1.42 1.898305084745763 0.5830508474576271 -1.2474576271186442 -0.664406779661017
1.44 3.050847457627119 0.48813559322033906 -2.291525423728814 -0.664406779661017
1.46 2.2779661016949153 0.48813559322033906 -1.2474576271186442 -0.664406779661017
1.48 3.5254237288135597 0.48813559322033906 -2.291525423728814 -0.664406779661017
1.5 2.657627118644068 0.5830508474576271 -1.2474576271186442 -0.664406779661017
1.52 3.6203389830508477 0.39322033898305087 -2.0067796610169495 -0.664406779661017
1.54 2.752542372881356 0.48813559322033906 -1.152542372881356 -0.664406779661017
1.56 3.6203389830508477 0.39322033898305087 -1.4372881355932206 -0.664406779661017
1.58 2.752542372881356 0.39322033898305087 -0.9627118644067798 -0.664406779661017
1.6 3.4305084745762717 0.2983050847457627 -1.057627118644068 -0.664406779661017
1.62 2.56271186440678 0.2983050847457627 -0.7728813559322034 -0.664406779661017
1.64 3.050847457627119 0.2033898305084746 -0.39322033898305087 -0.664406779661017
1.66 2.2779661016949153 0.2033898305084746 -0.48813559322033906 -0.664406779661017
1.68 2.4677966101694917 -0.0 0.47457627118644075 -0.664406779661017
1.7 1.898305084745763 0.10847457627118645 0.09491525423728814 -0.664406779661017
1.72 1.898305084745763 -0.18983050847457628 1.2338983050847459 -0.664406779661017
1.74 1.5186440677966102 -0.09491525423728814 0.47457627118644075 -0.664406779661017
1.76 1.328813559322034 -0.2847457627118644 1.898305084745763 -0.664406779661017
1.78 1.1389830508474577 -0.18983050847457628 0.7593220338983051 -0.664406779661017
1.8 0.664406779661017 -0.47457627118644075 2.0881355932203394 -0.5694915254237288
1.82 0.664406779661017 -0.2847457627118644 0.8542372881355933 -0.5694915254237288
1.84 0.0 -0.7593220338983051 2.2779661016949153 -0.5694915254237288
1.86 0.09491525423728814 -0.47457627118644075 1.0440677966101697 -0.5694915254237288
1.88 -0.6779661016949153 -0.8542372881355933 2.0881355932203394 -0.47457627118644075
1.9 -0.39322033898305087 -0.5694915254237288 0.8542372881355933 -0.47457627118644075
1.92 -1.057627118644068 -1.2338983050847459 1.5186440677966102 -0.2847457627118644
1.94 -0.5830508474576271 -0.9491525423728815 0.5694915254237288 -0.2847457627118644
1.96 -1.2474576271186442 -1.898305084745763 0.7593220338983051 -0.0
1.98 -0.6779661016949153 -1.4237288135593222 0.18983050847457628 -0.09491525423728814
2.0 -1.3423728813559324 -2.657627118644068 -0.2983050847457627 0.39322033898305087
2.02 -0.7728813559322034 -1.898305084745763 -0.2983050847457627 0.10847457627118645
2.04 -1.5322033898305085 -3.5254237288135597 -1.4372881355932206 0.6779661016949153
2.06 -0.9627118644067798 -2.56271186440678 -0.9627118644067798 0.2033898305084746
2.08 -1.816949152542373 -4.094915254237288 -1.5322033898305085 0.8677966101694916
2.1 -1.152542372881356 -2.9423728813559324 -0.9627118644067798 0.2983050847457627
2.12 -2.0067796610169495 -3.3355932203389833 -1.3423728813559324 0.2033898305084746
2.14 -1.3423728813559324 -2.2779661016949153 -0.8677966101694916 -0.0
2.16 -1.816949152542373 -1.7084745762711866 -0.9627118644067798 -1.0440677966101697
2.18 -1.152542372881356 -1.1389830508474577 -0.6779661016949153 -0.8542372881355933
2.2 -1.4372881355932206 0.48813559322033906 -0.6779661016949153 -2.4677966101694917
2.22 -0.8677966101694916 0.39322033898305087 -0.5830508474576271 -1.5186440677966102
2.24 -1.057627118644068 2.386440677966102 -0.5830508474576271 -3.3355932203389833
2.26 -0.5830508474576271 1.9118644067796613 -0.48813559322033906 -1.8033898305084748
2.28 -0.7728813559322034 4.013559322033899 -0.48813559322033906 -3.4305084745762717
2.3 -0.39322033898305087 2.955932203389831 -0.48813559322033906 -1.898305084745763
2.32 -0.5830508474576271 5.057627118644068 -0.48813559322033906 -3.4305084745762717
2.34 -0.39322033898305087 3.633898305084746 -0.39322033898305087 -1.8033898305084748
2.36 -0.48813559322033906 5.627118644067798 -0.39322033898305087 -2.9423728813559324
2.38 -0.2983050847457627 4.013559322033899 -0.39322033898305087 -1.7084745762711866
2.4 -0.39322033898305087 5.8169491525423735 -0.39322033898305087 -2.3728813559322037
2.42 -0.2983050847457627 4.1084745762711865 -0.39322033898305087 -1.5186440677966102
2.44 -0.39322033898305087 5.627118644067798 -0.48813559322033906 -1.4237288135593222
2.46 -0.2033898305084746 4.013559322033899 -0.48813559322033906 -1.1389830508474577
2.48 -0.39322033898305087 5.247457627118645 -0.48813559322033906 -0.47457627118644075
2.5 -0.2033898305084746 3.728813559322034 -0.48813559322033906 -0.5694915254237288
2.52 -0.39322033898305087 4.488135593220339 -0.39322033898305087 0.6779661016949153
2.54 -0.2033898305084746 3.349152542372882 -0.39322033898305087 0.2983050847457627
2.56 -0.39322033898305087 3.538983050847458 -0.39322033898305087 1.816949152542373
2.58 -0.2033898305084746 2.671186440677966 -0.39322033898305087 0.7728813559322034
2.6 -0.48813559322033906 2.576271186440678 -0.39322033898305087 2.386440677966102
2.62 -0.2033898305084746 2.1016949152542375 -0.39322033898305087 0.9627118644067798
2.64 -0.5830508474576271 1.816949152542373 -0.2983050847457627 2.7661016949152546
2.66 -0.2983050847457627 1.4372881355932206 -0.2983050847457627 1.2474576271186442
2.68 -0.7728813559322034 0.9627118644067798 -0.2033898305084746 2.671186440677966
2.7 -0.48813559322033906 0.9627118644067798 -0.2983050847457627 1.152542372881356
2.72 -1.2474576271186442 0.39322033898305087 -0.2033898305084746 2.1966101694915254
2.74 -0.8677966101694916 0.39322033898305087 -0.10847457627118645 0.9627118644067798
2.76 -1.722033898305085 -0.47457627118644075 0.0 1.2474576271186442
2.78 -1.152542372881356 -0.2847457627118644 -0.10847457627118645 0.48813559322033906
2.8 -2.4813559322033902 -1.0440677966101697 0.2847457627118644 -0.09491525423728814
2.82 -1.5322033898305085 -0.7593220338983051 0.0 -0.18983050847457628
2.84 -3.2542372881355934 -1.7084745762711866 0.5694915254237288 -1.2338983050847459
2.86 -2.1966101694915254 -1.1389830508474577 0.09491525423728814 -0.9491525423728815
2.88 -4.013559322033899 -1.993220338983051 0.7593220338983051 -1.8033898305084748
2.9 -2.8610169491525426 -1.328813559322034 0.18983050847457628 -1.2338983050847459
2.92 -3.2542372881355934 -2.0881355932203394 0.09491525423728814 -1.4237288135593222
2.94 -2.291525423728814 -1.328813559322034 -0.10847457627118645 -0.8542372881355933
2.96 -1.5322033898305085 -1.993220338983051 -1.152542372881356 -1.0440677966101697
2.98 -0.6779661016949153 -1.2338983050847459 -0.8677966101694916 -0.7593220338983051
3.0 0.7593220338983051 -1.6135593220338984 -2.4813559322033902 -0.8542372881355933
3.02 0.7593220338983051 -1.0440677966101697 -1.4372881355932206 -0.7593220338983051
3.04 2.8474576271186445 -1.2338983050847459 -3.050847457627119 -0.7593220338983051
3.06 2.0881355932203394 -0.8542372881355933 -1.5322033898305085 -0.664406779661017
3.08 4.284745762711865 -1.1389830508474577 -3.349152542372882 -0.664406779661017
3.1 3.050847457627119 -0.664406779661017 -1.816949152542373 -0.5694915254237288
3.12 5.233898305084746 -0.7593220338983051 -3.1593220338983055 -0.664406779661017
3.14 3.6203389830508477 -0.47457627118644075 -1.722033898305085 -0.5694915254237288
3.16 5.613559322033899 -0.5694915254237288 -2.7661016949152546 -0.664406779661017
3.18 3.810169491525424 -0.37966101694915255 -1.5322033898305085 -0.5694915254237288
3.2 5.708474576271187 -0.5694915254237288 -2.1016949152542375 -0.5694915254237288
3.22 4.0 -0.5694915254237288 -1.2474576271186442 -0.5694915254237288
3.24 5.613559322033899 -0.7593220338983051 -1.2474576271186442 -0.5694915254237288
3.26 3.9050847457627125 -0.5694915254237288 -0.8677966101694916 -0.5694915254237288
3.28 5.04406779661017 -0.5694915254237288 -0.2033898305084746 -0.5694915254237288
3.3 3.5254237288135597 -0.37966101694915255 -0.2033898305084746 -0.5694915254237288
3.32 4.189830508474577 -0.47457627118644075 1.0440677966101697 -0.5694915254237288
3.34 2.9423728813559324 -0.18983050847457628 0.47457627118644075 -0.5694915254237288
3.36 3.3355932203389833 -0.37966101694915255 1.898305084745763 -0.5694915254237288
3.38 2.3728813559322037 -0.18983050847457628 0.7593220338983051 -0.5694915254237288
3.4 2.3728813559322037 -0.5694915254237288 2.56271186440678 -0.37966101694915255
3.42 1.898305084745763 -0.37966101694915255 1.1389830508474577 -0.37966101694915255
3.44 1.4237288135593222 -0.664406779661017 2.8474576271186445 -0.37966101694915255
3.46 1.328813559322034 -0.47457627118644075 1.2338983050847459 -0.47457627118644075
3.48 0.7593220338983051 -1.0440677966101697 2.8474576271186445 -0.18983050847457628
3.5 0.7593220338983051 -0.7593220338983051 1.1389830508474577 -0.2847457627118644
3.52 0.0 -1.5186440677966102 2.1830508474576273 -0.09491525423728814
3.54 0.09491525423728814 -1.1389830508474577 0.8542372881355933 -0.18983050847457628
3.56 -0.6779661016949153 -2.1830508474576273 0.9491525423728815 0.10847457627118645
3.58 -0.39322033898305087 -1.6135593220338984 0.37966101694915255 -0.0
3.6 -1.057627118644068 -2.9423728813559324 -0.2983050847457627 0.48813559322033906
3.62 -0.5830508474576271 -2.0881355932203394 -0.2983050847457627 0.10847457627118645
3.64 -1.5322033898305085 -3.9050847457627125 -1.6271186440677967 0.9627118644067798
3.66 -0.8677966101694916 -2.752542372881356 -1.057627118644068 0.2983050847457627
3.68 -1.9118644067796613 -4.474576271186441 -1.816949152542373 1.152542372881356
3.7 -1.152542372881356 -3.145762711864407 -1.057627118644068 0.39322033898305087
3.72 -2.1016949152542375 -3.715254237288136 -1.4372881355932206 0.48813559322033906
3.74 -1.3423728813559324 -2.657627118644068 -0.9627118644067798 0.10847457627118645
3.76 -1.9118644067796613 -1.898305084745763 -0.9627118644067798 -0.9491525423728815
3.78 -1.152542372881356 -1.1389830508474577 -0.6779661016949153 -0.7593220338983051
3.8 -1.6271186440677967 0.39322033898305087 -0.6779661016949153 -2.56271186440678
3.82 -0.9627118644067798 0.39322033898305087 -0.5830508474576271 -1.5186440677966102
3.84 -1.057627118644068 2.4813559322033902 -0.5830508474576271 -3.3355932203389833
3.86 -0.6779661016949153 1.9118644067796613 -0.48813559322033906 -1.898305084745763
3.88 -0.7728813559322034 4.298305084745763 -0.48813559322033906 -3.6203389830508477
3.9 -0.48813559322033906 3.1593220338983055 -0.39322033898305087 -1.993220338983051
3.92 -0.6779661016949153 5.342372881355932 -0.48813559322033906 -3.5254237288135597
3.94 -0.48813559322033906 3.9186440677966106 -0.48813559322033906 -1.993220338983051
3.96 -0.5830508474576271 6.0067796610169495 -0.48813559322033906 -3.145762711864407
3.98 -0.2983050847457627 4.298305084745763 -0.48813559322033906 -1.8033898305084748
4.0 -0.48813559322033906 6.210169491525424 -0.39322033898305087 -2.3728813559322037
4.02 -0.2033898305084746 4.488135593220339 -0.48813559322033906 -1.5186440677966102
4.04 -0.48813559322033906 5.911864406779662 -0.5830508474576271 -1.5186440677966102
4.06 -0.2983050847457627 4.298305084745763 -0.48813559322033906 -1.1389830508474577
4.08 -0.39322033898305087 5.532203389830509 -0.48813559322033906 -0.47457627118644075
4.1 -0.2033898305084746 4.1084745762711865 -0.48813559322033906 -0.47457627118644075
4.12 -0.39322033898305087 4.867796610169492 -0.48813559322033906 0.8677966101694916
4.14 -0.2033898305084746 3.538983050847458 -0.39322033898305087 0.2983050847457627
4.16 -0.48813559322033906 3.8237288135593226 -0.39322033898305087 2.0067796610169495
4.18 -0.2033898305084746 2.8610169491525426 -0.39322033898305087 0.8677966101694916
4.2 -0.48813559322033906 2.955932203389831 -0.39322033898305087 2.671186440677966
4.22 -0.2983050847457627 2.291525423728814 -0.39322033898305087 1.152542372881356
4.24 -0.5830508474576271 1.9118644067796613 -0.2983050847457627 3.050847457627119
4.26 -0.39322033898305087 1.6271186440677967 -0.2983050847457627 1.3423728813559324
4.28 -0.9627118644067798 1.057627118644068 -0.2983050847457627 3.050847457627119
4.3 -0.5830508474576271 1.057627118644068 -0.2983050847457627 1.2474576271186442
4.32 -1.3423728813559324 0.39322033898305087 -0.10847457627118645 2.291525423728814
4.34 -0.9627118644067798 0.39322033898305087 -0.2033898305084746 0.9627118644067798
4.36 -2.0067796610169495 -0.37966101694915255 0.09491525423728814 1.2474576271186442
4.38 -1.3423728813559324 -0.18983050847457628 -0.10847457627118645 0.48813559322033906
4.4 -2.7661016949152546 -1.0440677966101697 0.37966101694915255 -0.18983050847457628
4.42 -1.816949152542373 -0.664406779661017 0.0 -0.18983050847457628
4.44 -3.728813559322034 -1.6135593220338984 0.7593220338983051 -1.6135593220338984
4.46 -2.4813559322033902 -1.0440677966101697 0.18983050847457628 -1.0440677966101697
4.48 -4.488135593220339 -2.1830508474576273 1.1389830508474577 -1.898305084745763
4.5 -3.2542372881355934 -1.4237288135593222 0.37966101694915255 -1.2338983050847459
4.52 -3.728813559322034 -2.2779661016949153 0.37966101694915255 -1.7084745762711866
4.54 -2.576271186440678 -1.5186440677966102 0.0 -1.0440677966101697
4.56 -2.0067796610169495 -2.0881355932203394 -0.8677966101694916 -1.1389830508474577
4.58 -1.152542372881356 -1.328813559322034 -0.7728813559322034 -0.8542372881355933
4.6 0.5694915254237288 -1.7084745762711866 -2.386440677966102 -0.8542372881355933
4.62 0.664406779661017 -1.1389830508474577 -1.3423728813559324 -0.664406779661017
4.64 2.4677966101694917 -1.4237288135593222 -3.1593220338983055 -0.7593220338983051
4.66 1.898305084745763 -1.6135593220338984 -1.722033898305085 -0.7593220338983051
4.68 4.094915254237288 -1.1389830508474577 -3.44406779661017 -0.7593220338983051
4.7 2.9423728813559324 -0.7593220338983051 -1.816949152542373 -0.664406779661017
4.72 5.04406779661017 -0.8542372881355933 -3.349152542372882 -0.664406779661017
4.74 3.6203389830508477 -0.47457627118644075 -1.816949152542373 -0.664406779661017
4.76 5.708474576271187 -0.664406779661017 -2.955932203389831 -0.5694915254237288
4.78 3.9050847457627125 -0.47457627118644075 -1.6271186440677967 -0.5694915254237288
4.8 5.708474576271187 -0.47457627118644075 -2.291525423728814 -0.5694915254237288
4.82 4.0 -0.47457627118644075 -1.4372881355932206 -0.5694915254237288
4.84 5.613559322033899 -0.7593220338983051 -1.4372881355932206 -0.5694915254237288
4.86 3.9050847457627125 -0.5694915254237288 -0.9627118644067798 -0.5694915254237288
4.88 5.233898305084746 -0.7593220338983051 -0.5830508474576271 -0.5694915254237288
4.9 3.6203389830508477 -0.47457627118644075 -0.48813559322033906 -0.5694915254237288
4.92 4.474576271186441 -0.5694915254237288 0.664406779661017 -0.5694915254237288
4.94 3.145762711864407 -0.2847457627118644 0.18983050847457628 -0.5694915254237288
4.96 3.5254237288135597 -0.37966101694915255 1.6135593220338984 -0.5694915254237288
4.98 2.56271186440678 -0.18983050847457628 0.5694915254237288 -0.47457627118644075
5.0 2.56271186440678 -0.47457627118644075 2.3728813559322037 -0.37966101694915255
5.02 1.898305084745763 -0.18983050847457628 1.0440677966101697 -0.47457627118644075
5.04 1.7084745762711866 -0.664406779661017 2.657627118644068 -0.37966101694915255
5.06 1.4237288135593222 -0.37966101694915255 1.1389830508474577 -0.37966101694915255
5.08 0.9491525423728815 -0.8542372881355933 2.657627118644068 -0.2847457627118644
5.1 0.8542372881355933 -0.664406779661017 1.1389830508474577 -0.37966101694915255
5.12 0.18983050847457628 -1.4237288135593222 2.0881355932203394 -0.18983050847457628
5.14 0.2847457627118644 -1.0440677966101697 0.7593220338983051 -0.18983050847457628
5.16 -0.5830508474576271 -1.993220338983051 1.1389830508474577 0.10847457627118645
5.18 -0.2983050847457627 -1.4237288135593222 0.37966101694915255 -0.0
5.2 -1.057627118644068 -2.657627118644068 -0.10847457627118645 0.2983050847457627
5.22 -0.5830508474576271 -1.898305084745763 -0.2033898305084746 0.10847457627118645
5.24 -1.5322033898305085 -3.5254237288135597 -1.3423728813559324 0.7728813559322034
5.26 -0.9627118644067798 -2.56271186440678 -0.9627118644067798 0.2983050847457627
5.28 -1.816949152542373 -4.0 -1.5322033898305085 0.8677966101694916
5.3 -1.057627118644068 -2.8474576271186445 -0.9627118644067798 0.2033898305084746
5.32 -2.0067796610169495 -3.3355932203389833 -1.2474576271186442 0.2033898305084746
5.34 -1.2474576271186442 -2.2779661016949153 -0.7728813559322034 -0.09491525423728814
5.36 -1.722033898305085 -1.6135593220338984 -0.8677966101694916 -1.0440677966101697
5.38 -1.057627118644068 -0.9491525423728815 -0.6779661016949153 -0.8542372881355933
5.4 -1.4372881355932206 0.6779661016949153 -0.6779661016949153 -2.56271186440678
5.42 -0.8677966101694916 0.5830508474576271 -0.48813559322033906 -1.5186440677966102
5.44 -1.057627118644068 2.4813559322033902 -0.5830508474576271 -3.145762711864407
5.46 -0.5830508474576271 2.0067796610169495 -0.48813559322033906 -1.7084745762711866
5.48 -0.8677966101694916 4.203389830508475 -0.48813559322033906 -3.4305084745762717
5.5 -0.48813559322033906 3.050847457627119 -0.48813559322033906 -1.898305084745763
5.52 -0.5830508474576271 5.152542372881356 -0.39322033898305087 -3.3355932203389833
5.54 -0.39322033898305087 3.728813559322034 -0.48813559322033906 -1.898305084745763
5.56 -0.48813559322033906 5.722033898305085 -0.39322033898305087 -2.9423728813559324
5.58 -0.2983050847457627 4.203389830508475 -0.39322033898305087 -1.7084745762711866
5.6 -0.48813559322033906 6.0067796610169495 -0.5830508474576271 -2.2779661016949153
5.62 -0.2983050847457627 4.298305084745763 -0.48813559322033906 -1.4237288135593222
5.64 -0.39322033898305087 5.8169491525423735 -0.48813559322033906 -1.328813559322034
5.66 -0.2033898305084746 4.1084745762711865 -0.48813559322033906 -1.0440677966101697
5.68 -0.39322033898305087 5.247457627118645 -0.48813559322033906 -0.2847457627118644
5.7 -0.2983050847457627 3.8237288135593226 -0.48813559322033906 -0.2847457627118644
5.72 -0.39322033898305087 4.488135593220339 -0.39322033898305087 1.152542372881356
5.74 -0.2033898305084746 3.349152542372882 -0.39322033898305087 0.48813559322033906
5.76 -0.39322033898305087 3.633898305084746 -0.39322033898305087 2.0067796610169495
5.78 -0.2033898305084746 2.7661016949152546 -0.39322033898305087 0.7728813559322034
5.8 -0.48813559322033906 2.671186440677966 -0.39322033898305087 2.671186440677966
5.82 -0.2983050847457627 2.1966101694915254 -0.39322033898305087 1.152542372881356
5.84 -0.6779661016949153 1.816949152542373 -0.2983050847457627 2.955932203389831
5.86 -0.39322033898305087 1.6271186440677967 -0.2983050847457627 1.3423728813559324
5.88 -0.8677966101694916 0.9627118644067798 -0.2033898305084746 2.955932203389831
5.9 -0.6779661016949153 0.9627118644067798 -0.2983050847457627 1.2474576271186442
5.92 -1.3423728813559324 0.2983050847457627 0.0 2.1966101694915254
5.94 -0.8677966101694916 0.2983050847457627 -0.2033898305084746 0.9627118644067798
5.96 -2.0067796610169495 -0.47457627118644075 0.09491525423728814 1.2474576271186442
5.98 -1.2474576271186442 -0.2847457627118644 0.0 0.48813559322033906
6.0 -2.671186440677966 -1.0440677966101697 0.47457627118644075 -0.2847457627118644
6.02 -1.816949152542373 -0.664406779661017 0.09491525423728814 -0.2847457627118644
6.04 -3.728813559322034 -1.7084745762711866 0.8542372881355933 -1.6135593220338984
6.06 -2.4813559322033902 -1.1389830508474577 0.18983050847457628 -1.1389830508474577
6.08 -4.488135593220339 -2.1830508474576273 1.0440677966101697 -1.898305084745763
6.1 -3.2542372881355934 -1.4237288135593222 0.2847457627118644 -1.2338983050847459
6.12 -3.8237288135593226 -2.2779661016949153 0.37966101694915255 -1.6135593220338984
6.14 -2.671186440677966 -1.4237288135593222 0.0 -1.0440677966101697
6.16 -1.9118644067796613 -2.0881355932203394 -0.9627118644067798 -1.1389830508474577
6.18 -1.057627118644068 -1.328813559322034 -0.8677966101694916 -0.7593220338983051
6.2 0.7593220338983051 -1.7084745762711866 -2.386440677966102 -0.8542372881355933
6.22 0.664406779661017 -1.1389830508474577 -1.4372881355932206 -0.664406779661017
6.24 2.752542372881356 -1.4237288135593222 -3.2542372881355934 -0.8542372881355933
6.26 2.0881355932203394 -0.9491525423728815 -1.6271186440677967 -0.7593220338983051
6.28 4.284745762711865 -1.1389830508474577 -3.349152542372882 -0.7593220338983051
6.3 3.145762711864407 -0.7593220338983051 -1.816949152542373 -0.664406779661017
6.32 5.328813559322034 -0.7593220338983051 -3.44406779661017 -0.664406779661017
6.34 3.810169491525424 -0.47457627118644075 -1.9118644067796613 -0.5694915254237288
6.36 5.8033898305084755 -0.664406779661017 -2.8610169491525426 -0.664406779661017
6.38 4.094915254237288 -0.37966101694915255 -1.6271186440677967 -0.5694915254237288
6.4 5.898305084745763 -0.5694915254237288 -2.291525423728814 -0.5694915254237288
6.42 4.094915254237288 -0.5694915254237288 -1.4372881355932206 -0.5694915254237288
6.44 5.8033898305084755 -0.664406779661017 -1.3423728813559324 -0.5694915254237288
6.46 4.094915254237288 -0.5694915254237288 -0.9627118644067798 -0.5694915254237288
6.48 5.328813559322034 -0.7593220338983051 -0.2983050847457627 -0.5694915254237288
6.5 3.715254237288136 -0.47457627118644075 -0.2983050847457627 -0.5694915254237288
6.52 4.56949152542373 -0.47457627118644075 1.0440677966101697 -0.5694915254237288
6.54 3.2406779661016953 -0.2847457627118644 0.37966101694915255 -0.5694915254237288
6.56 3.6203389830508477 -0.37966101694915255 1.8033898305084748 -0.5694915254237288
6.58 2.56271186440678 -0.18983050847457628 0.7593220338983051 -0.47457627118644075
6.6 2.56271186440678 -0.47457627118644075 2.657627118644068 -0.37966101694915255
6.62 1.898305084745763 -0.2847457627118644 1.0440677966101697 -0.37966101694915255
6.64 1.7084745762711866 -0.664406779661017 2.8474576271186445 -0.37966101694915255
6.66 1.4237288135593222 -0.37966101694915255 1.2338983050847459 -0.47457627118644075
6.68 0.8542372881355933 -1.0440677966101697 2.8474576271186445 -0.18983050847457628
6.7 0.8542372881355933 -0.7593220338983051 1.2338983050847459 -0.2847457627118644
6.72 0.09491525423728814 -1.5186440677966102 2.1830508474576273 -0.09491525423728814
6.74 0.18983050847457628 -1.2338983050847459 0.9491525423728815 -0.18983050847457628
6.76 -0.5830508474576271 -2.2779661016949153 1.0440677966101697 0.10847457627118645
6.78 -0.2983050847457627 -1.6135593220338984 0.37966101694915255 -0.0
6.8 -1.152542372881356 -3.050847457627119 -0.2033898305084746 0.5830508474576271
6.82 -0.5830508474576271 -2.1830508474576273 -0.2033898305084746 0.2033898305084746
6.84 -1.4372881355932206 -3.9050847457627125 -1.6271186440677967 0.9627118644067798
6.86 -0.8677966101694916 -2.752542372881356 -1.057627118644068 0.2983050847457627
6.88 -2.0067796610169495 -4.474576271186441 -1.816949152542373 1.152542372881356
6.9 -1.152542372881356 -3.145762711864407 -1.057627118644068 0.39322033898305087
6.92 -2.1966101694915254 -3.810169491525424 -1.4372881355932206 0.48813559322033906
6.94 -1.3423728813559324 -2.657627118644068 -0.8677966101694916 0.10847457627118645
6.96 -2.0067796610169495 -1.898305084745763 -0.9627118644067798 -0.9491525423728815
6.98 -1.152542372881356 -1.2338983050847459 -0.6779661016949153 -0.8542372881355933
7.0 -1.6271186440677967 0.39322033898305087 -0.6779661016949153 -2.4677966101694917
7.02 -0.9627118644067798 0.39322033898305087 -0.5830508474576271 -1.5186440677966102
7.04 -1.057627118644068 2.4813559322033902 -0.48813559322033906 -3.3355932203389833
7.06 -0.6779661016949153 1.9118644067796613 -0.48813559322033906 -1.898305084745763
7.08 -0.8677966101694916 4.203389830508475 -0.48813559322033906 -3.715254237288136
7.1 -0.48813559322033906 3.1593220338983055 -0.39322033898305087 -1.993220338983051
7.12 -0.7728813559322034 5.342372881355932 -0.48813559322033906 -3.5254237288135597
7.14 -0.48813559322033906 3.8237288135593226 -0.48813559322033906 -1.993220338983051
7.16 -0.48813559322033906 5.911864406779662 -0.48813559322033906 -3.050847457627119
7.18 -0.2983050847457627 4.203389830508475 -0.48813559322033906 -1.8033898305084748
7.2 -0.48813559322033906 6.210169491525424 -0.48813559322033906 -2.4677966101694917
7.22 -0.2033898305084746 4.393220338983051 -0.48813559322033906 -1.5186440677966102
7.24 -0.48813559322033906 5.8169491525423735 -0.5830508474576271 -1.5186440677966102
7.26 -0.2983050847457627 4.298305084745763 -0.48813559322033906 -1.1389830508474577
7.28 -0.39322033898305087 5.627118644067798 -0.5830508474576271 -0.47457627118644075
7.3 -0.2033898305084746 4.013559322033899 -0.48813559322033906 -0.47457627118644075
7.32 -0.39322033898305087 4.867796610169492 -0.39322033898305087 0.8677966101694916
7.34 -0.2033898305084746 3.538983050847458 -0.39322033898305087 0.2983050847457627
7.36 -0.48813559322033906 3.8237288135593226 -0.39322033898305087 2.0067796610169495
7.38 -0.2983050847457627 2.8610169491525426 -0.39322033898305087 0.8677966101694916
7.4 -0.48813559322033906 2.8610169491525426 -0.39322033898305087 2.671186440677966
7.42 -0.2983050847457627 2.291525423728814 -0.39322033898305087 1.057627118644068
7.44 -0.6779661016949153 1.9118644067796613 -0.2983050847457627 3.050847457627119
7.46 -0.39322033898305087 1.6271186440677967 -0.2983050847457627 1.3423728813559324
7.48 -0.9627118644067798 1.057627118644068 -0.2033898305084746 2.8610169491525426
7.5 -0.5830508474576271 1.057627118644068 -0.2983050847457627 1.2474576271186442
7.52 -1.3423728813559324 0.39322033898305087 -0.10847457627118645 2.291525423728814
7.54 -0.9627118644067798 0.39322033898305087 -0.2033898305084746 0.9627118644067798
7.56 -2.0067796610169495 -0.47457627118644075 0.09491525423728814 1.152542372881356
7.58 -1.3423728813559324 -0.18983050847457628 -0.10847457627118645 0.48813559322033906
7.6 -2.7661016949152546 -1.0440677966101697 0.37966101694915255 -0.18983050847457628
7.62 -1.816949152542373 -0.664406779661017 0.09491525423728814 -0.18983050847457628
7.64 -3.633898305084746 -1.7084745762711866 0.7593220338983051 -1.6135593220338984
7.66 -2.4813559322033902 -1.1389830508474577 0.18983050847457628 -1.0440677966101697
7.68 -4.488135593220339 -2.1830508474576273 1.0440677966101697 -1.898305084745763
7.7 -3.2542372881355934 -1.4237288135593222 0.37966101694915255 -1.2338983050847459
7.72 -3.8237288135593226 -2.1830508474576273 0.37966101694915255 -1.6135593220338984
7.74 -2.576271186440678 -1.4237288135593222 0.0 -1.0440677966101697
7.76 -1.9118644067796613 -2.0881355932203394 -1.057627118644068 -1.1389830508474577
7.78 -1.057627118644068 -1.328813559322034 -0.8677966101694916 -0.7593220338983051
7.8 0.7593220338983051 -1.7084745762711866 -2.386440677966102 -0.8542372881355933
7.82 0.664406779661017 -1.1389830508474577 -1.4372881355932206 -0.7593220338983051
7.84 2.752542372881356 -1.4237288135593222 -3.2542372881355934 -0.7593220338983051
7.86 2.0881355932203394 -0.9491525423728815 -1.6271186440677967 -0.7593220338983051
7.88 4.284745762711865 -1.1389830508474577 -3.349152542372882 -0.7593220338983051
7.9 3.050847457627119 -0.664406779661017 -1.816949152542373 -0.7593220338983051
7.92 5.328813559322034 -0.8542372881355933 -3.44406779661017 -0.664406779661017
7.94 3.715254237288136 -0.47457627118644075 -1.9118644067796613 -0.664406779661017
7.96 5.708474576271187 -0.664406779661017 -2.8610169491525426 -0.5694915254237288
7.98 4.0 -0.37966101694915255 -1.6271186440677967 -0.5694915254237288
8.0 5.898305084745763 -0.5694915254237288 -2.386440677966102 -0.5694915254237288
8.02 4.094915254237288 -0.5694915254237288 -1.4372881355932206 -0.5694915254237288
8.04 5.8033898305084755 -0.664406779661017 -1.3423728813559324 -0.5694915254237288
8.06 4.094915254237288 -0.664406779661017 -0.9627118644067798 -0.5694915254237288
8.08 5.328813559322034 -0.7593220338983051 -0.2983050847457627 -0.5694915254237288
8.1 3.715254237288136 -0.47457627118644075 -0.2983050847457627 -0.47457627118644075
8.12 4.474576271186441 -0.47457627118644075 1.0440677966101697 -0.5694915254237288
8.14 3.145762711864407 -0.2847457627118644 0.37966101694915255 -0.5694915254237288
8.16 3.6203389830508477 -0.37966101694915255 1.8033898305084748 -0.47457627118644075
8.18 2.56271186440678 -0.18983050847457628 0.7593220338983051 -0.47457627118644075
8.2 2.4677966101694917 -0.47457627118644075 2.56271186440678 -0.37966101694915255
8.22 1.993220338983051 -0.2847457627118644 1.0440677966101697 -0.37966101694915255
8.24 1.7084745762711866 -0.664406779661017 2.8474576271186445 -0.37966101694915255
8.26 1.328813559322034 -0.37966101694915255 1.1389830508474577 -0.37966101694915255
8.28 0.8542372881355933 -1.0440677966101697 2.8474576271186445 -0.2847457627118644
8.3 0.8542372881355933 -0.7593220338983051 1.1389830508474577 -0.2847457627118644
8.32 0.09491525423728814 -1.5186440677966102 2.0881355932203394 -0.18983050847457628
8.34 0.09491525423728814 -1.1389830508474577 0.8542372881355933 -0.18983050847457628
8.36 -0.5830508474576271 -2.2779661016949153 1.0440677966101697 0.10847457627118645
8.38 -0.2983050847457627 -1.6135593220338984 0.2847457627118644 -0.0
8.4 -1.057627118644068 -3.050847457627119 -0.2983050847457627 0.5830508474576271
8.42 -0.5830508474576271 -2.1830508474576273 -0.2983050847457627 0.10847457627118645
8.44 -1.5322033898305085 -3.9050847457627125 -1.722033898305085 0.9627118644067798
8.46 -0.9627118644067798 -2.752542372881356 -1.057627118644068 0.2983050847457627
8.48 -1.9118644067796613 -4.474576271186441 -1.816949152542373 1.152542372881356
8.5 -1.152542372881356 -3.145762711864407 -1.057627118644068 0.39322033898305087
8.52 -2.1966101694915254 -3.810169491525424 -1.4372881355932206 0.48813559322033906
8.54 -1.3423728813559324 -2.657627118644068 -0.8677966101694916 0.10847457627118645
8.56 -1.9118644067796613 -1.993220338983051 -0.9627118644067798 -0.9491525423728815
8.58 -1.152542372881356 -1.2338983050847459 -0.5830508474576271 -0.7593220338983051
8.6 -1.6271186440677967 0.2983050847457627 -0.7728813559322034 -2.4677966101694917
8.62 -0.9627118644067798 0.2983050847457627 -0.5830508474576271 -1.4237288135593222
8.64 -1.057627118644068 2.291525423728814 -0.5830508474576271 -3.2406779661016953
8.66 -0.6779661016949153 1.816949152542373 -0.48813559322033906 -1.8033898305084748
8.68 -0.8677966101694916 4.1084745762711865 -0.48813559322033906 -3.6203389830508477
8.7 -0.48813559322033906 3.050847457627119 -0.48813559322033906 -1.993220338983051
8.72 -0.7728813559322034 5.057627118644068 -0.48813559322033906 -3.6203389830508477
8.74 -0.39322033898305087 3.728813559322034 -0.48813559322033906 -1.993220338983051
8.76 -0.5830508474576271 5.722033898305085 -0.48813559322033906 -3.050847457627119
8.78 -0.2983050847457627 4.013559322033899 -0.48813559322033906 -1.8033898305084748
8.8 -0.48813559322033906 6.0067796610169495 -0.48813559322033906 -2.4677966101694917
8.82 -0.2983050847457627 4.298305084745763 -0.48813559322033906 -1.6135593220338984
8.84 -0.39322033898305087 5.911864406779662 -0.5830508474576271 -1.6135593220338984
8.86 -0.2033898305084746 4.203389830508475 -0.5830508474576271 -1.2338983050847459
8.88 -0.39322033898305087 5.532203389830509 -0.48813559322033906 -0.664406779661017
8.9 -0.2033898305084746 3.8237288135593226 -0.48813559322033906 -0.5694915254237288
8.92 -0.2983050847457627 4.867796610169492 -0.39322033898305087 0.6779661016949153
8.94 -0.2033898305084746 3.44406779661017 -0.39322033898305087 0.2033898305084746
8.96 -0.39322033898305087 3.8237288135593226 -0.39322033898305087 1.722033898305085
8.98 -0.2033898305084746 2.8610169491525426 -0.39322033898305087 0.6779661016949153
9.0 -0.39322033898305087 2.8610169491525426 -0.39322033898305087 2.386440677966102
9.02 -0.2983050847457627 2.1966101694915254 -0.39322033898305087 0.9627118644067798
9.04 -0.6779661016949153 2.0067796610169495 -0.2983050847457627 2.7661016949152546
9.06 -0.39322033898305087 1.6271186440677967 -0.2983050847457627 1.2474576271186442
9.08 -0.7728813559322034 1.057627118644068 -0.2983050847457627 2.671186440677966
9.1 -0.48813559322033906 0.9627118644067798 -0.2033898305084746 1.152542372881356
9.12 -1.152542372881356 0.39322033898305087 -0.2033898305084746 2.291525423728814
9.14 -0.8677966101694916 0.39322033898305087 -0.2033898305084746 0.9627118644067798
9.16 -1.722033898305085 -0.2847457627118644 0.0 1.152542372881356
9.18 -1.152542372881356 -0.18983050847457628 -0.10847457627118645 0.48813559322033906
9.2 -2.4813559322033902 -1.0440677966101697 0.37966101694915255 -0.0
9.22 -1.6271186440677967 -0.664406779661017 0.0 -0.09491525423728814
9.24 -3.2542372881355934 -1.5186440677966102 0.5694915254237288 -1.2338983050847459
9.26 -2.1966101694915254 -1.0440677966101697 0.09491525423728814 -0.9491525423728815
9.28 -3.9186440677966106 -2.0881355932203394 0.8542372881355933 -1.8033898305084748
9.3 -2.8610169491525426 -1.328813559322034 0.18983050847457628 -1.2338983050847459
9.32 -3.2542372881355934 -2.1830508474576273 0.09491525423728814 -1.4237288135593222
9.34 -2.1966101694915254 -1.4237288135593222 -0.10847457627118645 -0.9491525423728815
9.36 -1.4372881355932206 -1.993220338983051 -1.152542372881356 -1.0440677966101697
9.38 -0.7728813559322034 -1.2338983050847459 -0.8677966101694916 -0.7593220338983051
9.4 0.7593220338983051 -1.5186440677966102 -2.4813559322033902 -0.8542372881355933
9.42 0.7593220338983051 -1.0440677966101697 -1.4372881355932206 -0.7593220338983051
9.44 2.752542372881356 -1.328813559322034 -3.050847457627119 -0.7593220338983051
9.46 2.0881355932203394 -0.8542372881355933 -1.5322033898305085 -0.664406779661017
9.48 4.189830508474577 -1.0440677966101697 -3.349152542372882 -0.664406779661017
9.5 3.050847457627119 -0.664406779661017 -1.722033898305085 -0.664406779661017
9.52 5.138983050847458 -0.7593220338983051 -3.1593220338983055 -0.664406779661017
9.54 3.6203389830508477 -0.47457627118644075 -1.722033898305085 -0.664406779661017
9.56 5.518644067796611 -0.5694915254237288 -2.7661016949152546 -0.5694915254237288
9.58 3.810169491525424 -0.37966101694915255 -1.6271186440677967 -0.664406779661017
9.6 5.613559322033899 -0.5694915254237288 -2.1016949152542375 -0.5694915254237288
9.62 3.9050847457627125 -0.5694915254237288 -1.2474576271186442 -0.5694915254237288
9.64 5.613559322033899 -0.664406779661017 -1.152542372881356 -0.5694915254237288
9.66 3.9050847457627125 -0.5694915254237288 -0.8677966101694916 -0.5694915254237288
9.68 4.9491525423728815 -0.664406779661017 -0.2033898305084746 -0.5694915254237288
9.7 3.4305084745762717 -0.37966101694915255 -0.2983050847457627 -0.5694915254237288
9.72 4.284745762711865 -0.37966101694915255 1.0440677966101697 -0.5694915254237288
9.74 2.9423728813559324 -0.2847457627118644 0.37966101694915255 -0.5694915254237288
9.76 3.3355932203389833 -0.37966101694915255 1.8033898305084748 -0.47457627118644075
9.78 2.3728813559322037 -0.18983050847457628 0.7593220338983051 -0.5694915254237288
9.8 2.3728813559322037 -0.5694915254237288 2.56271186440678 -0.47457627118644075
9.82 1.8033898305084748 -0.2847457627118644 1.0440677966101697 -0.37966101694915255
9.84 1.5186440677966102 -0.664406779661017 2.752542372881356 -0.37966101694915255
9.86 1.2338983050847459 -0.47457627118644075 1.2338983050847459 -0.37966101694915255
9.88 0.7593220338983051 -1.0440677966101697 2.752542372881356 -0.18983050847457628
9.9 0.7593220338983051 -0.7593220338983051 1.1389830508474577 -0.2847457627118644
9.92 0.0 -1.5186440677966102 2.0881355932203394 -0.09491525423728814
9.94 0.09491525423728814 -1.1389830508474577 0.8542372881355933 -0.18983050847457628
9.96 -0.6779661016949153 -2.2779661016949153 0.9491525423728815 0.2033898305084746
9.98 -0.39322033898305087 -1.6135593220338984 0.37966101694915255 -0.0
10.0 -1.152542372881356 -2.9423728813559324 -0.2983050847457627 0.48813559322033906
10.02 -0.5830508474576271 -2.0881355932203394 -0.2983050847457627 0.10847457627118645
10.04 -1.5322033898305085 -3.9050847457627125 -1.6271186440677967 0.8677966101694916
10.06 -0.8677966101694916 -2.752542372881356 -1.057627118644068 0.2983050847457627
10.08 -2.0067796610169495 -4.474576271186441 -1.816949152542373 1.152542372881356
10.1 -1.152542372881356 -3.145762711864407 -1.057627118644068 0.39322033898305087
10.12 -2.1966101694915254 -3.810169491525424 -1.3423728813559324 0.48813559322033906
10.14 -1.3423728813559324 -2.657627118644068 -0.9627118644067798 0.10847457627118645
10.16 -1.816949152542373 -1.993220338983051 -0.9627118644067798 -0.9491525423728815
10.18 -1.152542372881356 -1.328813559322034 -0.6779661016949153 -0.7593220338983051
10.2 -1.5322033898305085 0.2033898305084746 -0.7728813559322034 -2.4677966101694917
10.22 -0.9627118644067798 0.2983050847457627 -0.5830508474576271 -1.5186440677966102
10.24 -1.152542372881356 2.386440677966102 -0.5830508474576271 -3.2406779661016953
10.26 -0.6779661016949153 1.816949152542373 -0.48813559322033906 -1.8033898305084748
10.28 -0.8677966101694916 4.013559322033899 -0.48813559322033906 -3.6203389830508477
10.3 -0.48813559322033906 3.050847457627119 -0.48813559322033906 -1.993220338983051
10.32 -0.7728813559322034 5.152542372881356 -0.48813559322033906 -3.6203389830508477
10.34 -0.48813559322033906 3.728813559322034 -0.48813559322033906 -1.993220338983051
10.36 -0.5830508474576271 5.8169491525423735 -0.48813559322033906 -3.050847457627119
10.38 -0.2983050847457627 4.1084745762711865 -0.48813559322033906 -1.8033898305084748
10.4 -0.48813559322033906 6.101694915254238 -0.48813559322033906 -2.4677966101694917
10.42 -0.2983050847457627 4.298305084745763 -0.48813559322033906 -1.5186440677966102
10.44 -0.39322033898305087 5.911864406779662 -0.5830508474576271 -1.6135593220338984
10.46 -0.2033898305084746 4.203389830508475 -0.5830508474576271 -1.2338983050847459
10.48 -0.39322033898305087 5.437288135593221 -0.48813559322033906 -0.664406779661017
10.5 -0.2033898305084746 4.013559322033899 -0.5830508474576271 -0.664406779661017
10.52 -0.2983050847457627 4.772881355932204 -0.48813559322033906 0.5830508474576271
10.54 -0.2033898305084746 3.44406779661017 -0.39322033898305087 0.2983050847457627
10.56 -0.39322033898305087 3.8237288135593226 -0.39322033898305087 1.722033898305085
10.58 -0.2033898305084746 2.8610169491525426 -0.39322033898305087 0.6779661016949153
10.6 -0.39322033898305087 2.8610169491525426 -0.39322033898305087 2.386440677966102
10.62 -0.2983050847457627 2.291525423728814 -0.39322033898305087 0.9627118644067798
10.64 -0.6779661016949153 2.0067796610169495 -0.2983050847457627 2.7661016949152546
10.66 -0.39322033898305087 1.6271186440677967 -0.2983050847457627 1.152542372881356
10.68 -0.7728813559322034 1.057627118644068 -0.2033898305084746 2.671186440677966
10.7 -0.48813559322033906 0.9627118644067798 -0.2983050847457627 1.057627118644068
10.72 -1.2474576271186442 0.39322033898305087 -0.10847457627118645 2.1966101694915254
10.74 -0.8677966101694916 0.39322033898305087 -0.2033898305084746 1.057627118644068
10.76 -1.722033898305085 -0.37966101694915255 0.0 1.152542372881356
10.78 -1.152542372881356 -0.18983050847457628 -0.10847457627118645 0.48813559322033906
10.8 -2.386440677966102 -1.0440677966101697 0.2847457627118644 -0.0
10.82 -1.6271186440677967 -0.7593220338983051 0.0 -0.18983050847457628
10.84 -3.1593220338983055 -1.6135593220338984 0.664406779661017 -1.2338983050847459
10.86 -2.1966101694915254 -1.0440677966101697 0.09491525423728814 -0.9491525423728815
10.88 -3.9186440677966106 -2.0881355932203394 0.8542372881355933 -1.8033898305084748
10.9 -2.7661016949152546 -1.4237288135593222 0.18983050847457628 -1.1389830508474577
10.92 -3.2542372881355934 -2.1830508474576273 0.09491525423728814 -1.4237288135593222
10.94 -2.291525423728814 -1.4237288135593222 -0.10847457627118645 -0.8542372881355933
10.96 -1.5322033898305085 -1.993220338983051 -1.152542372881356 -1.0440677966101697
10.98 -0.8677966101694916 -1.328813559322034 -0.8677966101694916 -0.7593220338983051
11.0 0.664406779661017 -1.6135593220338984 -2.386440677966102 -0.8542372881355933
11.02 0.5694915254237288 -1.0440677966101697 -1.4372881355932206 -0.7593220338983051
11.04 2.657627118644068 -1.328813559322034 -3.050847457627119 -0.7593220338983051
11.06 1.993220338983051 -0.8542372881355933 -1.6271186440677967 -0.664406779661017
11.08 4.0 -1.0440677966101697 -3.2542372881355934 -0.664406779661017
11.1 2.8474576271186445 -0.5694915254237288 -1.722033898305085 -0.5694915254237288
11.12 5.04406779661017 -0.7593220338983051 -3.050847457627119 -0.664406779661017
11.14 3.4305084745762717 -0.47457627118644075 -1.722033898305085 -0.5694915254237288
11.16 5.423728813559323 -0.664406779661017 -2.671186440677966 -0.5694915254237288
11.18 3.715254237288136 -0.47457627118644075 -1.5322033898305085 -0.5694915254237288
11.2 5.423728813559323 -0.47457627118644075 -2.1016949152542375 -0.664406779661017
11.22 3.715254237288136 -0.37966101694915255 -1.3423728813559324 -0.664406779661017
11.24 5.328813559322034 -0.47457627118644075 -1.3423728813559324 -0.664406779661017
11.26 3.6203389830508477 -0.37966101694915255 -0.9627118644067798 -0.664406779661017
11.28 4.854237288135594 -0.5694915254237288 -0.39322033898305087 -0.5694915254237288
11.3 3.3355932203389833 -0.37966101694915255 -0.2983050847457627 -0.5694915254237288
11.32 4.189830508474577 -0.47457627118644075 0.8542372881355933 -0.664406779661017
11.34 2.9423728813559324 -0.2847457627118644 0.2847457627118644 -0.5694915254237288
11.36 3.3355932203389833 -0.37966101694915255 1.7084745762711866 -0.664406779661017
11.38 2.3728813559322037 -0.2847457627118644 0.664406779661017 -0.5694915254237288
11.4 2.4677966101694917 -0.5694915254237288 2.2779661016949153 -0.47457627118644075
11.42 1.898305084745763 -0.2847457627118644 0.9491525423728815 -0.5694915254237288
11.44 1.6135593220338984 -0.664406779661017 2.657627118644068 -0.47457627118644075
11.46 1.328813559322034 -0.37966101694915255 1.0440677966101697 -0.47457627118644075
11.48 0.7593220338983051 -0.9491525423728815 2.56271186440678 -0.37966101694915255
11.5 0.7593220338983051 -0.664406779661017 1.0440677966101697 -0.37966101694915255
11.52 0.0 -1.4237288135593222 1.993220338983051 -0.18983050847457628
11.54 0.09491525423728814 -1.0440677966101697 0.7593220338983051 -0.2847457627118644
11.56 -0.5830508474576271 -1.993220338983051 1.0440677966101697 0.10847457627118645
11.58 -0.2033898305084746 -1.4237288135593222 0.37966101694915255 -0.0
11.6 -1.057627118644068 -2.657627118644068 -0.2033898305084746 0.2983050847457627
11.62 -0.5830508474576271 -1.8033898305084748 -0.2033898305084746 0.10847457627118645
11.64 -1.5322033898305085 -3.5254237288135597 -1.3423728813559324 0.7728813559322034
11.66 -0.9627118644067798 -2.4677966101694917 -0.8677966101694916 0.2983050847457627
11.68 -1.9118644067796613 -4.0 -1.5322033898305085 0.8677966101694916
11.7 -1.152542372881356 -2.8474576271186445 -0.9627118644067798 0.2983050847457627
11.72 -2.0067796610169495 -3.3355932203389833 -1.2474576271186442 0.2033898305084746
11.74 -1.3423728813559324 -2.2779661016949153 -0.8677966101694916 -0.0
11.76 -1.722033898305085 -1.5186440677966102 -0.9627118644067798 -1.0440677966101697
11.78 -1.057627118644068 -0.9491525423728815 -0.6779661016949153 -0.8542372881355933
11.8 -1.4372881355932206 0.6779661016949153 -0.6779661016949153 -2.4677966101694917
11.82 -0.8677966101694916 0.5830508474576271 -0.5830508474576271 -1.5186440677966102
11.84 -1.057627118644068 2.576271186440678 -0.5830508474576271 -3.145762711864407
11.86 -0.5830508474576271 2.0067796610169495 -0.48813559322033906 -1.8033898305084748
11.88 -0.7728813559322034 4.298305084745763 -0.48813559322033906 -3.4305084745762717
11.9 -0.48813559322033906 3.050847457627119 -0.48813559322033906 -1.898305084745763
11.92 -0.5830508474576271 5.247457627118645 -0.39322033898305087 -3.3355932203389833
11.94 -0.39322033898305087 3.8237288135593226 -0.39322033898305087 -1.898305084745763
11.96 -0.48813559322033906 5.911864406779662 -0.48813559322033906 -2.8474576271186445
11.98 -0.2983050847457627 4.203389830508475 -0.39322033898305087 -1.6135593220338984
12.0 -0.48813559322033906 6.0067796610169495 -0.48813559322033906 -2.2779661016949153
12.02 -0.2033898305084746 4.298305084745763 -0.48813559322033906 -1.4237288135593222
12.04 -0.39322033898305087 5.8169491525423735 -0.48813559322033906 -1.328813559322034
12.06 -0.2033898305084746 4.203389830508475 -0.48813559322033906 -1.0440677966101697
12.08 -0.39322033898305087 5.342372881355932 -0.48813559322033906 -0.2847457627118644
12.1 -0.2033898305084746 3.9186440677966106 -0.48813559322033906 -0.2847457627118644
12.12 -0.39322033898305087 4.583050847457628 -0.39322033898305087 1.057627118644068
12.14 -0.2033898305084746 3.349152542372882 -0.39322033898305087 0.39322033898305087
12.16 -0.39322033898305087 3.633898305084746 -0.39322033898305087 2.0067796610169495
12.18 -0.2033898305084746 2.7661016949152546 -0.39322033898305087 0.8677966101694916
12.2 -0.48813559322033906 2.671186440677966 -0.39322033898305087 2.576271186440678
12.22 -0.2983050847457627 2.1966101694915254 -0.39322033898305087 1.152542372881356
12.24 -0.5830508474576271 1.816949152542373 -0.2983050847457627 3.050847457627119
12.26 -0.39322033898305087 1.6271186440677967 -0.2983050847457627 1.2474576271186442
12.28 -0.8677966101694916 1.057627118644068 -0.2033898305084746 2.8610169491525426
12.3 -0.5830508474576271 1.057627118644068 -0.2983050847457627 1.2474576271186442
12.32 -1.3423728813559324 0.2983050847457627 0.0 2.291525423728814
12.34 -0.8677966101694916 0.2983050847457627 -0.2033898305084746 0.9627118644067798
12.36 -2.0067796610169495 -0.47457627118644075 0.09491525423728814 1.2474576271186442
12.38 -1.3423728813559324 -0.2847457627118644 -0.10847457627118645 0.48813559322033906
12.4 -2.671186440677966 -1.0440677966101697 0.37966101694915255 -0.2847457627118644
12.42 -1.722033898305085 -0.664406779661017 0.0 -0.2847457627118644
12.44 -3.728813559322034 -1.8033898305084748 0.7593220338983051 -1.6135593220338984
12.46 -2.4813559322033902 -1.1389830508474577 0.18983050847457628 -1.1389830508474577
12.48 -4.488135593220339 -2.0881355932203394 1.1389830508474577 -1.993220338983051
12.5 -3.1593220338983055 -1.4237288135593222 0.37966101694915255 -1.2338983050847459
12.52 -3.728813559322034 -2.2779661016949153 0.37966101694915255 -1.6135593220338984
12.54 -2.576271186440678 -1.5186440677966102 0.0 -1.0440677966101697
12.56 -1.9118644067796613 -2.0881355932203394 -0.9627118644067798 -1.1389830508474577
12.58 -1.057627118644068 -1.328813559322034 -0.7728813559322034 -0.8542372881355933
12.6 0.664406779661017 -1.7084745762711866 -2.386440677966102 -0.8542372881355933
12.62 0.5694915254237288 -1.1389830508474577 -1.3423728813559324 -0.7593220338983051
12.64 2.4677966101694917 -1.4237288135593222 -3.050847457627119 -0.8542372881355933
12.66 1.898305084745763 -0.9491525423728815 -1.6271186440677967 -0.7593220338983051
12.68 4.189830508474577 -1.1389830508474577 -3.2542372881355934 -0.664406779661017
12.7 2.9423728813559324 -0.7593220338983051 -1.722033898305085 -0.664406779661017
12.72 5.138983050847458 -0.8542372881355933 -3.2542372881355934 -0.664406779661017
12.74 3.6203389830508477 -0.47457627118644075 -1.816949152542373 -0.664406779661017
12.76 5.708474576271187 -0.664406779661017 -2.8610169491525426 -0.5694915254237288
12.78 3.9050847457627125 -0.37966101694915255 -1.6271186440677967 -0.5694915254237288
12.8 5.708474576271187 -0.47457627118644075 -2.291525423728814 -0.664406779661017
12.82 4.0 -0.47457627118644075 -1.3423728813559324 -0.5694915254237288
12.84 5.613559322033899 -0.664406779661017 -1.4372881355932206 -0.5694915254237288
12.86 3.9050847457627125 -0.664406779661017 -1.057627118644068 -0.5694915254237288
12.88 5.138983050847458 -0.664406779661017 -0.48813559322033906 -0.5694915254237288
12.9 3.6203389830508477 -0.47457627118644075 -0.48813559322033906 -0.5694915254237288
12.92 4.474576271186441 -0.5694915254237288 0.664406779661017 -0.5694915254237288
12.94 3.145762711864407 -0.2847457627118644 0.18983050847457628 -0.5694915254237288
12.96 3.5254237288135597 -0.37966101694915255 1.6135593220338984 -0.5694915254237288
12.98 2.56271186440678 -0.18983050847457628 0.5694915254237288 -0.47457627118644075
13.0 2.56271186440678 -0.47457627118644075 2.3728813559322037 -0.37966101694915255
13.02 1.993220338983051 -0.2847457627118644 0.9491525423728815 -0.37966101694915255
13.04 1.7084745762711866 -0.664406779661017 2.657627118644068 -0.37966101694915255
13.06 1.4237288135593222 -0.37966101694915255 1.1389830508474577 -0.37966101694915255
13.08 0.9491525423728815 -0.8542372881355933 2.752542372881356 -0.2847457627118644
13.1 0.8542372881355933 -0.5694915254237288 1.1389830508474577 -0.37966101694915255
13.12 0.18983050847457628 -1.328813559322034 2.0881355932203394 -0.18983050847457628
13.14 0.2847457627118644 -1.0440677966101697 0.7593220338983051 -0.18983050847457628
13.16 -0.48813559322033906 -1.993220338983051 1.1389830508474577 0.10847457627118645
13.18 -0.2983050847457627 -1.4237288135593222 0.37966101694915255 -0.09491525423728814
13.2 -0.9627118644067798 -2.657627118644068 -0.10847457627118645 0.2983050847457627
13.22 -0.5830508474576271 -1.898305084745763 -0.2033898305084746 0.10847457627118645
13.24 -1.5322033898305085 -3.6203389830508477 -1.3423728813559324 0.7728813559322034
13.26 -0.8677966101694916 -2.56271186440678 -0.9627118644067798 0.2983050847457627
13.28 -1.9118644067796613 -4.0 -1.6271186440677967 0.8677966101694916
13.3 -1.152542372881356 -2.752542372881356 -1.057627118644068 0.2983050847457627
13.32 -2.0067796610169495 -3.3355932203389833 -1.2474576271186442 0.2033898305084746
13.34 -1.2474576271186442 -2.3728813559322037 -0.8677966101694916 -0.09491525423728814
13.36 -1.722033898305085 -1.6135593220338984 -0.8677966101694916 -1.0440677966101697
13.38 -1.057627118644068 -0.9491525423728815 -0.6779661016949153 -0.8542372881355933
13.4 -1.5322033898305085 0.6779661016949153 -0.6779661016949153 -2.56271186440678
13.42 -0.8677966101694916 3.050847457627119 -0.5830508474576271 -1.5186440677966102
13.44 -1.057627118644068 2.576271186440678 -0.5830508474576271 -3.145762711864407
13.46 -0.5830508474576271 2.1016949152542375 -0.48813559322033906 -1.7084745762711866
13.48 -0.7728813559322034 4.203389830508475 -0.48813559322033906 -3.4305084745762717
13.5 -0.48813559322033906 3.050847457627119 -0.48813559322033906 -1.898305084745763
13.52 -0.5830508474576271 5.152542372881356 -0.48813559322033906 -3.3355932203389833
13.54 -0.39322033898305087 3.728813559322034 -0.39322033898305087 -1.898305084745763
13.56 -0.48813559322033906 5.8169491525423735 -0.39322033898305087 -2.8474576271186445
13.58 -0.2983050847457627 4.203389830508475 -0.39322033898305087 -1.7084745762711866
13.6 -0.48813559322033906 6.0067796610169495 -0.5830508474576271 -2.2779661016949153
13.62 -0.2983050847457627 4.298305084745763 -0.48813559322033906 -1.4237288135593222
13.64 -0.39322033898305087 5.8169491525423735 -0.48813559322033906 -1.4237288135593222
13.66 -0.2983050847457627 4.1084745762711865 -0.48813559322033906 -1.0440677966101697
13.68 -0.39322033898305087 5.247457627118645 -0.48813559322033906 -0.2847457627118644
13.7 -0.2033898305084746 3.8237288135593226 -0.48813559322033906 -0.2847457627118644
13.72 -0.39322033898305087 4.488135593220339 -0.39322033898305087 1.152542372881356
13.74 -0.2033898305084746 3.349152542372882 -0.39322033898305087 0.48813559322033906
13.76 -0.39322033898305087 3.633898305084746 -0.39322033898305087 2.1016949152542375
13.78 -0.2033898305084746 2.7661016949152546 -0.39322033898305087 0.7728813559322034
13.8 -0.48813559322033906 2.671186440677966 -0.39322033898305087 2.7661016949152546
13.82 -0.2983050847457627 2.1966101694915254 -0.39322033898305087 1.152542372881356
13.84 -0.5830508474576271 1.9118644067796613 -0.2983050847457627 3.050847457627119
13.86 -0.39322033898305087 1.6271186440677967 -0.2983050847457627 1.3423728813559324
13.88 -0.9627118644067798 1.057627118644068 -0.2033898305084746 2.955932203389831
13.9 -0.5830508474576271 0.9627118644067798 -0.2983050847457627 1.2474576271186442
13.92 -1.3423728813559324 0.2983050847457627 -0.10847457627118645 2.1966101694915254
13.94 -0.8677966101694916 0.2983050847457627 -0.2033898305084746 0.9627118644067798
13.96 -2.0067796610169495 -0.47457627118644075 0.09491525423728814 1.152542372881356
13.98 -1.3423728813559324 -0.2847457627118644 -0.10847457627118645 0.48813559322033906
14.0 -2.671186440677966 -1.0440677966101697 0.37966101694915255 -0.2847457627118644
14.02 -1.816949152542373 -0.7593220338983051 0.09491525423728814 -0.2847457627118644
14.04 -3.728813559322034 -1.7084745762711866 0.7593220338983051 -1.6135593220338984
14.06 -2.4813559322033902 -1.1389830508474577 0.09491525423728814 -1.1389830508474577
14.08 -4.488135593220339 -2.1830508474576273 1.0440677966101697 -1.993220338983051
14.1 -3.1593220338983055 -1.4237288135593222 0.2847457627118644 -1.2338983050847459
14.12 -3.8237288135593226 -2.1830508474576273 0.37966101694915255 -1.7084745762711866
14.14 -2.4813559322033902 -1.4237288135593222 -0.10847457627118645 -1.0440677966101697
14.16 -1.9118644067796613 -1.993220338983051 -0.8677966101694916 -1.1389830508474577
14.18 -1.057627118644068 -1.328813559322034 -0.7728813559322034 -0.8542372881355933
14.2 0.664406779661017 -1.6135593220338984 -2.386440677966102 -0.8542372881355933
14.22 0.664406779661017 -1.0440677966101697 -1.3423728813559324 -0.7593220338983051
14.24 2.56271186440678 -1.4237288135593222 -3.050847457627119 -0.8542372881355933
14.26 1.898305084745763 -0.9491525423728815 -1.6271186440677967 -0.7593220338983051
14.28 4.189830508474577 -1.1389830508474577 -3.349152542372882 -0.7593220338983051
14.3 2.9423728813559324 -0.7593220338983051 -1.722033898305085 -0.664406779661017
14.32 5.138983050847458 -0.8542372881355933 -3.349152542372882 -0.664406779661017
14.34 3.6203389830508477 -0.47457627118644075 -1.816949152542373 -0.664406779661017
14.36 5.708474576271187 -0.664406779661017 -2.8610169491525426 -0.5694915254237288
14.38 3.810169491525424 -0.37966101694915255 -1.6271186440677967 -0.5694915254237288
14.4 5.708474576271187 -0.47457627118644075 -2.1966101694915254 -0.5694915254237288
14.42 4.0 -0.47457627118644075 -1.3423728813559324 -0.5694915254237288
14.44 5.613559322033899 -0.664406779661017 -1.4372881355932206 -0.5694915254237288
14.46 3.9050847457627125 -0.5694915254237288 -0.9627118644067798 -0.5694915254237288
14.48 5.138983050847458 -0.664406779661017 -0.5830508474576271 -0.5694915254237288
14.5 3.6203389830508477 -0.47457627118644075 -0.48813559322033906 -0.5694915254237288
14.52 4.474576271186441 -0.47457627118644075 0.664406779661017 -0.5694915254237288
14.54 3.145762711864407 -0.2847457627118644 0.18983050847457628 -0.5694915254237288
14.56 3.4305084745762717 -0.37966101694915255 1.6135593220338984 -0.5694915254237288
14.58 2.56271186440678 -0.18983050847457628 0.5694915254237288 -0.47457627118644075
14.6 2.56271186440678 -0.47457627118644075 2.4677966101694917 -0.37966101694915255
14.62 1.993220338983051 -0.18983050847457628 0.9491525423728815 -0.47457627118644075
14.64 1.7084745762711866 -0.5694915254237288 2.752542372881356 -0.37966101694915255
14.66 1.4237288135593222 -0.37966101694915255 1.0440677966101697 -0.37966101694915255
14.68 0.9491525423728815 -0.8542372881355933 2.56271186440678 -0.2847457627118644
14.7 0.8542372881355933 -0.664406779661017 1.0440677966101697 -0.2847457627118644
14.72 0.18983050847457628 -1.4237288135593222 2.0881355932203394 -0.18983050847457628
14.74 0.18983050847457628 -1.0440677966101697 0.7593220338983051 -0.18983050847457628
14.76 -0.5830508474576271 -1.993220338983051 1.1389830508474577 0.10847457627118645
14.78 -0.2983050847457627 -1.4237288135593222 0.2847457627118644 -0.09491525423728814
14.8 -1.057627118644068 -2.657627118644068 -0.10847457627118645 0.2983050847457627
14.82 -0.5830508474576271 -1.8033898305084748 -0.2033898305084746 0.10847457627118645
14.84 -1.5322033898305085 -3.6203389830508477 -1.3423728813559324 0.7728813559322034
14.86 -0.8677966101694916 -2.56271186440678 -0.8677966101694916 0.2983050847457627
14.88 -1.9118644067796613 -4.0 -1.5322033898305085 0.8677966101694916
14.9 -1.152542372881356 -2.8474576271186445 -1.057627118644068 0.2983050847457627
14.92 -2.1016949152542375 -3.3355932203389833 -1.2474576271186442 0.2033898305084746
14.94 -1.2474576271186442 -2.3728813559322037 -0.7728813559322034 -0.0
14.96 -1.722033898305085 -1.5186440677966102 -0.8677966101694916 -1.0440677966101697
14.98 -1.057627118644068 -0.9491525423728815 -0.6779661016949153 -0.8542372881355933
15.0 -1.4372881355932206 0.6779661016949153 -0.6779661016949153 -2.56271186440678
15.02 -0.8677966101694916 0.5830508474576271 -0.5830508474576271 -1.5186440677966102
15.04 -1.057627118644068 2.576271186440678 -0.5830508474576271 -3.2406779661016953
15.06 -0.5830508474576271 2.0067796610169495 -0.48813559322033906 -1.8033898305084748
15.08 -0.7728813559322034 4.203389830508475 -0.48813559322033906 -3.4305084745762717
15.1 -0.39322033898305087 3.050847457627119 -0.48813559322033906 -1.898305084745763
15.12 -0.5830508474576271 5.152542372881356 -0.39322033898305087 -3.3355932203389833
15.14 -0.2983050847457627 3.8237288135593226 -0.39322033898305087 -1.898305084745763
15.16 -0.48813559322033906 5.8169491525423735 -0.39322033898305087 -2.9423728813559324
15.18 -0.2983050847457627 4.203389830508475 -0.39322033898305087 -1.6135593220338984
15.2 -0.48813559322033906 6.0067796610169495 -0.5830508474576271 -2.2779661016949153
15.22 -0.2033898305084746 4.298305084745763 -0.48813559322033906 -1.4237288135593222
15.24 -0.39322033898305087 5.8169491525423735 -0.48813559322033906 -1.328813559322034
15.26 -0.2033898305084746 4.1084745762711865 -0.5830508474576271 -1.0440677966101697
15.28 -0.39322033898305087 5.342372881355932 -0.48813559322033906 -0.2847457627118644
15.3 -0.2033898305084746 3.9186440677966106 -0.48813559322033906 -0.2847457627118644
15.32 -0.39322033898305087 4.583050847457628 -0.39322033898305087 1.152542372881356
15.34 -0.2033898305084746 3.349152542372882 -0.39322033898305087 0.39322033898305087
15.36 -0.39322033898305087 3.633898305084746 -0.39322033898305087 2.1016949152542375
15.38 -0.2983050847457627 2.671186440677966 -0.39322033898305087 0.7728813559322034
15.4 -0.48813559322033906 2.671186440677966 -0.39322033898305087 2.7661016949152546
15.42 -0.2033898305084746 2.1966101694915254 -0.39322033898305087 1.152542372881356
15.44 -0.6779661016949153 1.816949152542373 -0.2983050847457627 2.955932203389831
15.46 -0.39322033898305087 1.6271186440677967 -0.2983050847457627 1.3423728813559324
15.48 -0.8677966101694916 1.057627118644068 -0.2983050847457627 2.7661016949152546
15.5 -0.5830508474576271 0.9627118644067798 -0.2983050847457627 1.2474576271186442
15.52 -1.3423728813559324 0.2033898305084746 -0.10847457627118645 2.1966101694915254
15.54 -0.9627118644067798 0.2983050847457627 -0.2033898305084746 0.9627118644067798
15.56 -2.0067796610169495 -0.47457627118644075 0.09491525423728814 1.152542372881356
15.58 -1.3423728813559324 -0.2847457627118644 -0.10847457627118645 0.48813559322033906
15.6 -2.7661016949152546 -1.0440677966101697 0.37966101694915255 -0.2847457627118644
15.62 -1.816949152542373 -0.664406779661017 0.0 -0.2847457627118644
15.64 -3.728813559322034 -1.7084745762711866 0.7593220338983051 -1.6135593220338984
15.66 -2.4813559322033902 -1.1389830508474577 0.18983050847457628 -1.1389830508474577
15.68 -4.488135593220339 -2.1830508474576273 1.0440677966101697 -1.993220338983051
15.7 -3.1593220338983055 -1.4237288135593222 0.37966101694915255 -1.2338983050847459
15.72 -3.728813559322034 -2.1830508474576273 0.37966101694915255 -1.7084745762711866
15.74 -2.576271186440678 -1.4237288135593222 0.0 -1.0440677966101697
15.76 -2.0067796610169495 -2.0881355932203394 -0.8677966101694916 -1.1389830508474577
15.78 0.2847457627118644 -1.328813559322034 -0.7728813559322034 -0.7593220338983051
15.8 0.5694915254237288 -1.7084745762711866 -2.386440677966102 -0.8542372881355933
15.82 0.5694915254237288 -1.0440677966101697 -1.3423728813559324 -0.7593220338983051
15.84 2.4677966101694917 -1.4237288135593222 -3.050847457627119 -0.8542372881355933
15.86 1.898305084745763 -0.9491525423728815 -1.6271186440677967 -0.7593220338983051
15.88 4.094915254237288 -1.1389830508474577 -3.1593220338983055 -0.664406779661017
15.9 2.9423728813559324 -0.664406779661017 -1.722033898305085 -0.664406779661017
15.92 5.04406779661017 -0.7593220338983051 -3.349152542372882 -0.664406779661017
15.94 3.6203389830508477 -0.47457627118644075 -1.816949152542373 -0.664406779661017
15.96 5.613559322033899 -0.664406779661017 -2.955932203389831 -0.5694915254237288
15.98 3.9050847457627125 -0.37966101694915255 -1.6271186440677967 -0.5694915254237288
16.0 5.613559322033899 -0.5694915254237288 -2.386440677966102 -0.5694915254237288
16.02 3.9050847457627125 -0.47457627118644075 -1.4372881355932206 -0.5694915254237288
16.04 5.613559322033899 -0.664406779661017 -1.4372881355932206 -0.5694915254237288
16.06 3.9050847457627125 -0.5694915254237288 -0.9627118644067798 -0.5694915254237288
16.08 5.138983050847458 -0.664406779661017 -0.5830508474576271 -0.5694915254237288
16.1 3.6203389830508477 -0.47457627118644075 -0.48813559322033906 -0.5694915254237288
16.12 4.474576271186441 -0.5694915254237288 0.664406779661017 -0.5694915254237288
16.14 3.145762711864407 -0.2847457627118644 0.18983050847457628 -0.5694915254237288
16.16 3.5254237288135597 -0.37966101694915255 1.6135593220338984 -0.5694915254237288
16.18 2.56271186440678 -0.18983050847457628 0.664406779661017 -0.5694915254237288
16.2 2.56271186440678 -0.47457627118644075 2.3728813559322037 -0.37966101694915255
16.22 1.898305084745763 -0.2847457627118644 1.0440677966101697 -0.37966101694915255
16.24 1.7084745762711866 -0.5694915254237288 2.657627118644068 -0.37966101694915255
16.26 1.4237288135593222 -0.37966101694915255 1.1389830508474577 -0.37966101694915255
16.28 0.9491525423728815 -0.8542372881355933 2.657627118644068 -0.2847457627118644
16.3 0.8542372881355933 -0.664406779661017 1.1389830508474577 -0.2847457627118644
16.32 0.18983050847457628 -1.4237288135593222 2.0881355932203394 -0.18983050847457628
16.34 0.18983050847457628 -1.0440677966101697 0.7593220338983051 -0.18983050847457628
16.36 -0.5830508474576271 -1.993220338983051 1.0440677966101697 0.10847457627118645
16.38 -0.2983050847457627 -1.4237288135593222 0.37966101694915255 -0.09491525423728814
16.4 -1.057627118644068 -2.657627118644068 -0.2033898305084746 0.2983050847457627
16.42 -0.5830508474576271 -1.898305084745763 -0.2033898305084746 0.10847457627118645
16.44 -1.4372881355932206 -3.6203389830508477 -1.3423728813559324 0.7728813559322034
16.46 -0.8677966101694916 -2.4677966101694917 -0.8677966101694916 0.2983050847457627
16.48 -1.816949152542373 -4.0 -1.5322033898305085 0.8677966101694916
16.5 -1.057627118644068 -2.8474576271186445 -1.057627118644068 0.2983050847457627
16.52 -2.0067796610169495 -3.3355932203389833 -1.2474576271186442 0.2033898305084746
16.54 -1.2474576271186442 -2.3728813559322037 -0.7728813559322034 -0.09491525423728814
16.56 -1.816949152542373 -1.7084745762711866 -0.9627118644067798 -1.0440677966101697
16.58 -1.057627118644068 -1.0440677966101697 -0.6779661016949153 -0.8542372881355933
16.6 -1.4372881355932206 0.5830508474576271 -0.5830508474576271 -2.4677966101694917
16.62 -0.8677966101694916 0.48813559322033906 -0.5830508474576271 -1.4237288135593222
16.64 -1.057627118644068 2.386440677966102 -0.5830508474576271 -3.2406779661016953
16.66 -0.5830508474576271 1.9118644067796613 -0.48813559322033906 -1.8033898305084748
16.68 -0.7728813559322034 4.013559322033899 -0.48813559322033906 -3.5254237288135597
16.7 -0.39322033898305087 3.050847457627119 -0.48813559322033906 -1.898305084745763
16.72 -0.6779661016949153 4.9627118644067805 -0.39322033898305087 -3.4305084745762717
16.74 -0.39322033898305087 3.633898305084746 -0.39322033898305087 -1.898305084745763
16.76 -0.48813559322033906 5.627118644067798 -0.39322033898305087 -2.9423728813559324
16.78 -0.2983050847457627 4.1084745762711865 -0.39322033898305087 -1.6135593220338984
16.8 -0.48813559322033906 5.722033898305085 -0.48813559322033906 -2.3728813559322037
16.82 -0.2983050847457627 4.1084745762711865 -0.39322033898305087 -1.4237288135593222
16.84 -0.39322033898305087 5.532203389830509 -0.5830508474576271 -1.4237288135593222
16.86 -0.2033898305084746 4.013559322033899 -0.5830508474576271 -1.1389830508474577
16.88 -0.39322033898305087 5.247457627118645 -0.48813559322033906 -0.47457627118644075
16.9 -0.2033898305084746 3.8237288135593226 -0.48813559322033906 -0.47457627118644075
16.92 -0.39322033898305087 4.488135593220339 -0.39322033898305087 0.6779661016949153
16.94 -0.2033898305084746 3.349152542372882 -0.39322033898305087 0.2983050847457627
16.96 -0.39322033898305087 3.633898305084746 -0.39322033898305087 1.816949152542373
16.98 -0.2033898305084746 2.671186440677966 -0.39322033898305087 0.6779661016949153
17.0 -0.48813559322033906 2.671186440677966 -0.39322033898305087 2.386440677966102
17.02 -0.2033898305084746 2.1016949152542375 -0.39322033898305087 0.9627118644067798
17.04 -0.5830508474576271 1.816949152542373 -0.2983050847457627 2.7661016949152546
17.06 -0.2983050847457627 1.5322033898305085 -0.2983050847457627 1.2474576271186442
17.08 -0.7728813559322034 0.9627118644067798 -0.2033898305084746 2.7661016949152546
17.1 -0.48813559322033906 0.9627118644067798 -0.2033898305084746 1.152542372881356
17.12 -1.2474576271186442 0.39322033898305087 -0.10847457627118645 2.1966101694915254
17.14 -0.7728813559322034 0.39322033898305087 -0.2033898305084746 0.9627118644067798
17.16 -1.722033898305085 -0.47457627118644075 0.0 1.2474576271186442
17.18 -1.152542372881356 -0.2847457627118644 -0.10847457627118645 0.48813559322033906
17.2 -2.386440677966102 -1.1389830508474577 0.2847457627118644 -0.09491525423728814
17.22 -1.6271186440677967 -0.7593220338983051 0.0 -0.18983050847457628
17.24 -3.2542372881355934 -1.6135593220338984 0.664406779661017 -1.2338983050847459
17.26 -2.1966101694915254 -1.0440677966101697 0.09491525423728814 -0.9491525423728815
17.28 -4.013559322033899 -2.0881355932203394 0.7593220338983051 -1.8033898305084748
17.3 -2.8610169491525426 -1.328813559322034 0.18983050847457628 -1.2338983050847459
17.32 -3.2542372881355934 -2.0881355932203394 0.09491525423728814 -1.4237288135593222
17.34 -2.291525423728814 -1.328813559322034 -0.10847457627118645 -0.8542372881355933
17.36 -1.5322033898305085 -1.898305084745763 -1.057627118644068 -1.0440677966101697
17.38 -0.7728813559322034 -1.2338983050847459 -0.8677966101694916 -0.7593220338983051
17.4 0.664406779661017 -1.5186440677966102 -2.386440677966102 -0.8542372881355933
17.42 0.664406779661017 -1.0440677966101697 -1.3423728813559324 -0.7593220338983051
17.44 2.657627118644068 -1.2338983050847459 -3.050847457627119 -0.7593220338983051
17.46 2.0881355932203394 -0.8542372881355933 -1.5322033898305085 -0.664406779661017
17.48 4.0 -0.9491525423728815 -3.2542372881355934 -0.664406779661017
17.5 2.8474576271186445 -0.5694915254237288 -1.6271186440677967 -0.664406779661017
17.52 5.04406779661017 -0.7593220338983051 -3.1593220338983055 -0.664406779661017
17.54 3.5254237288135597 -0.37966101694915255 -1.6271186440677967 -0.5694915254237288
17.56 5.328813559322034 -0.664406779661017 -2.7661016949152546 -0.5694915254237288
17.58 3.715254237288136 -0.47457627118644075 -1.5322033898305085 -0.5694915254237288
17.6 5.423728813559323 -0.5694915254237288 -2.1966101694915254 -0.5694915254237288
17.62 3.715254237288136 -0.47457627118644075 -1.2474576271186442 -0.5694915254237288
17.64 5.328813559322034 -0.5694915254237288 -1.3423728813559324 -0.5694915254237288
17.66 3.6203389830508477 -0.47457627118644075 -0.9627118644067798 -0.5694915254237288
17.68 4.854237288135594 -0.664406779661017 -0.2983050847457627 -0.5694915254237288
17.7 3.3355932203389833 -0.47457627118644075 -0.39322033898305087 -0.5694915254237288
17.72 4.189830508474577 -0.37966101694915255 0.8542372881355933 -0.5694915254237288
17.74 2.9423728813559324 -0.18983050847457628 0.2847457627118644 -0.5694915254237288
17.76 3.3355932203389833 -0.37966101694915255 1.7084745762711866 -0.47457627118644075
17.78 2.3728813559322037 -0.18983050847457628 0.664406779661017 -0.47457627118644075
17.8 2.4677966101694917 -0.47457627118644075 2.3728813559322037 -0.37966101694915255
17.82 1.8033898305084748 -0.2847457627118644 0.9491525423728815 -0.37966101694915255
17.84 1.5186440677966102 -0.664406779661017 2.657627118644068 -0.47457627118644075
17.86 1.328813559322034 -0.37966101694915255 1.1389830508474577 -0.37966101694915255
17.88 0.8542372881355933 -0.8542372881355933 2.657627118644068 -0.2847457627118644
17.9 0.7593220338983051 -0.664406779661017 1.0440677966101697 -0.2847457627118644
17.92 0.09491525423728814 -1.4237288135593222 1.993220338983051 -0.18983050847457628
17.94 0.09491525423728814 -1.0440677966101697 0.7593220338983051 -0.18983050847457628
17.96 -0.5830508474576271 -2.0881355932203394 1.0440677966101697 0.10847457627118645
17.98 -0.2983050847457627 -1.4237288135593222 0.37966101694915255 -0.09491525423728814
18.0 -1.057627118644068 -2.657627118644068 -0.10847457627118645 0.2983050847457627
18.02 -0.5830508474576271 -1.898305084745763 -0.2033898305084746 0.10847457627118645
18.04 -1.4372881355932206 -3.5254237288135597 -1.3423728813559324 0.7728813559322034
18.06 -0.9627118644067798 -2.56271186440678 -0.8677966101694916 0.2983050847457627
18.08 -1.816949152542373 -4.0 -1.5322033898305085 0.8677966101694916
18.1 -1.057627118644068 -2.8474576271186445 -0.9627118644067798 0.2983050847457627
18.12 -2.0067796610169495 -3.3355932203389833 -1.2474576271186442 0.2033898305084746
18.14 -1.2474576271186442 -2.3728813559322037 -0.7728813559322034 -0.0
18.16 -1.722033898305085 -1.5186440677966102 -0.9627118644067798 -1.0440677966101697
18.18 -1.057627118644068 -0.9491525423728815 -0.6779661016949153 -0.8542372881355933
18.2 -1.4372881355932206 0.6779661016949153 -0.6779661016949153 -2.56271186440678
18.22 -0.8677966101694916 0.5830508474576271 -0.5830508474576271 -1.4237288135593222
18.24 -1.057627118644068 2.576271186440678 -0.5830508474576271 -3.2406779661016953
18.26 -0.5830508474576271 2.0067796610169495 -0.48813559322033906 -1.8033898305084748
18.28 -0.7728813559322034 4.203389830508475 -0.48813559322033906 -3.5254237288135597
18.3 -0.39322033898305087 3.1593220338983055 -0.48813559322033906 -1.898305084745763
18.32 -0.5830508474576271 5.152542372881356 -0.48813559322033906 -3.4305084745762717
18.34 -0.2983050847457627 3.728813559322034 -0.39322033898305087 -1.898305084745763
18.36 -0.48813559322033906 5.8169491525423735 -0.39322033898305087 -2.8474576271186445
18.38 -0.2983050847457627 4.203389830508475 -0.39322033898305087 -1.7084745762711866
18.4 -0.48813559322033906 6.0067796610169495 -0.48813559322033906 -2.2779661016949153
18.42 -0.2983050847457627 4.298305084745763 -0.48813559322033906 -1.4237288135593222
18.44 -0.39322033898305087 5.8169491525423735 -0.48813559322033906 -1.328813559322034
18.46 -0.2033898305084746 4.1084745762711865 -0.48813559322033906 -1.0440677966101697
18.48 -0.39322033898305087 5.342372881355932 -0.48813559322033906 -0.2847457627118644
18.5 -0.2033898305084746 3.8237288135593226 -0.5830508474576271 -0.2847457627118644
18.52 -0.39322033898305087 4.583050847457628 -0.39322033898305087 1.057627118644068
18.54 -0.2033898305084746 3.349152542372882 -0.39322033898305087 0.48813559322033906
18.56 -0.39322033898305087 3.538983050847458 -0.39322033898305087 2.1016949152542375
18.58 -0.2983050847457627 2.7661016949152546 -0.39322033898305087 0.7728813559322034
18.6 -0.48813559322033906 2.671186440677966 -0.39322033898305087 2.671186440677966
18.62 -0.2983050847457627 2.1966101694915254 -0.39322033898305087 1.152542372881356
18.64 -0.6779661016949153 1.816949152542373 -0.2983050847457627 2.955932203389831
18.66 -0.39322033898305087 1.6271186440677967 -0.2983050847457627 1.3423728813559324
18.68 -0.8677966101694916 0.9627118644067798 -0.2983050847457627 2.8610169491525426
18.7 -0.5830508474576271 0.9627118644067798 -0.2983050847457627 1.3423728813559324
18.72 -1.3423728813559324 0.2983050847457627 0.0 2.1966101694915254
18.74 -0.8677966101694916 0.2983050847457627 -0.10847457627118645 0.9627118644067798
18.76 -2.0067796610169495 -0.47457627118644075 0.09491525423728814 1.152542372881356
18.78 -1.3423728813559324 -0.2847457627118644 -0.10847457627118645 0.48813559322033906
18.8 -2.671186440677966 -1.0440677966101697 0.37966101694915255 -0.2847457627118644
18.82 -1.816949152542373 -0.664406779661017 0.0 -0.2847457627118644
18.84 -3.728813559322034 -1.7084745762711866 0.7593220338983051 -1.6135593220338984
18.86 -2.4813559322033902 -1.1389830508474577 0.18983050847457628 -1.1389830508474577
18.88 -4.488135593220339 -2.0881355932203394 1.0440677966101697 -1.898305084745763
18.9 -3.1593220338983055 -1.4237288135593222 0.37966101694915255 -1.2338983050847459
18.92 -3.728813559322034 -2.2779661016949153 0.37966101694915255 -1.7084745762711866
18.94 -2.576271186440678 -1.4237288135593222 0.0 -1.0440677966101697
18.96 -2.0067796610169495 -2.0881355932203394 -0.9627118644067798 -1.1389830508474577
18.98 -1.057627118644068 -1.328813559322034 -0.7728813559322034 -0.8542372881355933
19.0 0.664406779661017 -1.6135593220338984 -2.386440677966102 -0.8542372881355933
19.02 0.664406779661017 -1.1389830508474577 -1.3423728813559324 -0.664406779661017
19.04 2.4677966101694917 -1.4237288135593222 -3.1593220338983055 -0.8542372881355933
19.06 1.898305084745763 -0.9491525423728815 -1.6271186440677967 -0.7593220338983051
19.08 4.189830508474577 -1.1389830508474577 -3.44406779661017 -0.7593220338983051
19.1 2.9423728813559324 -0.7593220338983051 -1.722033898305085 -0.664406779661017
19.12 5.138983050847458 -0.8542372881355933 -3.44406779661017 -0.664406779661017
19.14 3.6203389830508477 -0.47457627118644075 -1.816949152542373 -0.664406779661017
19.16 5.613559322033899 -0.664406779661017 -2.955932203389831 -0.5694915254237288
19.18 3.9050847457627125 -0.37966101694915255 -1.6271186440677967 -0.5694915254237288
19.2 5.613559322033899 -0.47457627118644075 -2.291525423728814 -0.5694915254237288
19.22 3.9050847457627125 -0.47457627118644075 -1.4372881355932206 -0.5694915254237288
19.24 5.613559322033899 -0.664406779661017 -1.4372881355932206 -0.5694915254237288
19.26 3.9050847457627125 -0.5694915254237288 -0.9627118644067798 -0.5694915254237288
19.28 5.138983050847458 -0.664406779661017 -0.48813559322033906 -0.5694915254237288
19.3 3.5254237288135597 -0.47457627118644075 -0.48813559322033906 -0.5694915254237288
19.32 4.474576271186441 -0.5694915254237288 0.664406779661017 -0.5694915254237288
19.34 3.145762711864407 -0.2847457627118644 0.18983050847457628 -0.5694915254237288
19.36 3.5254237288135597 -0.37966101694915255 1.5186440677966102 -0.5694915254237288
19.38 2.4677966101694917 -0.18983050847457628 0.5694915254237288 -0.47457627118644075
19.4 2.56271186440678 -0.47457627118644075 2.3728813559322037 -0.47457627118644075
19.42 1.898305084745763 -0.18983050847457628 0.9491525423728815 -0.37966101694915255
19.44 1.7084745762711866 -0.5694915254237288 2.657627118644068 -0.47457627118644075
19.46 1.4237288135593222 -0.37966101694915255 1.1389830508474577 -0.47457627118644075
19.48 0.9491525423728815 -0.8542372881355933 2.657627118644068 -0.37966101694915255
19.5 0.8542372881355933 -0.664406779661017 1.1389830508474577 -0.37966101694915255
19.52 0.18983050847457628 -1.4237288135593222 2.0881355932203394 -0.18983050847457628
19.54 0.2847457627118644 -1.0440677966101697 0.7593220338983051 -0.18983050847457628
19.56 -0.5830508474576271 -1.993220338983051 1.0440677966101697 0.10847457627118645
19.58 -0.2983050847457627 -1.4237288135593222 0.37966101694915255 -0.0
19.6 -0.9627118644067798 -2.657627118644068 -0.10847457627118645 0.2983050847457627
19.62 -0.5830508474576271 -1.898305084745763 -0.2033898305084746 0.10847457627118645
19.64 -1.5322033898305085 -3.6203389830508477 -1.3423728813559324 0.7728813559322034
19.66 -0.8677966101694916 -2.56271186440678 -0.9627118644067798 0.2983050847457627
19.68 -1.816949152542373 -4.0 -1.5322033898305085 0.8677966101694916
19.7 -1.057627118644068 -2.8474576271186445 -0.9627118644067798 0.2983050847457627
19.72 -2.0067796610169495 -3.3355932203389833 -1.3423728813559324 0.2033898305084746
19.74 -1.2474576271186442 -2.3728813559322037 -0.7728813559322034 -0.0
19.76 -1.722033898305085 -1.6135593220338984 -0.8677966101694916 -1.0440677966101697
19.78 -1.057627118644068 -0.9491525423728815 -0.6779661016949153 -0.8542372881355933
19.8 -1.4372881355932206 0.6779661016949153 -0.6779661016949153 -2.56271186440678
19.82 -0.8677966101694916 0.5830508474576271 -0.5830508474576271 -1.5186440677966102
19.84 -1.057627118644068 2.576271186440678 -0.5830508474576271 -3.145762711864407
19.86 -0.5830508474576271 2.0067796610169495 -0.48813559322033906 -1.8033898305084748
19.88 -0.7728813559322034 4.298305084745763 -0.48813559322033906 -3.4305084745762717
19.9 -0.39322033898305087 3.050847457627119 -0.48813559322033906 -1.898305084745763
19.92 -0.6779661016949153 5.152542372881356 -0.39322033898305087 -3.3355932203389833
19.94 -0.39322033898305087 3.728813559322034 -0.48813559322033906 -1.898305084745763
19.96 -0.48813559322033906 5.8169491525423735 -0.39322033898305087 -2.8474576271186445
19.98 -0.2983050847457627 4.1084745762711865 -0.39322033898305087 -1.7084745762711866
20.0 -0.48813559322033906 5.911864406779662 -0.48813559322033906 -2.2779661016949153
