0 65.535000E+3 0.000000E+0 65.535000E+3 0.000000E+0
1 65.535000E+3 0.000000E+0 65.535000E+3 0.000000E+0
2 65.535000E+3 0.000000E+0 65.535000E+3 0.000000E+0
3 65.526000E+3 19.000000E+0 9.000000E+0 65.517000E+3
4 0.000000E+0 65.514000E+3 7.000000E+0 7.000000E+0
5 65.527000E+3 65.534000E+3 13.000000E+0 65.531000E+3
6 2.000000E+0 65.522000E+3 5.000000E+0 10.000000E+0
7 65.534000E+3 0.000000E+0 21.000000E+0 0.000000E+0
8 3.000000E+0 65.512000E+3 19.000000E+0 20.000000E+0
9 65.531000E+3 0.000000E+0 23.000000E+0 65.533000E+3
10 1.000000E+0 65.515000E+3 16.000000E+0 14.000000E+0
11 65.529000E+3 65.530000E+3 25.000000E+0 65.531000E+3
12 0.000000E+0 65.520000E+3 14.000000E+0 13.000000E+0
13 65.527000E+3 0.000000E+0 23.000000E+0 65.533000E+3
14 65.535000E+3 65.516000E+3 14.000000E+0 11.000000E+0
15 65.527000E+3 13.000000E+0 17.000000E+0 65.528000E+3
16 0.000000E+0 65.520000E+3 14.000000E+0 6.000000E+0
17 65.532000E+3 20.000000E+0 19.000000E+0 65.531000E+3
18 3.000000E+0 65.520000E+3 14.000000E+0 6.000000E+0
19 65.528000E+3 12.000000E+0 16.000000E+0 65.528000E+3
20 0.000000E+0 65.522000E+3 10.000000E+0 3.000000E+0
21 65.525000E+3 10.000000E+0 15.000000E+0 65.526000E+3
22 65.535000E+3 65.521000E+3 12.000000E+0 3.000000E+0
23 65.522000E+3 11.000000E+0 21.000000E+0 65.528000E+3
24 65.531000E+3 65.524000E+3 19.000000E+0 4.000000E+0
25 65.520000E+3 9.000000E+0 24.000000E+0 65.525000E+3
26 65.527000E+3 65.525000E+3 22.000000E+0 2.000000E+0
27 65.519000E+3 8.000000E+0 25.000000E+0 65.527000E+3
28 65.525000E+3 65.528000E+3 24.000000E+0 0.000000E+0
29 65.519000E+3 5.000000E+0 26.000000E+0 65.529000E+3
30 65.524000E+3 65.532000E+3 22.000000E+0 0.000000E+0
31 65.519000E+3 8.000000E+0 24.000000E+0 65.525000E+3
32 65.524000E+3 65.534000E+3 20.000000E+0 65.535000E+3
33 65.522000E+3 10.000000E+0 24.000000E+0 65.524000E+3
34 65.526000E+3 0.000000E+0 21.000000E+0 65.535000E+3
35 65.522000E+3 14.000000E+0 24.000000E+0 65.521000E+3
36 65.527000E+3 1.000000E+0 22.000000E+0 65.533000E+3
37 65.520000E+3 14.000000E+0 27.000000E+0 65.523000E+3
38 65.522000E+3 0.000000E+0 23.000000E+0 65.531000E+3
39 65.518000E+3 11.000000E+0 28.000000E+0 65.521000E+3
40 65.521000E+3 1.000000E+0 26.000000E+0 65.529000E+3
41 65.518000E+3 12.000000E+0 30.000000E+0 65.518000E+3
42 65.520000E+3 2.000000E+0 27.000000E+0 65.527000E+3
43 65.517000E+3 13.000000E+0 31.000000E+0 65.521000E+3
44 65.516000E+3 5.000000E+0 29.000000E+0 65.528000E+3
45 65.513000E+3 14.000000E+0 30.000000E+0 65.522000E+3
46 65.516000E+3 7.000000E+0 28.000000E+0 65.530000E+3
47 65.515000E+3 14.000000E+0 31.000000E+0 65.522000E+3
48 65.519000E+3 11.000000E+0 29.000000E+0 65.526000E+3
49 65.517000E+3 16.000000E+0 30.000000E+0 65.522000E+3
50 65.518000E+3 13.000000E+0 28.000000E+0 65.523000E+3
51 65.517000E+3 16.000000E+0 28.000000E+0 65.518000E+3
52 65.517000E+3 19.000000E+0 27.000000E+0 65.519000E+3
53 65.517000E+3 17.000000E+0 27.000000E+0 65.520000E+3
54 65.515000E+3 19.000000E+0 28.000000E+0 65.521000E+3
55 65.515000E+3 19.000000E+0 29.000000E+0 65.521000E+3
56 65.513000E+3 19.000000E+0 30.000000E+0 65.520000E+3
57 65.514000E+3 19.000000E+0 30.000000E+0 65.520000E+3
58 65.513000E+3 19.000000E+0 30.000000E+0 65.520000E+3
59 65.513000E+3 19.000000E+0 30.000000E+0 65.520000E+3
60 65.514000E+3 19.000000E+0 31.000000E+0 65.520000E+3
61 65.517000E+3 19.000000E+0 31.000000E+0 65.520000E+3
62 65.517000E+3 19.000000E+0 32.000000E+0 65.520000E+3
63 65.519000E+3 19.000000E+0 32.000000E+0 65.521000E+3
64 65.518000E+3 19.000000E+0 32.000000E+0 65.520000E+3
65 65.517000E+3 19.000000E+0 35.000000E+0 65.514000E+3
66 65.518000E+3 19.000000E+0 35.000000E+0 65.519000E+3
67 65.518000E+3 19.000000E+0 40.000000E+0 65.516000E+3
68 65.518000E+3 19.000000E+0 36.000000E+0 65.525000E+3
69 65.517000E+3 19.000000E+0 39.000000E+0 65.516000E+3
70 65.518000E+3 19.000000E+0 34.000000E+0 65.529000E+3
71 65.518000E+3 19.000000E+0 41.000000E+0 65.519000E+3
72 65.520000E+3 8.000000E+0 37.000000E+0 65.521000E+3
73 65.528000E+3 16.000000E+0 55.000000E+0 65.526000E+3
74 65.527000E+3 16.000000E+0 46.000000E+0 0.000000E+0
75 65.524000E+3 15.000000E+0 42.000000E+0 65.522000E+3
76 65.524000E+3 15.000000E+0 29.000000E+0 65.530000E+3
77 65.527000E+3 15.000000E+0 37.000000E+0 65.519000E+3
78 65.527000E+3 15.000000E+0 29.000000E+0 65.528000E+3
79 65.530000E+3 15.000000E+0 39.000000E+0 65.520000E+3
80 65.530000E+3 15.000000E+0 34.000000E+0 65.526000E+3
81 65.532000E+3 15.000000E+0 38.000000E+0 65.523000E+3
82 65.531000E+3 15.000000E+0 35.000000E+0 65.520000E+3
83 65.530000E+3 16.000000E+0 38.000000E+0 65.531000E+3
84 65.530000E+3 15.000000E+0 32.000000E+0 65.528000E+3
85 65.527000E+3 15.000000E+0 35.000000E+0 65.534000E+3
86 65.527000E+3 15.000000E+0 37.000000E+0 65.523000E+3
87 65.528000E+3 15.000000E+0 38.000000E+0 65.535000E+3
88 65.528000E+3 15.000000E+0 46.000000E+0 65.519000E+3
89 65.529000E+3 12.000000E+0 47.000000E+0 65.535000E+3
90 65.526000E+3 11.000000E+0 49.000000E+0 65.513000E+3
91 65.526000E+3 11.000000E+0 29.000000E+0 65.535000E+3
92 65.527000E+3 11.000000E+0 29.000000E+0 65.512000E+3
93 65.528000E+3 7.000000E+0 8.000000E+0 65.535000E+3
94 65.528000E+3 7.000000E+0 10.000000E+0 65.508000E+3
95 65.527000E+3 4.000000E+0 4.000000E+0 0.000000E+0
96 65.524000E+3 4.000000E+0 8.000000E+0 65.506000E+3
97 65.526000E+3 2.000000E+0 1.000000E+0 65.529000E+3
98 65.525000E+3 3.000000E+0 9.000000E+0 65.521000E+3
99 65.532000E+3 7.000000E+0 5.000000E+0 65.525000E+3
100 65.527000E+3 10.000000E+0 12.000000E+0 65.527000E+3
101 0.000000E+0 8.000000E+0 6.000000E+0 65.519000E+3
102 65.526000E+3 13.000000E+0 11.000000E+0 65.523000E+3
103 65.535000E+3 7.000000E+0 5.000000E+0 65.516000E+3
104 65.523000E+3 14.000000E+0 11.000000E+0 65.528000E+3
105 65.531000E+3 11.000000E+0 5.000000E+0 65.522000E+3
106 65.522000E+3 10.000000E+0 13.000000E+0 65.530000E+3
107 65.522000E+3 11.000000E+0 6.000000E+0 65.524000E+3
108 65.519000E+3 10.000000E+0 11.000000E+0 65.529000E+3
109 65.516000E+3 21.000000E+0 5.000000E+0 65.524000E+3
110 65.521000E+3 5.000000E+0 12.000000E+0 65.526000E+3
111 65.513000E+3 20.000000E+0 10.000000E+0 65.527000E+3
112 65.520000E+3 0.000000E+0 15.000000E+0 65.526000E+3
113 65.510000E+3 17.000000E+0 10.000000E+0 65.526000E+3
114 65.522000E+3 65.530000E+3 9.000000E+0 65.524000E+3
115 65.510000E+3 20.000000E+0 6.000000E+0 65.524000E+3
116 65.527000E+3 65.529000E+3 7.000000E+0 65.521000E+3
117 65.522000E+3 17.000000E+0 3.000000E+0 65.523000E+3
118 0.000000E+0 0.000000E+0 5.000000E+0 65.522000E+3
119 65.529000E+3 21.000000E+0 2.000000E+0 65.522000E+3
120 0.000000E+0 5.000000E+0 4.000000E+0 65.522000E+3
121 65.512000E+3 13.000000E+0 65.534000E+3 65.534000E+3
122 65.517000E+3 5.000000E+0 65.534000E+3 65.527000E+3
123 65.513000E+3 4.000000E+0 65.535000E+3 65.522000E+3
124 65.522000E+3 13.000000E+0 3.000000E+0 65.523000E+3
125 65.523000E+3 7.000000E+0 4.000000E+0 65.524000E+3
126 65.532000E+3 13.000000E+0 4.000000E+0 65.524000E+3
127 65.529000E+3 5.000000E+0 7.000000E+0 65.528000E+3
128 65.528000E+3 21.000000E+0 3.000000E+0 65.528000E+3
129 65.519000E+3 3.000000E+0 5.000000E+0 65.528000E+3
130 65.513000E+3 28.000000E+0 4.000000E+0 65.528000E+3
131 65.512000E+3 2.000000E+0 4.000000E+0 65.528000E+3
132 65.507000E+3 29.000000E+0 4.000000E+0 65.528000E+3
133 65.515000E+3 5.000000E+0 1.000000E+0 65.530000E+3
134 65.510000E+3 28.000000E+0 2.000000E+0 65.530000E+3
135 65.520000E+3 11.000000E+0 0.000000E+0 65.531000E+3
136 65.518000E+3 29.000000E+0 0.000000E+0 65.529000E+3
137 65.526000E+3 12.000000E+0 65.535000E+3 65.530000E+3
138 65.520000E+3 21.000000E+0 0.000000E+0 65.531000E+3
139 65.526000E+3 12.000000E+0 65.535000E+3 65.534000E+3
140 65.520000E+3 8.000000E+0 1.000000E+0 65.528000E+3
141 65.525000E+3 17.000000E+0 65.535000E+3 65.532000E+3
142 65.516000E+3 10.000000E+0 2.000000E+0 65.523000E+3
143 65.519000E+3 18.000000E+0 65.530000E+3 65.531000E+3
144 65.513000E+3 5.000000E+0 1.000000E+0 65.521000E+3
145 65.515000E+3 12.000000E+0 65.533000E+3 65.528000E+3
146 65.512000E+3 3.000000E+0 1.000000E+0 65.523000E+3
147 65.517000E+3 9.000000E+0 0.000000E+0 65.525000E+3
148 65.515000E+3 7.000000E+0 2.000000E+0 65.525000E+3
149 65.519000E+3 14.000000E+0 8.000000E+0 65.515000E+3
150 65.516000E+3 14.000000E+0 6.000000E+0 65.529000E+3
151 65.516000E+3 11.000000E+0 30.000000E+0 65.516000E+3
152 65.512000E+3 10.000000E+0 26.000000E+0 65.535000E+3
153 65.517000E+3 9.000000E+0 41.000000E+0 65.515000E+3
154 65.518000E+3 14.000000E+0 30.000000E+0 1.000000E+0
155 65.521000E+3 14.000000E+0 41.000000E+0 65.519000E+3
156 65.521000E+3 14.000000E+0 26.000000E+0 0.000000E+0
157 65.522000E+3 16.000000E+0 33.000000E+0 65.522000E+3
158 65.520000E+3 17.000000E+0 19.000000E+0 65.535000E+3
159 65.526000E+3 9.000000E+0 33.000000E+0 65.514000E+3
160 65.526000E+3 15.000000E+0 21.000000E+0 65.529000E+3
161 65.527000E+3 15.000000E+0 28.000000E+0 65.516000E+3
162 65.527000E+3 15.000000E+0 17.000000E+0 65.525000E+3
163 65.527000E+3 14.000000E+0 25.000000E+0 65.519000E+3
164 65.525000E+3 14.000000E+0 21.000000E+0 65.515000E+3
165 65.526000E+3 14.000000E+0 28.000000E+0 65.533000E+3
166 65.523000E+3 15.000000E+0 22.000000E+0 65.524000E+3
167 65.523000E+3 15.000000E+0 29.000000E+0 0.000000E+0
168 65.523000E+3 15.000000E+0 28.000000E+0 65.518000E+3
169 65.524000E+3 15.000000E+0 33.000000E+0 65.535000E+3
170 65.524000E+3 15.000000E+0 36.000000E+0 65.512000E+3
171 65.524000E+3 11.000000E+0 37.000000E+0 65.534000E+3
172 65.523000E+3 11.000000E+0 39.000000E+0 65.507000E+3
173 65.527000E+3 8.000000E+0 35.000000E+0 65.531000E+3
174 65.526000E+3 7.000000E+0 41.000000E+0 65.502000E+3
175 65.529000E+3 5.000000E+0 27.000000E+0 65.529000E+3
176 65.526000E+3 5.000000E+0 27.000000E+0 65.512000E+3
177 65.531000E+3 4.000000E+0 7.000000E+0 65.527000E+3
178 65.526000E+3 5.000000E+0 8.000000E+0 65.519000E+3
179 65.533000E+3 9.000000E+0 2.000000E+0 65.525000E+3
180 65.522000E+3 9.000000E+0 7.000000E+0 65.527000E+3
181 65.531000E+3 5.000000E+0 1.000000E+0 65.517000E+3
182 65.521000E+3 13.000000E+0 8.000000E+0 65.524000E+3
183 65.533000E+3 6.000000E+0 4.000000E+0 65.515000E+3
184 65.522000E+3 17.000000E+0 12.000000E+0 65.529000E+3
185 65.532000E+3 11.000000E+0 6.000000E+0 65.522000E+3
186 65.521000E+3 14.000000E+0 12.000000E+0 65.531000E+3
187 65.525000E+3 14.000000E+0 8.000000E+0 65.526000E+3
188 65.521000E+3 9.000000E+0 12.000000E+0 65.530000E+3
189 65.515000E+3 19.000000E+0 4.000000E+0 65.525000E+3
190 65.519000E+3 4.000000E+0 10.000000E+0 65.525000E+3
191 65.507000E+3 21.000000E+0 9.000000E+0 65.527000E+3
192 65.519000E+3 65.531000E+3 16.000000E+0 65.528000E+3
193 65.508000E+3 14.000000E+0 12.000000E+0 65.528000E+3
194 65.525000E+3 65.526000E+3 13.000000E+0 65.526000E+3
195 65.509000E+3 13.000000E+0 9.000000E+0 65.527000E+3
196 65.529000E+3 65.530000E+3 9.000000E+0 65.523000E+3
197 65.518000E+3 16.000000E+0 6.000000E+0 65.524000E+3
198 0.000000E+0 65.534000E+3 5.000000E+0 65.523000E+3
199 65.528000E+3 19.000000E+0 2.000000E+0 65.523000E+3
200 0.000000E+0 3.000000E+0 3.000000E+0 65.522000E+3
201 65.523000E+3 38.000000E+0 0.000000E+0 0.000000E+0
202 65.524000E+3 0.000000E+0 0.000000E+0 65.517000E+3
203 65.517000E+3 9.000000E+0 65.534000E+3 65.520000E+3
204 65.524000E+3 20.000000E+0 1.000000E+0 65.524000E+3
205 65.520000E+3 5.000000E+0 3.000000E+0 65.528000E+3
206 65.532000E+3 13.000000E+0 2.000000E+0 65.527000E+3
207 65.529000E+3 2.000000E+0 6.000000E+0 65.528000E+3
208 65.527000E+3 22.000000E+0 4.000000E+0 65.528000E+3
209 65.519000E+3 3.000000E+0 7.000000E+0 65.528000E+3
210 65.511000E+3 26.000000E+0 4.000000E+0 65.528000E+3
211 65.511000E+3 1.000000E+0 5.000000E+0 65.530000E+3
212 65.506000E+3 33.000000E+0 5.000000E+0 65.531000E+3
213 65.516000E+3 4.000000E+0 2.000000E+0 65.531000E+3
214 65.505000E+3 35.000000E+0 1.000000E+0 65.532000E+3
215 65.516000E+3 7.000000E+0 0.000000E+0 65.530000E+3
216 65.516000E+3 31.000000E+0 1.000000E+0 65.529000E+3
217 65.527000E+3 16.000000E+0 65.533000E+3 65.530000E+3
218 65.519000E+3 21.000000E+0 0.000000E+0 65.528000E+3
219 65.525000E+3 12.000000E+0 65.532000E+3 65.530000E+3
220 65.520000E+3 11.000000E+0 0.000000E+0 65.526000E+3
221 65.523000E+3 22.000000E+0 65.530000E+3 65.530000E+3
222 65.518000E+3 11.000000E+0 2.000000E+0 65.523000E+3
223 65.521000E+3 19.000000E+0 65.529000E+3 65.531000E+3
224 65.513000E+3 2.000000E+0 2.000000E+0 65.520000E+3
225 65.517000E+3 9.000000E+0 65.530000E+3 65.529000E+3
226 65.512000E+3 0.000000E+0 0.000000E+0 65.521000E+3
227 65.516000E+3 8.000000E+0 0.000000E+0 65.523000E+3
228 65.512000E+3 4.000000E+0 1.000000E+0 65.529000E+3
229 65.516000E+3 10.000000E+0 5.000000E+0 65.511000E+3
230 65.514000E+3 10.000000E+0 4.000000E+0 65.525000E+3
231 65.521000E+3 13.000000E+0 25.000000E+0 65.514000E+3
232 65.516000E+3 15.000000E+0 28.000000E+0 0.000000E+0
233 65.517000E+3 10.000000E+0 36.000000E+0 65.516000E+3
234 65.516000E+3 13.000000E+0 24.000000E+0 0.000000E+0
235 65.520000E+3 12.000000E+0 37.000000E+0 65.517000E+3
236 65.520000E+3 14.000000E+0 23.000000E+0 2.000000E+0
237 65.524000E+3 16.000000E+0 33.000000E+0 65.517000E+3
238 65.522000E+3 18.000000E+0 16.000000E+0 0.000000E+0
239 65.526000E+3 16.000000E+0 26.000000E+0 65.515000E+3
240 65.527000E+3 5.000000E+0 16.000000E+0 65.522000E+3
241 65.534000E+3 14.000000E+0 36.000000E+0 65.515000E+3
242 65.531000E+3 15.000000E+0 20.000000E+0 65.527000E+3
243 65.530000E+3 13.000000E+0 23.000000E+0 65.519000E+3
244 65.525000E+3 14.000000E+0 12.000000E+0 65.516000E+3
245 65.524000E+3 14.000000E+0 24.000000E+0 65.529000E+3
246 65.523000E+3 14.000000E+0 17.000000E+0 65.525000E+3
247 65.524000E+3 14.000000E+0 28.000000E+0 0.000000E+0
248 65.524000E+3 14.000000E+0 24.000000E+0 65.519000E+3
249 65.525000E+3 13.000000E+0 29.000000E+0 65.535000E+3
250 65.523000E+3 13.000000E+0 30.000000E+0 65.511000E+3
251 65.526000E+3 9.000000E+0 32.000000E+0 65.532000E+3
252 65.524000E+3 9.000000E+0 36.000000E+0 65.510000E+3
253 65.527000E+3 7.000000E+0 33.000000E+0 65.534000E+3
254 65.527000E+3 6.000000E+0 37.000000E+0 65.503000E+3
255 65.528000E+3 5.000000E+0 31.000000E+0 65.528000E+3
256 65.527000E+3 5.000000E+0 35.000000E+0 65.513000E+3
257 65.532000E+3 2.000000E+0 8.000000E+0 65.524000E+3
258 65.528000E+3 5.000000E+0 8.000000E+0 65.518000E+3
259 65.534000E+3 9.000000E+0 4.000000E+0 65.525000E+3
260 65.525000E+3 9.000000E+0 6.000000E+0 65.525000E+3
261 65.530000E+3 7.000000E+0 0.000000E+0 65.518000E+3
262 65.520000E+3 11.000000E+0 7.000000E+0 65.520000E+3
263 65.531000E+3 4.000000E+0 2.000000E+0 65.514000E+3
264 65.523000E+3 16.000000E+0 10.000000E+0 65.527000E+3
265 65.531000E+3 12.000000E+0 5.000000E+0 65.522000E+3
266 65.524000E+3 10.000000E+0 12.000000E+0 65.531000E+3
267 65.525000E+3 12.000000E+0 6.000000E+0 65.526000E+3
268 65.522000E+3 12.000000E+0 11.000000E+0 65.529000E+3
269 65.516000E+3 22.000000E+0 3.000000E+0 65.523000E+3
270 65.520000E+3 5.000000E+0 10.000000E+0 65.525000E+3
271 65.511000E+3 18.000000E+0 8.000000E+0 65.527000E+3
272 65.520000E+3 65.535000E+3 13.000000E+0 65.526000E+3
273 65.507000E+3 19.000000E+0 11.000000E+0 65.527000E+3
274 65.525000E+3 65.529000E+3 10.000000E+0 65.525000E+3
275 65.509000E+3 15.000000E+0 7.000000E+0 65.525000E+3
276 65.528000E+3 65.529000E+3 8.000000E+0 65.523000E+3
277 65.517000E+3 18.000000E+0 4.000000E+0 65.523000E+3
278 65.535000E+3 0.000000E+0 5.000000E+0 65.523000E+3
279 65.527000E+3 21.000000E+0 3.000000E+0 65.522000E+3
280 65.534000E+3 19.000000E+0 4.000000E+0 0.000000E+0
281 65.508000E+3 6.000000E+0 65.534000E+3 65.515000E+3
282 65.519000E+3 6.000000E+0 65.533000E+3 65.526000E+3
283 65.515000E+3 11.000000E+0 0.000000E+0 65.529000E+3
284 65.528000E+3 16.000000E+0 2.000000E+0 65.525000E+3
285 65.525000E+3 6.000000E+0 6.000000E+0 65.527000E+3
286 65.535000E+3 12.000000E+0 2.000000E+0 65.527000E+3
287 65.523000E+3 1.000000E+0 7.000000E+0 65.527000E+3
288 65.525000E+3 24.000000E+0 2.000000E+0 65.527000E+3
289 65.516000E+3 2.000000E+0 5.000000E+0 65.527000E+3
290 65.509000E+3 28.000000E+0 4.000000E+0 65.528000E+3
291 65.513000E+3 2.000000E+0 5.000000E+0 65.530000E+3
292 65.506000E+3 31.000000E+0 5.000000E+0 65.530000E+3
293 65.514000E+3 4.000000E+0 1.000000E+0 65.532000E+3
294 65.504000E+3 34.000000E+0 1.000000E+0 65.532000E+3
295 65.522000E+3 10.000000E+0 0.000000E+0 65.531000E+3
296 65.518000E+3 29.000000E+0 1.000000E+0 65.531000E+3
297 65.525000E+3 16.000000E+0 65.532000E+3 65.532000E+3
298 65.522000E+3 21.000000E+0 0.000000E+0 65.529000E+3
299 65.524000E+3 12.000000E+0 65.533000E+3 65.530000E+3
300 65.520000E+3 9.000000E+0 0.000000E+0 65.524000E+3
301 65.524000E+3 20.000000E+0 65.531000E+3 65.531000E+3
302 65.516000E+3 11.000000E+0 2.000000E+0 65.522000E+3
303 65.520000E+3 18.000000E+0 65.528000E+3 65.532000E+3
304 65.512000E+3 0.000000E+0 1.000000E+0 65.520000E+3
305 65.515000E+3 9.000000E+0 65.529000E+3 65.528000E+3
306 65.512000E+3 0.000000E+0 0.000000E+0 65.519000E+3
307 65.514000E+3 6.000000E+0 0.000000E+0 65.521000E+3
308 65.512000E+3 4.000000E+0 2.000000E+0 65.529000E+3
309 65.516000E+3 9.000000E+0 7.000000E+0 65.512000E+3
310 65.516000E+3 10.000000E+0 6.000000E+0 65.527000E+3
311 65.519000E+3 11.000000E+0 30.000000E+0 65.518000E+3
312 65.513000E+3 12.000000E+0 29.000000E+0 0.000000E+0
313 65.516000E+3 9.000000E+0 38.000000E+0 65.518000E+3
314 65.516000E+3 12.000000E+0 27.000000E+0 0.000000E+0
315 65.520000E+3 12.000000E+0 43.000000E+0 65.518000E+3
316 65.520000E+3 14.000000E+0 25.000000E+0 2.000000E+0
317 65.520000E+3 15.000000E+0 36.000000E+0 65.519000E+3
318 65.520000E+3 16.000000E+0 17.000000E+0 0.000000E+0
319 65.523000E+3 14.000000E+0 27.000000E+0 65.516000E+3
320 65.529000E+3 16.000000E+0 24.000000E+0 65.528000E+3
321 65.534000E+3 13.000000E+0 37.000000E+0 65.518000E+3
322 65.529000E+3 12.000000E+0 19.000000E+0 65.525000E+3
323 65.529000E+3 13.000000E+0 23.000000E+0 65.515000E+3
324 65.525000E+3 12.000000E+0 15.000000E+0 65.515000E+3
325 65.524000E+3 12.000000E+0 23.000000E+0 65.528000E+3
326 65.524000E+3 13.000000E+0 19.000000E+0 65.522000E+3
327 65.523000E+3 13.000000E+0 28.000000E+0 0.000000E+0
328 65.523000E+3 13.000000E+0 26.000000E+0 65.518000E+3
329 65.524000E+3 11.000000E+0 32.000000E+0 65.534000E+3
330 65.523000E+3 12.000000E+0 32.000000E+0 65.510000E+3
331 65.523000E+3 8.000000E+0 34.000000E+0 65.530000E+3
332 65.523000E+3 8.000000E+0 38.000000E+0 65.511000E+3
333 65.525000E+3 4.000000E+0 35.000000E+0 65.532000E+3
334 65.525000E+3 5.000000E+0 39.000000E+0 65.505000E+3
335 65.530000E+3 1.000000E+0 30.000000E+0 65.526000E+3
336 65.527000E+3 6.000000E+0 31.000000E+0 65.512000E+3
337 65.531000E+3 5.000000E+0 9.000000E+0 65.529000E+3
338 65.528000E+3 6.000000E+0 11.000000E+0 65.518000E+3
339 65.533000E+3 8.000000E+0 2.000000E+0 65.524000E+3
340 65.521000E+3 7.000000E+0 7.000000E+0 65.526000E+3
341 65.531000E+3 3.000000E+0 0.000000E+0 65.515000E+3
342 65.521000E+3 13.000000E+0 7.000000E+0 65.523000E+3
343 65.532000E+3 7.000000E+0 3.000000E+0 65.513000E+3
344 65.522000E+3 17.000000E+0 11.000000E+0 65.529000E+3
345 65.533000E+3 10.000000E+0 5.000000E+0 65.522000E+3
346 65.522000E+3 15.000000E+0 12.000000E+0 65.532000E+3
347 65.525000E+3 14.000000E+0 8.000000E+0 65.527000E+3
348 65.520000E+3 8.000000E+0 12.000000E+0 65.530000E+3
349 65.514000E+3 19.000000E+0 3.000000E+0 65.524000E+3
350 65.520000E+3 4.000000E+0 10.000000E+0 65.525000E+3
351 65.509000E+3 23.000000E+0 10.000000E+0 65.526000E+3
352 65.520000E+3 65.533000E+3 16.000000E+0 65.527000E+3
353 65.508000E+3 18.000000E+0 12.000000E+0 65.527000E+3
354 65.525000E+3 65.525000E+3 13.000000E+0 65.525000E+3
355 65.509000E+3 17.000000E+0 8.000000E+0 65.525000E+3
356 65.528000E+3 65.529000E+3 7.000000E+0 65.523000E+3
357 65.518000E+3 16.000000E+0 7.000000E+0 65.524000E+3
358 0.000000E+0 65.534000E+3 6.000000E+0 65.524000E+3
359 65.528000E+3 19.000000E+0 2.000000E+0 65.522000E+3
360 0.000000E+0 3.000000E+0 3.000000E+0 65.522000E+3
361 65.523000E+3 39.000000E+0 0.000000E+0 0.000000E+0
362 65.523000E+3 0.000000E+0 0.000000E+0 65.516000E+3
363 65.517000E+3 10.000000E+0 65.532000E+3 65.521000E+3
364 65.523000E+3 20.000000E+0 0.000000E+0 65.524000E+3
365 65.521000E+3 6.000000E+0 4.000000E+0 65.528000E+3
366 65.534000E+3 14.000000E+0 2.000000E+0 65.527000E+3
367 65.530000E+3 2.000000E+0 6.000000E+0 65.528000E+3
368 65.528000E+3 23.000000E+0 4.000000E+0 65.529000E+3
369 65.520000E+3 3.000000E+0 7.000000E+0 65.528000E+3
370 65.512000E+3 26.000000E+0 3.000000E+0 65.528000E+3
371 65.512000E+3 2.000000E+0 3.000000E+0 65.531000E+3
372 65.506000E+3 32.000000E+0 4.000000E+0 65.532000E+3
373 65.515000E+3 5.000000E+0 0.000000E+0 65.531000E+3
374 65.506000E+3 34.000000E+0 1.000000E+0 65.531000E+3
375 65.517000E+3 8.000000E+0 0.000000E+0 65.531000E+3
376 65.516000E+3 30.000000E+0 0.000000E+0 65.529000E+3
377 65.526000E+3 17.000000E+0 65.534000E+3 65.530000E+3
378 65.519000E+3 23.000000E+0 0.000000E+0 65.528000E+3
379 65.526000E+3 12.000000E+0 65.533000E+3 65.531000E+3
380 65.520000E+3 9.000000E+0 0.000000E+0 65.525000E+3
381 65.524000E+3 18.000000E+0 65.531000E+3 65.531000E+3
382 65.517000E+3 10.000000E+0 3.000000E+0 65.521000E+3
383 65.522000E+3 19.000000E+0 65.528000E+3 65.530000E+3
384 65.515000E+3 1.000000E+0 1.000000E+0 65.519000E+3
385 65.517000E+3 9.000000E+0 65.528000E+3 65.529000E+3
386 65.513000E+3 0.000000E+0 0.000000E+0 65.521000E+3
387 65.516000E+3 6.000000E+0 0.000000E+0 65.522000E+3
388 65.512000E+3 4.000000E+0 0.000000E+0 65.528000E+3
389 65.517000E+3 10.000000E+0 7.000000E+0 65.511000E+3
390 65.515000E+3 11.000000E+0 6.000000E+0 65.525000E+3
391 65.521000E+3 12.000000E+0 28.000000E+0 65.517000E+3
392 65.516000E+3 13.000000E+0 28.000000E+0 0.000000E+0
393 65.517000E+3 9.000000E+0 39.000000E+0 65.518000E+3
394 65.517000E+3 13.000000E+0 27.000000E+0 0.000000E+0
395 65.520000E+3 12.000000E+0 41.000000E+0 65.518000E+3
396 65.521000E+3 15.000000E+0 23.000000E+0 2.000000E+0
397 65.522000E+3 15.000000E+0 33.000000E+0 65.519000E+3
398 65.521000E+3 17.000000E+0 15.000000E+0 0.000000E+0
399 65.524000E+3 14.000000E+0 25.000000E+0 65.515000E+3
400 65.528000E+3 16.000000E+0 19.000000E+0 65.526000E+3
401 65.533000E+3 14.000000E+0 34.000000E+0 65.517000E+3
402 65.530000E+3 14.000000E+0 16.000000E+0 65.525000E+3
403 65.529000E+3 14.000000E+0 23.000000E+0 65.517000E+3
404 65.526000E+3 14.000000E+0 11.000000E+0 65.512000E+3
405 65.526000E+3 14.000000E+0 23.000000E+0 65.529000E+3
406 65.525000E+3 14.000000E+0 18.000000E+0 65.523000E+3
407 65.524000E+3 14.000000E+0 27.000000E+0 0.000000E+0
408 65.524000E+3 14.000000E+0 26.000000E+0 65.518000E+3
409 65.524000E+3 14.000000E+0 31.000000E+0 65.535000E+3
410 65.523000E+3 14.000000E+0 31.000000E+0 65.512000E+3
411 65.524000E+3 10.000000E+0 33.000000E+0 65.532000E+3
412 65.523000E+3 9.000000E+0 36.000000E+0 65.509000E+3
413 65.526000E+3 7.000000E+0 33.000000E+0 65.535000E+3
414 65.527000E+3 6.000000E+0 39.000000E+0 65.501000E+3
415 65.530000E+3 5.000000E+0 30.000000E+0 65.529000E+3
416 65.528000E+3 5.000000E+0 31.000000E+0 65.511000E+3
417 65.532000E+3 4.000000E+0 9.000000E+0 65.528000E+3
418 65.529000E+3 6.000000E+0 9.000000E+0 65.518000E+3
419 65.533000E+3 8.000000E+0 1.000000E+0 65.525000E+3
420 65.523000E+3 8.000000E+0 6.000000E+0 65.527000E+3
421 65.531000E+3 5.000000E+0 0.000000E+0 65.516000E+3
422 65.522000E+3 11.000000E+0 7.000000E+0 65.524000E+3
423 65.533000E+3 4.000000E+0 4.000000E+0 65.514000E+3
424 65.522000E+3 18.000000E+0 11.000000E+0 65.529000E+3
425 65.531000E+3 11.000000E+0 6.000000E+0 65.522000E+3
426 65.522000E+3 15.000000E+0 12.000000E+0 65.531000E+3
427 65.525000E+3 14.000000E+0 7.000000E+0 65.527000E+3
428 65.521000E+3 9.000000E+0 11.000000E+0 65.530000E+3
429 65.516000E+3 20.000000E+0 5.000000E+0 65.525000E+3
430 65.521000E+3 4.000000E+0 11.000000E+0 65.526000E+3
431 65.509000E+3 20.000000E+0 9.000000E+0 65.527000E+3
432 65.518000E+3 65.532000E+3 15.000000E+0 65.527000E+3
433 65.509000E+3 17.000000E+0 11.000000E+0 65.527000E+3
434 65.525000E+3 65.525000E+3 12.000000E+0 65.525000E+3
435 65.509000E+3 15.000000E+0 9.000000E+0 65.525000E+3
436 65.528000E+3 65.528000E+3 9.000000E+0 65.523000E+3
437 65.517000E+3 14.000000E+0 7.000000E+0 65.524000E+3
438 0.000000E+0 65.535000E+3 6.000000E+0 65.523000E+3
439 65.531000E+3 20.000000E+0 3.000000E+0 65.523000E+3
440 0.000000E+0 3.000000E+0 4.000000E+0 65.523000E+3
441 65.531000E+3 28.000000E+0 2.000000E+0 65.532000E+3
442 65.522000E+3 0.000000E+0 0.000000E+0 65.514000E+3
443 65.513000E+3 10.000000E+0 65.535000E+3 65.525000E+3
444 65.525000E+3 14.000000E+0 0.000000E+0 65.529000E+3
445 65.518000E+3 6.000000E+0 1.000000E+0 65.525000E+3
446 65.532000E+3 10.000000E+0 3.000000E+0 65.525000E+3
447 65.529000E+3 1.000000E+0 5.000000E+0 65.528000E+3
448 65.528000E+3 22.000000E+0 9.000000E+0 65.528000E+3
449 65.521000E+3 4.000000E+0 7.000000E+0 65.528000E+3
450 65.514000E+3 27.000000E+0 3.000000E+0 65.528000E+3
451 65.514000E+3 3.000000E+0 5.000000E+0 65.528000E+3
452 65.508000E+3 31.000000E+0 4.000000E+0 65.528000E+3
453 65.514000E+3 5.000000E+0 2.000000E+0 65.530000E+3
454 65.508000E+3 29.000000E+0 3.000000E+0 65.531000E+3
455 65.519000E+3 11.000000E+0 0.000000E+0 65.531000E+3
456 65.514000E+3 29.000000E+0 0.000000E+0 65.529000E+3
457 65.526000E+3 13.000000E+0 65.535000E+3 65.529000E+3
458 65.522000E+3 22.000000E+0 0.000000E+0 65.530000E+3
459 65.528000E+3 13.000000E+0 65.531000E+3 65.533000E+3
460 65.521000E+3 9.000000E+0 0.000000E+0 65.527000E+3
461 65.526000E+3 18.000000E+0 65.533000E+3 65.531000E+3
462 65.517000E+3 11.000000E+0 3.000000E+0 65.523000E+3
463 65.522000E+3 20.000000E+0 65.529000E+3 65.530000E+3
464 65.514000E+3 7.000000E+0 3.000000E+0 65.522000E+3
465 65.517000E+3 16.000000E+0 65.532000E+3 65.529000E+3
466 65.511000E+3 4.000000E+0 1.000000E+0 65.523000E+3
467 65.516000E+3 7.000000E+0 0.000000E+0 65.524000E+3
468 65.513000E+3 5.000000E+0 4.000000E+0 65.525000E+3
469 65.519000E+3 13.000000E+0 9.000000E+0 65.515000E+3
470 65.517000E+3 13.000000E+0 5.000000E+0 65.529000E+3
471 65.517000E+3 12.000000E+0 31.000000E+0 65.516000E+3
472 65.512000E+3 11.000000E+0 25.000000E+0 0.000000E+0
473 65.517000E+3 9.000000E+0 40.000000E+0 65.516000E+3
474 65.519000E+3 14.000000E+0 30.000000E+0 1.000000E+0
475 65.523000E+3 14.000000E+0 40.000000E+0 65.519000E+3
476 65.522000E+3 15.000000E+0 25.000000E+0 0.000000E+0
477 65.524000E+3 16.000000E+0 35.000000E+0 65.522000E+3
478 65.522000E+3 17.000000E+0 18.000000E+0 65.534000E+3
479 65.527000E+3 8.000000E+0 33.000000E+0 65.514000E+3
480 65.528000E+3 15.000000E+0 23.000000E+0 65.530000E+3
481 65.528000E+3 15.000000E+0 29.000000E+0 65.517000E+3
482 65.527000E+3 14.000000E+0 16.000000E+0 65.524000E+3
483 65.526000E+3 13.000000E+0 24.000000E+0 65.516000E+3
484 65.526000E+3 15.000000E+0 22.000000E+0 65.520000E+3
485 65.527000E+3 13.000000E+0 31.000000E+0 65.533000E+3
486 65.523000E+3 14.000000E+0 22.000000E+0 65.524000E+3
487 65.524000E+3 13.000000E+0 28.000000E+0 0.000000E+0
488 65.523000E+3 13.000000E+0 27.000000E+0 65.516000E+3
489 65.525000E+3 13.000000E+0 33.000000E+0 65.533000E+3
490 65.525000E+3 14.000000E+0 34.000000E+0 65.512000E+3
491 65.525000E+3 10.000000E+0 35.000000E+0 65.533000E+3
492 65.525000E+3 9.000000E+0 37.000000E+0 65.508000E+3
493 65.528000E+3 6.000000E+0 35.000000E+0 65.531000E+3
494 65.527000E+3 6.000000E+0 42.000000E+0 65.503000E+3
495 65.529000E+3 4.000000E+0 26.000000E+0 65.530000E+3
496 65.526000E+3 6.000000E+0 26.000000E+0 65.511000E+3
497 65.532000E+3 5.000000E+0 9.000000E+0 65.527000E+3
498 65.528000E+3 5.000000E+0 9.000000E+0 65.517000E+3
499 65.532000E+3 8.000000E+0 2.000000E+0 65.524000E+3
500 65.523000E+3 9.000000E+0 7.000000E+0 65.527000E+3
501 65.532000E+3 4.000000E+0 0.000000E+0 65.517000E+3
502 65.522000E+3 14.000000E+0 8.000000E+0 65.525000E+3
503 65.534000E+3 6.000000E+0 4.000000E+0 65.514000E+3
504 65.522000E+3 17.000000E+0 11.000000E+0 65.529000E+3
505 65.531000E+3 12.000000E+0 6.000000E+0 65.524000E+3
506 65.522000E+3 14.000000E+0 12.000000E+0 65.532000E+3
507 65.526000E+3 16.000000E+0 8.000000E+0 65.526000E+3
508 65.521000E+3 8.000000E+0 12.000000E+0 65.530000E+3
509 65.517000E+3 21.000000E+0 4.000000E+0 65.524000E+3
510 65.520000E+3 4.000000E+0 10.000000E+0 65.524000E+3
511 65.511000E+3 21.000000E+0 9.000000E+0 65.525000E+3
512 65.518000E+3 65.533000E+3 16.000000E+0 65.529000E+3
513 65.511000E+3 16.000000E+0 11.000000E+0 65.528000E+3
514 65.526000E+3 65.526000E+3 12.000000E+0 65.527000E+3
515 65.510000E+3 15.000000E+0 9.000000E+0 65.525000E+3
516 65.529000E+3 65.530000E+3 8.000000E+0 65.523000E+3
517 65.517000E+3 16.000000E+0 6.000000E+0 65.523000E+3
518 0.000000E+0 0.000000E+0 5.000000E+0 65.523000E+3
519 65.530000E+3 20.000000E+0 2.000000E+0 65.523000E+3
520 2.000000E+0 4.000000E+0 3.000000E+0 65.522000E+3
521 65.532000E+3 26.000000E+0 3.000000E+0 65.528000E+3
522 65.527000E+3 2.000000E+0 0.000000E+0 65.513000E+3
523 65.518000E+3 11.000000E+0 65.535000E+3 65.522000E+3
524 65.525000E+3 17.000000E+0 0.000000E+0 65.526000E+3
525 65.521000E+3 7.000000E+0 1.000000E+0 65.524000E+3
526 65.532000E+3 10.000000E+0 4.000000E+0 65.524000E+3
527 65.526000E+3 1.000000E+0 6.000000E+0 65.526000E+3
528 65.526000E+3 21.000000E+0 2.000000E+0 65.526000E+3
529 65.519000E+3 4.000000E+0 7.000000E+0 65.526000E+3
530 65.515000E+3 27.000000E+0 2.000000E+0 65.526000E+3
531 65.516000E+3 3.000000E+0 5.000000E+0 65.527000E+3
532 65.510000E+3 30.000000E+0 4.000000E+0 65.527000E+3
533 65.516000E+3 6.000000E+0 2.000000E+0 65.530000E+3
534 65.509000E+3 28.000000E+0 2.000000E+0 65.530000E+3
535 65.518000E+3 8.000000E+0 0.000000E+0 65.531000E+3
536 65.516000E+3 29.000000E+0 0.000000E+0 65.530000E+3
537 65.526000E+3 13.000000E+0 65.534000E+3 65.530000E+3
538 65.522000E+3 22.000000E+0 0.000000E+0 65.530000E+3
539 65.528000E+3 13.000000E+0 65.532000E+3 65.533000E+3
540 65.521000E+3 9.000000E+0 0.000000E+0 65.527000E+3
541 65.526000E+3 17.000000E+0 65.533000E+3 65.531000E+3
542 65.517000E+3 11.000000E+0 2.000000E+0 65.524000E+3
543 65.521000E+3 19.000000E+0 65.530000E+3 65.530000E+3
544 65.515000E+3 5.000000E+0 1.000000E+0 65.521000E+3
545 65.517000E+3 13.000000E+0 65.532000E+3 65.528000E+3
546 65.513000E+3 2.000000E+0 1.000000E+0 65.523000E+3
547 65.517000E+3 8.000000E+0 0.000000E+0 65.526000E+3
548 65.513000E+3 5.000000E+0 1.000000E+0 65.527000E+3
549 65.520000E+3 13.000000E+0 8.000000E+0 65.514000E+3
550 65.517000E+3 13.000000E+0 5.000000E+0 65.529000E+3
551 65.518000E+3 11.000000E+0 27.000000E+0 65.517000E+3
552 65.513000E+3 11.000000E+0 25.000000E+0 65.535000E+3
553 65.517000E+3 8.000000E+0 39.000000E+0 65.512000E+3
554 65.518000E+3 14.000000E+0 29.000000E+0 0.000000E+0
555 65.522000E+3 14.000000E+0 38.000000E+0 65.515000E+3
556 65.521000E+3 14.000000E+0 26.000000E+0 1.000000E+0
557 65.524000E+3 16.000000E+0 34.000000E+0 65.518000E+3
558 65.522000E+3 17.000000E+0 18.000000E+0 65.533000E+3
559 65.525000E+3 8.000000E+0 28.000000E+0 65.510000E+3
560 65.527000E+3 16.000000E+0 21.000000E+0 65.530000E+3
561 65.529000E+3 14.000000E+0 30.000000E+0 65.517000E+3
562 65.528000E+3 14.000000E+0 16.000000E+0 65.524000E+3
563 65.527000E+3 14.000000E+0 26.000000E+0 65.516000E+3
564 65.527000E+3 13.000000E+0 20.000000E+0 65.516000E+3
565 65.529000E+3 11.000000E+0 33.000000E+0 65.527000E+3
566 65.525000E+3 13.000000E+0 24.000000E+0 65.521000E+3
567 65.523000E+3 13.000000E+0 27.000000E+0 0.000000E+0
568 65.523000E+3 13.000000E+0 24.000000E+0 65.517000E+3
569 65.524000E+3 13.000000E+0 31.000000E+0 65.534000E+3
570 65.524000E+3 12.000000E+0 30.000000E+0 65.512000E+3
571 65.525000E+3 9.000000E+0 33.000000E+0 65.532000E+3
572 65.524000E+3 9.000000E+0 36.000000E+0 65.510000E+3
573 65.528000E+3 5.000000E+0 34.000000E+0 65.530000E+3
574 65.526000E+3 5.000000E+0 39.000000E+0 65.507000E+3
575 65.528000E+3 4.000000E+0 29.000000E+0 65.527000E+3
576 65.527000E+3 4.000000E+0 29.000000E+0 65.513000E+3
577 65.532000E+3 3.000000E+0 6.000000E+0 65.526000E+3
578 65.527000E+3 5.000000E+0 8.000000E+0 65.518000E+3
579 65.533000E+3 8.000000E+0 3.000000E+0 65.524000E+3
580 65.523000E+3 7.000000E+0 6.000000E+0 65.525000E+3
581 65.529000E+3 7.000000E+0 0.000000E+0 65.518000E+3
582 65.520000E+3 8.000000E+0 7.000000E+0 65.522000E+3
583 65.532000E+3 5.000000E+0 2.000000E+0 65.515000E+3
584 65.523000E+3 16.000000E+0 9.000000E+0 65.528000E+3
585 65.531000E+3 12.000000E+0 6.000000E+0 65.522000E+3
586 65.524000E+3 10.000000E+0 12.000000E+0 65.531000E+3
587 65.525000E+3 12.000000E+0 7.000000E+0 65.524000E+3
588 65.522000E+3 13.000000E+0 10.000000E+0 65.527000E+3
589 65.516000E+3 23.000000E+0 4.000000E+0 65.523000E+3
590 65.521000E+3 5.000000E+0 10.000000E+0 65.524000E+3
591 65.512000E+3 19.000000E+0 9.000000E+0 65.527000E+3
592 65.519000E+3 65.535000E+3 15.000000E+0 65.526000E+3
593 65.508000E+3 18.000000E+0 11.000000E+0 65.528000E+3
594 65.524000E+3 65.528000E+3 11.000000E+0 65.525000E+3
595 65.507000E+3 14.000000E+0 8.000000E+0 65.525000E+3
596 65.526000E+3 65.529000E+3 8.000000E+0 65.522000E+3
597 65.518000E+3 16.000000E+0 5.000000E+0 65.523000E+3
598 0.000000E+0 0.000000E+0 5.000000E+0 65.523000E+3
599 65.526000E+3 20.000000E+0 1.000000E+0 65.523000E+3
600 65.533000E+3 22.000000E+0 3.000000E+0 0.000000E+0
601 65.507000E+3 4.000000E+0 65.535000E+3 65.515000E+3
602 65.515000E+3 6.000000E+0 65.531000E+3 65.525000E+3
603 65.516000E+3 11.000000E+0 65.535000E+3 65.530000E+3
604 65.527000E+3 15.000000E+0 3.000000E+0 65.524000E+3
605 65.523000E+3 7.000000E+0 5.000000E+0 65.528000E+3
606 0.000000E+0 10.000000E+0 3.000000E+0 65.528000E+3
607 65.525000E+3 2.000000E+0 7.000000E+0 65.528000E+3
608 65.526000E+3 23.000000E+0 3.000000E+0 65.528000E+3
609 65.516000E+3 1.000000E+0 5.000000E+0 65.528000E+3
610 65.508000E+3 29.000000E+0 5.000000E+0 65.528000E+3
611 65.512000E+3 1.000000E+0 5.000000E+0 65.530000E+3
612 65.504000E+3 33.000000E+0 5.000000E+0 65.530000E+3
613 65.514000E+3 2.000000E+0 1.000000E+0 65.532000E+3
614 65.504000E+3 37.000000E+0 1.000000E+0 65.531000E+3
615 65.522000E+3 7.000000E+0 0.000000E+0 65.531000E+3
616 65.519000E+3 33.000000E+0 0.000000E+0 65.531000E+3
617 65.527000E+3 9.000000E+0 65.531000E+3 65.531000E+3
618 65.521000E+3 26.000000E+0 0.000000E+0 65.530000E+3
619 65.526000E+3 11.000000E+0 65.532000E+3 65.532000E+3
620 65.520000E+3 8.000000E+0 1.000000E+0 65.525000E+3
621 65.524000E+3 24.000000E+0 65.532000E+3 65.529000E+3
622 65.518000E+3 11.000000E+0 3.000000E+0 65.523000E+3
623 65.521000E+3 21.000000E+0 65.530000E+3 65.531000E+3
624 65.513000E+3 0.000000E+0 2.000000E+0 65.520000E+3
625 65.514000E+3 6.000000E+0 65.529000E+3 65.527000E+3
626 65.513000E+3 0.000000E+0 0.000000E+0 65.519000E+3
627 65.514000E+3 7.000000E+0 0.000000E+0 65.522000E+3
628 65.512000E+3 4.000000E+0 1.000000E+0 65.530000E+3
629 65.515000E+3 10.000000E+0 5.000000E+0 65.510000E+3
630 65.515000E+3 10.000000E+0 5.000000E+0 65.526000E+3
631 65.521000E+3 13.000000E+0 28.000000E+0 65.515000E+3
632 65.516000E+3 13.000000E+0 28.000000E+0 0.000000E+0
633 65.517000E+3 9.000000E+0 38.000000E+0 65.515000E+3
634 65.516000E+3 14.000000E+0 25.000000E+0 0.000000E+0
635 65.520000E+3 12.000000E+0 39.000000E+0 65.516000E+3
636 65.520000E+3 15.000000E+0 25.000000E+0 1.000000E+0
637 65.523000E+3 16.000000E+0 34.000000E+0 65.519000E+3
638 65.522000E+3 17.000000E+0 16.000000E+0 0.000000E+0
639 65.525000E+3 15.000000E+0 29.000000E+0 65.518000E+3
640 65.527000E+3 4.000000E+0 17.000000E+0 65.521000E+3
641 65.535000E+3 14.000000E+0 36.000000E+0 65.518000E+3
642 65.531000E+3 16.000000E+0 21.000000E+0 65.527000E+3
643 65.528000E+3 14.000000E+0 24.000000E+0 65.518000E+3
644 65.524000E+3 14.000000E+0 14.000000E+0 65.517000E+3
645 65.524000E+3 13.000000E+0 24.000000E+0 65.530000E+3
646 65.523000E+3 13.000000E+0 17.000000E+0 65.524000E+3
647 65.524000E+3 13.000000E+0 27.000000E+0 65.535000E+3
648 65.523000E+3 13.000000E+0 24.000000E+0 65.519000E+3
649 65.525000E+3 13.000000E+0 31.000000E+0 65.533000E+3
650 65.524000E+3 13.000000E+0 31.000000E+0 65.511000E+3
651 65.525000E+3 8.000000E+0 33.000000E+0 65.531000E+3
652 65.524000E+3 9.000000E+0 35.000000E+0 65.510000E+3
653 65.528000E+3 5.000000E+0 34.000000E+0 65.533000E+3
654 65.527000E+3 6.000000E+0 37.000000E+0 65.505000E+3
655 65.528000E+3 4.000000E+0 32.000000E+0 65.527000E+3
656 65.527000E+3 4.000000E+0 36.000000E+0 65.513000E+3
657 65.533000E+3 3.000000E+0 9.000000E+0 65.525000E+3
658 65.529000E+3 5.000000E+0 9.000000E+0 65.517000E+3
659 65.534000E+3 8.000000E+0 4.000000E+0 65.525000E+3
660 65.523000E+3 8.000000E+0 6.000000E+0 65.524000E+3
661 65.530000E+3 7.000000E+0 0.000000E+0 65.518000E+3
662 65.520000E+3 9.000000E+0 8.000000E+0 65.520000E+3
663 65.532000E+3 3.000000E+0 2.000000E+0 65.513000E+3
664 65.523000E+3 16.000000E+0 10.000000E+0 65.528000E+3
665 65.531000E+3 12.000000E+0 6.000000E+0 65.522000E+3
666 65.523000E+3 11.000000E+0 12.000000E+0 65.531000E+3
667 65.526000E+3 12.000000E+0 6.000000E+0 65.524000E+3
668 65.521000E+3 12.000000E+0 11.000000E+0 65.528000E+3
669 65.516000E+3 23.000000E+0 3.000000E+0 65.523000E+3
670 65.521000E+3 3.000000E+0 10.000000E+0 65.524000E+3
671 65.512000E+3 18.000000E+0 8.000000E+0 65.527000E+3
672 65.520000E+3 0.000000E+0 14.000000E+0 65.526000E+3
673 65.508000E+3 20.000000E+0 11.000000E+0 65.527000E+3
674 65.523000E+3 65.529000E+3 10.000000E+0 65.524000E+3
675 65.508000E+3 16.000000E+0 8.000000E+0 65.524000E+3
676 65.527000E+3 65.529000E+3 8.000000E+0 65.522000E+3
677 65.519000E+3 15.000000E+0 5.000000E+0 65.524000E+3
678 65.535000E+3 0.000000E+0 5.000000E+0 65.523000E+3
679 65.528000E+3 17.000000E+0 3.000000E+0 65.522000E+3
680 65.534000E+3 20.000000E+0 4.000000E+0 0.000000E+0
681 65.510000E+3 5.000000E+0 65.533000E+3 65.513000E+3
682 65.520000E+3 6.000000E+0 65.533000E+3 65.521000E+3
683 65.517000E+3 14.000000E+0 0.000000E+0 65.529000E+3
684 65.527000E+3 16.000000E+0 3.000000E+0 65.525000E+3
685 65.526000E+3 6.000000E+0 5.000000E+0 65.528000E+3
686 65.534000E+3 10.000000E+0 2.000000E+0 65.528000E+3
687 65.523000E+3 3.000000E+0 8.000000E+0 65.528000E+3
688 65.525000E+3 24.000000E+0 3.000000E+0 65.528000E+3
689 65.515000E+3 2.000000E+0 5.000000E+0 65.528000E+3
690 65.509000E+3 29.000000E+0 4.000000E+0 65.528000E+3
691 65.512000E+3 4.000000E+0 5.000000E+0 65.529000E+3
692 65.506000E+3 30.000000E+0 5.000000E+0 65.530000E+3
693 65.513000E+3 4.000000E+0 0.000000E+0 65.532000E+3
694 65.505000E+3 34.000000E+0 1.000000E+0 65.532000E+3
695 65.523000E+3 9.000000E+0 0.000000E+0 65.531000E+3
696 65.518000E+3 29.000000E+0 0.000000E+0 65.531000E+3
697 65.526000E+3 16.000000E+0 65.531000E+3 65.532000E+3
698 65.522000E+3 22.000000E+0 0.000000E+0 65.529000E+3
699 65.525000E+3 12.000000E+0 65.533000E+3 65.530000E+3
700 65.520000E+3 8.000000E+0 0.000000E+0 65.525000E+3
701 65.525000E+3 21.000000E+0 65.532000E+3 65.531000E+3
702 65.517000E+3 10.000000E+0 3.000000E+0 65.522000E+3
703 65.521000E+3 19.000000E+0 65.528000E+3 65.531000E+3
704 65.512000E+3 1.000000E+0 2.000000E+0 65.519000E+3
705 65.515000E+3 8.000000E+0 65.528000E+3 65.527000E+3
706 65.512000E+3 0.000000E+0 0.000000E+0 65.520000E+3
707 65.514000E+3 7.000000E+0 0.000000E+0 65.522000E+3
708 65.512000E+3 4.000000E+0 2.000000E+0 65.530000E+3
709 65.517000E+3 10.000000E+0 7.000000E+0 65.512000E+3
710 65.516000E+3 11.000000E+0 5.000000E+0 65.526000E+3
711 65.522000E+3 13.000000E+0 28.000000E+0 65.516000E+3
712 65.517000E+3 14.000000E+0 29.000000E+0 0.000000E+0
713 65.517000E+3 10.000000E+0 39.000000E+0 65.518000E+3
714 65.516000E+3 12.000000E+0 25.000000E+0 0.000000E+0
715 65.520000E+3 11.000000E+0 40.000000E+0 65.518000E+3
716 65.520000E+3 14.000000E+0 24.000000E+0 1.000000E+0
717 65.522000E+3 16.000000E+0 33.000000E+0 65.520000E+3
718 65.522000E+3 14.000000E+0 17.000000E+0 0.000000E+0
719 65.525000E+3 15.000000E+0 28.000000E+0 65.517000E+3
720 65.528000E+3 3.000000E+0 17.000000E+0 65.521000E+3
721 65.535000E+3 12.000000E+0 36.000000E+0 65.517000E+3
722 65.531000E+3 16.000000E+0 21.000000E+0 65.527000E+3
723 65.529000E+3 13.000000E+0 24.000000E+0 65.518000E+3
724 65.525000E+3 14.000000E+0 13.000000E+0 65.517000E+3
725 65.524000E+3 14.000000E+0 23.000000E+0 65.529000E+3
726 65.523000E+3 13.000000E+0 17.000000E+0 65.523000E+3
727 65.524000E+3 14.000000E+0 27.000000E+0 65.535000E+3
728 65.523000E+3 12.000000E+0 25.000000E+0 65.520000E+3
729 65.525000E+3 13.000000E+0 32.000000E+0 65.535000E+3
730 65.523000E+3 13.000000E+0 32.000000E+0 65.510000E+3
731 65.526000E+3 8.000000E+0 34.000000E+0 65.532000E+3
732 65.524000E+3 8.000000E+0 36.000000E+0 65.510000E+3
733 65.526000E+3 5.000000E+0 34.000000E+0 65.533000E+3
734 65.526000E+3 5.000000E+0 38.000000E+0 65.504000E+3
735 65.528000E+3 4.000000E+0 32.000000E+0 65.528000E+3
736 65.527000E+3 4.000000E+0 37.000000E+0 65.513000E+3
737 65.532000E+3 2.000000E+0 9.000000E+0 65.525000E+3
738 65.528000E+3 5.000000E+0 9.000000E+0 65.517000E+3
739 65.533000E+3 8.000000E+0 4.000000E+0 65.524000E+3
740 65.524000E+3 8.000000E+0 6.000000E+0 65.524000E+3
741 65.531000E+3 7.000000E+0 0.000000E+0 65.518000E+3
742 65.520000E+3 9.000000E+0 7.000000E+0 65.520000E+3
743 65.532000E+3 2.000000E+0 2.000000E+0 65.515000E+3
744 65.523000E+3 16.000000E+0 11.000000E+0 65.528000E+3
745 65.532000E+3 11.000000E+0 6.000000E+0 65.522000E+3
746 65.524000E+3 10.000000E+0 12.000000E+0 65.532000E+3
747 65.524000E+3 12.000000E+0 5.000000E+0 65.525000E+3
748 65.521000E+3 12.000000E+0 10.000000E+0 65.528000E+3
749 65.516000E+3 22.000000E+0 4.000000E+0 65.523000E+3
750 65.521000E+3 2.000000E+0 10.000000E+0 65.525000E+3
751 65.511000E+3 19.000000E+0 8.000000E+0 65.527000E+3
752 65.520000E+3 65.534000E+3 14.000000E+0 65.525000E+3
753 65.508000E+3 19.000000E+0 11.000000E+0 65.527000E+3
754 65.523000E+3 65.528000E+3 10.000000E+0 65.525000E+3
755 65.507000E+3 16.000000E+0 8.000000E+0 65.525000E+3
756 65.526000E+3 65.528000E+3 9.000000E+0 65.522000E+3
757 65.519000E+3 14.000000E+0 5.000000E+0 65.523000E+3
758 65.535000E+3 0.000000E+0 6.000000E+0 65.523000E+3
759 65.528000E+3 19.000000E+0 1.000000E+0 65.523000E+3
760 65.533000E+3 19.000000E+0 4.000000E+0 0.000000E+0
761 65.508000E+3 4.000000E+0 65.535000E+3 65.513000E+3
762 65.516000E+3 4.000000E+0 65.532000E+3 65.524000E+3
763 65.517000E+3 12.000000E+0 0.000000E+0 65.530000E+3
764 65.527000E+3 15.000000E+0 3.000000E+0 65.525000E+3
765 65.524000E+3 6.000000E+0 6.000000E+0 65.527000E+3
766 0.000000E+0 10.000000E+0 2.000000E+0 65.527000E+3
767 65.524000E+3 5.000000E+0 6.000000E+0 65.527000E+3
768 65.525000E+3 23.000000E+0 3.000000E+0 65.527000E+3
769 65.515000E+3 1.000000E+0 4.000000E+0 65.527000E+3
770 65.509000E+3 29.000000E+0 4.000000E+0 65.529000E+3
771 65.511000E+3 4.000000E+0 5.000000E+0 65.530000E+3
772 65.504000E+3 30.000000E+0 5.000000E+0 65.530000E+3
773 65.514000E+3 4.000000E+0 0.000000E+0 65.532000E+3
774 65.504000E+3 34.000000E+0 2.000000E+0 65.532000E+3
775 65.522000E+3 8.000000E+0 0.000000E+0 65.531000E+3
776 65.519000E+3 29.000000E+0 1.000000E+0 65.530000E+3
777 65.526000E+3 17.000000E+0 65.531000E+3 65.533000E+3
778 65.521000E+3 21.000000E+0 0.000000E+0 65.530000E+3
779 65.526000E+3 12.000000E+0 65.532000E+3 65.531000E+3
780 65.521000E+3 9.000000E+0 0.000000E+0 65.526000E+3
781 65.525000E+3 20.000000E+0 65.531000E+3 65.530000E+3
782 65.518000E+3 11.000000E+0 3.000000E+0 65.523000E+3
783 65.521000E+3 20.000000E+0 65.527000E+3 65.531000E+3
784 65.513000E+3 0.000000E+0 2.000000E+0 65.520000E+3
785 65.516000E+3 9.000000E+0 65.528000E+3 65.528000E+3
786 65.512000E+3 0.000000E+0 0.000000E+0 65.521000E+3
787 65.514000E+3 6.000000E+0 65.535000E+3 65.522000E+3
788 65.512000E+3 4.000000E+0 0.000000E+0 65.529000E+3
789 65.517000E+3 9.000000E+0 6.000000E+0 65.513000E+3
790 65.516000E+3 10.000000E+0 5.000000E+0 65.526000E+3
791 65.522000E+3 12.000000E+0 28.000000E+0 65.516000E+3
792 65.516000E+3 14.000000E+0 29.000000E+0 0.000000E+0
793 65.516000E+3 11.000000E+0 37.000000E+0 65.518000E+3
794 65.516000E+3 11.000000E+0 25.000000E+0 0.000000E+0
795 65.520000E+3 11.000000E+0 38.000000E+0 65.518000E+3
796 65.520000E+3 14.000000E+0 24.000000E+0 1.000000E+0
797 65.522000E+3 15.000000E+0 34.000000E+0 65.519000E+3
798 65.522000E+3 15.000000E+0 17.000000E+0 0.000000E+0
799 65.525000E+3 14.000000E+0 27.000000E+0 65.517000E+3
800 65.527000E+3 2.000000E+0 17.000000E+0 65.522000E+3
801 65.535000E+3 12.000000E+0 36.000000E+0 65.517000E+3
802 65.530000E+3 15.000000E+0 20.000000E+0 65.526000E+3
803 65.529000E+3 12.000000E+0 23.000000E+0 65.518000E+3
804 65.524000E+3 13.000000E+0 13.000000E+0 65.517000E+3
805 65.525000E+3 13.000000E+0 23.000000E+0 65.531000E+3
806 65.523000E+3 12.000000E+0 16.000000E+0 65.525000E+3
807 65.524000E+3 13.000000E+0 26.000000E+0 0.000000E+0
808 65.524000E+3 13.000000E+0 24.000000E+0 65.520000E+3
809 65.524000E+3 12.000000E+0 31.000000E+0 0.000000E+0
810 65.523000E+3 12.000000E+0 31.000000E+0 65.511000E+3
811 65.525000E+3 8.000000E+0 33.000000E+0 65.533000E+3
812 65.524000E+3 8.000000E+0 36.000000E+0 65.509000E+3
813 65.528000E+3 5.000000E+0 34.000000E+0 65.533000E+3
814 65.527000E+3 5.000000E+0 37.000000E+0 65.505000E+3
815 65.527000E+3 4.000000E+0 33.000000E+0 65.528000E+3
816 65.527000E+3 2.000000E+0 36.000000E+0 65.513000E+3
817 65.532000E+3 3.000000E+0 11.000000E+0 65.526000E+3
818 65.529000E+3 5.000000E+0 9.000000E+0 65.517000E+3
819 65.534000E+3 8.000000E+0 4.000000E+0 65.525000E+3
820 65.524000E+3 9.000000E+0 6.000000E+0 65.525000E+3
821 65.531000E+3 6.000000E+0 0.000000E+0 65.518000E+3
822 65.520000E+3 8.000000E+0 6.000000E+0 65.520000E+3
823 65.532000E+3 4.000000E+0 3.000000E+0 65.515000E+3
824 65.522000E+3 16.000000E+0 10.000000E+0 65.527000E+3
825 65.532000E+3 10.000000E+0 5.000000E+0 65.522000E+3
826 65.524000E+3 11.000000E+0 11.000000E+0 65.532000E+3
827 65.525000E+3 14.000000E+0 5.000000E+0 65.525000E+3
828 65.521000E+3 14.000000E+0 9.000000E+0 65.528000E+3
829 65.517000E+3 22.000000E+0 4.000000E+0 65.522000E+3
830 65.520000E+3 5.000000E+0 10.000000E+0 65.525000E+3
831 65.515000E+3 16.000000E+0 10.000000E+0 65.528000E+3
832 65.523000E+3 0.000000E+0 14.000000E+0 65.526000E+3
833 65.510000E+3 17.000000E+0 11.000000E+0 65.527000E+3
834 65.522000E+3 65.530000E+3 10.000000E+0 65.525000E+3
835 65.509000E+3 17.000000E+0 7.000000E+0 65.525000E+3
836 65.525000E+3 65.528000E+3 8.000000E+0 65.522000E+3
837 65.521000E+3 17.000000E+0 5.000000E+0 65.523000E+3
838 65.535000E+3 0.000000E+0 6.000000E+0 65.522000E+3
839 65.529000E+3 20.000000E+0 3.000000E+0 65.523000E+3
840 0.000000E+0 4.000000E+0 3.000000E+0 65.523000E+3
841 65.513000E+3 17.000000E+0 65.535000E+3 65.532000E+3
842 65.518000E+3 6.000000E+0 65.534000E+3 65.526000E+3
843 65.516000E+3 5.000000E+0 0.000000E+0 65.522000E+3
844 65.525000E+3 13.000000E+0 2.000000E+0 65.522000E+3
845 65.525000E+3 9.000000E+0 4.000000E+0 65.524000E+3
846 65.534000E+3 13.000000E+0 2.000000E+0 65.524000E+3
847 65.527000E+3 6.000000E+0 6.000000E+0 65.527000E+3
848 65.525000E+3 21.000000E+0 3.000000E+0 65.527000E+3
849 65.518000E+3 3.000000E+0 5.000000E+0 65.527000E+3
850 65.513000E+3 28.000000E+0 4.000000E+0 65.527000E+3
851 65.512000E+3 3.000000E+0 4.000000E+0 65.527000E+3
852 65.505000E+3 31.000000E+0 4.000000E+0 65.527000E+3
853 65.514000E+3 5.000000E+0 1.000000E+0 65.530000E+3
854 65.508000E+3 30.000000E+0 2.000000E+0 65.531000E+3
855 65.520000E+3 12.000000E+0 0.000000E+0 65.532000E+3
856 65.518000E+3 28.000000E+0 0.000000E+0 65.530000E+3
857 65.526000E+3 11.000000E+0 65.535000E+3 65.529000E+3
858 65.519000E+3 22.000000E+0 0.000000E+0 65.530000E+3
859 65.525000E+3 13.000000E+0 65.532000E+3 65.532000E+3
860 65.521000E+3 9.000000E+0 1.000000E+0 65.527000E+3
861 65.525000E+3 18.000000E+0 65.534000E+3 65.531000E+3
862 65.516000E+3 10.000000E+0 2.000000E+0 65.523000E+3
863 65.520000E+3 17.000000E+0 65.530000E+3 65.530000E+3
864 65.513000E+3 5.000000E+0 1.000000E+0 65.521000E+3
865 65.516000E+3 12.000000E+0 65.531000E+3 65.528000E+3
866 65.512000E+3 2.000000E+0 1.000000E+0 65.522000E+3
867 65.516000E+3 6.000000E+0 0.000000E+0 65.525000E+3
868 65.514000E+3 6.000000E+0 2.000000E+0 65.527000E+3
869 65.519000E+3 12.000000E+0 8.000000E+0 65.516000E+3
870 65.517000E+3 13.000000E+0 6.000000E+0 65.529000E+3
871 65.516000E+3 11.000000E+0 26.000000E+0 65.517000E+3
872 65.512000E+3 10.000000E+0 25.000000E+0 65.535000E+3
873 65.515000E+3 8.000000E+0 39.000000E+0 65.516000E+3
874 65.518000E+3 13.000000E+0 30.000000E+0 0.000000E+0
875 65.523000E+3 13.000000E+0 39.000000E+0 65.519000E+3
876 65.521000E+3 14.000000E+0 26.000000E+0 0.000000E+0
877 65.523000E+3 16.000000E+0 35.000000E+0 65.519000E+3
878 65.521000E+3 16.000000E+0 18.000000E+0 65.533000E+3
879 65.525000E+3 7.000000E+0 30.000000E+0 65.508000E+3
880 65.527000E+3 13.000000E+0 23.000000E+0 65.532000E+3
881 65.530000E+3 13.000000E+0 30.000000E+0 65.519000E+3
882 65.527000E+3 13.000000E+0 16.000000E+0 65.523000E+3
883 65.526000E+3 13.000000E+0 24.000000E+0 65.517000E+3
884 65.526000E+3 10.000000E+0 22.000000E+0 65.518000E+3
885 65.529000E+3 10.000000E+0 33.000000E+0 65.529000E+3
886 65.525000E+3 11.000000E+0 25.000000E+0 65.524000E+3
887 65.523000E+3 11.000000E+0 26.000000E+0 0.000000E+0
888 65.522000E+3 11.000000E+0 24.000000E+0 65.518000E+3
889 65.523000E+3 11.000000E+0 32.000000E+0 65.535000E+3
890 65.523000E+3 12.000000E+0 31.000000E+0 65.510000E+3
891 65.525000E+3 8.000000E+0 34.000000E+0 65.532000E+3
892 65.524000E+3 8.000000E+0 37.000000E+0 65.510000E+3
893 65.528000E+3 4.000000E+0 34.000000E+0 65.531000E+3
894 65.526000E+3 5.000000E+0 38.000000E+0 65.507000E+3
895 65.528000E+3 2.000000E+0 29.000000E+0 65.527000E+3
896 65.527000E+3 2.000000E+0 28.000000E+0 65.513000E+3
897 65.531000E+3 4.000000E+0 6.000000E+0 65.526000E+3
898 65.527000E+3 5.000000E+0 8.000000E+0 65.518000E+3
899 65.533000E+3 8.000000E+0 3.000000E+0 65.524000E+3
900 65.522000E+3 8.000000E+0 6.000000E+0 65.525000E+3
901 65.528000E+3 6.000000E+0 0.000000E+0 65.518000E+3
902 65.520000E+3 10.000000E+0 8.000000E+0 65.521000E+3
903 65.531000E+3 5.000000E+0 2.000000E+0 65.515000E+3
904 65.522000E+3 16.000000E+0 11.000000E+0 65.528000E+3
905 65.532000E+3 11.000000E+0 6.000000E+0 65.522000E+3
906 65.524000E+3 11.000000E+0 12.000000E+0 65.531000E+3
907 65.525000E+3 13.000000E+0 6.000000E+0 65.526000E+3
908 65.521000E+3 12.000000E+0 10.000000E+0 65.529000E+3
909 65.516000E+3 21.000000E+0 3.000000E+0 65.522000E+3
910 65.520000E+3 3.000000E+0 9.000000E+0 65.525000E+3
911 65.512000E+3 18.000000E+0 8.000000E+0 65.527000E+3
912 65.520000E+3 65.534000E+3 14.000000E+0 65.527000E+3
913 65.510000E+3 17.000000E+0 11.000000E+0 65.528000E+3
914 65.524000E+3 65.527000E+3 11.000000E+0 65.526000E+3
915 65.508000E+3 14.000000E+0 8.000000E+0 65.525000E+3
916 65.526000E+3 65.528000E+3 8.000000E+0 65.523000E+3
917 65.518000E+3 15.000000E+0 6.000000E+0 65.524000E+3
918 65.535000E+3 0.000000E+0 6.000000E+0 65.523000E+3
919 65.526000E+3 19.000000E+0 2.000000E+0 65.523000E+3
920 65.533000E+3 20.000000E+0 3.000000E+0 0.000000E+0
921 65.507000E+3 5.000000E+0 65.532000E+3 65.515000E+3
922 65.515000E+3 6.000000E+0 65.530000E+3 65.526000E+3
923 65.516000E+3 11.000000E+0 65.535000E+3 65.529000E+3
924 65.528000E+3 14.000000E+0 3.000000E+0 65.524000E+3
925 65.524000E+3 5.000000E+0 5.000000E+0 65.526000E+3
926 0.000000E+0 10.000000E+0 2.000000E+0 65.527000E+3
927 65.526000E+3 4.000000E+0 6.000000E+0 65.527000E+3
928 65.526000E+3 23.000000E+0 3.000000E+0 65.527000E+3
929 65.516000E+3 2.000000E+0 5.000000E+0 65.527000E+3
930 65.509000E+3 29.000000E+0 3.000000E+0 65.528000E+3
931 65.511000E+3 1.000000E+0 5.000000E+0 65.530000E+3
932 65.504000E+3 32.000000E+0 5.000000E+0 65.530000E+3
933 65.514000E+3 3.000000E+0 1.000000E+0 65.531000E+3
934 65.504000E+3 36.000000E+0 1.000000E+0 65.532000E+3
935 65.523000E+3 6.000000E+0 0.000000E+0 65.531000E+3
936 65.520000E+3 32.000000E+0 0.000000E+0 65.530000E+3
937 65.526000E+3 11.000000E+0 65.532000E+3 65.533000E+3
938 65.522000E+3 21.000000E+0 0.000000E+0 65.531000E+3
939 65.525000E+3 14.000000E+0 65.532000E+3 65.531000E+3
940 65.519000E+3 8.000000E+0 0.000000E+0 65.525000E+3
941 65.524000E+3 22.000000E+0 65.531000E+3 65.529000E+3
942 65.517000E+3 10.000000E+0 3.000000E+0 65.522000E+3
943 65.520000E+3 18.000000E+0 65.530000E+3 65.531000E+3
944 65.512000E+3 1.000000E+0 2.000000E+0 65.519000E+3
945 65.514000E+3 7.000000E+0 65.529000E+3 65.528000E+3
946 65.512000E+3 0.000000E+0 0.000000E+0 65.520000E+3
947 65.514000E+3 7.000000E+0 0.000000E+0 65.522000E+3
948 65.511000E+3 5.000000E+0 0.000000E+0 65.530000E+3
949 65.516000E+3 10.000000E+0 5.000000E+0 65.510000E+3
950 65.514000E+3 11.000000E+0 6.000000E+0 65.526000E+3
951 65.521000E+3 13.000000E+0 26.000000E+0 65.513000E+3
952 65.516000E+3 14.000000E+0 27.000000E+0 0.000000E+0
953 65.516000E+3 11.000000E+0 36.000000E+0 65.515000E+3
954 65.516000E+3 13.000000E+0 23.000000E+0 0.000000E+0
955 65.520000E+3 13.000000E+0 37.000000E+0 65.516000E+3
956 65.520000E+3 14.000000E+0 23.000000E+0 0.000000E+0
957 65.522000E+3 16.000000E+0 32.000000E+0 65.517000E+3
958 65.521000E+3 18.000000E+0 16.000000E+0 0.000000E+0
959 65.524000E+3 15.000000E+0 26.000000E+0 65.518000E+3
960 65.527000E+3 4.000000E+0 16.000000E+0 65.522000E+3
961 65.534000E+3 14.000000E+0 37.000000E+0 65.517000E+3
962 65.530000E+3 15.000000E+0 20.000000E+0 65.527000E+3
963 65.529000E+3 14.000000E+0 23.000000E+0 65.518000E+3
964 65.524000E+3 14.000000E+0 13.000000E+0 65.516000E+3
965 65.524000E+3 13.000000E+0 23.000000E+0 65.528000E+3
966 65.523000E+3 14.000000E+0 17.000000E+0 65.524000E+3
967 65.524000E+3 13.000000E+0 26.000000E+0 65.535000E+3
968 65.523000E+3 13.000000E+0 23.000000E+0 65.520000E+3
969 65.524000E+3 13.000000E+0 31.000000E+0 65.534000E+3
970 65.523000E+3 14.000000E+0 30.000000E+0 65.510000E+3
971 65.524000E+3 9.000000E+0 32.000000E+0 65.530000E+3
972 65.524000E+3 10.000000E+0 35.000000E+0 65.510000E+3
973 65.528000E+3 6.000000E+0 32.000000E+0 65.532000E+3
974 65.526000E+3 6.000000E+0 37.000000E+0 65.503000E+3
975 65.527000E+3 4.000000E+0 30.000000E+0 65.527000E+3
976 65.527000E+3 5.000000E+0 35.000000E+0 65.511000E+3
977 65.531000E+3 2.000000E+0 9.000000E+0 65.524000E+3
978 65.527000E+3 5.000000E+0 8.000000E+0 65.517000E+3
979 65.534000E+3 9.000000E+0 5.000000E+0 65.525000E+3
980 65.523000E+3 8.000000E+0 6.000000E+0 65.524000E+3
981 65.530000E+3 7.000000E+0 0.000000E+0 65.519000E+3
982 65.520000E+3 10.000000E+0 7.000000E+0 65.520000E+3
983 65.532000E+3 4.000000E+0 3.000000E+0 65.515000E+3
984 65.521000E+3 16.000000E+0 10.000000E+0 65.527000E+3
985 65.531000E+3 12.000000E+0 5.000000E+0 65.522000E+3
986 65.523000E+3 10.000000E+0 11.000000E+0 65.531000E+3
987 65.525000E+3 13.000000E+0 6.000000E+0 65.524000E+3
988 65.521000E+3 13.000000E+0 10.000000E+0 65.528000E+3
989 65.515000E+3 22.000000E+0 3.000000E+0 65.523000E+3
990 65.520000E+3 4.000000E+0 9.000000E+0 65.525000E+3
991 65.511000E+3 18.000000E+0 9.000000E+0 65.527000E+3
992 65.519000E+3 65.535000E+3 14.000000E+0 65.525000E+3
993 65.508000E+3 19.000000E+0 10.000000E+0 65.527000E+3
994 65.524000E+3 65.528000E+3 11.000000E+0 65.525000E+3
995 65.507000E+3 14.000000E+0 8.000000E+0 65.526000E+3
996 65.527000E+3 65.529000E+3 8.000000E+0 65.523000E+3
997 65.517000E+3 18.000000E+0 5.000000E+0 65.523000E+3
998 65.535000E+3 0.000000E+0 5.000000E+0 65.523000E+3
999 65.527000E+3 19.000000E+0 2.000000E+0 65.522000E+3
1000 65.534000E+3 19.000000E+0 4.000000E+0 0.000000E+0
