0.0 1022.0 1023.0 1022.0 1022.0
1.0 1021.0 1022.0 1022.0 1023.0
2.0 1022.0 1022.0 1022.0 1023.0
3.0 1022.0 1022.0 1021.0 1023.0
4.0 1022.0 1021.0 1022.0 1026.0
5.0 1022.0 1018.0 1022.0 1028.0
6.0 1023.0 1016.0 1022.0 1031.0
7.0 1024.0 1012.0 1022.0 1034.0
8.0 1025.0 1009.0 1021.0 1037.0
9.0 1026.0 1006.0 1020.0 1040.0
10.0 1027.0 1003.0 1019.0 1044.0
11.0 1028.0 1000.0 1017.0 1046.0
12.0 1029.0 997.0 1015.0 1050.0
13.0 1031.0 995.0 1014.0 1052.0
14.0 1032.0 992.0 1013.0 1056.0
15.0 1034.0 989.0 1010.0 1058.0
16.0 1036.0 986.0 1009.0 1061.0
17.0 1036.0 984.0 1007.0 1063.0
18.0 1038.0 981.0 1006.0 1066.0
19.0 1039.0 978.0 1004.0 1068.0
20.0 1041.0 975.0 1003.0 1071.0
21.0 1042.0 972.0 1001.0 1074.0
22.0 1043.0 969.0 1000.0 1077.0
23.0 1044.0 966.0 999.0 1080.0
24.0 1045.0 963.0 998.0 1084.0
25.0 1047.0 960.0 997.0 1087.0
26.0 1049.0 957.0 995.0 1090.0
27.0 1050.0 954.0 994.0 1092.0
28.0 1051.0 951.0 992.0 1095.0
29.0 1052.0 948.0 992.0 1098.0
30.0 1054.0 945.0 990.0 1101.0
31.0 1055.0 942.0 990.0 1104.0
32.0 1056.0 939.0 988.0 1107.0
33.0 1057.0 937.0 987.0 1109.0
34.0 1059.0 934.0 985.0 1112.0
35.0 1060.0 931.0 984.0 1115.0
36.0 1061.0 928.0 982.0 1119.0
37.0 1063.0 926.0 982.0 1120.0
38.0 1064.0 924.0 980.0 1123.0
39.0 1065.0 921.0 979.0 1126.0
40.0 1067.0 918.0 978.0 1128.0
41.0 1068.0 914.0 977.0 1130.0
42.0 1069.0 912.0 975.0 1134.0
43.0 1070.0 910.0 974.0 1136.0
44.0 1072.0 907.0 973.0 1139.0
45.0 1073.0 904.0 971.0 1141.0
46.0 1074.0 902.0 970.0 1143.0
47.0 1075.0 899.0 969.0 1146.0
48.0 1076.0 896.0 968.0 1149.0
49.0 1077.0 894.0 966.0 1151.0
50.0 1079.0 891.0 966.0 1154.0
51.0 1080.0 889.0 964.0 1156.0
52.0 1082.0 885.0 963.0 1159.0
53.0 1083.0 883.0 962.0 1162.0
54.0 1084.0 881.0 961.0 1165.0
55.0 1085.0 878.0 960.0 1168.0
56.0 1086.0 875.0 958.0 1170.0
57.0 1087.0 873.0 957.0 1173.0
58.0 1089.0 870.0 956.0 1177.0
59.0 1090.0 868.0 955.0 1179.0
60.0 1091.0 866.0 953.0 1182.0
61.0 1092.0 863.0 953.0 1184.0
62.0 1093.0 860.0 952.0 1186.0
63.0 1094.0 858.0 950.0 1189.0
64.0 1096.0 855.0 949.0 1191.0
65.0 1096.0 852.0 949.0 1194.0
66.0 1097.0 849.0 948.0 1196.0
67.0 1099.0 847.0 946.0 1198.0
68.0 1100.0 845.0 945.0 1201.0
69.0 1100.0 842.0 944.0 1204.0
70.0 1102.0 840.0 943.0 1206.0
71.0 1103.0 838.0 942.0 1208.0
72.0 1104.0 835.0 940.0 1211.0
73.0 1105.0 833.0 939.0 1213.0
74.0 1106.0 830.0 938.0 1216.0
75.0 1108.0 828.0 938.0 1218.0
76.0 1109.0 825.0 936.0 1221.0
77.0 1110.0 823.0 936.0 1222.0
78.0 1111.0 821.0 934.0 1225.0
79.0 1112.0 818.0 933.0 1226.0
80.0 1114.0 816.0 932.0 1229.0
81.0 1114.0 814.0 930.0 1231.0
82.0 1116.0 812.0 929.0 1234.0
83.0 1117.0 810.0 929.0 1236.0
84.0 1118.0 807.0 927.0 1239.0
85.0 1119.0 805.0 927.0 1241.0
86.0 1120.0 803.0 925.0 1243.0
87.0 1120.0 801.0 925.0 1245.0
88.0 1121.0 798.0 923.0 1247.0
89.0 1122.0 795.0 923.0 1250.0
90.0 1124.0 793.0 922.0 1252.0
91.0 1124.0 791.0 921.0 1254.0
92.0 1125.0 789.0 919.0 1257.0
93.0 1126.0 787.0 918.0 1259.0
94.0 1127.0 784.0 917.0 1261.0
95.0 1129.0 782.0 916.0 1264.0
96.0 1130.0 780.0 915.0 1266.0
97.0 1131.0 777.0 914.0 1268.0
98.0 1132.0 775.0 913.0 1270.0
99.0 1132.0 773.0 912.0 1273.0
100.0 1134.0 771.0 911.0 1275.0
101.0 1134.0 768.0 910.0 1277.0
102.0 1135.0 766.0 908.0 1279.0
103.0 1137.0 764.0 908.0 1281.0
104.0 1137.0 762.0 907.0 1283.0
105.0 1138.0 760.0 906.0 1285.0
106.0 1139.0 758.0 905.0 1288.0
107.0 1141.0 756.0 904.0 1290.0
108.0 1141.0 754.0 903.0 1292.0
109.0 1142.0 753.0 903.0 1294.0
110.0 1143.0 750.0 902.0 1296.0
111.0 1144.0 747.0 901.0 1298.0
112.0 1145.0 746.0 900.0 1300.0
113.0 1146.0 743.0 899.0 1302.0
114.0 1147.0 742.0 898.0 1304.0
115.0 1147.0 740.0 897.0 1306.0
116.0 1148.0 738.0 896.0 1308.0
117.0 1149.0 735.0 895.0 1310.0
118.0 1150.0 733.0 894.0 1312.0
119.0 1151.0 732.0 893.0 1313.0
120.0 1152.0 729.0 892.0 1315.0
121.0 1153.0 728.0 892.0 1317.0
122.0 1154.0 726.0 891.0 1319.0
123.0 1155.0 725.0 890.0 1321.0
124.0 1156.0 722.0 889.0 1323.0
125.0 1157.0 721.0 888.0 1325.0
126.0 1158.0 719.0 887.0 1327.0
127.0 1159.0 717.0 886.0 1329.0
128.0 1160.0 715.0 886.0 1331.0
129.0 1160.0 713.0 885.0 1332.0
130.0 1161.0 711.0 884.0 1334.0
131.0 1162.0 709.0 883.0 1336.0
132.0 1163.0 707.0 882.0 1338.0
133.0 1164.0 706.0 881.0 1340.0
134.0 1164.0 704.0 881.0 1342.0
135.0 1165.0 702.0 880.0 1343.0
136.0 1166.0 700.0 879.0 1345.0
137.0 1167.0 699.0 878.0 1347.0
138.0 1168.0 696.0 877.0 1349.0
139.0 1169.0 695.0 877.0 1351.0
140.0 1170.0 693.0 875.0 1353.0
141.0 1170.0 691.0 875.0 1355.0
142.0 1171.0 689.0 873.0 1357.0
143.0 1172.0 688.0 873.0 1358.0
144.0 1173.0 686.0 872.0 1360.0
145.0 1173.0 684.0 872.0 1361.0
146.0 1174.0 683.0 871.0 1363.0
147.0 1174.0 681.0 870.0 1365.0
148.0 1175.0 679.0 869.0 1366.0
149.0 1176.0 678.0 868.0 1368.0
150.0 1177.0 676.0 868.0 1369.0
151.0 1178.0 674.0 866.0 1371.0
152.0 1178.0 673.0 866.0 1372.0
153.0 1179.0 671.0 865.0 1374.0
154.0 1180.0 670.0 864.0 1376.0
155.0 1180.0 668.0 864.0 1377.0
156.0 1181.0 667.0 864.0 1380.0
157.0 1182.0 666.0 863.0 1380.0
158.0 1183.0 664.0 862.0 1382.0
159.0 1183.0 663.0 861.0 1383.0
160.0 1184.0 661.0 861.0 1385.0
161.0 1185.0 660.0 860.0 1387.0
162.0 1186.0 658.0 859.0 1388.0
163.0 1186.0 656.0 859.0 1389.0
164.0 1187.0 655.0 859.0 1391.0
165.0 1188.0 654.0 858.0 1392.0
166.0 1188.0 652.0 857.0 1394.0
167.0 1189.0 651.0 856.0 1395.0
168.0 1189.0 649.0 856.0 1395.0
169.0 1190.0 648.0 855.0 1397.0
170.0 1190.0 647.0 854.0 1399.0
171.0 1191.0 646.0 854.0 1400.0
172.0 1192.0 644.0 853.0 1402.0
173.0 1193.0 643.0 853.0 1402.0
174.0 1193.0 641.0 852.0 1404.0
175.0 1194.0 640.0 851.0 1406.0
176.0 1194.0 639.0 851.0 1407.0
177.0 1195.0 638.0 850.0 1408.0
178.0 1195.0 636.0 849.0 1410.0
179.0 1196.0 635.0 849.0 1410.0
180.0 1196.0 633.0 849.0 1412.0
181.0 1196.0 633.0 848.0 1413.0
182.0 1197.0 632.0 847.0 1414.0
183.0 1198.0 630.0 847.0 1415.0
184.0 1199.0 629.0 847.0 1416.0
185.0 1199.0 628.0 846.0 1417.0
186.0 1200.0 627.0 846.0 1418.0
187.0 1200.0 626.0 845.0 1420.0
188.0 1200.0 625.0 845.0 1421.0
189.0 1201.0 624.0 845.0 1422.0
190.0 1201.0 622.0 844.0 1423.0
191.0 1202.0 621.0 844.0 1424.0
192.0 1202.0 620.0 843.0 1425.0
193.0 1203.0 619.0 842.0 1426.0
194.0 1203.0 618.0 842.0 1427.0
195.0 1204.0 617.0 842.0 1428.0
196.0 1204.0 615.0 840.0 1429.0
197.0 1205.0 614.0 840.0 1430.0
198.0 1205.0 614.0 840.0 1431.0
199.0 1206.0 613.0 840.0 1432.0
200.0 1206.0 612.0 839.0 1433.0
201.0 1207.0 612.0 839.0 1435.0
202.0 1207.0 611.0 838.0 1436.0
203.0 1207.0 610.0 838.0 1437.0
204.0 1207.0 609.0 837.0 1437.0
205.0 1208.0 607.0 837.0 1438.0
206.0 1208.0 606.0 837.0 1439.0
207.0 1209.0 606.0 836.0 1440.0
208.0 1209.0 605.0 836.0 1441.0
209.0 1210.0 604.0 836.0 1441.0
210.0 1210.0 603.0 835.0 1443.0
211.0 1210.0 603.0 835.0 1443.0
212.0 1210.0 602.0 835.0 1444.0
213.0 1211.0 601.0 835.0 1445.0
214.0 1211.0 600.0 834.0 1445.0
215.0 1211.0 599.0 834.0 1446.0
216.0 1212.0 599.0 834.0 1447.0
217.0 1212.0 598.0 833.0 1447.0
218.0 1212.0 597.0 833.0 1448.0
219.0 1213.0 597.0 833.0 1449.0
220.0 1213.0 596.0 832.0 1449.0
221.0 1214.0 596.0 832.0 1450.0
222.0 1214.0 594.0 832.0 1450.0
223.0 1214.0 594.0 831.0 1450.0
224.0 1214.0 594.0 831.0 1451.0
225.0 1214.0 593.0 831.0 1451.0
226.0 1215.0 593.0 831.0 1452.0
227.0 1215.0 592.0 830.0 1453.0
228.0 1215.0 592.0 830.0 1453.0
229.0 1216.0 591.0 830.0 1454.0
230.0 1216.0 591.0 830.0 1454.0
231.0 1216.0 591.0 830.0 1454.0
232.0 1216.0 590.0 829.0 1455.0
233.0 1216.0 589.0 829.0 1455.0
234.0 1216.0 589.0 829.0 1456.0
235.0 1216.0 589.0 829.0 1456.0
236.0 1216.0 589.0 828.0 1456.0
237.0 1217.0 588.0 828.0 1456.0
238.0 1217.0 588.0 828.0 1457.0
239.0 1216.0 588.0 828.0 1457.0
240.0 1217.0 587.0 828.0 1458.0
241.0 1217.0 587.0 828.0 1459.0
242.0 1217.0 587.0 827.0 1459.0
243.0 1217.0 587.0 828.0 1459.0
244.0 1217.0 587.0 827.0 1459.0
245.0 1217.0 586.0 827.0 1459.0
246.0 1217.0 586.0 827.0 1459.0
247.0 1217.0 586.0 827.0 1459.0
248.0 1217.0 586.0 827.0 1459.0
249.0 1217.0 586.0 827.0 1459.0
250.0 1217.0 586.0 827.0 1459.0
251.0 1217.0 586.0 827.0 1459.0
252.0 1217.0 586.0 827.0 1459.0
253.0 1217.0 586.0 827.0 1459.0
254.0 1217.0 586.0 827.0 1459.0
255.0 1218.0 586.0 827.0 1459.0
256.0 1218.0 587.0 827.0 1460.0
257.0 1218.0 586.0 827.0 1460.0
258.0 1218.0 586.0 827.0 1460.0
259.0 1218.0 586.0 826.0 1460.0
260.0 1218.0 586.0 827.0 1460.0
261.0 1217.0 586.0 826.0 1460.0
262.0 1218.0 586.0 827.0 1460.0
263.0 1218.0 586.0 827.0 1459.0
264.0 1218.0 586.0 827.0 1460.0
265.0 1218.0 586.0 826.0 1460.0
266.0 1218.0 586.0 826.0 1460.0
267.0 1218.0 586.0 827.0 1460.0
268.0 1218.0 586.0 827.0 1459.0
269.0 1218.0 586.0 827.0 1460.0
270.0 1218.0 586.0 826.0 1460.0
271.0 1218.0 586.0 826.0 1460.0
272.0 1218.0 586.0 826.0 1459.0
273.0 1218.0 586.0 827.0 1460.0
274.0 1218.0 586.0 826.0 1460.0
275.0 1218.0 586.0 826.0 1460.0
276.0 1218.0 586.0 827.0 1460.0
277.0 1218.0 586.0 827.0 1460.0
278.0 1218.0 586.0 827.0 1460.0
279.0 1217.0 586.0 826.0 1460.0
280.0 1218.0 586.0 826.0 1460.0
281.0 1217.0 586.0 827.0 1460.0
282.0 1218.0 586.0 826.0 1460.0
283.0 1218.0 586.0 826.0 1460.0
284.0 1218.0 586.0 827.0 1460.0
285.0 1218.0 586.0 826.0 1460.0
286.0 1218.0 586.0 826.0 1460.0
287.0 1218.0 586.0 827.0 1460.0
288.0 1218.0 586.0 826.0 1460.0
289.0 1218.0 586.0 826.0 1460.0
290.0 1217.0 586.0 826.0 1460.0
291.0 1218.0 586.0 826.0 1460.0
292.0 1218.0 586.0 826.0 1460.0
293.0 1218.0 586.0 826.0 1460.0
294.0 1218.0 586.0 826.0 1460.0
295.0 1218.0 586.0 826.0 1460.0
296.0 1218.0 586.0 826.0 1460.0
297.0 1218.0 586.0 826.0 1460.0
298.0 1218.0 587.0 826.0 1459.0
299.0 1218.0 586.0 827.0 1460.0
300.0 1218.0 586.0 826.0 1460.0
301.0 1218.0 586.0 826.0 1460.0
302.0 1218.0 587.0 826.0 1459.0
303.0 1218.0 586.0 826.0 1460.0
304.0 1218.0 586.0 826.0 1460.0
305.0 1218.0 586.0 826.0 1460.0
306.0 1218.0 586.0 826.0 1460.0
307.0 1218.0 586.0 826.0 1460.0
308.0 1218.0 586.0 826.0 1460.0
309.0 1218.0 586.0 826.0 1460.0
310.0 1218.0 586.0 826.0 1460.0
311.0 1218.0 586.0 827.0 1460.0
312.0 1218.0 586.0 826.0 1460.0
313.0 1217.0 586.0 826.0 1460.0
314.0 1218.0 586.0 826.0 1460.0
315.0 1218.0 586.0 826.0 1460.0
316.0 1218.0 586.0 826.0 1459.0
317.0 1218.0 586.0 827.0 1459.0
318.0 1218.0 586.0 826.0 1460.0
319.0 1218.0 586.0 826.0 1460.0
320.0 1218.0 586.0 826.0 1460.0
321.0 1218.0 586.0 826.0 1460.0
322.0 1218.0 586.0 826.0 1460.0
323.0 1218.0 586.0 826.0 1460.0
324.0 1218.0 586.0 827.0 1460.0
325.0 1218.0 586.0 827.0 1460.0
326.0 1218.0 586.0 827.0 1460.0
327.0 1218.0 586.0 826.0 1460.0
328.0 1217.0 586.0 826.0 1460.0
329.0 1218.0 586.0 826.0 1460.0
330.0 1218.0 586.0 826.0 1460.0
331.0 1218.0 586.0 826.0 1460.0
332.0 1218.0 586.0 826.0 1460.0
333.0 1218.0 587.0 826.0 1460.0
334.0 1218.0 586.0 826.0 1460.0
335.0 1218.0 586.0 826.0 1460.0
336.0 1218.0 587.0 826.0 1460.0
337.0 1218.0 586.0 827.0 1460.0
338.0 1218.0 586.0 826.0 1460.0
339.0 1218.0 586.0 826.0 1460.0
340.0 1218.0 586.0 826.0 1460.0
341.0 1218.0 586.0 826.0 1460.0
342.0 1218.0 586.0 826.0 1460.0
343.0 1218.0 586.0 826.0 1460.0
344.0 1218.0 586.0 826.0 1460.0
345.0 1218.0 586.0 827.0 1460.0
346.0 1218.0 586.0 826.0 1460.0
347.0 1218.0 586.0 826.0 1459.0
348.0 1218.0 586.0 826.0 1460.0
349.0 1218.0 586.0 827.0 1460.0
350.0 1218.0 586.0 826.0 1460.0
351.0 1218.0 586.0 826.0 1460.0
352.0 1218.0 586.0 826.0 1459.0
353.0 1218.0 586.0 826.0 1460.0
354.0 1218.0 586.0 826.0 1460.0
355.0 1218.0 586.0 826.0 1460.0
356.0 1218.0 586.0 826.0 1460.0
357.0 1218.0 586.0 826.0 1460.0
358.0 1218.0 586.0 826.0 1459.0
359.0 1218.0 586.0 826.0 1460.0
360.0 1218.0 586.0 826.0 1460.0
361.0 1218.0 586.0 826.0 1460.0
362.0 1218.0 586.0 826.0 1460.0
363.0 1218.0 586.0 826.0 1459.0
364.0 1218.0 586.0 826.0 1460.0
365.0 1218.0 586.0 826.0 1460.0
366.0 1218.0 587.0 826.0 1460.0
367.0 1218.0 586.0 826.0 1460.0
368.0 1218.0 586.0 826.0 1460.0
369.0 1218.0 586.0 826.0 1460.0
370.0 1218.0 586.0 826.0 1460.0
371.0 1218.0 586.0 826.0 1460.0
372.0 1218.0 586.0 826.0 1460.0
373.0 1218.0 586.0 826.0 1460.0
374.0 1218.0 586.0 826.0 1460.0
375.0 1218.0 586.0 826.0 1460.0
376.0 1218.0 586.0 826.0 1460.0
377.0 1218.0 586.0 826.0 1460.0
378.0 1218.0 586.0 826.0 1460.0
379.0 1218.0 586.0 826.0 1460.0
380.0 1218.0 586.0 826.0 1459.0
381.0 1218.0 586.0 826.0 1460.0
382.0 1218.0 587.0 826.0 1460.0
383.0 1218.0 586.0 826.0 1460.0
384.0 1218.0 586.0 826.0 1460.0
385.0 1218.0 586.0 826.0 1460.0
386.0 1218.0 586.0 826.0 1460.0
387.0 1218.0 586.0 826.0 1459.0
388.0 1218.0 586.0 827.0 1460.0
389.0 1218.0 586.0 826.0 1460.0
390.0 1218.0 586.0 826.0 1460.0
391.0 1218.0 586.0 826.0 1460.0
392.0 1218.0 586.0 827.0 1460.0
393.0 1218.0 586.0 826.0 1460.0
394.0 1218.0 586.0 826.0 1460.0
395.0 1218.0 586.0 826.0 1460.0
396.0 1218.0 586.0 826.0 1459.0
397.0 1218.0 586.0 826.0 1460.0
398.0 1218.0 586.0 826.0 1460.0
399.0 1218.0 586.0 826.0 1460.0
400.0 1218.0 586.0 826.0 1460.0
401.0 1218.0 586.0 826.0 1460.0
402.0 1218.0 586.0 826.0 1460.0
403.0 1218.0 586.0 826.0 1460.0
404.0 1218.0 586.0 826.0 1460.0
405.0 1218.0 586.0 827.0 1460.0
406.0 1218.0 586.0 826.0 1460.0
407.0 1218.0 586.0 827.0 1460.0
408.0 1218.0 586.0 826.0 1460.0
409.0 1218.0 586.0 826.0 1460.0
410.0 1218.0 586.0 826.0 1460.0
411.0 1218.0 586.0 826.0 1460.0
412.0 1218.0 586.0 826.0 1460.0
413.0 1218.0 586.0 827.0 1460.0
414.0 1218.0 586.0 826.0 1460.0
415.0 1218.0 586.0 827.0 1460.0
416.0 1218.0 586.0 826.0 1460.0
417.0 1218.0 587.0 826.0 1460.0
418.0 1218.0 586.0 826.0 1460.0
419.0 1218.0 586.0 826.0 1460.0
420.0 1218.0 586.0 826.0 1460.0
421.0 1218.0 586.0 826.0 1460.0
422.0 1218.0 586.0 826.0 1460.0
423.0 1218.0 586.0 826.0 1460.0
424.0 1218.0 586.0 826.0 1460.0
425.0 1218.0 586.0 826.0 1460.0
426.0 1218.0 586.0 826.0 1460.0
427.0 1218.0 586.0 826.0 1460.0
428.0 1218.0 586.0 826.0 1460.0
429.0 1218.0 586.0 826.0 1460.0
430.0 1218.0 586.0 826.0 1460.0
431.0 1218.0 586.0 826.0 1460.0
432.0 1218.0 586.0 826.0 1460.0
433.0 1218.0 586.0 826.0 1460.0
434.0 1218.0 587.0 826.0 1460.0
435.0 1218.0 586.0 826.0 1460.0
436.0 1218.0 586.0 826.0 1460.0
437.0 1218.0 586.0 826.0 1460.0
438.0 1218.0 586.0 826.0 1460.0
439.0 1218.0 587.0 826.0 1460.0
440.0 1218.0 586.0 826.0 1460.0
441.0 1218.0 586.0 827.0 1460.0
442.0 1218.0 586.0 826.0 1460.0
443.0 1218.0 587.0 826.0 1460.0
444.0 1218.0 586.0 826.0 1460.0
445.0 1218.0 586.0 826.0 1460.0
446.0 1218.0 586.0 826.0 1460.0
447.0 1218.0 586.0 826.0 1460.0
448.0 1218.0 586.0 826.0 1460.0
449.0 1218.0 586.0 826.0 1460.0
450.0 1218.0 586.0 826.0 1460.0
451.0 1218.0 586.0 826.0 1460.0
452.0 1218.0 586.0 826.0 1460.0
453.0 1218.0 586.0 826.0 1460.0
454.0 1218.0 586.0 827.0 1459.0
455.0 1218.0 586.0 826.0 1460.0
456.0 1218.0 586.0 826.0 1460.0
457.0 1218.0 586.0 826.0 1460.0
458.0 1218.0 586.0 826.0 1460.0
459.0 1218.0 586.0 826.0 1460.0
460.0 1218.0 586.0 826.0 1460.0
461.0 1218.0 586.0 826.0 1460.0
462.0 1218.0 586.0 826.0 1460.0
463.0 1218.0 586.0 826.0 1460.0
464.0 1218.0 586.0 826.0 1460.0
465.0 1218.0 586.0 826.0 1460.0
466.0 1218.0 586.0 826.0 1460.0
467.0 1218.0 586.0 826.0 1460.0
468.0 1218.0 587.0 826.0 1460.0
469.0 1218.0 586.0 826.0 1460.0
470.0 1218.0 586.0 826.0 1460.0
471.0 1218.0 586.0 827.0 1460.0
472.0 1218.0 586.0 826.0 1460.0
473.0 1218.0 586.0 826.0 1460.0
474.0 1218.0 586.0 827.0 1460.0
475.0 1218.0 587.0 826.0 1460.0
476.0 1218.0 586.0 826.0 1460.0
477.0 1218.0 586.0 826.0 1460.0
478.0 1218.0 586.0 826.0 1460.0
479.0 1218.0 586.0 826.0 1460.0
480.0 1218.0 587.0 826.0 1460.0
481.0 1218.0 586.0 826.0 1460.0
482.0 1218.0 586.0 826.0 1459.0
483.0 1218.0 586.0 826.0 1459.0
484.0 1218.0 586.0 826.0 1460.0
485.0 1218.0 586.0 826.0 1460.0
486.0 1218.0 586.0 826.0 1460.0
487.0 1218.0 586.0 826.0 1460.0
488.0 1218.0 586.0 826.0 1460.0
489.0 1218.0 586.0 826.0 1460.0
490.0 1218.0 586.0 827.0 1460.0
491.0 1218.0 586.0 826.0 1460.0
492.0 1218.0 586.0 826.0 1460.0
493.0 1218.0 586.0 826.0 1460.0
494.0 1218.0 586.0 826.0 1460.0
495.0 1218.0 586.0 826.0 1460.0
496.0 1218.0 586.0 826.0 1460.0
497.0 1218.0 586.0 826.0 1460.0
498.0 1218.0 586.0 826.0 1460.0
499.0 1218.0 587.0 826.0 1460.0
500.0 1218.0 586.0 826.0 1460.0
501.0 1217.0 586.0 826.0 1460.0
502.0 1218.0 586.0 826.0 1460.0
503.0 1218.0 586.0 826.0 1460.0
504.0 1218.0 586.0 826.0 1459.0
505.0 1218.0 586.0 826.0 1460.0
506.0 1219.0 582.0 826.0 1460.0
507.0 1221.0 577.0 826.0 1460.0
508.0 1226.0 566.0 826.0 1460.0
509.0 1230.0 554.0 826.0 1460.0
510.0 1238.0 535.0 826.0 1460.0
511.0 1245.0 518.0 826.0 1460.0
512.0 1255.0 496.0 826.0 1460.0
513.0 1265.0 474.0 826.0 1460.0
514.0 1277.0 448.0 826.0 1460.0
515.0 1290.0 425.0 826.0 1460.0
516.0 1303.0 403.0 826.0 1460.0
517.0 1316.0 380.0 826.0 1460.0
518.0 1330.0 355.0 826.0 1460.0
519.0 1343.0 334.0 826.0 1460.0
520.0 1358.0 311.0 826.0 1460.0
521.0 1371.0 294.0 826.0 1460.0
522.0 1383.0 275.0 826.0 1460.0
523.0 1395.0 261.0 826.0 1460.0
524.0 1407.0 249.0 826.0 1460.0
525.0 1417.0 239.0 826.0 1460.0
526.0 1426.0 232.0 826.0 1460.0
527.0 1434.0 226.0 826.0 1460.0
528.0 1440.0 223.0 826.0 1460.0
529.0 1446.0 222.0 826.0 1460.0
530.0 1451.0 225.0 826.0 1460.0
531.0 1454.0 229.0 826.0 1460.0
532.0 1456.0 236.0 826.0 1460.0
533.0 1457.0 246.0 826.0 1460.0
534.0 1457.0 259.0 826.0 1460.0
535.0 1457.0 274.0 826.0 1460.0
536.0 1455.0 291.0 827.0 1460.0
537.0 1453.0 312.0 827.0 1460.0
538.0 1446.0 332.0 828.0 1460.0
539.0 1440.0 356.0 829.0 1460.0
540.0 1432.0 380.0 830.0 1460.0
541.0 1423.0 406.0 831.0 1460.0
542.0 1412.0 429.0 831.0 1460.0
543.0 1401.0 457.0 832.0 1460.0
544.0 1389.0 481.0 834.0 1460.0
545.0 1378.0 508.0 837.0 1460.0
546.0 1366.0 529.0 841.0 1460.0
547.0 1354.0 554.0 844.0 1460.0
548.0 1342.0 570.0 849.0 1459.0
549.0 1331.0 587.0 854.0 1458.0
550.0 1319.0 597.0 860.0 1455.0
551.0 1310.0 603.0 866.0 1453.0
552.0 1301.0 604.0 874.0 1449.0
553.0 1294.0 604.0 883.0 1444.0
554.0 1287.0 602.0 893.0 1440.0
555.0 1280.0 598.0 901.0 1437.0
556.0 1274.0 596.0 907.0 1438.0
557.0 1269.0 593.0 913.0 1442.0
558.0 1265.0 591.0 915.0 1454.0
559.0 1260.0 589.0 915.0 1468.0
560.0 1255.0 589.0 913.0 1489.0
561.0 1251.0 588.0 909.0 1510.0
562.0 1248.0 587.0 900.0 1537.0
563.0 1246.0 586.0 891.0 1562.0
564.0 1243.0 586.0 879.0 1591.0
565.0 1241.0 586.0 866.0 1618.0
566.0 1238.0 585.0 852.0 1645.0
567.0 1237.0 584.0 837.0 1670.0
568.0 1237.0 585.0 821.0 1696.0
569.0 1235.0 585.0 803.0 1721.0
570.0 1234.0 584.0 788.0 1742.0
571.0 1232.0 585.0 773.0 1762.0
572.0 1231.0 584.0 756.0 1781.0
573.0 1230.0 584.0 741.0 1798.0
574.0 1229.0 584.0 726.0 1811.0
575.0 1228.0 584.0 711.0 1822.0
576.0 1227.0 584.0 698.0 1829.0
577.0 1226.0 584.0 685.0 1834.0
578.0 1226.0 584.0 674.0 1835.0
579.0 1225.0 584.0 663.0 1835.0
580.0 1224.0 584.0 654.0 1831.0
581.0 1224.0 584.0 647.0 1826.0
582.0 1223.0 584.0 640.0 1816.0
583.0 1223.0 584.0 637.0 1804.0
584.0 1222.0 584.0 633.0 1787.0
585.0 1221.0 584.0 632.0 1770.0
586.0 1220.0 584.0 632.0 1749.0
587.0 1219.0 584.0 632.0 1727.0
588.0 1218.0 584.0 634.0 1703.0
589.0 1216.0 584.0 637.0 1677.0
590.0 1214.0 585.0 641.0 1651.0
591.0 1212.0 584.0 647.0 1624.0
592.0 1210.0 584.0 656.0 1597.0
593.0 1208.0 585.0 665.0 1569.0
594.0 1205.0 585.0 674.0 1542.0
595.0 1203.0 585.0 685.0 1516.0
596.0 1198.0 587.0 695.0 1494.0
597.0 1194.0 587.0 706.0 1474.0
598.0 1189.0 589.0 716.0 1459.0
599.0 1183.0 591.0 725.0 1448.0
600.0 1177.0 595.0 735.0 1443.0
601.0 1169.0 597.0 744.0 1442.0
602.0 1162.0 601.0 752.0 1444.0
603.0 1154.0 605.0 759.0 1446.0
604.0 1148.0 606.0 766.0 1449.0
605.0 1141.0 607.0 772.0 1451.0
606.0 1136.0 600.0 777.0 1454.0
607.0 1132.0 591.0 782.0 1455.0
608.0 1133.0 574.0 786.0 1457.0
609.0 1135.0 557.0 790.0 1458.0
610.0 1141.0 532.0 793.0 1459.0
611.0 1148.0 509.0 797.0 1459.0
612.0 1159.0 479.0 800.0 1459.0
613.0 1170.0 455.0 803.0 1459.0
614.0 1184.0 426.0 805.0 1460.0
615.0 1198.0 402.0 808.0 1460.0
616.0 1214.0 375.0 809.0 1461.0
617.0 1229.0 350.0 810.0 1461.0
618.0 1246.0 326.0 810.0 1461.0
619.0 1261.0 304.0 810.0 1461.0
620.0 1277.0 282.0 812.0 1461.0
621.0 1292.0 264.0 813.0 1461.0
622.0 1307.0 248.0 814.0 1461.0
623.0 1322.0 236.0 816.0 1461.0
624.0 1335.0 226.0 818.0 1461.0
625.0 1349.0 217.0 819.0 1461.0
626.0 1362.0 213.0 820.0 1461.0
627.0 1373.0 212.0 821.0 1461.0
628.0 1382.0 212.0 822.0 1461.0
629.0 1391.0 214.0 822.0 1461.0
630.0 1399.0 221.0 823.0 1461.0
631.0 1404.0 230.0 823.0 1461.0
632.0 1409.0 244.0 824.0 1461.0
633.0 1411.0 259.0 824.0 1461.0
634.0 1412.0 277.0 824.0 1461.0
635.0 1412.0 296.0 824.0 1461.0
636.0 1412.0 316.0 825.0 1461.0
637.0 1410.0 342.0 826.0 1461.0
638.0 1406.0 363.0 828.0 1461.0
639.0 1402.0 393.0 829.0 1461.0
640.0 1394.0 417.0 832.0 1461.0
641.0 1386.0 447.0 835.0 1461.0
642.0 1377.0 472.0 837.0 1461.0
643.0 1368.0 501.0 840.0 1461.0
644.0 1358.0 523.0 842.0 1461.0
645.0 1348.0 549.0 845.0 1460.0
646.0 1337.0 566.0 849.0 1459.0
647.0 1327.0 585.0 853.0 1458.0
648.0 1317.0 595.0 859.0 1455.0
649.0 1308.0 603.0 865.0 1452.0
650.0 1301.0 604.0 873.0 1448.0
651.0 1294.0 603.0 883.0 1443.0
652.0 1287.0 601.0 892.0 1439.0
653.0 1280.0 598.0 901.0 1436.0
654.0 1275.0 595.0 908.0 1438.0
655.0 1269.0 593.0 914.0 1441.0
656.0 1265.0 591.0 915.0 1454.0
657.0 1260.0 590.0 915.0 1467.0
658.0 1256.0 589.0 915.0 1489.0
659.0 1251.0 588.0 910.0 1509.0
660.0 1248.0 586.0 902.0 1536.0
661.0 1246.0 586.0 893.0 1562.0
662.0 1243.0 586.0 880.0 1592.0
663.0 1241.0 585.0 868.0 1618.0
664.0 1238.0 586.0 854.0 1644.0
665.0 1237.0 585.0 839.0 1671.0
666.0 1235.0 585.0 823.0 1697.0
667.0 1234.0 585.0 807.0 1720.0
668.0 1233.0 585.0 789.0 1743.0
669.0 1232.0 585.0 773.0 1762.0
670.0 1231.0 585.0 757.0 1781.0
671.0 1230.0 585.0 742.0 1798.0
672.0 1230.0 585.0 726.0 1810.0
673.0 1229.0 584.0 712.0 1822.0
674.0 1228.0 584.0 699.0 1828.0
675.0 1227.0 584.0 686.0 1834.0
676.0 1226.0 584.0 675.0 1835.0
677.0 1225.0 584.0 664.0 1835.0
678.0 1224.0 584.0 655.0 1832.0
679.0 1224.0 584.0 647.0 1826.0
680.0 1223.0 585.0 641.0 1816.0
681.0 1223.0 584.0 637.0 1804.0
682.0 1221.0 585.0 633.0 1788.0
683.0 1221.0 585.0 632.0 1770.0
684.0 1220.0 584.0 632.0 1749.0
685.0 1219.0 584.0 632.0 1727.0
686.0 1217.0 584.0 634.0 1703.0
687.0 1216.0 584.0 637.0 1678.0
688.0 1214.0 584.0 641.0 1651.0
689.0 1212.0 585.0 648.0 1625.0
690.0 1210.0 585.0 656.0 1597.0
691.0 1208.0 585.0 664.0 1569.0
692.0 1205.0 585.0 674.0 1541.0
693.0 1202.0 585.0 684.0 1516.0
694.0 1198.0 586.0 695.0 1494.0
695.0 1194.0 588.0 706.0 1474.0
696.0 1189.0 589.0 716.0 1459.0
697.0 1183.0 591.0 725.0 1448.0
698.0 1176.0 595.0 735.0 1443.0
699.0 1169.0 597.0 744.0 1442.0
700.0 1162.0 601.0 752.0 1443.0
701.0 1154.0 605.0 759.0 1446.0
702.0 1147.0 606.0 766.0 1449.0
703.0 1141.0 606.0 772.0 1451.0
704.0 1136.0 600.0 777.0 1454.0
705.0 1132.0 591.0 782.0 1455.0
706.0 1133.0 574.0 787.0 1457.0
707.0 1136.0 557.0 790.0 1458.0
708.0 1141.0 531.0 793.0 1459.0
709.0 1148.0 508.0 797.0 1458.0
710.0 1158.0 481.0 800.0 1459.0
711.0 1169.0 455.0 802.0 1459.0
712.0 1184.0 427.0 805.0 1460.0
713.0 1198.0 403.0 807.0 1460.0
714.0 1214.0 375.0 809.0 1461.0
715.0 1229.0 349.0 810.0 1461.0
716.0 1246.0 325.0 810.0 1461.0
717.0 1260.0 304.0 811.0 1461.0
718.0 1276.0 282.0 812.0 1461.0
719.0 1291.0 264.0 813.0 1461.0
720.0 1306.0 248.0 815.0 1461.0
721.0 1320.0 236.0 816.0 1461.0
722.0 1336.0 226.0 818.0 1461.0
723.0 1349.0 217.0 819.0 1461.0
724.0 1362.0 213.0 820.0 1461.0
725.0 1373.0 212.0 821.0 1461.0
726.0 1383.0 213.0 822.0 1461.0
727.0 1391.0 215.0 822.0 1461.0
728.0 1399.0 221.0 823.0 1461.0
729.0 1404.0 230.0 823.0 1461.0
730.0 1408.0 243.0 823.0 1461.0
731.0 1411.0 258.0 823.0 1461.0
732.0 1413.0 277.0 824.0 1461.0
733.0 1412.0 297.0 824.0 1461.0
734.0 1412.0 315.0 825.0 1461.0
735.0 1411.0 340.0 826.0 1461.0
736.0 1406.0 365.0 828.0 1461.0
737.0 1402.0 393.0 829.0 1461.0
738.0 1394.0 417.0 832.0 1462.0
739.0 1386.0 447.0 835.0 1461.0
740.0 1377.0 472.0 837.0 1461.0
741.0 1369.0 501.0 839.0 1461.0
742.0 1357.0 524.0 842.0 1461.0
743.0 1347.0 550.0 845.0 1461.0
744.0 1337.0 566.0 849.0 1459.0
745.0 1327.0 585.0 854.0 1458.0
746.0 1317.0 595.0 860.0 1455.0
747.0 1308.0 602.0 865.0 1453.0
748.0 1301.0 604.0 874.0 1448.0
749.0 1294.0 603.0 883.0 1443.0
750.0 1287.0 601.0 892.0 1439.0
751.0 1281.0 598.0 901.0 1436.0
752.0 1275.0 595.0 908.0 1438.0
753.0 1269.0 593.0 914.0 1442.0
754.0 1265.0 591.0 915.0 1454.0
755.0 1260.0 590.0 916.0 1467.0
756.0 1256.0 589.0 915.0 1489.0
757.0 1251.0 588.0 910.0 1510.0
758.0 1248.0 587.0 901.0 1536.0
759.0 1246.0 586.0 893.0 1561.0
760.0 1243.0 586.0 880.0 1591.0
761.0 1241.0 586.0 868.0 1618.0
762.0 1239.0 585.0 853.0 1645.0
763.0 1237.0 585.0 838.0 1670.0
764.0 1235.0 585.0 822.0 1697.0
765.0 1234.0 585.0 806.0 1720.0
766.0 1233.0 585.0 789.0 1743.0
767.0 1232.0 585.0 773.0 1763.0
768.0 1231.0 584.0 757.0 1782.0
769.0 1230.0 583.0 743.0 1798.0
770.0 1230.0 584.0 726.0 1811.0
771.0 1229.0 584.0 713.0 1821.0
772.0 1228.0 584.0 699.0 1829.0
773.0 1227.0 584.0 686.0 1834.0
774.0 1226.0 584.0 674.0 1835.0
775.0 1225.0 585.0 664.0 1835.0
776.0 1224.0 584.0 655.0 1831.0
777.0 1224.0 585.0 647.0 1826.0
778.0 1223.0 584.0 641.0 1815.0
779.0 1222.0 584.0 636.0 1804.0
780.0 1222.0 585.0 633.0 1787.0
781.0 1221.0 584.0 632.0 1770.0
782.0 1220.0 585.0 632.0 1750.0
783.0 1219.0 584.0 632.0 1727.0
784.0 1218.0 585.0 634.0 1703.0
785.0 1216.0 584.0 637.0 1677.0
786.0 1214.0 585.0 641.0 1651.0
787.0 1213.0 585.0 648.0 1624.0
788.0 1210.0 585.0 655.0 1597.0
789.0 1208.0 585.0 664.0 1568.0
790.0 1205.0 585.0 674.0 1543.0
791.0 1202.0 585.0 684.0 1517.0
792.0 1198.0 586.0 695.0 1495.0
793.0 1194.0 588.0 705.0 1474.0
794.0 1189.0 589.0 716.0 1459.0
795.0 1183.0 591.0 725.0 1448.0
796.0 1177.0 595.0 734.0 1443.0
797.0 1170.0 597.0 744.0 1442.0
798.0 1162.0 601.0 752.0 1444.0
799.0 1154.0 605.0 759.0 1446.0
800.0 1147.0 607.0 766.0 1449.0
801.0 1141.0 606.0 772.0 1451.0
802.0 1137.0 600.0 777.0 1454.0
803.0 1133.0 591.0 781.0 1456.0
804.0 1133.0 575.0 787.0 1457.0
805.0 1136.0 557.0 791.0 1458.0
806.0 1141.0 531.0 793.0 1459.0
807.0 1147.0 508.0 797.0 1459.0
808.0 1159.0 481.0 800.0 1459.0
809.0 1170.0 455.0 802.0 1459.0
810.0 1184.0 427.0 805.0 1460.0
811.0 1197.0 403.0 808.0 1460.0
812.0 1214.0 375.0 809.0 1460.0
813.0 1229.0 349.0 809.0 1461.0
814.0 1245.0 325.0 810.0 1461.0
815.0 1260.0 304.0 810.0 1461.0
816.0 1276.0 283.0 812.0 1461.0
817.0 1290.0 264.0 813.0 1462.0
818.0 1306.0 248.0 814.0 1461.0
819.0 1321.0 236.0 816.0 1461.0
820.0 1336.0 226.0 818.0 1461.0
821.0 1349.0 217.0 819.0 1461.0
822.0 1362.0 214.0 820.0 1462.0
823.0 1373.0 211.0 821.0 1462.0
824.0 1382.0 213.0 822.0 1462.0
825.0 1391.0 214.0 822.0 1462.0
826.0 1399.0 222.0 823.0 1461.0
827.0 1404.0 230.0 823.0 1461.0
828.0 1408.0 244.0 823.0 1462.0
829.0 1411.0 259.0 823.0 1462.0
830.0 1412.0 277.0 824.0 1462.0
831.0 1412.0 296.0 824.0 1462.0
832.0 1411.0 317.0 825.0 1462.0
833.0 1410.0 342.0 826.0 1462.0
834.0 1406.0 364.0 828.0 1462.0
835.0 1402.0 393.0 830.0 1462.0
836.0 1395.0 417.0 832.0 1462.0
837.0 1386.0 447.0 835.0 1462.0
838.0 1377.0 472.0 837.0 1461.0
839.0 1368.0 501.0 839.0 1461.0
840.0 1358.0 523.0 842.0 1461.0
841.0 1347.0 550.0 845.0 1461.0
842.0 1337.0 567.0 849.0 1459.0
843.0 1327.0 585.0 853.0 1458.0
844.0 1318.0 595.0 860.0 1455.0
845.0 1308.0 602.0 866.0 1453.0
846.0 1301.0 604.0 874.0 1448.0
847.0 1294.0 603.0 883.0 1443.0
848.0 1287.0 601.0 893.0 1439.0
849.0 1281.0 598.0 901.0 1436.0
850.0 1275.0 595.0 908.0 1438.0
851.0 1270.0 593.0 913.0 1441.0
852.0 1265.0 591.0 915.0 1454.0
853.0 1260.0 590.0 916.0 1467.0
854.0 1256.0 589.0 915.0 1489.0
855.0 1252.0 588.0 910.0 1510.0
856.0 1248.0 587.0 902.0 1536.0
857.0 1246.0 586.0 893.0 1561.0
858.0 1243.0 586.0 880.0 1591.0
859.0 1241.0 586.0 868.0 1618.0
860.0 1239.0 585.0 853.0 1645.0
861.0 1237.0 585.0 839.0 1670.0
862.0 1235.0 585.0 822.0 1697.0
863.0 1234.0 584.0 807.0 1720.0
864.0 1233.0 585.0 789.0 1743.0
865.0 1232.0 585.0 773.0 1763.0
866.0 1231.0 584.0 757.0 1782.0
867.0 1231.0 583.0 742.0 1798.0
868.0 1230.0 584.0 726.0 1810.0
869.0 1229.0 585.0 713.0 1822.0
870.0 1228.0 584.0 699.0 1829.0
871.0 1226.0 585.0 686.0 1834.0
872.0 1226.0 585.0 674.0 1836.0
873.0 1225.0 584.0 664.0 1835.0
874.0 1224.0 584.0 655.0 1831.0
875.0 1224.0 584.0 647.0 1826.0
876.0 1223.0 584.0 640.0 1816.0
877.0 1223.0 584.0 636.0 1804.0
878.0 1222.0 585.0 634.0 1787.0
879.0 1220.0 585.0 632.0 1770.0
880.0 1220.0 584.0 632.0 1749.0
881.0 1219.0 585.0 632.0 1727.0
882.0 1217.0 584.0 633.0 1703.0
883.0 1217.0 584.0 636.0 1677.0
884.0 1214.0 585.0 642.0 1650.0
885.0 1212.0 585.0 648.0 1624.0
886.0 1210.0 585.0 656.0 1596.0
887.0 1208.0 585.0 664.0 1568.0
888.0 1205.0 585.0 674.0 1542.0
889.0 1202.0 585.0 684.0 1516.0
890.0 1198.0 587.0 695.0 1494.0
891.0 1195.0 588.0 706.0 1475.0
892.0 1189.0 590.0 716.0 1459.0
893.0 1183.0 591.0 725.0 1448.0
894.0 1177.0 595.0 735.0 1443.0
895.0 1169.0 597.0 744.0 1442.0
896.0 1162.0 601.0 752.0 1443.0
897.0 1154.0 605.0 759.0 1445.0
898.0 1148.0 606.0 766.0 1449.0
899.0 1141.0 606.0 772.0 1451.0
900.0 1136.0 599.0 777.0 1454.0
901.0 1133.0 591.0 782.0 1456.0
902.0 1133.0 574.0 787.0 1457.0
903.0 1136.0 557.0 791.0 1458.0
904.0 1141.0 532.0 793.0 1458.0
905.0 1148.0 508.0 797.0 1459.0
906.0 1158.0 481.0 800.0 1459.0
907.0 1170.0 455.0 802.0 1459.0
908.0 1184.0 427.0 805.0 1460.0
909.0 1198.0 403.0 807.0 1460.0
910.0 1214.0 375.0 809.0 1461.0
911.0 1229.0 350.0 810.0 1461.0
912.0 1246.0 325.0 810.0 1461.0
913.0 1260.0 304.0 811.0 1461.0
914.0 1276.0 282.0 812.0 1461.0
915.0 1290.0 264.0 813.0 1461.0
916.0 1306.0 248.0 815.0 1461.0
917.0 1321.0 236.0 817.0 1461.0
918.0 1336.0 226.0 818.0 1461.0
919.0 1349.0 218.0 819.0 1461.0
920.0 1362.0 214.0 820.0 1461.0
921.0 1373.0 211.0 821.0 1462.0
922.0 1382.0 213.0 822.0 1461.0
923.0 1391.0 215.0 823.0 1461.0
924.0 1398.0 221.0 823.0 1461.0
925.0 1404.0 230.0 823.0 1461.0
926.0 1408.0 243.0 823.0 1461.0
927.0 1411.0 258.0 823.0 1461.0
928.0 1412.0 276.0 824.0 1461.0
929.0 1412.0 296.0 824.0 1461.0
930.0 1412.0 316.0 825.0 1461.0
931.0 1410.0 341.0 825.0 1461.0
932.0 1406.0 364.0 828.0 1461.0
933.0 1401.0 393.0 829.0 1461.0
934.0 1394.0 418.0 832.0 1461.0
935.0 1387.0 448.0 835.0 1461.0
936.0 1377.0 473.0 838.0 1461.0
937.0 1368.0 501.0 840.0 1461.0
938.0 1357.0 523.0 842.0 1461.0
939.0 1348.0 550.0 845.0 1461.0
940.0 1337.0 566.0 849.0 1459.0
941.0 1328.0 586.0 853.0 1458.0
942.0 1317.0 595.0 859.0 1455.0
943.0 1308.0 602.0 865.0 1452.0
944.0 1301.0 604.0 874.0 1448.0
945.0 1294.0 603.0 883.0 1443.0
946.0 1287.0 601.0 892.0 1439.0
947.0 1281.0 598.0 901.0 1436.0
948.0 1275.0 595.0 907.0 1438.0
949.0 1269.0 593.0 914.0 1442.0
950.0 1265.0 591.0 915.0 1453.0
951.0 1260.0 589.0 916.0 1467.0
952.0 1256.0 589.0 915.0 1488.0
953.0 1251.0 588.0 910.0 1509.0
954.0 1248.0 587.0 902.0 1537.0
955.0 1245.0 586.0 893.0 1562.0
956.0 1243.0 586.0 881.0 1590.0
957.0 1240.0 586.0 868.0 1617.0
958.0 1238.0 585.0 854.0 1645.0
959.0 1237.0 585.0 839.0 1670.0
960.0 1235.0 585.0 822.0 1697.0
961.0 1234.0 585.0 806.0 1720.0
962.0 1233.0 585.0 789.0 1742.0
963.0 1232.0 584.0 773.0 1763.0
964.0 1231.0 585.0 758.0 1781.0
965.0 1230.0 585.0 742.0 1797.0
966.0 1229.0 584.0 726.0 1811.0
967.0 1228.0 584.0 713.0 1821.0
968.0 1228.0 584.0 699.0 1829.0
969.0 1227.0 584.0 686.0 1835.0
970.0 1226.0 584.0 674.0 1835.0
971.0 1225.0 584.0 664.0 1835.0
972.0 1224.0 584.0 655.0 1831.0
973.0 1224.0 584.0 647.0 1826.0
974.0 1223.0 585.0 641.0 1816.0
975.0 1223.0 584.0 637.0 1804.0
976.0 1221.0 585.0 634.0 1787.0
977.0 1221.0 585.0 632.0 1770.0
978.0 1220.0 584.0 632.0 1750.0
979.0 1219.0 585.0 632.0 1727.0
980.0 1217.0 584.0 633.0 1703.0
981.0 1216.0 585.0 636.0 1678.0
982.0 1214.0 585.0 641.0 1651.0
983.0 1213.0 585.0 648.0 1625.0
984.0 1210.0 585.0 656.0 1596.0
985.0 1208.0 585.0 664.0 1569.0
986.0 1205.0 585.0 674.0 1542.0
987.0 1202.0 586.0 684.0 1516.0
988.0 1198.0 586.0 695.0 1494.0
989.0 1195.0 587.0 706.0 1475.0
990.0 1189.0 589.0 716.0 1459.0
991.0 1183.0 591.0 725.0 1448.0
992.0 1177.0 595.0 734.0 1443.0
993.0 1169.0 597.0 744.0 1442.0
994.0 1162.0 601.0 752.0 1443.0
995.0 1154.0 605.0 759.0 1445.0
996.0 1148.0 606.0 766.0 1448.0
997.0 1141.0 606.0 772.0 1451.0
998.0 1136.0 600.0 777.0 1454.0
999.0 1133.0 591.0 782.0 1456.0
1000.0 1133.0 574.0 787.0 1457.0
