0.0 0.0 0.0 0.0 7.0
1.0 0.0 0.0 0.0 0.0
2.0 0.0 7.0 14.0 21.0
3.0 65507.0 35.0 14.0 14.0
4.0 65514.0 28.0 7.0 42.0
5.0 65500.0 49.0 0.0 35.0
6.0 65507.0 28.0 65514.0 56.0
7.0 65493.0 49.0 65514.0 35.0
8.0 65500.0 28.0 65500.0 56.0
9.0 65500.0 49.0 65500.0 35.0
10.0 65507.0 21.0 65486.0 56.0
11.0 65493.0 49.0 65493.0 35.0
12.0 65507.0 28.0 65493.0 56.0
13.0 65493.0 49.0 65500.0 35.0
14.0 65500.0 21.0 65486.0 56.0
15.0 65493.0 49.0 65500.0 35.0
16.0 65500.0 21.0 65493.0 56.0
17.0 65500.0 42.0 65500.0 42.0
18.0 65507.0 28.0 65493.0 56.0
19.0 65493.0 56.0 65507.0 42.0
20.0 65507.0 28.0 65500.0 56.0
21.0 65493.0 49.0 65507.0 42.0
22.0 65500.0 28.0 65500.0 63.0
23.0 65500.0 49.0 65507.0 42.0
24.0 65507.0 28.0 65493.0 63.0
25.0 65486.0 42.0 65500.0 35.0
26.0 65500.0 21.0 65493.0 56.0
27.0 65493.0 42.0 65500.0 35.0
28.0 65500.0 28.0 65486.0 56.0
29.0 65486.0 49.0 65500.0 35.0
30.0 65500.0 28.0 65493.0 56.0
31.0 65493.0 42.0 65500.0 35.0
32.0 65500.0 21.0 65493.0 49.0
33.0 65493.0 42.0 65500.0 35.0
34.0 65507.0 28.0 65493.0 63.0
35.0 65493.0 56.0 65500.0 42.0
36.0 65500.0 28.0 65500.0 49.0
37.0 65493.0 42.0 65507.0 35.0
38.0 65507.0 28.0 65493.0 56.0
39.0 65493.0 49.0 65493.0 42.0
40.0 65500.0 28.0 65493.0 56.0
41.0 65493.0 49.0 65500.0 35.0
42.0 65500.0 28.0 65493.0 56.0
43.0 65493.0 42.0 65500.0 42.0
44.0 65493.0 28.0 65493.0 56.0
45.0 65493.0 49.0 65500.0 42.0
46.0 65500.0 35.0 65493.0 63.0
47.0 65486.0 42.0 65500.0 42.0
48.0 65500.0 28.0 65500.0 70.0
49.0 65493.0 49.0 65507.0 49.0
50.0 65500.0 28.0 65500.0 63.0
51.0 65486.0 49.0 65507.0 49.0
52.0 65500.0 35.0 65493.0 63.0
53.0 65493.0 42.0 65500.0 42.0
54.0 65500.0 28.0 65493.0 70.0
55.0 65493.0 42.0 65500.0 42.0
56.0 65507.0 28.0 65486.0 63.0
57.0 65486.0 49.0 65500.0 42.0
58.0 65493.0 28.0 65493.0 63.0
59.0 65493.0 42.0 65500.0 42.0
60.0 65500.0 28.0 65493.0 56.0
61.0 65493.0 42.0 65500.0 42.0
62.0 65500.0 28.0 65493.0 56.0
63.0 65486.0 49.0 65500.0 42.0
64.0 65493.0 28.0 65493.0 56.0
65.0 65486.0 49.0 65500.0 35.0
66.0 65500.0 28.0 65486.0 56.0
67.0 65493.0 42.0 65500.0 42.0
68.0 65500.0 28.0 65486.0 56.0
69.0 65486.0 49.0 65500.0 42.0
70.0 65493.0 28.0 65493.0 56.0
71.0 65486.0 49.0 65493.0 42.0
72.0 65493.0 28.0 65493.0 56.0
73.0 65486.0 49.0 65493.0 42.0
74.0 65500.0 35.0 65486.0 56.0
75.0 65493.0 49.0 65500.0 42.0
76.0 65500.0 35.0 65493.0 56.0
77.0 65486.0 49.0 65493.0 42.0
78.0 65493.0 28.0 65486.0 63.0
79.0 65486.0 42.0 65493.0 49.0
80.0 65493.0 28.0 65486.0 63.0
81.0 65493.0 42.0 65493.0 49.0
82.0 65493.0 28.0 65493.0 63.0
83.0 65486.0 49.0 65493.0 49.0
84.0 65493.0 35.0 65493.0 56.0
85.0 65486.0 42.0 65500.0 42.0
86.0 65493.0 28.0 65493.0 63.0
87.0 65493.0 42.0 65493.0 49.0
88.0 65493.0 28.0 65486.0 63.0
89.0 65486.0 49.0 65493.0 49.0
90.0 65500.0 35.0 65486.0 63.0
91.0 65486.0 42.0 65493.0 49.0
92.0 65493.0 35.0 65486.0 63.0
93.0 65479.0 49.0 65486.0 42.0
94.0 65493.0 35.0 65486.0 63.0
95.0 65486.0 49.0 65493.0 42.0
96.0 65493.0 35.0 65486.0 56.0
97.0 65486.0 49.0 65493.0 42.0
98.0 65493.0 35.0 65486.0 56.0
99.0 65486.0 49.0 65493.0 42.0
100.0 65493.0 28.0 65486.0 56.0
101.0 65486.0 42.0 65493.0 42.0
102.0 65493.0 35.0 65486.0 56.0
103.0 65486.0 42.0 65493.0 42.0
104.0 65493.0 28.0 65486.0 63.0
105.0 65500.0 49.0 65493.0 49.0
106.0 65500.0 35.0 65493.0 56.0
107.0 65493.0 56.0 65500.0 42.0
108.0 65500.0 35.0 65486.0 63.0
109.0 65493.0 49.0 65493.0 42.0
110.0 65493.0 35.0 65486.0 56.0
111.0 65486.0 49.0 65493.0 49.0
112.0 65493.0 28.0 65486.0 56.0
113.0 65486.0 42.0 65486.0 42.0
114.0 65493.0 28.0 65486.0 63.0
115.0 65486.0 49.0 65493.0 49.0
116.0 65493.0 35.0 65486.0 63.0
117.0 65486.0 42.0 65486.0 49.0
118.0 65493.0 35.0 65486.0 63.0
119.0 65486.0 49.0 65493.0 49.0
120.0 65493.0 35.0 65486.0 63.0
121.0 65493.0 49.0 65493.0 49.0
122.0 65493.0 35.0 65486.0 63.0
123.0 65486.0 56.0 65493.0 49.0
124.0 65493.0 35.0 65486.0 63.0
125.0 65493.0 49.0 65486.0 49.0
126.0 65493.0 35.0 65486.0 63.0
127.0 65479.0 42.0 65486.0 49.0
128.0 65493.0 35.0 65486.0 56.0
129.0 65493.0 49.0 65493.0 49.0
130.0 65493.0 35.0 65486.0 63.0
131.0 65486.0 49.0 65493.0 49.0
132.0 65493.0 35.0 65486.0 63.0
133.0 65486.0 42.0 65493.0 49.0
134.0 65493.0 35.0 65486.0 56.0
135.0 65493.0 49.0 65493.0 42.0
136.0 65493.0 35.0 65486.0 63.0
137.0 65486.0 49.0 65493.0 49.0
138.0 65493.0 35.0 65486.0 56.0
139.0 65493.0 42.0 65486.0 42.0
140.0 65493.0 35.0 65493.0 56.0
141.0 65486.0 42.0 65493.0 49.0
142.0 65493.0 35.0 65486.0 49.0
143.0 65486.0 49.0 65493.0 42.0
144.0 65486.0 35.0 65493.0 63.0
145.0 65486.0 42.0 65493.0 42.0
146.0 65493.0 35.0 65486.0 56.0
147.0 65486.0 49.0 65486.0 42.0
148.0 65493.0 35.0 65486.0 56.0
149.0 65486.0 49.0 65493.0 49.0
150.0 65493.0 35.0 65479.0 56.0
151.0 65486.0 49.0 65493.0 49.0
152.0 65493.0 35.0 65486.0 63.0
153.0 65486.0 42.0 65493.0 49.0
154.0 65486.0 35.0 65486.0 56.0
155.0 65486.0 42.0 65486.0 49.0
156.0 65493.0 35.0 65486.0 56.0
157.0 65486.0 42.0 65493.0 42.0
158.0 65493.0 35.0 65486.0 56.0
159.0 65486.0 49.0 65486.0 49.0
160.0 65493.0 35.0 65493.0 56.0
161.0 65486.0 42.0 65493.0 42.0
162.0 65486.0 35.0 65493.0 56.0
163.0 65486.0 42.0 65493.0 49.0
164.0 65486.0 42.0 65486.0 56.0
165.0 65486.0 49.0 65486.0 49.0
166.0 65493.0 35.0 65486.0 49.0
167.0 65486.0 49.0 65493.0 49.0
168.0 65493.0 35.0 65486.0 63.0
169.0 65486.0 49.0 65493.0 49.0
170.0 65493.0 35.0 65486.0 63.0
171.0 65486.0 42.0 65493.0 49.0
172.0 65493.0 35.0 65486.0 63.0
173.0 65493.0 42.0 65486.0 49.0
174.0 65493.0 35.0 65486.0 56.0
175.0 65486.0 42.0 65486.0 49.0
176.0 65493.0 35.0 65486.0 63.0
177.0 65479.0 42.0 65493.0 49.0
178.0 65486.0 35.0 65486.0 56.0
179.0 65486.0 35.0 65493.0 49.0
180.0 65486.0 35.0 65493.0 56.0
181.0 65486.0 42.0 65493.0 49.0
182.0 65493.0 35.0 65486.0 56.0
183.0 65486.0 42.0 65493.0 49.0
184.0 65493.0 35.0 65486.0 56.0
185.0 65486.0 42.0 65486.0 49.0
186.0 65493.0 35.0 65493.0 63.0
187.0 65486.0 42.0 65493.0 49.0
188.0 65493.0 35.0 65486.0 56.0
189.0 65486.0 42.0 65493.0 49.0
190.0 65493.0 35.0 65486.0 56.0
191.0 65486.0 35.0 65493.0 49.0
192.0 65486.0 35.0 65486.0 56.0
193.0 65486.0 42.0 65493.0 49.0
194.0 65486.0 35.0 65486.0 56.0
195.0 65486.0 42.0 65486.0 49.0
196.0 65493.0 35.0 65486.0 56.0
197.0 65486.0 42.0 65493.0 49.0
198.0 65493.0 35.0 65486.0 56.0
199.0 65486.0 42.0 65486.0 49.0
200.0 65493.0 35.0 65486.0 56.0
201.0 65493.0 35.0 65486.0 42.0
202.0 65493.0 28.0 65486.0 49.0
203.0 65486.0 42.0 65486.0 42.0
204.0 65493.0 35.0 65486.0 56.0
205.0 65486.0 35.0 65486.0 49.0
206.0 65486.0 28.0 65493.0 49.0
207.0 65479.0 42.0 65486.0 42.0
208.0 65486.0 35.0 65486.0 49.0
209.0 65486.0 42.0 65493.0 49.0
210.0 65493.0 35.0 65486.0 49.0
211.0 65493.0 35.0 65486.0 42.0
212.0 65493.0 28.0 65486.0 49.0
213.0 65486.0 42.0 65486.0 49.0
214.0 65493.0 35.0 65479.0 49.0
215.0 65493.0 35.0 65486.0 42.0
216.0 65493.0 35.0 65479.0 49.0
217.0 65493.0 35.0 65479.0 49.0
218.0 65493.0 35.0 65486.0 49.0
219.0 65486.0 42.0 65486.0 42.0
220.0 65493.0 35.0 65486.0 49.0
221.0 65493.0 35.0 65486.0 49.0
222.0 65493.0 35.0 65486.0 49.0
223.0 65486.0 35.0 65493.0 49.0
224.0 65486.0 35.0 65486.0 49.0
225.0 65493.0 42.0 65486.0 49.0
226.0 65493.0 35.0 65486.0 56.0
227.0 65486.0 35.0 65486.0 49.0
228.0 65493.0 35.0 65486.0 42.0
229.0 65493.0 42.0 65486.0 42.0
230.0 65493.0 35.0 65486.0 49.0
231.0 65493.0 35.0 65486.0 42.0
232.0 65500.0 35.0 65486.0 49.0
233.0 65493.0 28.0 65486.0 49.0
234.0 65493.0 28.0 65486.0 56.0
235.0 65493.0 35.0 65486.0 49.0
236.0 65493.0 35.0 65486.0 42.0
237.0 65493.0 42.0 65486.0 42.0
238.0 65493.0 35.0 65493.0 49.0
239.0 65486.0 35.0 65486.0 49.0
240.0 65486.0 28.0 65486.0 49.0
241.0 65493.0 35.0 65486.0 49.0
242.0 65486.0 35.0 65486.0 42.0
243.0 65493.0 35.0 65486.0 42.0
244.0 65486.0 35.0 65486.0 42.0
245.0 65493.0 35.0 65493.0 42.0
246.0 65493.0 35.0 65493.0 49.0
247.0 65493.0 42.0 65493.0 49.0
248.0 65493.0 42.0 65493.0 49.0
249.0 65493.0 35.0 65493.0 49.0
250.0 65493.0 35.0 65493.0 49.0
251.0 65493.0 35.0 65493.0 49.0
252.0 65493.0 35.0 65493.0 49.0
253.0 65493.0 35.0 65493.0 49.0
254.0 65500.0 35.0 65493.0 49.0
255.0 65493.0 28.0 65493.0 49.0
256.0 65493.0 28.0 65493.0 49.0
257.0 65500.0 35.0 65493.0 49.0
258.0 65500.0 35.0 65493.0 42.0
259.0 65493.0 28.0 65493.0 42.0
260.0 65500.0 28.0 65493.0 42.0
261.0 65493.0 28.0 65493.0 49.0
262.0 65493.0 28.0 65493.0 42.0
263.0 65500.0 28.0 65493.0 42.0
264.0 65493.0 28.0 65493.0 49.0
265.0 65493.0 35.0 65493.0 42.0
266.0 65493.0 28.0 65493.0 42.0
267.0 65500.0 28.0 65493.0 42.0
268.0 65493.0 28.0 65493.0 49.0
269.0 65500.0 28.0 65493.0 42.0
270.0 65500.0 28.0 65493.0 49.0
271.0 65493.0 28.0 65493.0 42.0
272.0 65500.0 35.0 65493.0 42.0
273.0 65500.0 28.0 65493.0 42.0
274.0 65493.0 35.0 65493.0 42.0
275.0 65493.0 35.0 65493.0 42.0
276.0 65493.0 35.0 65493.0 42.0
277.0 65493.0 28.0 65493.0 42.0
278.0 65500.0 28.0 65493.0 42.0
279.0 65493.0 28.0 65493.0 42.0
280.0 65493.0 35.0 65493.0 42.0
281.0 65493.0 35.0 65493.0 42.0
282.0 65493.0 28.0 65493.0 42.0
283.0 65500.0 28.0 65500.0 42.0
284.0 65493.0 28.0 65493.0 42.0
285.0 65493.0 28.0 65493.0 42.0
286.0 65493.0 35.0 65500.0 42.0
287.0 65500.0 28.0 65493.0 42.0
288.0 65500.0 28.0 65500.0 42.0
289.0 65493.0 28.0 65493.0 42.0
290.0 65500.0 28.0 65493.0 42.0
291.0 65493.0 35.0 65493.0 49.0
292.0 65493.0 35.0 65493.0 42.0
293.0 65493.0 28.0 65493.0 42.0
294.0 65500.0 28.0 65493.0 42.0
295.0 65500.0 28.0 65493.0 42.0
296.0 65493.0 28.0 65500.0 49.0
297.0 65500.0 35.0 65493.0 42.0
298.0 65500.0 28.0 65493.0 42.0
299.0 65493.0 28.0 65493.0 49.0
300.0 65493.0 28.0 65493.0 42.0
301.0 65500.0 28.0 65493.0 42.0
302.0 65493.0 28.0 65493.0 42.0
303.0 65493.0 28.0 65493.0 42.0
304.0 65500.0 28.0 65493.0 42.0
305.0 65493.0 35.0 65493.0 42.0
306.0 65500.0 28.0 65493.0 42.0
307.0 65500.0 28.0 65493.0 42.0
308.0 65493.0 28.0 65493.0 42.0
309.0 65500.0 28.0 65500.0 42.0
310.0 65500.0 28.0 65493.0 42.0
311.0 65500.0 28.0 65500.0 42.0
312.0 65500.0 28.0 65493.0 42.0
313.0 65500.0 28.0 65493.0 42.0
314.0 65500.0 28.0 65500.0 49.0
315.0 65493.0 28.0 65493.0 42.0
316.0 65493.0 28.0 65493.0 42.0
317.0 65493.0 28.0 65493.0 42.0
318.0 65500.0 28.0 65500.0 42.0
319.0 65493.0 28.0 65500.0 42.0
320.0 65493.0 28.0 65500.0 42.0
321.0 65500.0 28.0 65493.0 42.0
322.0 65500.0 28.0 65493.0 42.0
323.0 65493.0 35.0 65493.0 42.0
324.0 65493.0 28.0 65493.0 42.0
325.0 65500.0 28.0 65493.0 42.0
326.0 65500.0 28.0 65500.0 42.0
327.0 65500.0 28.0 65500.0 42.0
328.0 65493.0 28.0 65493.0 42.0
329.0 65500.0 28.0 65493.0 42.0
330.0 65493.0 28.0 65500.0 42.0
331.0 65500.0 28.0 65493.0 42.0
332.0 65500.0 28.0 65500.0 49.0
333.0 65493.0 28.0 65500.0 42.0
334.0 65500.0 28.0 65493.0 49.0
335.0 65500.0 28.0 65493.0 42.0
336.0 65500.0 28.0 65493.0 49.0
337.0 65500.0 28.0 65493.0 42.0
338.0 65493.0 28.0 65500.0 42.0
339.0 65493.0 28.0 65500.0 42.0
340.0 65500.0 28.0 65493.0 49.0
341.0 65500.0 28.0 65493.0 42.0
342.0 65500.0 28.0 65500.0 42.0
343.0 65493.0 28.0 65493.0 42.0
344.0 65493.0 28.0 65493.0 42.0
345.0 65493.0 28.0 65500.0 42.0
346.0 65493.0 28.0 65500.0 42.0
347.0 65500.0 28.0 65493.0 42.0
348.0 65500.0 28.0 65493.0 42.0
349.0 65500.0 28.0 65493.0 49.0
350.0 65500.0 28.0 65500.0 42.0
351.0 65500.0 28.0 65500.0 42.0
352.0 65500.0 28.0 65493.0 42.0
353.0 65493.0 28.0 65493.0 42.0
354.0 65493.0 28.0 65493.0 42.0
355.0 65493.0 28.0 65493.0 42.0
356.0 65493.0 28.0 65500.0 42.0
357.0 65500.0 28.0 65500.0 42.0
358.0 65500.0 35.0 65500.0 49.0
359.0 65493.0 28.0 65500.0 42.0
360.0 65500.0 28.0 65493.0 42.0
361.0 65500.0 28.0 65493.0 42.0
362.0 65500.0 28.0 65500.0 42.0
363.0 65500.0 28.0 65500.0 42.0
364.0 65500.0 28.0 65500.0 42.0
365.0 65493.0 28.0 65493.0 42.0
366.0 65500.0 28.0 65493.0 42.0
367.0 65493.0 28.0 65500.0 42.0
368.0 65493.0 28.0 65500.0 42.0
369.0 65500.0 28.0 65500.0 42.0
370.0 65493.0 28.0 65493.0 42.0
371.0 65493.0 28.0 65493.0 42.0
372.0 65493.0 28.0 65500.0 42.0
373.0 65500.0 28.0 65500.0 42.0
374.0 65493.0 28.0 65500.0 42.0
375.0 65493.0 28.0 65500.0 42.0
376.0 65493.0 28.0 65493.0 42.0
377.0 65493.0 28.0 65493.0 42.0
378.0 65500.0 28.0 65493.0 42.0
379.0 65493.0 28.0 65493.0 42.0
380.0 65500.0 28.0 65493.0 42.0
381.0 65500.0 28.0 65500.0 42.0
382.0 65500.0 28.0 65500.0 42.0
383.0 65500.0 28.0 65500.0 42.0
384.0 65493.0 28.0 65500.0 42.0
385.0 65493.0 35.0 65500.0 42.0
386.0 65500.0 35.0 65493.0 42.0
387.0 65500.0 28.0 65493.0 42.0
388.0 65493.0 28.0 65500.0 42.0
389.0 65493.0 28.0 65493.0 42.0
390.0 65493.0 28.0 65500.0 42.0
391.0 65493.0 28.0 65500.0 42.0
392.0 65493.0 28.0 65500.0 42.0
393.0 65493.0 28.0 65500.0 42.0
394.0 65500.0 28.0 65493.0 42.0
395.0 65500.0 28.0 65493.0 42.0
396.0 65493.0 28.0 65500.0 42.0
397.0 65500.0 28.0 65500.0 42.0
398.0 65493.0 28.0 65493.0 42.0
399.0 65500.0 28.0 65493.0 42.0
400.0 65500.0 28.0 65500.0 42.0
401.0 65500.0 28.0 65493.0 42.0
402.0 65500.0 28.0 65500.0 42.0
403.0 65493.0 28.0 65493.0 42.0
404.0 65500.0 28.0 65500.0 42.0
405.0 65493.0 35.0 65500.0 42.0
406.0 65500.0 28.0 65493.0 42.0
407.0 65500.0 28.0 65500.0 42.0
408.0 65500.0 28.0 65493.0 42.0
409.0 65493.0 28.0 65500.0 42.0
410.0 65500.0 28.0 65500.0 42.0
411.0 65493.0 28.0 65500.0 42.0
412.0 65500.0 28.0 65500.0 42.0
413.0 65493.0 35.0 65500.0 42.0
414.0 65500.0 35.0 65500.0 42.0
415.0 65500.0 28.0 65493.0 42.0
416.0 65500.0 28.0 65493.0 42.0
417.0 65493.0 28.0 65500.0 42.0
418.0 65500.0 28.0 65500.0 42.0
419.0 65493.0 28.0 65500.0 42.0
420.0 65500.0 28.0 65493.0 42.0
421.0 65500.0 28.0 65500.0 42.0
422.0 65500.0 28.0 65500.0 42.0
423.0 65493.0 28.0 65493.0 42.0
424.0 65500.0 28.0 65500.0 42.0
425.0 65493.0 28.0 65500.0 42.0
426.0 65500.0 28.0 65500.0 42.0
427.0 65500.0 28.0 65500.0 42.0
428.0 65500.0 28.0 65500.0 49.0
429.0 65500.0 28.0 65500.0 42.0
430.0 65500.0 28.0 65500.0 42.0
431.0 65493.0 28.0 65493.0 42.0
432.0 65500.0 28.0 65500.0 42.0
433.0 65500.0 28.0 65500.0 42.0
434.0 65500.0 28.0 65500.0 42.0
435.0 65493.0 35.0 65493.0 42.0
436.0 65500.0 28.0 65493.0 42.0
437.0 65500.0 28.0 65500.0 42.0
438.0 65500.0 28.0 65500.0 42.0
439.0 65500.0 28.0 65500.0 42.0
440.0 65493.0 35.0 65500.0 42.0
441.0 65500.0 28.0 65493.0 42.0
442.0 65500.0 35.0 65493.0 42.0
443.0 65493.0 28.0 65500.0 42.0
444.0 65493.0 28.0 65493.0 42.0
445.0 65500.0 28.0 65500.0 42.0
446.0 65500.0 28.0 65500.0 49.0
447.0 65500.0 28.0 65500.0 42.0
448.0 65500.0 28.0 65500.0 42.0
449.0 65500.0 28.0 65500.0 42.0
450.0 65493.0 28.0 65500.0 42.0
451.0 65500.0 28.0 65493.0 42.0
452.0 65493.0 28.0 65493.0 42.0
453.0 65500.0 28.0 65500.0 42.0
454.0 65500.0 28.0 65500.0 42.0
455.0 65500.0 28.0 65500.0 42.0
456.0 65500.0 28.0 65500.0 42.0
457.0 65500.0 28.0 65500.0 42.0
458.0 65493.0 28.0 65500.0 42.0
459.0 65500.0 28.0 65500.0 42.0
460.0 65500.0 28.0 65493.0 49.0
461.0 65500.0 28.0 65500.0 42.0
462.0 65500.0 28.0 65493.0 42.0
463.0 65493.0 28.0 65493.0 42.0
464.0 65500.0 28.0 65493.0 42.0
465.0 65500.0 28.0 65500.0 42.0
466.0 65500.0 28.0 65500.0 42.0
467.0 65500.0 28.0 65500.0 42.0
468.0 65500.0 28.0 65493.0 42.0
469.0 65493.0 28.0 65493.0 42.0
470.0 65500.0 28.0 65500.0 49.0
471.0 65493.0 28.0 65500.0 42.0
472.0 65493.0 28.0 65500.0 42.0
473.0 65500.0 28.0 65493.0 42.0
474.0 65500.0 28.0 65500.0 42.0
475.0 65493.0 28.0 65500.0 42.0
476.0 65493.0 28.0 65500.0 42.0
477.0 65500.0 28.0 65500.0 49.0
478.0 65500.0 28.0 65500.0 42.0
479.0 65500.0 28.0 65500.0 42.0
480.0 65500.0 35.0 65500.0 42.0
481.0 65500.0 28.0 65500.0 42.0
482.0 65500.0 28.0 65493.0 49.0
483.0 65500.0 28.0 65493.0 42.0
484.0 65500.0 28.0 65500.0 42.0
485.0 65500.0 28.0 65500.0 42.0
486.0 65493.0 28.0 65500.0 49.0
487.0 65500.0 28.0 65500.0 49.0
488.0 65500.0 28.0 65500.0 42.0
489.0 65493.0 28.0 65500.0 42.0
490.0 65500.0 28.0 65500.0 42.0
491.0 65493.0 28.0 65500.0 42.0
492.0 65500.0 28.0 65500.0 42.0
493.0 65493.0 28.0 65500.0 42.0
494.0 65493.0 28.0 65500.0 42.0
495.0 65500.0 28.0 65500.0 42.0
496.0 65493.0 28.0 65500.0 42.0
497.0 65493.0 28.0 65493.0 42.0
498.0 65493.0 28.0 65500.0 49.0
499.0 65500.0 28.0 65500.0 42.0
500.0 65493.0 28.0 65500.0 42.0
501.0 65500.0 28.0 65493.0 42.0
502.0 65493.0 28.0 65493.0 42.0
503.0 65500.0 28.0 65500.0 42.0
504.0 65493.0 28.0 65493.0 42.0
505.0 65500.0 28.0 65500.0 42.0
506.0 65493.0 28.0 65500.0 42.0
507.0 65493.0 28.0 65500.0 42.0
508.0 65500.0 28.0 65500.0 42.0
509.0 65500.0 28.0 65500.0 42.0
510.0 65500.0 28.0 65500.0 42.0
511.0 65500.0 28.0 65500.0 42.0
512.0 65500.0 28.0 65493.0 42.0
513.0 65507.0 28.0 65500.0 42.0
514.0 65507.0 21.0 65500.0 42.0
515.0 65507.0 21.0 65500.0 42.0
516.0 65507.0 21.0 65500.0 42.0
517.0 65507.0 21.0 65500.0 42.0
518.0 65507.0 21.0 65500.0 42.0
519.0 65507.0 28.0 65500.0 42.0
520.0 65507.0 28.0 65507.0 42.0
521.0 65514.0 21.0 65507.0 42.0
522.0 65514.0 21.0 65507.0 42.0
523.0 65514.0 28.0 65507.0 42.0
524.0 65514.0 28.0 65507.0 42.0
525.0 65514.0 28.0 65507.0 42.0
526.0 65514.0 28.0 65514.0 42.0
527.0 65521.0 28.0 65514.0 42.0
528.0 65521.0 21.0 65514.0 42.0
529.0 65528.0 28.0 65514.0 42.0
530.0 65521.0 28.0 65521.0 42.0
531.0 65528.0 28.0 65521.0 42.0
532.0 65528.0 28.0 65521.0 42.0
533.0 0.0 28.0 65528.0 42.0
534.0 65528.0 28.0 7.0 42.0
535.0 7.0 28.0 0.0 42.0
536.0 7.0 28.0 14.0 42.0
537.0 7.0 14.0 14.0 42.0
538.0 0.0 14.0 21.0 35.0
539.0 14.0 14.0 14.0 35.0
540.0 7.0 14.0 35.0 35.0
541.0 21.0 21.0 28.0 35.0
542.0 14.0 14.0 56.0 28.0
543.0 35.0 14.0 49.0 28.0
544.0 21.0 14.0 84.0 21.0
545.0 56.0 0.0 63.0 21.0
546.0 35.0 0.0 98.0 14.0
547.0 77.0 0.0 70.0 7.0
548.0 56.0 7.0 126.0 65528.0
549.0 112.0 65514.0 91.0 0.0
550.0 77.0 65528.0 168.0 65514.0
551.0 161.0 65500.0 126.0 0.0
552.0 105.0 65521.0 217.0 65486.0
553.0 196.0 65486.0 161.0 65521.0
554.0 133.0 65521.0 210.0 65507.0
555.0 147.0 21.0 147.0 65528.0
556.0 98.0 21.0 126.0 91.0
557.0 35.0 161.0 84.0 63.0
558.0 21.0 91.0 0.0 232.0
559.0 65444.0 274.0 65528.0 126.0
560.0 65458.0 140.0 65395.0 330.0
561.0 65339.0 351.0 65423.0 175.0
562.0 65388.0 168.0 65282.0 372.0
563.0 65247.0 386.0 65346.0 203.0
564.0 65332.0 182.0 65198.0 393.0
565.0 65191.0 386.0 65289.0 203.0
566.0 65296.0 175.0 65170.0 365.0
567.0 65163.0 379.0 65268.0 203.0
568.0 65261.0 175.0 65156.0 358.0
569.0 65149.0 358.0 65268.0 189.0
570.0 65261.0 161.0 65163.0 309.0
571.0 65156.0 288.0 65275.0 168.0
572.0 65275.0 140.0 65170.0 260.0
573.0 65177.0 225.0 65275.0 147.0
574.0 65282.0 112.0 65184.0 189.0
575.0 65205.0 147.0 65282.0 112.0
576.0 65296.0 84.0 65212.0 119.0
577.0 65247.0 70.0 65296.0 84.0
578.0 65325.0 56.0 65254.0 42.0
579.0 65289.0 65521.0 65332.0 42.0
580.0 65353.0 7.0 65311.0 65486.0
581.0 65346.0 65437.0 65367.0 65521.0
582.0 65388.0 65500.0 65367.0 65381.0
583.0 65409.0 65360.0 65402.0 65479.0
584.0 65430.0 65465.0 65430.0 65325.0
585.0 65479.0 65296.0 65444.0 65451.0
586.0 65479.0 65437.0 65500.0 65275.0
587.0 21.0 65240.0 65507.0 65430.0
588.0 0.0 65416.0 56.0 65205.0
589.0 84.0 65191.0 28.0 65402.0
590.0 49.0 65416.0 126.0 65184.0
591.0 147.0 65177.0 84.0 65395.0
592.0 91.0 65402.0 182.0 65191.0
593.0 175.0 65184.0 119.0 65381.0
594.0 105.0 65409.0 210.0 65219.0
595.0 196.0 65226.0 288.0 65402.0
596.0 119.0 65430.0 217.0 65289.0
597.0 189.0 65318.0 140.0 65430.0
598.0 112.0 65472.0 196.0 65402.0
599.0 168.0 65465.0 133.0 65479.0
600.0 98.0 65528.0 175.0 0.0
601.0 140.0 49.0 119.0 7.0
602.0 84.0 42.0 147.0 63.0
603.0 112.0 70.0 91.0 49.0
604.0 63.0 42.0 119.0 70.0
605.0 91.0 49.0 77.0 49.0
606.0 49.0 35.0 98.0 56.0
607.0 70.0 42.0 63.0 42.0
608.0 42.0 28.0 77.0 42.0
609.0 63.0 35.0 56.0 35.0
610.0 35.0 35.0 77.0 42.0
611.0 49.0 35.0 49.0 35.0
612.0 28.0 28.0 56.0 42.0
613.0 35.0 28.0 42.0 42.0
614.0 21.0 28.0 42.0 35.0
615.0 21.0 28.0 28.0 35.0
616.0 7.0 21.0 35.0 42.0
617.0 21.0 28.0 35.0 35.0
618.0 7.0 28.0 42.0 35.0
619.0 21.0 7.0 42.0 35.0
620.0 21.0 21.0 35.0 35.0
621.0 14.0 21.0 28.0 35.0
622.0 7.0 28.0 35.0 35.0
623.0 7.0 28.0 28.0 35.0
624.0 0.0 21.0 14.0 35.0
625.0 0.0 28.0 14.0 35.0
626.0 65528.0 21.0 7.0 35.0
627.0 65528.0 21.0 0.0 35.0
628.0 65528.0 21.0 7.0 35.0
629.0 0.0 21.0 7.0 35.0
630.0 65528.0 21.0 7.0 35.0
631.0 7.0 28.0 7.0 35.0
632.0 0.0 21.0 21.0 35.0
633.0 7.0 21.0 21.0 35.0
634.0 0.0 28.0 28.0 35.0
635.0 7.0 14.0 28.0 35.0
636.0 7.0 14.0 42.0 28.0
637.0 14.0 14.0 42.0 28.0
638.0 7.0 14.0 42.0 28.0
639.0 21.0 14.0 35.0 28.0
640.0 7.0 14.0 56.0 21.0
641.0 35.0 14.0 28.0 21.0
642.0 21.0 14.0 56.0 14.0
643.0 49.0 7.0 42.0 14.0
644.0 35.0 14.0 91.0 7.0
645.0 77.0 65528.0 63.0 7.0
646.0 56.0 7.0 126.0 65528.0
647.0 112.0 65521.0 98.0 0.0
648.0 77.0 0.0 161.0 65507.0
649.0 175.0 65486.0 119.0 0.0
650.0 119.0 65521.0 232.0 65486.0
651.0 203.0 65493.0 161.0 65521.0
652.0 140.0 65521.0 217.0 65500.0
653.0 154.0 28.0 154.0 65528.0
654.0 98.0 21.0 133.0 98.0
655.0 35.0 154.0 91.0 70.0
656.0 14.0 84.0 7.0 225.0
657.0 65444.0 267.0 7.0 126.0
658.0 65458.0 140.0 65388.0 330.0
659.0 65325.0 358.0 65423.0 175.0
660.0 65381.0 175.0 65289.0 379.0
661.0 65247.0 386.0 65353.0 189.0
662.0 65332.0 189.0 65205.0 400.0
663.0 65198.0 379.0 65296.0 210.0
664.0 65296.0 175.0 65163.0 393.0
665.0 65163.0 372.0 65261.0 203.0
666.0 65275.0 175.0 65142.0 365.0
667.0 65156.0 351.0 65254.0 196.0
668.0 65268.0 154.0 65156.0 316.0
669.0 65156.0 295.0 65268.0 175.0
670.0 65268.0 133.0 65163.0 274.0
671.0 65170.0 232.0 65275.0 161.0
672.0 65261.0 98.0 65184.0 196.0
673.0 65184.0 147.0 65282.0 112.0
674.0 65275.0 84.0 65212.0 119.0
675.0 65233.0 70.0 65296.0 84.0
676.0 65325.0 56.0 65254.0 35.0
677.0 65296.0 65528.0 65325.0 42.0
678.0 65360.0 7.0 65311.0 65479.0
679.0 65353.0 65437.0 65367.0 65521.0
680.0 65395.0 65500.0 65374.0 65388.0
681.0 65416.0 65360.0 65402.0 65479.0
682.0 65430.0 65472.0 65430.0 65325.0
683.0 65472.0 65289.0 65444.0 65444.0
684.0 65479.0 65444.0 65500.0 65268.0
685.0 14.0 65233.0 65500.0 65423.0
686.0 0.0 65430.0 49.0 65219.0
687.0 84.0 65191.0 28.0 65402.0
688.0 49.0 65416.0 126.0 65191.0
689.0 147.0 65184.0 77.0 65388.0
690.0 91.0 65409.0 175.0 65184.0
691.0 175.0 65191.0 119.0 65388.0
692.0 105.0 65409.0 210.0 65212.0
693.0 196.0 65226.0 140.0 65395.0
694.0 119.0 65423.0 217.0 65282.0
695.0 182.0 65325.0 140.0 65423.0
696.0 119.0 65472.0 196.0 65395.0
697.0 175.0 65472.0 126.0 65479.0
698.0 105.0 65528.0 175.0 0.0
699.0 140.0 49.0 112.0 7.0
700.0 84.0 42.0 140.0 63.0
701.0 112.0 70.0 91.0 49.0
702.0 70.0 49.0 119.0 63.0
703.0 91.0 49.0 77.0 49.0
704.0 49.0 28.0 98.0 63.0
705.0 70.0 35.0 63.0 42.0
706.0 42.0 28.0 77.0 42.0
707.0 56.0 35.0 56.0 35.0
708.0 35.0 28.0 77.0 35.0
709.0 49.0 35.0 49.0 35.0
710.0 28.0 28.0 56.0 42.0
711.0 35.0 28.0 42.0 42.0
712.0 14.0 28.0 42.0 35.0
713.0 21.0 21.0 28.0 35.0
714.0 7.0 21.0 35.0 42.0
715.0 14.0 28.0 28.0 35.0
716.0 7.0 28.0 42.0 35.0
717.0 21.0 7.0 35.0 35.0
718.0 21.0 21.0 35.0 35.0
719.0 21.0 21.0 28.0 35.0
720.0 7.0 28.0 28.0 35.0
721.0 7.0 28.0 21.0 35.0
722.0 0.0 21.0 14.0 35.0
723.0 0.0 21.0 14.0 35.0
724.0 65528.0 21.0 7.0 35.0
725.0 65528.0 21.0 7.0 35.0
726.0 65528.0 21.0 7.0 35.0
727.0 0.0 21.0 0.0 35.0
728.0 65528.0 21.0 7.0 35.0
729.0 7.0 21.0 7.0 35.0
730.0 65528.0 21.0 21.0 35.0
731.0 7.0 21.0 14.0 35.0
732.0 0.0 28.0 28.0 35.0
733.0 7.0 14.0 28.0 35.0
734.0 7.0 21.0 42.0 28.0
735.0 14.0 14.0 35.0 28.0
736.0 7.0 21.0 49.0 28.0
737.0 21.0 14.0 35.0 28.0
738.0 7.0 14.0 49.0 21.0
739.0 35.0 14.0 28.0 21.0
740.0 21.0 14.0 56.0 14.0
741.0 49.0 7.0 42.0 14.0
742.0 35.0 14.0 84.0 7.0
743.0 77.0 0.0 63.0 14.0
744.0 56.0 0.0 126.0 65528.0
745.0 112.0 65521.0 91.0 0.0
746.0 77.0 0.0 168.0 65507.0
747.0 175.0 65486.0 112.0 65528.0
748.0 119.0 65521.0 232.0 65486.0
749.0 210.0 65493.0 161.0 65521.0
750.0 140.0 65528.0 225.0 65507.0
751.0 154.0 28.0 154.0 65528.0
752.0 98.0 28.0 133.0 91.0
753.0 35.0 154.0 84.0 70.0
754.0 14.0 84.0 7.0 217.0
755.0 65437.0 267.0 0.0 126.0
756.0 65458.0 140.0 65388.0 330.0
757.0 65332.0 344.0 65423.0 182.0
758.0 65388.0 175.0 65282.0 379.0
759.0 65247.0 372.0 65353.0 189.0
760.0 65332.0 182.0 65198.0 400.0
761.0 65191.0 393.0 65296.0 210.0
762.0 65296.0 175.0 65156.0 393.0
763.0 65163.0 365.0 65268.0 210.0
764.0 65282.0 168.0 65156.0 351.0
765.0 65156.0 351.0 65268.0 196.0
766.0 65268.0 154.0 65156.0 316.0
767.0 65156.0 295.0 65268.0 175.0
768.0 65268.0 133.0 65163.0 267.0
769.0 65170.0 232.0 65268.0 154.0
770.0 65268.0 98.0 65184.0 189.0
771.0 65184.0 147.0 65282.0 112.0
772.0 65275.0 84.0 65205.0 126.0
773.0 65233.0 70.0 65296.0 84.0
774.0 65325.0 56.0 65254.0 42.0
775.0 65296.0 65528.0 65332.0 42.0
776.0 65360.0 7.0 65303.0 65486.0
777.0 65346.0 65437.0 65360.0 65521.0
778.0 65395.0 65500.0 65374.0 65388.0
779.0 65416.0 65367.0 65402.0 65479.0
780.0 65430.0 65472.0 65437.0 65325.0
781.0 65472.0 65289.0 65444.0 65451.0
782.0 65472.0 65444.0 65500.0 65268.0
783.0 14.0 65240.0 65500.0 65423.0
784.0 0.0 65430.0 56.0 65219.0
785.0 84.0 65198.0 35.0 65402.0
786.0 49.0 65416.0 126.0 65191.0
787.0 147.0 65184.0 84.0 65388.0
788.0 91.0 65409.0 182.0 65191.0
789.0 175.0 65191.0 119.0 65388.0
790.0 112.0 65402.0 210.0 65212.0
791.0 196.0 65212.0 140.0 65395.0
792.0 119.0 65423.0 225.0 65289.0
793.0 189.0 65318.0 147.0 65430.0
794.0 119.0 65479.0 196.0 65402.0
795.0 175.0 65472.0 126.0 65479.0
796.0 105.0 65528.0 175.0 0.0
797.0 140.0 49.0 112.0 7.0
798.0 91.0 42.0 147.0 63.0
799.0 112.0 70.0 91.0 42.0
800.0 70.0 42.0 119.0 63.0
801.0 91.0 49.0 84.0 49.0
802.0 49.0 35.0 98.0 56.0
803.0 70.0 35.0 63.0 49.0
804.0 42.0 28.0 77.0 42.0
805.0 63.0 35.0 56.0 35.0
806.0 35.0 28.0 77.0 42.0
807.0 49.0 35.0 49.0 35.0
808.0 28.0 28.0 56.0 42.0
809.0 35.0 28.0 42.0 42.0
810.0 21.0 28.0 42.0 35.0
811.0 21.0 21.0 28.0 35.0
812.0 7.0 21.0 35.0 42.0
813.0 21.0 28.0 35.0 35.0
814.0 7.0 28.0 42.0 35.0
815.0 21.0 7.0 35.0 35.0
816.0 21.0 21.0 35.0 35.0
817.0 21.0 21.0 28.0 35.0
818.0 7.0 35.0 35.0 35.0
819.0 7.0 28.0 21.0 35.0
820.0 0.0 21.0 14.0 35.0
821.0 0.0 21.0 14.0 28.0
822.0 0.0 21.0 7.0 35.0
823.0 0.0 21.0 0.0 35.0
824.0 65528.0 21.0 7.0 28.0
825.0 0.0 21.0 7.0 28.0
826.0 65528.0 21.0 7.0 28.0
827.0 7.0 21.0 7.0 35.0
828.0 0.0 21.0 21.0 28.0
829.0 7.0 21.0 21.0 35.0
830.0 0.0 21.0 35.0 35.0
831.0 7.0 14.0 28.0 35.0
832.0 7.0 14.0 42.0 28.0
833.0 21.0 14.0 35.0 28.0
834.0 7.0 21.0 42.0 28.0
835.0 21.0 14.0 28.0 21.0
836.0 14.0 14.0 49.0 14.0
837.0 35.0 14.0 28.0 14.0
838.0 21.0 14.0 56.0 14.0
839.0 49.0 7.0 42.0 14.0
840.0 35.0 14.0 91.0 7.0
841.0 77.0 0.0 63.0 14.0
842.0 56.0 7.0 126.0 65528.0
843.0 112.0 65521.0 98.0 0.0
844.0 77.0 0.0 168.0 65514.0
845.0 175.0 65486.0 112.0 65528.0
846.0 119.0 65521.0 232.0 65486.0
847.0 203.0 65493.0 168.0 65514.0
848.0 140.0 65521.0 217.0 65507.0
849.0 154.0 21.0 154.0 65528.0
850.0 98.0 21.0 133.0 98.0
851.0 35.0 154.0 91.0 70.0
852.0 14.0 84.0 7.0 225.0
853.0 65437.0 274.0 0.0 126.0
854.0 65458.0 140.0 65388.0 337.0
855.0 65332.0 351.0 65423.0 175.0
856.0 65388.0 182.0 65289.0 386.0
857.0 65247.0 379.0 65353.0 196.0
858.0 65332.0 189.0 65205.0 386.0
859.0 65198.0 379.0 65296.0 203.0
860.0 65296.0 175.0 65156.0 400.0
861.0 65163.0 379.0 65261.0 210.0
862.0 65275.0 175.0 65142.0 365.0
863.0 65156.0 344.0 65261.0 196.0
864.0 65268.0 154.0 65156.0 316.0
865.0 65156.0 295.0 65268.0 175.0
866.0 65268.0 140.0 65163.0 274.0
867.0 65170.0 232.0 65275.0 154.0
868.0 65275.0 98.0 65184.0 189.0
869.0 65191.0 140.0 65282.0 112.0
870.0 65275.0 84.0 65212.0 126.0
871.0 65233.0 70.0 65296.0 84.0
872.0 65325.0 56.0 65261.0 42.0
873.0 65296.0 65521.0 65332.0 42.0
874.0 65360.0 7.0 65311.0 65486.0
875.0 65346.0 65437.0 65367.0 65521.0
876.0 65395.0 65500.0 65374.0 65388.0
877.0 65416.0 65360.0 65409.0 65472.0
878.0 65430.0 65472.0 65437.0 65325.0
879.0 65472.0 65296.0 65444.0 65444.0
880.0 65479.0 65437.0 65500.0 65261.0
881.0 7.0 65233.0 65500.0 65430.0
882.0 0.0 65423.0 56.0 65212.0
883.0 84.0 65191.0 28.0 65402.0
884.0 49.0 65423.0 126.0 65191.0
885.0 147.0 65170.0 77.0 65388.0
886.0 91.0 65402.0 182.0 65184.0
887.0 175.0 65184.0 119.0 65388.0
888.0 105.0 65409.0 210.0 65212.0
889.0 189.0 65226.0 140.0 65395.0
890.0 119.0 65423.0 225.0 65282.0
891.0 189.0 65318.0 147.0 65423.0
892.0 119.0 65472.0 196.0 65395.0
893.0 175.0 65472.0 126.0 65479.0
894.0 105.0 65528.0 175.0 0.0
895.0 147.0 49.0 112.0 7.0
896.0 84.0 42.0 147.0 63.0
897.0 112.0 70.0 91.0 42.0
898.0 70.0 42.0 119.0 63.0
899.0 91.0 49.0 77.0 49.0
900.0 49.0 35.0 91.0 56.0
901.0 70.0 35.0 63.0 42.0
902.0 42.0 28.0 77.0 42.0
903.0 63.0 35.0 56.0 35.0
904.0 35.0 35.0 77.0 42.0
905.0 49.0 28.0 49.0 35.0
906.0 28.0 28.0 56.0 42.0
907.0 35.0 28.0 42.0 42.0
908.0 14.0 28.0 42.0 35.0
909.0 21.0 21.0 28.0 35.0
910.0 7.0 28.0 35.0 42.0
911.0 21.0 28.0 28.0 35.0
912.0 7.0 28.0 42.0 35.0
913.0 21.0 7.0 42.0 35.0
914.0 21.0 21.0 35.0 35.0
915.0 21.0 21.0 28.0 35.0
916.0 7.0 28.0 35.0 35.0
917.0 0.0 28.0 21.0 35.0
918.0 65528.0 21.0 14.0 35.0
919.0 0.0 21.0 7.0 35.0
920.0 65528.0 21.0 7.0 35.0
921.0 65528.0 21.0 0.0 35.0
922.0 65528.0 21.0 7.0 35.0
923.0 0.0 21.0 7.0 35.0
924.0 65528.0 21.0 7.0 35.0
925.0 7.0 21.0 7.0 35.0
926.0 0.0 21.0 21.0 35.0
927.0 7.0 21.0 21.0 35.0
928.0 0.0 28.0 28.0 35.0
929.0 7.0 14.0 28.0 35.0
930.0 7.0 14.0 42.0 28.0
931.0 14.0 14.0 35.0 28.0
932.0 7.0 14.0 42.0 28.0
933.0 21.0 21.0 35.0 28.0
934.0 7.0 14.0 49.0 21.0
935.0 35.0 14.0 28.0 21.0
936.0 21.0 7.0 56.0 14.0
937.0 49.0 7.0 42.0 14.0
938.0 35.0 14.0 84.0 7.0
939.0 77.0 0.0 63.0 14.0
940.0 56.0 0.0 126.0 65528.0
941.0 112.0 65521.0 98.0 0.0
942.0 77.0 0.0 168.0 65514.0
943.0 175.0 65493.0 119.0 0.0
944.0 119.0 65521.0 225.0 65486.0
945.0 203.0 65493.0 168.0 65521.0
946.0 140.0 65528.0 217.0 65507.0
947.0 154.0 21.0 154.0 65528.0
948.0 98.0 28.0 126.0 98.0
949.0 35.0 154.0 84.0 63.0
950.0 14.0 91.0 7.0 217.0
951.0 65444.0 274.0 0.0 126.0
952.0 65465.0 140.0 65388.0 330.0
953.0 65332.0 344.0 65423.0 175.0
954.0 65388.0 175.0 65289.0 379.0
955.0 65247.0 379.0 65353.0 196.0
956.0 65332.0 189.0 65205.0 386.0
957.0 65191.0 379.0 65289.0 210.0
958.0 65296.0 175.0 65156.0 393.0
959.0 65163.0 372.0 65268.0 210.0
960.0 65275.0 168.0 65142.0 358.0
961.0 65163.0 351.0 65268.0 196.0
962.0 65268.0 154.0 65149.0 316.0
963.0 65163.0 295.0 65275.0 168.0
964.0 65275.0 140.0 65163.0 260.0
965.0 65170.0 232.0 65275.0 154.0
966.0 65268.0 98.0 65184.0 189.0
967.0 65184.0 147.0 65282.0 112.0
968.0 65282.0 84.0 65212.0 119.0
969.0 65240.0 70.0 65303.0 84.0
970.0 65325.0 56.0 65261.0 35.0
971.0 65296.0 65521.0 65332.0 35.0
972.0 65360.0 7.0 65311.0 65479.0
973.0 65346.0 65437.0 65367.0 65521.0
974.0 65395.0 65507.0 65374.0 65388.0
975.0 65416.0 65360.0 65409.0 65479.0
976.0 65430.0 65465.0 65437.0 65318.0
977.0 65472.0 65289.0 65444.0 65444.0
978.0 65479.0 65444.0 65500.0 65261.0
979.0 14.0 65233.0 65500.0 65423.0
980.0 0.0 65423.0 56.0 65212.0
981.0 84.0 65191.0 35.0 65402.0
982.0 42.0 65416.0 126.0 65191.0
983.0 147.0 65184.0 84.0 65381.0
984.0 84.0 65409.0 175.0 65184.0
985.0 175.0 65191.0 119.0 65381.0
986.0 112.0 65409.0 210.0 65205.0
987.0 203.0 65226.0 140.0 65395.0
988.0 119.0 65423.0 217.0 65282.0
989.0 189.0 65325.0 140.0 65430.0
990.0 119.0 65479.0 196.0 65395.0
991.0 175.0 65472.0 126.0 65472.0
992.0 105.0 65528.0 175.0 0.0
993.0 140.0 49.0 112.0 7.0
994.0 84.0 42.0 147.0 63.0
995.0 112.0 70.0 98.0 49.0
996.0 63.0 49.0 119.0 70.0
997.0 91.0 49.0 84.0 49.0
998.0 49.0 35.0 98.0 56.0
999.0 70.0 35.0 63.0 42.0
1000.0 42.0 28.0 77.0 42.0
