0.0 0.0 0.0 0.0 -0.011569880996542775
0.02 0.0 0.0 0.0 -0.011569880996542775
0.04 0.0 0.0 -0.011569880996542775 0.0
0.06 -0.011569880996542775 0.06074187523184957 0.040494583487899714 -0.04194081861246756
0.08 -0.011569880996542775 0.029387189956984403 0.050618229359874645 -0.01613983010306005
0.1 -0.04194081861246756 0.048650734041993875 0.06074187523184957 -0.05108071682550211
0.12 -0.04194081861246756 -0.008504939742278783 0.06074187523184957 -0.019726031550636947
0.14 -0.062188110356417414 0.026435946980163265 0.08098916697579943 -0.03898957563564642
0.16 -0.042830072167465635 -0.01961233327319409 0.051507482914872706 0.002488755511193665
0.18 -0.03359567985048877 0.020882250214705616 0.0625203823418457 -0.01775853623275619
0.2 -0.01423764166153698 -0.009488687401219163 0.04316234415289391 0.008042452276651317
0.22 -0.034484933405486834 0.020882250214705616 0.05328599002486884 -0.01220483946729854
0.24 -0.00500324934456012 -0.009488687401219163 0.04316234415289391 0.018166098148626245
0.26 -0.025250541088509975 0.020882250214705616 0.044051597707891986 -0.01220483946729854
0.28 -0.015126895216535053 -0.009488687401219163 0.02380430596394213 0.008042452276651317
0.3 -0.035374186960484895 0.020882250214705616 0.044051597707891986 -0.022328485339273462
0.32 -0.00500324934456012 -0.009488687401219163 0.04316234415289391 0.008042452276651317
0.34 -0.015126895216535053 0.010758604342730693 0.05328599002486884 -0.03800582797670605
0.36 0.004231142972416739 -0.009488687401219163 0.03392795183591705 -0.007634890360781269
0.38 -0.015126895216535053 0.026435946980163265 0.044051597707891986 -0.03800582797670605
0.4 -0.00500324934456012 -0.003934990635761513 0.02380430596394213 -0.007634890360781269
0.42 -0.015126895216535053 0.026435946980163265 0.044051597707891986 -0.03800582797670605
0.44 -0.00500324934456012 -0.003934990635761513 0.03392795183591705 -0.002081193595323618
0.46 -0.00500324934456012 0.026435946980163265 0.044051597707891986 -0.022328485339273462
0.48 0.005120396527414807 -0.009488687401219163 0.03392795183591705 0.008042452276651317
0.5 -0.025250541088509975 0.020882250214705616 0.044051597707891986 -0.032452131211248396
0.52 -0.00500324934456012 -0.009488687401219163 0.02380430596394213 0.008042452276651317
0.54 -0.015126895216535053 0.010758604342730693 0.044051597707891986 -0.022328485339273462
0.56 -0.00500324934456012 -0.009488687401219163 0.02380430596394213 0.008042452276651317
0.58 -0.025250541088509975 0.026435946980163265 0.044051597707891986 -0.01220483946729854
0.6 -0.00500324934456012 -0.009488687401219163 0.03392795183591705 0.018166098148626245
0.62 -0.025250541088509975 0.01631230110818834 0.04316234415289391 -0.022328485339273462
0.64 -0.015126895216535053 -0.003934990635761513 0.04316234415289391 0.008042452276651317
0.66 -0.015126895216535053 0.026435946980163265 0.05328599002486884 -0.02788218210473111
0.68 -0.00500324934456012 -0.003934990635761513 0.03392795183591705 0.008042452276651317
0.7 -0.025250541088509975 0.0365595928521382 0.044051597707891986 -0.022328485339273462
0.72 -0.00500324934456012 -0.009488687401219163 0.03392795183591705 0.008042452276651317
0.74 -0.015126895216535053 0.020882250214705616 0.06340963589684377 -0.022328485339273462
0.76 -0.00500324934456012 -0.009488687401219163 0.04316234415289391 0.008042452276651317
0.78 -0.015126895216535053 0.03100589608668055 0.04316234415289391 -0.022328485339273462
0.8 -0.00500324934456012 -0.009488687401219163 0.03392795183591705 0.008042452276651317
0.82 -0.024361287533511914 0.026435946980163265 0.044051597707891986 -0.02788218210473111
0.84 -0.01423764166153698 -0.003934990635761513 0.03392795183591705 0.002488755511193665
0.86 -0.024361287533511914 0.01631230110818834 0.05328599002486884 -0.01775853623275619
0.88 -0.01423764166153698 -0.003934990635761513 0.04316234415289391 0.002488755511193665
0.9 -0.01423764166153698 0.026435946980163265 0.05328599002486884 -0.01775853623275619
0.92 -0.01423764166153698 0.006188655236213421 0.04316234415289391 0.002488755511193665
0.94 -0.034484933405486834 0.01631230110818834 0.05328599002486884 -0.02788218210473111
0.96 -0.024361287533511914 -0.009488687401219163 0.04316234415289391 -0.007634890360781269
0.98 -0.024361287533511914 0.026435946980163265 0.05328599002486884 -0.02788218210473111
1.0 -0.00500324934456012 -0.003934990635761513 0.04316234415289391 0.002488755511193665
1.02 -0.034484933405486834 0.031989643745620924 0.044051597707891986 -0.02788218210473111
1.04 -0.024361287533511914 0.006188655236213421 0.03392795183591705 -0.007634890360781269
1.06 -0.024361287533511914 0.026435946980163265 0.054175243579866916 -0.02788218210473111
1.08 -0.00500324934456012 0.006188655236213421 0.044051597707891986 0.002488755511193665
1.1 -0.00500324934456012 0.026435946980163265 0.044051597707891986 -0.02788218210473111
1.12 -0.00500324934456012 -0.003934990635761513 0.03392795183591705 -0.007634890360781269
1.14 -0.034484933405486834 0.031989643745620924 0.044051597707891986 -0.02788218210473111
1.16 -0.024361287533511914 -0.003934990635761513 0.02380430596394213 0.008042452276651317
1.18 -0.024361287533511914 0.026435946980163265 0.06340963589684377 -0.01775853623275619
1.2 -0.01423764166153698 0.011742352001671078 0.04316234415289391 0.002488755511193665
1.22 -0.024361287533511914 0.031989643745620924 0.05328599002486884 -0.03343587887018877
1.24 -0.01423764166153698 0.001618706129696144 0.04316234415289391 -0.0030649412542639917
1.26 -0.034484933405486834 0.042113289617595855 0.05328599002486884 -0.023312232998213847
1.28 -0.024361287533511914 0.006188655236213421 0.04316234415289391 -0.0030649412542639917
1.3 -0.034484933405486834 0.026435946980163265 0.05328599002486884 -0.03343587887018877
1.32 -0.01423764166153698 -0.003934990635761513 0.04316234415289391 0.002488755511193665
1.34 -0.024361287533511914 0.01631230110818834 0.05328599002486884 -0.023312232998213847
1.36 -0.01423764166153698 0.001618706129696144 0.04316234415289391 -0.0030649412542639917
1.38 -0.034484933405486834 0.031989643745620924 0.05328599002486884 -0.03343587887018877
1.4 -0.024361287533511914 0.001618706129696144 0.04316234415289391 -0.0030649412542639917
1.42 -0.034484933405486834 0.031989643745620924 0.05328599002486884 -0.03343587887018877
1.44 -0.024361287533511914 0.011742352001671078 0.04316234415289391 -0.0030649412542639917
1.46 -0.024361287533511914 0.031989643745620924 0.06340963589684377 -0.023312232998213847
1.48 -0.01423764166153698 0.011742352001671078 0.05328599002486884 -0.0030649412542639917
1.5 -0.024361287533511914 0.031989643745620924 0.05328599002486884 -0.03343587887018877
1.52 -0.01423764166153698 0.011742352001671078 0.04316234415289391 -0.007634890360781269
1.54 -0.034484933405486834 0.031989643745620924 0.05328599002486884 -0.023312232998213847
1.56 -0.024361287533511914 0.006188655236213421 0.04316234415289391 -0.0030649412542639917
1.58 -0.024361287533511914 0.031989643745620924 0.06340963589684377 -0.03343587887018877
1.6 -0.024361287533511914 0.011742352001671078 0.05328599002486884 -0.013188587126238925
1.62 -0.034484933405486834 0.021865997873646 0.05328599002486884 -0.03898957563564642
1.64 -0.01423764166153698 0.011742352001671078 0.04316234415289391 -0.013188587126238925
1.66 -0.034484933405486834 0.031989643745620924 0.06340963589684377 -0.03343587887018877
1.68 -0.01423764166153698 0.011742352001671078 0.05328599002486884 -0.013188587126238925
1.7 -0.034484933405486834 0.02741969463910365 0.06340963589684377 -0.03898957563564642
1.72 -0.01423764166153698 0.011742352001671078 0.05328599002486884 -0.0288659297636715
1.74 -0.024361287533511914 0.031989643745620924 0.06340963589684377 -0.04911322150762135
1.76 -0.024361287533511914 0.011742352001671078 0.05328599002486884 -0.013188587126238925
1.78 -0.034484933405486834 0.03754334051107857 0.06340963589684377 -0.03343587887018877
1.8 -0.01423764166153698 0.01729604876712873 0.05328599002486884 -0.013188587126238925
1.82 -0.034484933405486834 0.03754334051107857 0.06340963589684377 -0.03343587887018877
1.84 -0.024361287533511914 0.011742352001671078 0.05328599002486884 -0.013188587126238925
1.86 -0.034484933405486834 0.04766698638305351 0.06340963589684377 -0.03343587887018877
1.88 -0.024361287533511914 0.01729604876712873 0.04316234415289391 -0.013188587126238925
1.9 -0.034484933405486834 0.03754334051107857 0.05328599002486884 -0.03343587887018877
1.92 -0.024361287533511914 0.011742352001671078 0.04316234415289391 -0.013188587126238925
1.94 -0.034484933405486834 0.031989643745620924 0.05328599002486884 -0.023312232998213847
1.96 -0.024361287533511914 0.011742352001671078 0.05328599002486884 -0.013188587126238925
1.98 -0.034484933405486834 0.031989643745620924 0.05328599002486884 -0.03343587887018877
2.0 -0.024361287533511914 0.011742352001671078 0.05328599002486884 -0.0030649412542639917
2.02 -0.024361287533511914 0.021865997873646 0.0625203823418457 -0.03898957563564642
2.04 -0.024361287533511914 0.01729604876712873 0.05328599002486884 -0.018742283891696576
2.06 -0.034484933405486834 0.03754334051107857 0.05328599002486884 -0.023312232998213847
2.08 -0.024361287533511914 0.01729604876712873 0.04316234415289391 -0.0030649412542639917
2.1 -0.024361287533511914 0.04766698638305351 0.06340963589684377 -0.0288659297636715
2.12 -0.01423764166153698 0.01729604876712873 0.05328599002486884 -0.018742283891696576
2.14 -0.024361287533511914 0.03754334051107857 0.06340963589684377 -0.0288659297636715
2.16 -0.01423764166153698 0.011742352001671078 0.0625203823418457 -0.008618638019721642
2.18 -0.03359567985048877 0.031989643745620924 0.07264402821382064 -0.04911322150762135
2.2 -0.03359567985048877 0.011742352001671078 0.05328599002486884 -0.018742283891696576
2.22 -0.043719325722463696 0.031989643745620924 0.05328599002486884 -0.03898957563564642
2.24 -0.03359567985048877 0.011742352001671078 0.05328599002486884 -0.018742283891696576
2.26 -0.03359567985048877 0.03754334051107857 0.07264402821382064 -0.03898957563564642
2.28 -0.024361287533511914 0.01729604876712873 0.0625203823418457 -0.018742283891696576
2.3 -0.034484933405486834 0.03754334051107857 0.0625203823418457 -0.0288659297636715
2.32 -0.024361287533511914 0.01729604876712873 0.05239673646987077 -0.018742283891696576
2.34 -0.034484933405486834 0.03754334051107857 0.07264402821382064 -0.03441962652912915
2.36 -0.024361287533511914 0.01729604876712873 0.05239673646987077 -0.014172334785179293
2.38 -0.034484933405486834 0.03754334051107857 0.07264402821382064 -0.04454327240110407
2.4 -0.034484933405486834 0.01729604876712873 0.0625203823418457 -0.02429598065715423
2.42 -0.034484933405486834 0.03754334051107857 0.07264402821382064 -0.04454327240110407
2.44 -0.024361287533511914 0.01729604876712873 0.0625203823418457 -0.018742283891696576
2.46 -0.043719325722463696 0.05779063225502844 0.07264402821382064 -0.04454327240110407
2.48 -0.03359567985048877 0.02741969463910365 0.0625203823418457 -0.02429598065715423
2.5 -0.043719325722463696 0.04766698638305351 0.0625203823418457 -0.04454327240110407
2.52 -0.03359567985048877 0.011742352001671078 0.04316234415289391 -0.02429598065715423
2.54 -0.043719325722463696 0.031989643745620924 0.0625203823418457 -0.05466691827307901
2.56 -0.03359567985048877 0.01729604876712873 0.0625203823418457 -0.03441962652912915
2.58 -0.03359567985048877 0.03754334051107857 0.0625203823418457 -0.05466691827307901
2.6 -0.03359567985048877 0.0329733914045613 0.0625203823418457 -0.018742283891696576
2.62 -0.043719325722463696 0.04309703727653622 0.0625203823418457 -0.0288659297636715
2.64 -0.03359567985048877 0.02284974553258638 0.05239673646987077 -0.018742283891696576
2.66 -0.043719325722463696 0.0329733914045613 0.07264402821382064 -0.04454327240110407
2.68 -0.03359567985048877 0.02284974553258638 0.0625203823418457 -0.02429598065715423
2.7 -0.03359567985048877 0.04309703727653622 0.0625203823418457 -0.04454327240110407
2.72 -0.02347203397851384 0.0329733914045613 0.0625203823418457 -0.02429598065715423
2.74 -0.043719325722463696 0.04309703727653622 0.0625203823418457 -0.03441962652912915
2.76 -0.03359567985048877 0.02741969463910365 0.05239673646987077 -0.018742283891696576
2.78 -0.03359567985048877 0.02741969463910365 0.0625203823418457 -0.03898957563564642
2.8 -0.03359567985048877 0.01729604876712873 0.0625203823418457 -0.018742283891696576
2.82 -0.03359567985048877 0.04309703727653622 0.07264402821382064 -0.03441962652912915
2.84 -0.03359567985048877 0.02840344229804403 0.05328599002486884 -0.02429598065715423
2.86 -0.034484933405486834 0.048650734041993875 0.05328599002486884 -0.0399733232945868
2.88 -0.034484933405486834 0.02840344229804403 0.05328599002486884 -0.029849677422611878
2.9 -0.043719325722463696 0.0329733914045613 0.07264402821382064 -0.05009696916656172
2.92 -0.03359567985048877 0.01729604876712873 0.0625203823418457 -0.02429598065715423
2.94 -0.043719325722463696 0.04309703727653622 0.0625203823418457 -0.03441962652912915
2.96 -0.03359567985048877 0.0329733914045613 0.05239673646987077 -0.02429598065715423
2.98 -0.03359567985048877 0.04309703727653622 0.07175477465882256 -0.03441962652912915
3.0 -0.0327064262954907 0.02741969463910365 0.07175477465882256 -0.02429598065715423
3.02 -0.05295371803944056 0.03754334051107857 0.07175477465882256 -0.03441962652912915
3.04 -0.042830072167465635 0.01729604876712873 0.06163112878684763 -0.02429598065715423
3.06 -0.042830072167465635 0.04309703727653622 0.07175477465882256 -0.05009696916656172
3.08 -0.03359567985048877 0.02840344229804403 0.07175477465882256 -0.029849677422611878
3.1 -0.043719325722463696 0.03852708817001895 0.0625203823418457 -0.03441962652912915
3.12 -0.03359567985048877 0.02840344229804403 0.0625203823418457 -0.014172334785179293
3.14 -0.043719325722463696 0.03852708817001895 0.07264402821382064 -0.03441962652912915
3.16 -0.043719325722463696 0.02840344229804403 0.0625203823418457 -0.019726031550636947
3.18 -0.05384297159443862 0.03852708817001895 0.08276767408579558 -0.0399733232945868
3.2 -0.043719325722463696 0.02840344229804403 0.07264402821382064 -0.029849677422611878
3.22 -0.05384297159443862 0.048650734041993875 0.07264402821382064 -0.0399733232945868
3.24 -0.043719325722463696 0.03852708817001895 0.0625203823418457 -0.029849677422611878
3.26 -0.043719325722463696 0.048650734041993875 0.0625203823418457 -0.0399733232945868
3.28 -0.05295371803944056 0.0329733914045613 0.05239673646987077 -0.02429598065715423
3.3 -0.05295371803944056 0.04309703727653622 0.07264402821382064 -0.03441962652912915
3.32 -0.03359567985048877 0.02840344229804403 0.0625203823418457 -0.029849677422611878
3.34 -0.043719325722463696 0.048650734041993875 0.07264402821382064 -0.0399733232945868
3.36 -0.03359567985048877 0.03852708817001895 0.0625203823418457 -0.029849677422611878
3.38 -0.043719325722463696 0.058774379913968805 0.0625203823418457 -0.05565066593201938
3.4 -0.03359567985048877 0.048650734041993875 0.05239673646987077 -0.04552702006004446
3.42 -0.042830072167465635 0.048650734041993875 0.07175477465882256 -0.06577431180399432
3.44 -0.042830072167465635 0.03852708817001895 0.07175477465882256 -0.04552702006004446
3.46 -0.05295371803944056 0.048650734041993875 0.0818784205307975 -0.0399733232945868
3.48 -0.042830072167465635 0.02840344229804403 0.06163112878684763 -0.019726031550636947
3.5 -0.042830072167465635 0.03852708817001895 0.07175477465882256 -0.0399733232945868
3.52 -0.0327064262954907 0.02840344229804403 0.06163112878684763 -0.029849677422611878
3.54 -0.042830072167465635 0.048650734041993875 0.07086552110382449 -0.05009696916656172
3.56 -0.02258278042351577 0.02840344229804403 0.06074187523184957 -0.0399733232945868
3.58 -0.02258278042351577 0.03852708817001895 0.06074187523184957 -0.0399733232945868
3.6 -0.02258278042351577 0.03395713906350169 0.051507482914872706 -0.0399733232945868
3.62 -0.02347203397851384 0.06432807667942647 0.051507482914872706 -0.04552702006004446
3.64 -0.013348388106538912 0.04408078493547661 0.04138383704289779 -0.05108071682550211
3.66 -0.02347203397851384 0.054204430807451534 0.051507482914872706 -0.07132800856945197
3.68 -0.02347203397851384 0.03852708817001895 0.04227309059789585 -0.05565066593201938
3.7 -0.03359567985048877 0.048650734041993875 0.05239673646987077 -0.05009696916656172
3.72 -0.03359567985048877 0.03395713906350169 0.05239673646987077 -0.035403374188069534
3.74 -0.043719325722463696 0.03395713906350169 0.0625203823418457 -0.04552702006004446
3.76 -0.043719325722463696 0.023833493191526754 0.0625203823418457 -0.030833425081552252
3.78 -0.05384297159443862 0.03395713906350169 0.07264402821382064 -0.05108071682550211
3.8 -0.043719325722463696 0.023833493191526754 0.07264402821382064 -0.0252797283160946
3.82 -0.05384297159443862 0.03395713906350169 0.09200206640277243 -0.029849677422611878
3.84 -0.06307736391141548 0.023833493191526754 0.0818784205307975 -0.019726031550636947
3.86 -0.06307736391141548 0.04408078493547661 0.09200206640277243 -0.0399733232945868
3.88 -0.05295371803944056 0.03395713906350169 0.0818784205307975 -0.035403374188069534
3.9 -0.05295371803944056 0.05975812757290919 0.0818784205307975 -0.05565066593201938
3.92 -0.042830072167465635 0.04408078493547661 0.0625203823418457 -0.04552702006004446
3.94 -0.042830072167465635 0.05975812757290919 0.0625203823418457 -0.05565066593201938
3.96 -0.042830072167465635 0.04963448170093426 0.05239673646987077 -0.05108071682550211
3.98 -0.042830072167465635 0.05975812757290919 0.07175477465882256 -0.05108071682550211
4.0 -0.042830072167465635 0.04963448170093426 0.07175477465882256 -0.040957070953527186
4.02 -0.042830072167465635 0.04963448170093426 0.0818784205307975 -0.040957070953527186
4.04 -0.05206446448444249 0.03951083582895934 0.09111281284777435 -0.030833425081552252
4.06 -0.062188110356417414 0.03951083582895934 0.10123645871974929 -0.040957070953527186
4.08 -0.062188110356417414 0.023833493191526754 0.10123645871974929 -0.030833425081552252
4.1 -0.07231175622839234 0.023833493191526754 0.09111281284777435 -0.040957070953527186
4.12 -0.07231175622839234 0.023833493191526754 0.09111281284777435 -0.0252797283160946
4.14 -0.08243540210036727 0.03395713906350169 0.10123645871974929 -0.035403374188069534
4.16 -0.07231175622839234 0.03951083582895934 0.09111281284777435 -0.0252797283160946
4.18 -0.062188110356417414 0.04963448170093426 0.09111281284777435 -0.035403374188069534
4.2 -0.042830072167465635 0.03951083582895934 0.09111281284777435 -0.030833425081552252
4.22 -0.05295371803944056 0.04963448170093426 0.0818784205307975 -0.05663441359095976
4.24 -0.042830072167465635 0.04506453259441699 0.07175477465882256 -0.046510767718984845
4.26 -0.03359567985048877 0.05518817846639191 0.05239673646987077 -0.05663441359095976
4.28 -0.03359567985048877 0.05518817846639191 0.05239673646987077 -0.046510767718984845
4.3 -0.0327064262954907 0.04963448170093426 0.05239673646987077 -0.05663441359095976
4.32 -0.0327064262954907 0.04963448170093426 0.06163112878684763 -0.040957070953527186
4.34 -0.05206446448444249 0.04963448170093426 0.06163112878684763 -0.05108071682550211
4.36 -0.04194081861246756 0.03951083582895934 0.07086552110382449 -0.040957070953527186
4.38 -0.05206446448444249 0.05975812757290919 0.07086552110382449 -0.040957070953527186
4.4 -0.05206446448444249 0.04963448170093426 0.07086552110382449 -0.030833425081552252
4.42 -0.05206446448444249 0.03395713906350169 0.08098916697579943 -0.040957070953527186
4.44 -0.05206446448444249 0.03395713906350169 0.07086552110382449 -0.030833425081552252
4.46 -0.062188110356417414 0.03951083582895934 0.07086552110382449 -0.046510767718984845
4.48 -0.062188110356417414 0.04506453259441699 0.07086552110382449 -0.03638712184700991
4.5 -0.05206446448444249 0.05518817846639191 0.08098916697579943 -0.05663441359095976
4.52 -0.05206446448444249 0.04506453259441699 0.08098916697579943 -0.03638712184700991
4.54 -0.062188110356417414 0.05518817846639191 0.08098916697579943 -0.03638712184700991
4.56 -0.042830072167465635 0.050618229359874645 0.07175477465882256 -0.04194081861246756
4.58 -0.042830072167465635 0.06074187523184957 0.0818784205307975 -0.05206446448444249
4.6 -0.042830072167465635 0.050618229359874645 0.0818784205307975 -0.04194081861246756
4.62 -0.05206446448444249 0.05518817846639191 0.08098916697579943 -0.046510767718984845
4.64 -0.04194081861246756 0.03494088672244206 0.08098916697579943 -0.046510767718984845
4.66 -0.05206446448444249 0.014693594978492201 0.08098916697579943 -0.046510767718984845
4.68 -0.04194081861246756 -0.01712357776200043 0.08098916697579943 -0.026263475975034978
4.7 -0.04194081861246756 -0.027247223633975356 0.09111281284777435 -0.01613983010306005
4.72 -0.04194081861246756 -0.01712357776200043 0.08098916697579943 -0.01613983010306005
4.74 -0.04194081861246756 -0.01712357776200043 0.08098916697579943 -0.01613983010306005
4.76 -0.03181717274049263 -0.01712357776200043 0.08098916697579943 -0.006016184231085122
4.78 -0.04194081861246756 -0.01712357776200043 0.08098916697579943 -0.006016184231085122
4.8 -0.04194081861246756 -0.027247223633975356 0.06163112878684763 0.0
4.82 -0.03181717274049263 -0.03181717274049263 0.06163112878684763 0.020247291743949857
4.84 -0.03181717274049263 -0.05206446448444249 0.06163112878684763 0.030370937615924784
4.86 -0.02258278042351577 -0.062188110356417414 0.06163112878684763 0.030370937615924784
4.88 -0.02258278042351577 -0.07231175622839234 0.06163112878684763 0.040494583487899714
4.9 -0.02258278042351577 -0.07231175622839234 0.07175477465882256 0.050618229359874645
4.92 -0.012459134551540844 -0.08243540210036727 0.07086552110382449 0.050618229359874645
4.94 -0.0032247422345639837 -0.09452654329022295 0.07086552110382449 0.06629557199730722
4.96 0.006009650082412876 -0.12131127945857084 0.07086552110382449 0.07740296552822253
4.98 -0.0032247422345639837 -0.1268649762240285 0.06074187523184957 0.07740296552822253
5.0 -0.021693526868517703 -0.11477383503417281 0.07086552110382449 0.08752661140019745
5.02 -0.021693526868517703 -0.09811274473779986 0.06074187523184957 0.07641921786928214
5.04 -0.021693526868517703 -0.09811274473779986 0.07086552110382449 0.07641921786928214
5.06 -0.021693526868517703 -0.09811274473779986 0.06074187523184957 0.07641921786928214
5.08 -0.021693526868517703 -0.1036664415032575 0.06074187523184957 0.08752661140019745
5.1 -0.021693526868517703 -0.10922013826871517 0.06074187523184957 0.08752661140019745
5.12 -0.021693526868517703 -0.10922013826871517 0.07086552110382449 0.08752661140019745
5.14 -0.021693526868517703 -0.1036664415032575 0.06074187523184957 0.0819729146347398
5.16 -0.021693526868517703 -0.1036664415032575 0.06074187523184957 0.0819729146347398
5.18 -0.021693526868517703 -0.1036664415032575 0.07086552110382449 0.0819729146347398
5.2 -0.021693526868517703 -0.09811274473779986 0.06074187523184957 0.07641921786928214
5.22 -0.021693526868517703 -0.09811274473779986 0.06074187523184957 0.07086552110382449
5.24 -0.021693526868517703 -0.0925590479723422 0.06074187523184957 0.08098916697579943
5.26 -0.021693526868517703 -0.10268269384431714 0.06074187523184957 0.08098916697579943
5.28 -0.021693526868517703 -0.0925590479723422 0.06074187523184957 0.08098916697579943
5.3 -0.021693526868517703 -0.0925590479723422 0.07086552110382449 0.09111281284777435
5.32 -0.021693526868517703 -0.0925590479723422 0.06074187523184957 0.09111281284777435
5.34 -0.021693526868517703 -0.0925590479723422 0.06074187523184957 0.09111281284777435
5.36 -0.021693526868517703 -0.0925590479723422 0.06074187523184957 0.09111281284777435
5.38 -0.021693526868517703 -0.0925590479723422 0.06074187523184957 0.09111281284777435
5.4 -0.03181717274049263 -0.0925590479723422 0.06074187523184957 0.10123645871974929
5.42 -0.03181717274049263 -0.0925590479723422 0.06074187523184957 0.09111281284777435
5.44 -0.021693526868517703 -0.0925590479723422 0.06074187523184957 0.10123645871974929
5.46 -0.03181717274049263 -0.0925590479723422 0.06074187523184957 0.10123645871974929
5.48 -0.03181717274049263 -0.0925590479723422 0.06074187523184957 0.10123645871974929
5.5 -0.03181717274049263 -0.0925590479723422 0.06074187523184957 0.10123645871974929
5.52 -0.03181717274049263 -0.0925590479723422 0.06074187523184957 0.10123645871974929
5.54 -0.03181717274049263 -0.0925590479723422 0.06074187523184957 0.10123645871974929
5.56 -0.03181717274049263 -0.0925590479723422 0.06074187523184957 0.10123645871974929
5.58 -0.03181717274049263 -0.0925590479723422 0.07086552110382449 0.10123645871974929
5.6 -0.03181717274049263 -0.0925590479723422 0.06074187523184957 0.10123645871974929
5.62 -0.03181717274049263 -0.0925590479723422 0.06074187523184957 0.10123645871974929
5.64 -0.03181717274049263 -0.0925590479723422 0.07086552110382449 0.10123645871974929
5.66 -0.03181717274049263 -0.0925590479723422 0.07086552110382449 0.10123645871974929
5.68 -0.03181717274049263 -0.0925590479723422 0.06074187523184957 0.10123645871974929
5.7 -0.03181717274049263 -0.0925590479723422 0.07086552110382449 0.1113601045917242
5.72 -0.03181717274049263 -0.0925590479723422 0.07086552110382449 0.10123645871974929
5.74 -0.03181717274049263 -0.0925590479723422 0.06074187523184957 0.10123645871974929
5.76 -0.04194081861246756 -0.0925590479723422 0.06074187523184957 0.1113601045917242
5.78 -0.03181717274049263 -0.0925590479723422 0.06074187523184957 0.1113601045917242
5.8 -0.03181717274049263 -0.10268269384431714 0.07086552110382449 0.1113601045917242
5.82 -0.03181717274049263 -0.0925590479723422 0.07086552110382449 0.1113601045917242
5.84 -0.03181717274049263 -0.0925590479723422 0.06074187523184957 0.1113601045917242
5.86 -0.03181717274049263 -0.0925590479723422 0.06074187523184957 0.1113601045917242
5.88 -0.03181717274049263 -0.10268269384431714 0.07086552110382449 0.1113601045917242
5.9 -0.03181717274049263 -0.0925590479723422 0.06074187523184957 0.1113601045917242
5.92 -0.03181717274049263 -0.0925590479723422 0.06074187523184957 0.12148375046369914
5.94 -0.03181717274049263 -0.10268269384431714 0.06074187523184957 0.1113601045917242
5.96 -0.04194081861246756 -0.10268269384431714 0.07086552110382449 0.1113601045917242
5.98 -0.03181717274049263 -0.10268269384431714 0.06074187523184957 0.1113601045917242
6.0 -0.03181717274049263 -0.10268269384431714 0.07086552110382449 0.12148375046369914
6.02 -0.03181717274049263 -0.10268269384431714 0.06074187523184957 0.1113601045917242
6.04 -0.03181717274049263 -0.0925590479723422 0.06074187523184957 0.1113601045917242
6.06 -0.03181717274049263 -0.10268269384431714 0.06074187523184957 0.11691380135718185
6.08 -0.03181717274049263 -0.0925590479723422 0.07086552110382449 0.11691380135718185
6.1 -0.03181717274049263 -0.0925590479723422 0.07086552110382449 0.1113601045917242
6.12 -0.03181717274049263 -0.10268269384431714 0.06074187523184957 0.1113601045917242
6.14 -0.03181717274049263 -0.10268269384431714 0.06074187523184957 0.1113601045917242
6.16 -0.03181717274049263 -0.0925590479723422 0.07086552110382449 0.1113601045917242
6.18 -0.03181717274049263 -0.10268269384431714 0.07086552110382449 0.1113601045917242
6.2 -0.03181717274049263 -0.10268269384431714 0.07086552110382449 0.1113601045917242
6.22 -0.03181717274049263 -0.0925590479723422 0.07086552110382449 0.1113601045917242
6.24 -0.03181717274049263 -0.0925590479723422 0.07086552110382449 0.1113601045917242
6.26 -0.03181717274049263 -0.10268269384431714 0.07086552110382449 0.1113601045917242
6.28 -0.03181717274049263 -0.10268269384431714 0.07086552110382449 0.1113601045917242
6.3 -0.03181717274049263 -0.0925590479723422 0.07086552110382449 0.12148375046369914
6.32 -0.03181717274049263 -0.10268269384431714 0.07086552110382449 0.1113601045917242
6.34 -0.03181717274049263 -0.10268269384431714 0.06074187523184957 0.1113601045917242
6.36 -0.03181717274049263 -0.10268269384431714 0.06074187523184957 0.12148375046369914
6.38 -0.03181717274049263 -0.0925590479723422 0.06074187523184957 0.1113601045917242
6.4 -0.03181717274049263 -0.10268269384431714 0.07086552110382449 0.1113601045917242
6.42 -0.03181717274049263 -0.0925590479723422 0.06074187523184957 0.1113601045917242
6.44 -0.03181717274049263 -0.0925590479723422 0.07086552110382449 0.1113601045917242
6.46 -0.04194081861246756 -0.10268269384431714 0.06074187523184957 0.1113601045917242
6.48 -0.03181717274049263 -0.0925590479723422 0.06074187523184957 0.1113601045917242
6.5 -0.03181717274049263 -0.10268269384431714 0.06074187523184957 0.1113601045917242
6.52 -0.03181717274049263 -0.10268269384431714 0.06074187523184957 0.1113601045917242
6.54 -0.03181717274049263 -0.10268269384431714 0.07086552110382449 0.12148375046369914
6.56 -0.03181717274049263 -0.10268269384431714 0.06074187523184957 0.1113601045917242
6.58 -0.04194081861246756 -0.10268269384431714 0.06074187523184957 0.1113601045917242
6.6 -0.03181717274049263 -0.10268269384431714 0.07086552110382449 0.1113601045917242
6.62 -0.03181717274049263 -0.10268269384431714 0.07086552110382449 0.1113601045917242
6.64 -0.03181717274049263 -0.0925590479723422 0.06074187523184957 0.12148375046369914
6.66 -0.03181717274049263 -0.10268269384431714 0.07086552110382449 0.1113601045917242
6.68 -0.03181717274049263 -0.0925590479723422 0.07086552110382449 0.1113601045917242
6.7 -0.03181717274049263 -0.0925590479723422 0.06074187523184957 0.1113601045917242
6.72 -0.03181717274049263 -0.0925590479723422 0.06074187523184957 0.1113601045917242
6.74 -0.03181717274049263 -0.10268269384431714 0.06074187523184957 0.1113601045917242
6.76 -0.03181717274049263 -0.10268269384431714 0.06074187523184957 0.1113601045917242
6.78 -0.03181717274049263 -0.0925590479723422 0.07086552110382449 0.1113601045917242
6.8 -0.03181717274049263 -0.0925590479723422 0.06074187523184957 0.1113601045917242
6.82 -0.03181717274049263 -0.0925590479723422 0.06074187523184957 0.1113601045917242
6.84 -0.03181717274049263 -0.0925590479723422 0.06074187523184957 0.1113601045917242
6.86 -0.03181717274049263 -0.10268269384431714 0.06074187523184957 0.1113601045917242
6.88 -0.03181717274049263 -0.0925590479723422 0.07086552110382449 0.1113601045917242
6.9 -0.03181717274049263 -0.0925590479723422 0.07086552110382449 0.1113601045917242
6.92 -0.03181717274049263 -0.0925590479723422 0.07086552110382449 0.1113601045917242
6.94 -0.03181717274049263 -0.0925590479723422 0.07086552110382449 0.12148375046369914
6.96 -0.03181717274049263 -0.0925590479723422 0.07086552110382449 0.1113601045917242
6.98 -0.03181717274049263 -0.10268269384431714 0.06074187523184957 0.1113601045917242
7.0 -0.03181717274049263 -0.10268269384431714 0.06074187523184957 0.1113601045917242
7.02 -0.03181717274049263 -0.10268269384431714 0.07086552110382449 0.1113601045917242
7.04 -0.03181717274049263 -0.10268269384431714 0.07086552110382449 0.1113601045917242
7.06 -0.03181717274049263 -0.10268269384431714 0.06074187523184957 0.1113601045917242
7.08 -0.03181717274049263 -0.0925590479723422 0.07086552110382449 0.1113601045917242
7.1 -0.03181717274049263 -0.10268269384431714 0.07086552110382449 0.12148375046369914
7.12 -0.03181717274049263 -0.0925590479723422 0.07086552110382449 0.1113601045917242
7.14 -0.03181717274049263 -0.0925590479723422 0.07086552110382449 0.1113601045917242
7.16 -0.03181717274049263 -0.0925590479723422 0.06074187523184957 0.1113601045917242
7.18 -0.03181717274049263 -0.10268269384431714 0.06074187523184957 0.1113601045917242
7.2 -0.03181717274049263 -0.10268269384431714 0.07086552110382449 0.1113601045917242
7.22 -0.03181717274049263 -0.0925590479723422 0.07086552110382449 0.12148375046369914
7.24 -0.03181717274049263 -0.10268269384431714 0.06074187523184957 0.12148375046369914
7.26 -0.04194081861246756 -0.10268269384431714 0.06074187523184957 0.1113601045917242
7.28 -0.03181717274049263 -0.10268269384431714 0.06074187523184957 0.1113601045917242
7.3 -0.04194081861246756 -0.10268269384431714 0.07086552110382449 0.12148375046369914
7.32 -0.03181717274049263 -0.10268269384431714 0.07086552110382449 0.1113601045917242
7.34 -0.03181717274049263 -0.10268269384431714 0.07086552110382449 0.1113601045917242
7.36 -0.03181717274049263 -0.0925590479723422 0.06074187523184957 0.12148375046369914
7.38 -0.04194081861246756 -0.0925590479723422 0.06074187523184957 0.1113601045917242
7.4 -0.03181717274049263 -0.0925590479723422 0.06074187523184957 0.1113601045917242
7.42 -0.03181717274049263 -0.10268269384431714 0.07086552110382449 0.1113601045917242
7.44 -0.03181717274049263 -0.10268269384431714 0.06074187523184957 0.1113601045917242
7.46 -0.04194081861246756 -0.10268269384431714 0.06074187523184957 0.12148375046369914
7.48 -0.04194081861246756 -0.0925590479723422 0.07086552110382449 0.1113601045917242
7.5 -0.04194081861246756 -0.10268269384431714 0.07086552110382449 0.1113601045917242
7.52 -0.03181717274049263 -0.0925590479723422 0.06074187523184957 0.1113601045917242
7.54 -0.03181717274049263 -0.0925590479723422 0.07086552110382449 0.1113601045917242
7.56 -0.03181717274049263 -0.0925590479723422 0.07086552110382449 0.1113601045917242
7.58 -0.03181717274049263 -0.10268269384431714 0.06074187523184957 0.12148375046369914
7.6 -0.03181717274049263 -0.0925590479723422 0.07086552110382449 0.1113601045917242
7.62 -0.03181717274049263 -0.10268269384431714 0.07086552110382449 0.1113601045917242
7.64 -0.04194081861246756 -0.0925590479723422 0.06074187523184957 0.1113601045917242
7.66 -0.03181717274049263 -0.10268269384431714 0.07086552110382449 0.12148375046369914
7.68 -0.03181717274049263 -0.10268269384431714 0.07086552110382449 0.1113601045917242
7.7 -0.04194081861246756 -0.10268269384431714 0.07086552110382449 0.1113601045917242
7.72 -0.04194081861246756 -0.10268269384431714 0.06074187523184957 0.12148375046369914
7.74 -0.04194081861246756 -0.0925590479723422 0.06074187523184957 0.1113601045917242
7.76 -0.03181717274049263 -0.0925590479723422 0.06074187523184957 0.1113601045917242
7.78 -0.04194081861246756 -0.0925590479723422 0.06074187523184957 0.1113601045917242
7.8 -0.03181717274049263 -0.10268269384431714 0.07086552110382449 0.12148375046369914
7.82 -0.04194081861246756 -0.10268269384431714 0.07086552110382449 0.1113601045917242
7.84 -0.03181717274049263 -0.10268269384431714 0.06074187523184957 0.12148375046369914
7.86 -0.04194081861246756 -0.0925590479723422 0.06074187523184957 0.1113601045917242
7.88 -0.03181717274049263 -0.0925590479723422 0.07086552110382449 0.1113601045917242
7.9 -0.03181717274049263 -0.0925590479723422 0.07086552110382449 0.1113601045917242
7.92 -0.04194081861246756 -0.0925590479723422 0.06074187523184957 0.1113601045917242
7.94 -0.03181717274049263 -0.10268269384431714 0.07086552110382449 0.1113601045917242
7.96 -0.03181717274049263 -0.10268269384431714 0.06074187523184957 0.1113601045917242
7.98 -0.03181717274049263 -0.0925590479723422 0.06074187523184957 0.12148375046369914
8.0 -0.03181717274049263 -0.0925590479723422 0.07086552110382449 0.12148375046369914
8.02 -0.03181717274049263 -0.10268269384431714 0.06074187523184957 0.1113601045917242
8.04 -0.03181717274049263 -0.10268269384431714 0.06074187523184957 0.1113601045917242
8.06 -0.03181717274049263 -0.10268269384431714 0.07086552110382449 0.1113601045917242
8.08 -0.03181717274049263 -0.0925590479723422 0.07086552110382449 0.1113601045917242
8.1 -0.03181717274049263 -0.0925590479723422 0.07086552110382449 0.1113601045917242
8.12 -0.03181717274049263 -0.0925590479723422 0.06074187523184957 0.1113601045917242
8.14 -0.03181717274049263 -0.10268269384431714 0.07086552110382449 0.1113601045917242
8.16 -0.03181717274049263 -0.0925590479723422 0.07086552110382449 0.1113601045917242
8.18 -0.04194081861246756 -0.0925590479723422 0.07086552110382449 0.1113601045917242
8.2 -0.03181717274049263 -0.10268269384431714 0.07086552110382449 0.1113601045917242
8.22 -0.03181717274049263 -0.0925590479723422 0.06074187523184957 0.1113601045917242
8.24 -0.03181717274049263 -0.10268269384431714 0.07086552110382449 0.12148375046369914
8.26 -0.04194081861246756 -0.10268269384431714 0.06074187523184957 0.1113601045917242
8.28 -0.04194081861246756 -0.10268269384431714 0.06074187523184957 0.1113601045917242
8.3 -0.04194081861246756 -0.10268269384431714 0.07086552110382449 0.1113601045917242
8.32 -0.04194081861246756 -0.10268269384431714 0.07086552110382449 0.1113601045917242
8.34 -0.03181717274049263 -0.10268269384431714 0.06074187523184957 0.12148375046369914
8.36 -0.03181717274049263 -0.10268269384431714 0.06074187523184957 0.1113601045917242
8.38 -0.03181717274049263 -0.10268269384431714 0.06074187523184957 0.1113601045917242
8.4 -0.03181717274049263 -0.0925590479723422 0.06074187523184957 0.12148375046369914
8.42 -0.03181717274049263 -0.10268269384431714 0.07086552110382449 0.1113601045917242
8.44 -0.04194081861246756 -0.10268269384431714 0.06074187523184957 0.1113601045917242
8.46 -0.04194081861246756 -0.10268269384431714 0.07086552110382449 0.1113601045917242
8.48 -0.03181717274049263 -0.0925590479723422 0.07086552110382449 0.1113601045917242
8.5 -0.04194081861246756 -0.10268269384431714 0.06074187523184957 0.12148375046369914
8.52 -0.03181717274049263 -0.0925590479723422 0.07086552110382449 0.1113601045917242
8.54 -0.04194081861246756 -0.10268269384431714 0.06074187523184957 0.1113601045917242
8.56 -0.03181717274049263 -0.0925590479723422 0.07086552110382449 0.1113601045917242
8.58 -0.03181717274049263 -0.10268269384431714 0.06074187523184957 0.1113601045917242
8.6 -0.04194081861246756 -0.0925590479723422 0.06074187523184957 0.1113601045917242
8.62 -0.04194081861246756 -0.10268269384431714 0.06074187523184957 0.1113601045917242
8.64 -0.03181717274049263 -0.10268269384431714 0.06074187523184957 0.1113601045917242
8.66 -0.03181717274049263 -0.0925590479723422 0.07086552110382449 0.1113601045917242
8.68 -0.03181717274049263 -0.10268269384431714 0.06074187523184957 0.12148375046369914
8.7 -0.03181717274049263 -0.0925590479723422 0.07086552110382449 0.12148375046369914
8.72 -0.04194081861246756 -0.10268269384431714 0.06074187523184957 0.1113601045917242
8.74 -0.03181717274049263 -0.10268269384431714 0.07086552110382449 0.1113601045917242
8.76 -0.03181717274049263 -0.0925590479723422 0.06074187523184957 0.1113601045917242
8.78 -0.04194081861246756 -0.10268269384431714 0.07086552110382449 0.1113601045917242
8.8 -0.03181717274049263 -0.10268269384431714 0.07086552110382449 0.1113601045917242
8.82 -0.03181717274049263 -0.0925590479723422 0.06074187523184957 0.1113601045917242
8.84 -0.03181717274049263 -0.10268269384431714 0.06074187523184957 0.1113601045917242
8.86 -0.04194081861246756 -0.10268269384431714 0.07086552110382449 0.1113601045917242
8.88 -0.04194081861246756 -0.0925590479723422 0.07086552110382449 0.1113601045917242
8.9 -0.03181717274049263 -0.10268269384431714 0.07086552110382449 0.1113601045917242
8.92 -0.04194081861246756 -0.10268269384431714 0.07086552110382449 0.1113601045917242
8.94 -0.03181717274049263 -0.0925590479723422 0.06074187523184957 0.1113601045917242
8.96 -0.04194081861246756 -0.0925590479723422 0.06074187523184957 0.1113601045917242
8.98 -0.03181717274049263 -0.10268269384431714 0.06074187523184957 0.1113601045917242
9.0 -0.03181717274049263 -0.10268269384431714 0.07086552110382449 0.12148375046369914
9.02 -0.04194081861246756 -0.10268269384431714 0.06074187523184957 0.1113601045917242
9.04 -0.03181717274049263 -0.10268269384431714 0.07086552110382449 0.1113601045917242
9.06 -0.04194081861246756 -0.0925590479723422 0.06074187523184957 0.1113601045917242
9.08 -0.03181717274049263 -0.0925590479723422 0.06074187523184957 0.1113601045917242
9.1 -0.04194081861246756 -0.0925590479723422 0.07086552110382449 0.1113601045917242
9.12 -0.04194081861246756 -0.0925590479723422 0.07086552110382449 0.1113601045917242
9.14 -0.03181717274049263 -0.0925590479723422 0.06074187523184957 0.1113601045917242
9.16 -0.03181717274049263 -0.10268269384431714 0.06074187523184957 0.1113601045917242
9.18 -0.04194081861246756 -0.0925590479723422 0.06074187523184957 0.1113601045917242
9.2 -0.04194081861246756 -0.10268269384431714 0.06074187523184957 0.1113601045917242
9.22 -0.03181717274049263 -0.10268269384431714 0.07086552110382449 0.1113601045917242
9.24 -0.03181717274049263 -0.10268269384431714 0.06074187523184957 0.1113601045917242
9.26 -0.03181717274049263 -0.10268269384431714 0.06074187523184957 0.1113601045917242
9.28 -0.04194081861246756 -0.10268269384431714 0.06074187523184957 0.1113601045917242
9.3 -0.04194081861246756 -0.0925590479723422 0.07086552110382449 0.1113601045917242
9.32 -0.03181717274049263 -0.10268269384431714 0.06074187523184957 0.1113601045917242
9.34 -0.04194081861246756 -0.10268269384431714 0.06074187523184957 0.1113601045917242
9.36 -0.03181717274049263 -0.10268269384431714 0.07086552110382449 0.1113601045917242
9.38 -0.04194081861246756 -0.10268269384431714 0.07086552110382449 0.1113601045917242
9.4 -0.04194081861246756 -0.10268269384431714 0.07086552110382449 0.12148375046369914
9.42 -0.04194081861246756 -0.0925590479723422 0.06074187523184957 0.1113601045917242
9.44 -0.03181717274049263 -0.0925590479723422 0.07086552110382449 0.12148375046369914
9.46 -0.04194081861246756 -0.0925590479723422 0.07086552110382449 0.1113601045917242
9.48 -0.04194081861246756 -0.10268269384431714 0.06074187523184957 0.1113601045917242
9.5 -0.04194081861246756 -0.10268269384431714 0.06074187523184957 0.1113601045917242
9.52 -0.03181717274049263 -0.0925590479723422 0.07086552110382449 0.1113601045917242
9.54 -0.03181717274049263 -0.0925590479723422 0.07086552110382449 0.1113601045917242
9.56 -0.03181717274049263 -0.0925590479723422 0.07086552110382449 0.1113601045917242
9.58 -0.04194081861246756 -0.10268269384431714 0.06074187523184957 0.1113601045917242
9.6 -0.03181717274049263 -0.10268269384431714 0.06074187523184957 0.12148375046369914
9.62 -0.03181717274049263 -0.10268269384431714 0.06074187523184957 0.12148375046369914
9.64 -0.04194081861246756 -0.10268269384431714 0.06074187523184957 0.1113601045917242
9.66 -0.04194081861246756 -0.0925590479723422 0.07086552110382449 0.1113601045917242
9.68 -0.03181717274049263 -0.0925590479723422 0.06074187523184957 0.1113601045917242
9.7 -0.03181717274049263 -0.10268269384431714 0.07086552110382449 0.1113601045917242
9.72 -0.03181717274049263 -0.10268269384431714 0.07086552110382449 0.1113601045917242
9.74 -0.04194081861246756 -0.0925590479723422 0.06074187523184957 0.1113601045917242
9.76 -0.04194081861246756 -0.10268269384431714 0.06074187523184957 0.1113601045917242
9.78 -0.03181717274049263 -0.10268269384431714 0.07086552110382449 0.1113601045917242
9.8 -0.03181717274049263 -0.10268269384431714 0.07086552110382449 0.1113601045917242
9.82 -0.04194081861246756 -0.0925590479723422 0.07086552110382449 0.1113601045917242
9.84 -0.03181717274049263 -0.0925590479723422 0.06074187523184957 0.1113601045917242
9.86 -0.04194081861246756 -0.10268269384431714 0.06074187523184957 0.1113601045917242
9.88 -0.03181717274049263 -0.0925590479723422 0.07086552110382449 0.1113601045917242
9.9 -0.04194081861246756 -0.10268269384431714 0.06074187523184957 0.1113601045917242
9.92 -0.03181717274049263 -0.0925590479723422 0.07086552110382449 0.12148375046369914
9.94 -0.04194081861246756 -0.0925590479723422 0.07086552110382449 0.1113601045917242
9.96 -0.04194081861246756 -0.10268269384431714 0.07086552110382449 0.1113601045917242
9.98 -0.04194081861246756 -0.10268269384431714 0.07086552110382449 0.1113601045917242
10.0 -0.03181717274049263 -0.0925590479723422 0.06074187523184957 0.1113601045917242
10.02 -0.03181717274049263 -0.10268269384431714 0.06074187523184957 0.1113601045917242
10.04 -0.04194081861246756 -0.10268269384431714 0.06074187523184957 0.1113601045917242
10.06 -0.04194081861246756 -0.10268269384431714 0.06074187523184957 0.1113601045917242
10.08 -0.03181717274049263 -0.10268269384431714 0.06074187523184957 0.1113601045917242
10.1 -0.03181717274049263 -0.10268269384431714 0.08098916697579943 0.07086552110382449
10.12 -0.04194081861246756 -0.10268269384431714 0.09111281284777435 0.08098916697579943
10.14 -0.03181717274049263 -0.10268269384431714 0.19234927156752363 -0.07132800856945197
10.16 -0.03181717274049263 -0.1487309740976745 0.16286758750659688 0.007058704617710936
10.18 -0.03181717274049263 -0.19576300200997224 0.28846533375985806 -0.23295755333286622
10.2 -0.03181717274049263 -0.24834872668772762 0.18933965413553325 -0.03111959436412338
10.22 -0.021693526868517703 -0.2898270578345677 0.2964686157548408 -0.2457973512709205
10.24 -0.021693526868517703 -0.3201979954504925 0.13148066437125144 -0.005604775137287043
10.26 0.029481684060926716 -0.3505689330664173 0.27676872079889275 -0.2774382058283568
10.28 0.07743215275580716 -0.3495851854074769 0.15795273100018786 0.05745338460062789
10.3 0.08666654507278401 -0.3486014377485365 0.3604256484396864 -0.21993374285589953
10.32 0.08666654507278401 -0.33749404421762125 0.2600784432749351 0.13063519021051784
10.34 0.07832140631080522 -0.3107093080492734 0.41337936647912693 -0.04094552941974308
10.36 0.029481684060926716 -0.3051556112838157 0.2719805962569062 0.2570376789689188
10.38 -0.011569880996542775 -0.3152792571557906 0.37644179721121956 0.021763841129987187
10.4 -0.06875474200840007 -0.3051556112838157 0.1576108742331916 0.21457560016313837
10.42 -0.08722352664235379 -0.3051556112838157 0.1823044337521318 0.02598500104831996
10.44 -0.12682885657525542 -0.3051556112838157 -0.09582212933317778 0.14596374365976572
10.46 -0.1277181101302535 -0.3152792571557906 -0.11073389974713917 -0.01994958092759463
10.48 -0.12860736368525158 -0.3051556112838157 -0.29173799990226146 0.05808834307138363
10.5 -0.1387310095572265 -0.3152792571557906 -0.2125273400364582 -0.03238951130563492
10.52 -0.12949661724024963 -0.3152792571557906 -0.21875211492144478 0.025401120949393542
10.54 -0.10001493317932292 -0.3051556112838157 -0.05732117775784771 0.028003574738030012
10.56 -0.07231175622839234 -0.3051556112838157 -0.02482987626493069 0.04072967439864146
10.58 -0.05206446448444249 -0.3051556112838157 0.09877423807576076 0.11564388441567035
10.6 -0.03359567985048877 -0.3051556112838157 0.11457526204472028 0.0721980579509495
10.62 -0.042830072167465635 -0.3051556112838157 0.13037628601367982 0.1750532228003949
10.64 -0.062188110356417414 -0.3051556112838157 0.11847413303170874 0.03951083582895934
10.66 -0.0815461485453692 -0.3152792571557906 0.04671935837288618 0.16162954476341423
10.68 -0.11013857905129786 -0.3152792571557906 0.02647206662893634 -0.04674585862972661
10.7 -0.11937297136827471 -0.3051556112838157 -0.07709988077037887 0.11031373702717036
10.72 -0.11937297136827471 -0.3152792571557906 -0.036937569267907436 -0.13300255308841255
10.74 -0.10924932549629977 -0.3152792571557906 -0.1330536314602419 0.10388999088021522
10.76 -0.11937297136827471 -0.32540290302776553 -0.04549783283245983 -0.1490286849140297
10.78 -0.10001493317932292 -0.3152792571557906 -0.14105691345522448 0.149589481945388
10.8 -0.11013857905129786 -0.32540290302776553 0.00457299973941293 -0.1898720575901141
10.82 -0.10924932549629977 -0.32540290302776553 -0.09098608088335175 0.12442345190673615
10.84 -0.12860736368525158 -0.32540290302776553 0.05642233942128182 -0.2251617335007407
10.86 -0.1277181101302535 -0.3369727840243083 -0.06917540683197934 0.059746586039125076
10.88 -0.15719979419118021 -0.34709642989628325 0.07133410983524328 -0.24280657145605408
10.9 -0.12593960302025736 -0.35722007576825815 -0.07362167460696971 0.048639192508209764
10.92 -0.165544932953159 -0.2940482177529004 0.00970298104839561 0.017633296421529297
10.94 -0.12416109591026123 -0.26726348158455243 -0.12246139685684826 0.42275544948358257
10.96 -0.17300081816013974 -0.2146777569067971 0.02995027279234543 0.4236254988650802
10.98 -0.0703181243158226 -0.19801666661042414 0.05498568907828186 0.5661678177265413
11.0 -0.09145466961477054 -0.121597448741142 0.2032833629379135 0.4634851238822241
11.02 0.07975805665380516 -0.13530729606069378 0.1738016788769868 0.39261960277839975
11.04 0.0005473967880018837 -0.08925901580733643 0.22797692245685364 0.3531087669494403
11.06 0.14316769255064896 -0.1656782336766186 0.13118673151209473 0.2649471970784872
11.08 0.03536460217891699 -0.17776937486647432 0.15588029103103493 0.27802208592728317
11.1 0.057390401032863046 -0.15948957844040518 0.06832449240325288 0.2491561561636117
11.12 -0.01258586651596344 -0.16602702286480323 0.1004739371291738 0.2713709432254423
11.14 -0.08434064117478596 0.05160197701881502 0.03227617669034349 0.2576610959058905
11.16 -0.07688475596780527 0.02481724085046713 0.03405468380033966 0.2632147926713481
11.18 -0.20337175577606453 0.3740536370697594 -0.04337746895546749 0.24296750092739827
11.2 -0.1387310095572265 0.11818371829869337 -0.040709708290473316 0.24296750092739827
11.22 -0.28490831953986584 0.335463928994127 -0.08031503822337493 0.23284385505542335
11.24 -0.14940205221720335 -0.03570108500442483 -0.06006774647942509 0.23284385505542335
11.26 -0.2979148508794086 0.19170277156298376 -0.08031503822337493 0.23284385505542335
11.28 -0.10199898031032475 -0.19120459443723908 -0.08866017698535374 0.2227202091834484
11.3 -0.24127738665555315 0.09173622978474599 -0.12737625336325734 0.2125965633114735
11.32 -0.024781952357091214 -0.2411878653263579 -0.1357213921252361 0.2227202091834484
11.34 -0.19031730052868231 0.050257898637905904 -0.15596868386918597 0.2227202091834484
11.36 0.017832995007800764 -0.2503277635393925 -0.14584503799721105 0.2227202091834484
11.38 -0.11644216199286743 0.03197810221183679 -0.14584503799721105 0.2227202091834484
11.4 0.07323934890966187 -0.2114518861811889 -0.14584503799721105 0.2227202091834484
11.42 -0.06938094685298513 -1.1541533784027313e-5 -0.14584503799721105 0.2227202091834484
11.44 0.10183177941559056 -0.18171590703601995 -0.1357213921252361 0.2227202091834484
11.46 -0.03901000923706035 -0.041603570958067014 -0.1357213921252361 0.2227202091834484
11.48 0.09348664065361174 -0.160136078444945 -0.14495578444221296 0.2227202091834484
11.5 -0.03634224857206618 -0.0696582240679264 -0.15507943031418792 0.2227202091834484
11.52 0.08603075544663111 -0.11177151368552231 -0.15507943031418792 0.2227202091834484
11.54 -0.002414296736149103 -0.0764818377748956 -0.15507943031418792 0.2227202091834484
11.56 0.0919232583461893 -0.04674585862972661 -0.14495578444221296 0.2227202091834484
11.58 0.022279262782791135 -0.0893216357129499 -0.14495578444221296 0.2227202091834484
11.6 0.08713513380420274 -0.01764483795531334 -0.11547410038128625 0.2227202091834484
11.62 0.04007391866432039 -0.13206988380130152 -0.12559774625326117 0.2227202091834484
11.64 0.06387822462826255 0.01457989670104934 -0.11547410038128625 0.2227202091834484
11.66 0.04807720065930301 -0.143463446614788 -0.12559774625326117 0.2227202091834484
11.68 0.02215253081836855 0.07960555175684504 -0.09611606219233448 0.2227202091834484
11.7 0.046846090337308764 -0.1305022560434348 -0.1062397080643094 0.2227202091834484
11.72 0.0006741287524244671 0.13450756094066582 -0.08599241632035955 0.2227202091834484
11.74 0.07654289920080908 -0.10695493213447922 -0.09611606219233448 0.2227202091834484
11.76 0.0 0.20311941744403844 -0.07675802400338268 0.2227202091834484
11.78 0.09378057351276856 -0.11574604115932902 -0.07675802400338268 0.23284385505542335
11.8 0.006224774884986471 0.24853273922664001 -0.05651073225943284 0.23284385505542335
11.82 0.10178385550775118 -0.0703327193767275 -0.06752363168640582 0.23284385505542335
11.84 -0.02537727305293257 0.29851601011575885 -0.027918301753504186 0.23284385505542335
11.86 0.0591689081428591 -0.0314568420185239 -0.04994410060745018 0.24296750092739827
11.88 -0.06888147397282267 0.31517710041213187 -0.000215124802573607 0.24296750092739827
11.9 0.03502274541192084 -0.017746994698972098 -0.012117277784544665 0.2632147926713481
11.92 -0.10404053613073397 0.25605393130997844 0.017364406276382038 0.2632147926713481
11.94 -0.02216211559993642 0.0855706576161008 -0.05350111482744245 0.3037093761592478
11.96 -0.12250932076468764 0.15250118808416374 0.046846090337308764 0.2779083876498403
11.98 -0.02305136915493454 -0.03400821743533106 -0.02579793787651187 0.24556995471603482
12.0 -0.03673202924690175 -0.1339747592135688 0.07277076017824317 0.15607584799795657
12.02 0.05171302293587846 -0.12715114550659967 -0.009996913907552326 0.1541083526800758
12.04 -0.009918105850969217 -0.16602702286480323 0.08946103770220082 0.11818371829869337
12.06 0.03057647763693047 -0.11737628882280933 0.017706263043378228 0.1292911118296087
12.08 -0.030165397594919083 -0.1330536314602419 0.10704056878115643 0.11002756774459922
12.1 0.009439932337982553 -0.11280633971629205 0.13830075995207933 -0.01961233327319409
12.12 -0.01258586651596344 -0.13860732822569957 0.15109216648904844 0.02284974553258638
12.14 0.02701946341693827 -0.1340373791191823 0.2278501904924311 -0.2342900901799912
12.16 -0.005129981308982727 -0.18563935613799729 0.16320944427359307 -0.09319400644309796
12.18 0.043709740940895817 -0.24834872668772762 0.2799050701953057 -0.32713530743490454
12.2 0.022573195641947874 -0.29995070370654264 0.16464609461659305 -0.028803309858058027
12.22 0.04193123383089967 -0.31562804634397523 0.2744428169008947 -0.23595987468151675
12.24 0.020794688531951752 -0.31464429868503485 0.0886505922037859 0.07608197021488167
12.26 0.05951076490985532 -0.31366055102609447 0.23716339086599114 -0.22710614575105326
12.28 0.0678559036718341 -0.3025531574951792 0.06027328650043078 0.11235539378444868
12.3 0.10568272649473961 -0.3015694098362388 0.2544010651779506 -0.1255208978431194
12.32 0.1140278652567184 -0.2960157130707811 0.07573245370239419 0.23974163020179
12.34 0.14350954931764512 -0.27478467366789094 0.21924200302003927 -0.024919397594125987
12.36 0.12326225757369526 -0.27478467366789094 0.04057339154448275 0.2038169958204077
12.38 0.1333859034456702 -0.27478467366789094 0.173959294990153 0.00053280172709701
12.4 0.10390421938474349 -0.27478467366789094 -0.005598570040401477 0.19236081310130776
12.42 0.0845461811957917 -0.28490831953986584 0.1066507881063208 0.020431304282862255
12.44 0.05506449713486499 -0.27478467366789094 -0.07379633047923172 0.14596374365976572
12.46 0.05506449713486499 -0.27478467366789094 0.03756377411249243 0.035238597538797364
12.48 0.04494085126289006 -0.27478467366789094 -0.08480922990620465 0.11327652153777558
12.5 0.06429888945184185 -0.27478467366789094 0.023883114020525273 0.06884694741411437
12.52 0.06340963589684377 -0.27478467366789094 -0.07913185180922021 0.08058929941578541
12.54 0.08276767408579558 -0.27478467366789094 0.01854759269053683 0.08122425788654117
12.56 0.07264402821382064 -0.27478467366789094 -0.06566631651982656 0.035810936103939574
12.58 0.0818784205307975 -0.27478467366789094 0.0030884254885735225 0.11431134756854534
12.6 0.05239673646987077 -0.27478467366789094 -0.04240940734388633 0.019263544085009476
12.62 0.05328599002486884 -0.27478467366789094 -0.025719129819928715 0.14693594978492205
12.64 0.04316234415289391 -0.27478467366789094 -0.02927614403992101 -0.019961122461378707
12.66 0.04316234415289391 -0.27478467366789094 -0.0235987659429364 0.14820586672643354
12.68 0.03303869828091899 -0.28490831953986584 0.011560296214974891 -0.08955672662369168
12.7 0.03303869828091899 -0.28490831953986584 -0.023256909175940234 0.1261047779420458
12.72 0.013680660091967207 -0.29503196541184074 0.013680660091967207 -0.1490286849140297
12.74 0.0044462677749903465 -0.29503196541184074 -0.07142250267339427 0.14403578517993032
12.76 -0.025924669840934444 -0.29503196541184074 -0.013348388106538912 -0.19085580524905452
12.78 -0.025035416285936377 -0.29503196541184074 -0.12737625336325734 0.11788600748233814
12.8 -0.054517100346863086 -0.29503196541184074 -0.0011043783575716691 -0.23725287469059642
12.82 -0.03249130149291709 -0.3051556112838157 -0.08653981310836142 0.05777909072124437
12.84 -0.06197298555384382 -0.3051556112838157 0.050744961324297254 -0.2650213585178847
12.86 -0.03071279438292098 -0.3152792571557906 -0.0439248657434694 0.006177113702429317
12.88 -0.06197298555384382 -0.3152792571557906 0.07489112405523554 -0.26959130762440187
12.9 0.00800328199498262 -0.34709642989628325 -0.018000195902534946 -0.0627209120835144
12.92 -0.05184933968186889 -0.34709642989628325 0.0915814015791931 -0.20491444175679088
12.94 0.010671042659976818 -0.3369727840243083 -0.019778703012531092 -0.0006465000045398567
12.96 -0.07777400952280333 -0.22775264575559317 0.06121046396326833 0.08265895147732495
12.98 0.02613020986194015 -0.19344671750390688 0.0022470958414148746 0.21953387529588556
13.0 -0.09268577993676479 -0.07259792551096347 0.02605140180535699 0.3195004170741233
13.02 0.0010947935760037674 -0.07520037929960004 -0.032022712761498345 0.2713709432254423
13.04 -0.11772119622270116 -0.05038313844913287 0.020374023708372452 0.2880320335218153
13.06 -0.09658465092375322 -0.0017324044071389847 -0.030244205651502147 0.2227202091834484
13.08 -0.16745017202757773 -0.024930939127910005 0.020374023708372452 0.22827390594890606
13.1 -0.2115017697354697 0.16035962782190272 -0.028465698541506095 0.19333301922646404
13.12 -0.17545345402256032 0.07086552110382449 -0.00643989968756003 0.19888671599192168
13.14 -0.28347166919686584 0.3518388500079288 -0.04604522962046174 0.20999410952283698
13.16 -0.16910194717315127 0.07473789183397254 -0.024019430766515724 0.21554780628829462
13.18 -0.2673287884609101 0.30671169750789834 -0.07285915301639422 0.23122514892572718
13.2 -0.09310644476034409 -0.03309863121578824 -0.051722607717446294 0.23579509803224452
13.22 -0.2130268129166207 0.19627272066950102 -0.09132793765034794 0.22468770450132922
13.24 -0.016221688792538845 -0.14972626329039898 -0.08031503822337493 0.2237039568423888
13.26 -0.17396887977172099 0.11395101684657662 -0.11903111460127852 0.20247291743949858
13.28 0.023168516337789255 -0.1997095341795179 -0.13749989923523223 0.20247291743949858
13.3 -0.16083561646775565 0.045687949531388695 -0.1863396214851108 0.2125965633114735
13.32 0.018722248562798888 -0.22551052268892538 -0.1854503679301127 0.20802661420495625
13.34 -0.1349109466268211 0.00062341693697166 -0.2149320519910394 0.20802661420495625
13.36 0.045536171958731365 -0.21798933060558695 -0.22416644430801622 0.20802661420495625
13.38 -0.1072077696758906 -0.041489872680624165 -0.24441373605196615 0.20247291743949858
13.4 0.06400495659268514 -0.20294694643891018 -0.22505569786301435 0.20247291743949858
13.42 -0.06760243974298889 -0.05728091359549967 -0.22505569786301435 0.20247291743949858
13.44 0.07412860246466005 -0.160136078444945 -0.22505569786301435 0.20247291743949858
13.46 -0.03634224857206618 -0.07978186993990137 -0.2351793437349893 0.20247291743949858
13.48 0.08603075544663111 -0.10621781692006466 -0.22505569786301435 0.20247291743949858
13.5 -0.01253794260812406 -0.07092814100943795 -0.21582130554603746 0.20247291743949858
13.52 0.0919232583461893 -0.04674585862972661 -0.2056976596740625 0.20247291743949858
13.54 0.022279262782791135 -0.0938915848194672 -0.2056976596740625 0.20247291743949858
13.56 0.08713513380420274 -0.01764483795531334 -0.19557401380208764 0.20247291743949858
13.58 0.02995027279234543 -0.13206988380130152 -0.2056976596740625 0.20247291743949858
13.6 0.06387822462826255 0.01457989670104934 -0.17621597561313582 0.20247291743949858
13.62 0.0379535547873281 -0.12778610397735543 -0.19646326735708564 0.20247291743949858
13.64 0.02215253081836855 0.0851592485223027 -0.1863396214851108 0.20247291743949858
13.66 0.026598798593358897 -0.1406259019154097 -0.17621597561313582 0.20247291743949858
13.68 -0.009449517119550466 0.13450756094066582 -0.16609232974116092 0.20247291743949858
13.7 0.056295607456859235 -0.11707857800645419 -0.1863396214851108 0.20247291743949858
13.72 -0.002335488679565916 0.20311941744403844 -0.15685793742418405 0.20247291743949858
13.74 0.09289131995777049 -0.11574604115932902 -0.16698158329615898 0.2125965633114735
13.76 -0.003898870986988451 0.2540864359920977 -0.13749989923523223 0.2125965633114735
13.78 0.10089460195275311 -0.0703327193767275 -0.1577471909791821 0.2125965633114735
13.8 -0.02537727305293257 0.29394606100924164 -0.1282655069182554 0.2125965633114735
13.82 0.0591689081428591 -0.04713418465595662 -0.14940205221720335 0.2227202091834484
13.84 -0.0790051198447976 0.3308544430495644 -0.10979672228430166 0.23284385505542335
13.86 0.024899099539945884 -0.0223169438054894 -0.15118055932719945 0.24296750092739827
13.88 -0.11416418200270892 0.2570376789689188 -0.10145158352232289 0.23284385505542335
13.9 -0.032285761471911374 0.049183535769090896 -0.16308271230917049 0.28346208441529797
13.92 -0.1427566125086375 0.27039873710028606 -0.10411934418731705 0.28346208441529797
13.94 -0.07189109140481299 0.14301250068294458 -0.19612141059008947 0.31984920626230784
13.96 -0.12428782787468383 0.0485996556701645 -0.06807102847440771 0.27692463999089995
13.98 -0.035842775691903674 0.045299623505158766 -0.12135701849927653 0.27495714467301924
14.0 -0.08823951216177445 -0.04812947384868098 0.006693363616405292 0.2122477741232889
14.02 -0.009918105850969217 -0.01613983010306005 -0.05582701872544046 0.2011403805923736
14.04 -0.0521911964488651 -0.0631718580153578 0.03439654056733585 0.17076944297644878
14.06 0.01689581754496331 -0.06415560567429818 0.06654598529325673 0.04112954195865548
14.08 -0.014364373625959563 -0.13143492533054577 0.08946103770220082 0.05779063225502844
14.1 0.03447534862391896 -0.15266596473343602 0.17545345402256032 -0.2039191525640664
14.12 0.0032151574529960822 -0.21994528438968358 0.12093635367569724 -0.07393046235808848
14.14 0.04282048738589772 -0.28167090728047356 0.2772373095303115 -0.34379639773127746
14.16 0.011560296214974891 -0.34339653017126354 0.19146001801252557 -0.05101809691988863
14.18 0.04104198027590159 -0.3636438219152134 0.3399728166747308 -0.25817466174334736
14.2 0.019905434976953667 -0.3469827316188404 0.15418059197762193 0.07509822255594122
14.22 0.05862151135485724 -0.32933789366352706 0.29434825187784835 -0.2215524489855957
14.24 0.07709029598881097 -0.30712310660169645 0.12847104693926106 0.11137164612550828
14.26 0.09555908062276468 -0.30613935894275607 0.32259882561678077 -0.14218198813949237
14.28 0.09378057351276856 -0.3005856621772984 0.17252264464715314 0.23875788254284971
14.3 0.11313861170172035 -0.28490831953986584 0.3067978016478214 0.0008815909152816787
14.32 0.07353328176881871 -0.29503196541184074 0.08941311379436134 0.24072537786073053
14.34 0.04494085126289006 -0.29503196541184074 0.19509584028910096 0.011640195258012324
14.36 -0.023256909175940234 -0.29503196541184074 -0.042536139308308914 0.1868071163358501
14.38 -0.0729858849808168 -0.29503196541184074 0.07060247239341148 0.019447556623921853
14.4 -0.10157831548674547 -0.29503196541184074 -0.13009193793609095 0.13485635012885042
14.42 -0.10157831548674547 -0.29503196541184074 0.0006262048445849937 0.035238597538797364
14.44 -0.07387513853581487 -0.29503196541184074 -0.14288334447306017 0.097599178900343
14.46 -0.026813923395932512 -0.29503196541184074 -0.004709316485403451 0.0531696047766818
14.48 0.010123645871974929 -0.29503196541184074 -0.10861353587014691 0.06491195677835285
14.5 0.010123645871974929 -0.29503196541184074 -0.0016996990534130381 0.08122425788654117
14.52 0.010123645871974929 -0.29503196541184074 -0.05732117775784771 0.0312409869974223
14.54 0.020247291743949857 -0.29503196541184074 0.020667956567529167 0.119865044334003
14.56 0.010123645871974929 -0.29503196541184074 -0.014706230392955778 0.02481724085046713
14.58 0.020247291743949857 -0.29503196541184074 0.012107693002976752 0.14236600067840477
14.6 0.011012899426972996 -0.29503196541184074 -0.000683713533992357 -0.019961122461378707
14.62 -0.007455885206980723 -0.29503196541184074 -0.00424072775398463 0.15832951259840852
14.64 -0.036937569267907436 -0.29503196541184074 0.012449549769972942 -0.0849867775171744
14.66 -0.03604831571290937 -0.3051556112838157 -0.02236765562094217 0.14635206968599562
14.68 -0.05774184258142708 -0.3051556112838157 0.014569913646965268 -0.15915233078600463
14.7 -0.0461719615848843 -0.3051556112838157 -0.08065689499037114 0.13391213930795537
14.72 -0.04850745026445021 -0.3051556112838157 -0.02347203397851384 -0.2009794511210294
14.74 -0.03604831571290937 -0.3051556112838157 -0.11814186104628047 0.11788600748233814
14.76 -0.05774184258142708 -0.3051556112838157 -0.001993631912569731 -0.23725287469059642
14.78 -0.04439345447488816 -0.3152792571557906 -0.09666345898033639 0.06790273659321923
14.8 -0.0762106272153808 -0.3152792571557906 0.04985570776929918 -0.2650213585178847
14.82 -0.03426980860291323 -0.32540290302776553 -0.06417215748741922 0.016300759574404276
14.84 -0.0762106272153808 -0.32540290302776553 0.06476747818326058 -0.2797149534963768
14.86 -0.023256909175940234 -0.35722007576825815 -0.038247487646484814 -0.0019790368516649287
14.88 -0.0923439231697686 -0.28490831953986584 0.04096317221931846 -0.041489872680624165
14.9 -0.03994718669989783 -0.25453738192394104 -0.04147222988104879 0.18059537803206846
14.92 -0.11915784656570111 -0.17256446728920122 0.05197607164629149 0.2132826001540587
14.94 0.004993664562992207 -0.179736870184355 0.03261803345733965 0.31423288959123674
14.96 -0.10280942580873972 -0.08468906670081917 0.10615131522615841 0.3635812020095998
14.98 0.011218439447978725 -0.12223240721189776 0.038842808342326174 0.328005356816402
15.0 -0.09747390447875133 -0.10655506457446515 0.09123954481219694 0.35479009298474995
15.02 -0.056979320990851616 -0.08827526814839609 0.021263277263370524 0.28346208441529797
15.04 -0.10759755035072625 -0.11604375197568435 0.07188150662324515 0.2890157811807556
15.06 -0.1406362486316452 0.08492415761156094 -0.008218406797556225 0.26975223709574614
15.08 -0.11471157879071076 0.020247291743949857 0.012918138501391715 0.2707359847546866
15.1 -0.2531007315809411 0.33714525502943665 -0.02579793787651187 0.2661660356481693
15.12 -0.14885465542920143 0.09139898213034552 -0.03325382308349258 0.27727342917908454
15.14 -0.27567392722288897 0.31880283869775405 -0.08120429177837303 0.2671497833071096
15.16 -0.10234083707732093 -0.04125478176988239 -0.07019139235140003 0.2717197324136269
15.18 -0.21391606647161873 0.18059537803206846 -0.11992036815627662 0.2606123388827116
15.2 -0.026345334664513755 -0.18565089767178142 -0.09967307641232676 0.24950494535179632
15.22 -0.18498177919869385 0.11852096595309392 -0.12915476047325347 0.22827390594890606
15.24 0.013044870465814299 -0.24575781443287525 -0.13838915279023034 0.22827390594890606
15.26 -0.16172487002275368 0.08618253301928844 -0.17710522916813393 0.22827390594890606
15.28 0.017832995007800764 -0.2402041176674176 -0.1854503679301127 0.22827390594890606
15.3 -0.12567655430984426 0.026424405446379137 -0.2149320519910394 0.2227202091834484
15.32 0.05477056427570821 -0.21700558294664654 -0.2149320519910394 0.2227202091834484
15.34 -0.1072077696758906 -0.021242580936674298 -0.2342900901799912 0.2227202091834484
15.36 0.06400495659268514 -0.19739324967345243 -0.2342900901799912 0.2227202091834484
15.38 -0.06760243974298889 -0.052710964488982326 -0.2342900901799912 0.2227202091834484
15.4 0.07501785601965807 -0.160136078444945 -0.22505569786301435 0.2227202091834484
15.42 -0.055700286761017875 -0.07521192083338407 -0.2351793437349893 0.2227202091834484
15.44 0.08603075544663111 -0.11177151368552231 -0.2351793437349893 0.2227202091834484
15.46 -0.0033035502911471296 -0.0764818377748956 -0.2351793437349893 0.2227202091834484
15.48 0.09103400479119127 -0.04119216186426895 -0.21582130554603746 0.2227202091834484
15.5 0.012155616910816226 -0.0938915848194672 -0.21582130554603746 0.2227202091834484
15.52 0.07701148793222783 -0.01764483795531334 -0.21582130554603746 0.2125965633114735
15.54 0.02995027279234543 -0.13206988380130152 -0.20658691322906061 0.2227202091834484
15.56 0.05375457875628759 0.01457989670104934 -0.19646326735708564 0.2227202091834484
15.58 0.0379535547873281 -0.13333980074281307 -0.20658691322906061 0.2227202091834484
15.6 0.02215253081836855 0.0851592485223027 -0.19646326735708564 0.2227202091834484
15.62 0.036722444465333834 -0.1406259019154097 -0.20658691322906061 0.2227202091834484
15.64 -0.009449517119550466 0.15018490357809838 -0.1863396214851108 0.2227202091834484
15.66 0.056295607456859235 -0.12263227477191184 -0.19735252091208375 0.2227202091834484
15.68 0.0 0.20768936655055573 -0.1872288750401088 0.2227202091834484
15.7 0.10301496582974541 -0.11117609205281186 -0.19735252091208375 0.23284385505542335
15.72 0.006224774884986471 0.2540864359920977 -0.16787083685115706 0.23284385505542335
15.74 0.10089460195275311 -0.0703327193767275 -0.18811812859510688 0.23284385505542335
15.76 -0.035500918924907504 0.29394606100924164 -0.15863644453418022 0.23284385505542335
15.78 0.0591689081428591 -0.0268868929120067 -0.18989663570510304 0.24296750092739827
15.8 -0.0790051198447976 0.3308544430495644 -0.15029130577220134 0.24296750092739827
15.82 0.03502274541192084 -0.0223169438054894 -0.20090953513207604 0.2632147926713481
15.84 -0.11416418200270892 0.2514839822034612 -0.14194616701022258 0.25309114679937317
15.86 -0.02216211559993642 0.06387713074758306 -0.21370094166904513 0.2935857302872729
15.88 -0.1427566125086375 0.280522382972261 -0.1639719658641686 0.2935857302872729
15.9 -0.07189109140481299 0.19004452859524235 -0.248185875074532 0.3557738406436903
15.92 -0.1436458660636356 0.11130902621989484 -0.14817094189520905 0.32997285213428285
15.94 -0.06532445975283037 0.1080089940548891 -0.20290316704464578 0.33355905358185967
15.96 -0.09836315803374937 0.013596149042108973 -0.08353019567637106 0.2638497511421039
15.98 -0.03939978991189592 0.031354685274865166 -0.14749681314278465 0.2587585418422737
16.0 -0.09179652638176673 -0.005553696765457653 -0.04659262640846362 0.22138767233632342
16.02 0.007661425227986429 -0.012091141189855685 -0.014443181682542697 0.08619407455307244
16.04 -0.02537727305293257 -0.07624674686415385 0.017706263043378228 0.10840886161490307
16.06 0.043709740940895817 -0.10760143213901904 0.10314169779416797 -0.16897826584162431
16.08 0.021683942086949803 -0.21080538617664904 0.04773534389230684 -0.06936051325157122
16.1 0.052054879702874576 -0.2624073631954641 0.1962481425545121 -0.3549037912621928
16.12 0.021683942086949803 -0.3342566319582289 0.130718142780676 -0.07780283308823656
16.14 0.06040001846485338 -0.37475121544612866 0.3373050560097366 -0.30063674054912776
16.16 0.0300290808489286 -0.36821377102173064 0.17087086950157954 0.06399082902502591
16.18 0.06874515722683218 -0.3505689330664173 0.32027292171878285 -0.2215524489855957
16.2 0.08721394186078589 -0.32280044923912904 0.1552849703351936 0.10223174791247377
16.22 0.13516441055566633 -0.30613935894275607 0.3503020025677114 -0.1366282913740347
16.24 0.14350954931764512 -0.3005856621772984 0.2011150751530817 0.24888152841482467
16.26 0.152743941634622 -0.28490831953986584 0.3561945054672697 -0.004672105850176073
16.28 0.11313861170172035 -0.29503196541184074 0.12723993661726682 0.2867736581140879
16.3 0.05506449713486499 -0.29503196541184074 0.22368827079502968 0.012623942916952775
16.32 -0.03160204793791903 -0.29503196541184074 -0.023178101119357124 0.18223716722933278
16.34 -0.09979980837674932 -0.29503196541184074 0.051244434204459684 -0.010923380992002924
16.36 -0.12928149243767603 -0.28490831953986584 -0.14856072257004463 0.1191790074914178
16.38 -0.09145466961477054 -0.28490831953986584 -0.018731833344366705 0.019561254901364653
16.4 -0.06464074621883802 -0.29503196541184074 -0.1807101672959656 0.08747553302836805
16.42 -0.016690277523957582 -0.28490831953986584 -0.04342539286330704 0.043045958904706846
16.44 0.011012899426972996 -0.29503196541184074 -0.13865220150064334 0.05478831090637792
16.46 0.030370937615924784 -0.28490831953986584 -0.021057737242364784 0.06554691524910862
16.48 0.04972897580487657 -0.28490831953986584 -0.07667921594679959 0.0312409869974223
16.5 0.04972897580487657 -0.28490831953986584 0.020667956567529167 0.119865044334003
16.52 0.040494583487899714 -0.28490831953986584 0.004651807795996063 0.030370937615924784
16.54 0.03126019117092285 -0.28490831953986584 0.021342085319953637 0.15804334331583736
16.56 -0.008345138761978791 -0.29503196541184074 0.017785071099961386 -0.024531071567895985
16.58 -0.026813923395932512 -0.28490831953986584 0.004993664562992207 0.16388320936386613
16.6 -0.0461719615848843 -0.29503196541184074 0.031807587958924737 -0.07943308075171675
16.62 -0.06464074621883802 -0.3051556112838157 -0.02236765562094217 0.1509220187925129
16.64 -0.06464074621883802 -0.29503196541184074 0.014569913646965268 -0.15458238167948735
16.66 -0.04528270802988623 -0.3051556112838157 -0.08065689499037114 0.13848208841447268
16.68 -0.036937569267907436 -0.3051556112838157 -0.02258278042351577 -0.20653314788648697
16.7 -0.007455885206980723 -0.29503196541184074 -0.12737625336325734 0.1280096533543131
16.72 -0.02770317695093058 -0.3051556112838157 -0.010338770674548541 -0.23169917792513878
16.74 -0.005677378096984587 -0.3152792571557906 -0.10589785129731324 0.07345643335867688
16.76 -0.04528270802988623 -0.3152792571557906 0.04062131545232232 -0.27057505528334236
16.78 -0.014022516858963373 -0.32540290302776553 -0.0632829039324212 0.00062341693697166
16.8 -0.06375149266383995 -0.32540290302776553 0.06476747818326058 -0.2797149534963768
16.82 -0.012244009748967248 -0.34709642989628325 -0.028123841774509904 -0.04802731710502223
16.84 -0.08133102374279562 -0.3152792571557906 0.06121046396326833 -0.09714053861264353
16.86 -0.02893428727292482 -0.2636772801369756 -0.050706622198025623 0.1541594310519052
16.88 -0.1275029853276799 -0.14936593256843025 0.03350728701233777 0.2293087319796758
16.9 0.005882918117990281 -0.15098463869812637 -0.04481411929846747 0.3403826672888289
16.92 -0.10192017225374164 -0.06704422874550582 0.037064301232330024 0.36653244498642107
16.94 0.0010947935760037674 -0.11766245810538047 -0.021899066889523384 0.29161823496939215
16.96 -0.10759755035072625 -0.098398914020371 0.05909010008627604 0.3027256285003075
16.98 -0.06710296686282652 -0.08567281435975954 -0.0007625215905754671 0.2374138041619406
17.0 -0.11861044977769922 -0.1134412981870478 0.04062131545232232 0.24296750092739827
17.02 -0.17189643980256808 0.05715567378427267 0.0010159855194206574 0.20247291743949858
17.04 -0.1459717699616336 -0.011107393530915307 0.02215253081836855 0.20247291743949858
17.06 -0.23463194694698739 0.3057905697545714 -0.03592158374848678 0.19234927156752363
17.08 -0.13962026311222459 0.08127533625837056 -0.04337746895546749 0.1979029683329813
17.1 -0.276563180777887 0.3197865863566944 -0.11157522939429781 0.21358031097041388
17.12 -0.10323009063231904 -0.030147388238967125 -0.10979672228430166 0.2348113503733041
17.14 -0.24250849697754745 0.19268651922192423 -0.14940205221720335 0.2348113503733041
17.16 -0.0457033728534655 -0.19022084677829867 -0.1392784063452284 0.23938129947982137
17.18 -0.18409252564369594 0.11852096595309392 -0.16876009040615506 0.2237039568423888
17.2 0.013044870465814299 -0.2402041176674176 -0.16787083685115706 0.2125965633114735
17.22 -0.15160122415077873 0.07605888714731357 -0.21671055910103554 0.2125965633114735
17.24 0.037191033196752606 -0.24575781443287525 -0.22505569786301435 0.2125965633114735
17.26 -0.12567655430984426 0.03654805131835409 -0.25453738192394104 0.2125965633114735
17.28 0.05477056427570821 -0.22712922881862152 -0.24441373605196615 0.2125965633114735
17.3 -0.1072077696758906 -0.000995289192724478 -0.26466102779591594 0.2125965633114735
17.32 0.06400495659268514 -0.1872696038014775 -0.26466102779591594 0.2125965633114735
17.34 -0.06760243974298889 -0.047157267723524715 -0.26466102779591594 0.2125965633114735
17.36 0.06400495659268514 -0.14445873580751245 -0.26466102779591594 0.2125965633114735
17.38 -0.055700286761017875 -0.07521192083338407 -0.28490831953986584 0.2125965633114735
17.4 0.0759071095746562 -0.10621781692006466 -0.27478467366789094 0.2125965633114735
17.42 -0.01253794260812406 -0.0764818377748956 -0.27567392722288897 0.2125965633114735
17.44 0.08179961247421438 -0.04674585862972661 -0.2655502813509141 0.2125965633114735
17.46 0.012155616910816226 -0.09944528158492484 -0.2655502813509141 0.2125965633114735
17.48 0.07701148793222783 -0.01764483795531334 -0.2554266354789391 0.2125965633114735
17.5 0.02995027279234543 -0.14219352967327645 -0.2563158890339372 0.2125965633114735
17.52 0.05375457875628759 0.01457989670104934 -0.24619224316196225 0.2125965633114735
17.54 0.0379535547873281 -0.13333980074281307 -0.2470814967169603 0.2125965633114735
17.56 0.02215253081836855 0.07503560265032776 -0.2470814967169603 0.2125965633114735
17.58 0.036722444465333834 -0.1406259019154097 -0.2664395349059121 0.2125965633114735
17.6 -0.000215124802573607 0.13450756094066582 -0.2563158890339372 0.20247291743949858
17.62 0.056295607456859235 -0.12720222387842905 -0.2572051425889353 0.2125965633114735
17.64 -0.002335488679565916 0.21324306331601334 -0.23784710439998347 0.2125965633114735
17.66 0.09289131995777049 -0.11574604115932902 -0.2580943961439333 0.2227202091834484
17.68 0.006224774884986471 0.2540864359920977 -0.23784710439998347 0.2227202091834484
17.7 0.10089460195275311 -0.08045636524870246 -0.2589836496989314 0.2227202091834484
17.72 -0.02626652660793062 0.2883923642437839 -0.21937831976602976 0.2227202091834484
17.74 0.04904526227088419 -0.03701053878398166 -0.24051486506497766 0.23284385505542335
17.76 -0.0790051198447976 0.305053454540157 -0.21103318100405094 0.2227202091834484
17.78 0.014775453667971021 -0.027870640570947056 -0.2538632531715166 0.25309114679937317
17.8 -0.11416418200270892 0.2616076280754361 -0.20268804224207215 0.24296750092739827
17.82 -0.032285761471911374 0.06943082751304072 -0.27588905202546254 0.28346208441529797
17.84 -0.15288025838061245 0.29162977650317634 -0.2145901952240432 0.28346208441529797
17.86 -0.08201473727678794 0.22695291063556516 -0.3282857884953333 0.3355265488997405
17.88 -0.17312755012456227 0.194265688513575 -0.23895148275755512 0.32997285213428285
17.9 -0.07455885206980721 0.18685819470767942 -0.31248476452637386 0.3649137388567249
17.92 -0.126955588539678 0.08232170382292442 -0.18443438241069204 0.30220436830699454
17.94 -0.05875782810084776 0.09765025727217239 -0.24695476475253772 0.3057905697545714
17.96 -0.11115456457071851 0.04506453259441699 -0.14749681314278465 0.26431223860773134
17.98 -0.03283315825991328 0.02840344229804403 -0.09687858378290995 0.11199506306247999
18.0 -0.06409334943083611 -0.02875223148622864 -0.0632829039324212 0.12865615335885294
18.02 0.024351702751944 -0.05553696765457653 0.021263277263370524 -0.12848368235372465
18.04 0.021683942086949803 -0.14450981417934183 -0.03325382308349258 -0.0288659297636715
18.06 0.07052366433682829 -0.24771376821697189 0.12449336789568953 -0.3457638930491583
18.08 0.04938711903788038 -0.31499308787321945 0.05896336812185343 -0.08891022661915186
18.1 0.06963441078183025 -0.36561131723309415 0.2935857302872729 -0.32742147671747573
18.12 0.03926347316590547 -0.3848748613181036 0.1774375011535622 0.027082446984703117
18.14 0.08810319541578397 -0.3672300233627902 0.3554319838766941 -0.2169824998790783
18.16 0.09644833417776276 -0.32378419689806937 0.2005676783650799 0.12803273642188123
18.18 0.13516441055566633 -0.3015694098362388 0.37711592596364396 -0.08959626346173696
18.2 0.1333859034456702 -0.29503196541184074 0.20946021391506053 0.2599889219457399
18.22 0.14262029576264706 -0.28490831953986584 0.3553052519122715 -0.014795751722151031
18.24 0.06429888945184185 -0.28490831953986584 0.11800554430028998 0.24529532696724776
18.26 -0.01313326330396531 -0.28490831953986584 0.2043302326060778 0.006086498492554666
18.28 -0.10903420069372617 -0.28490831953986584 -0.032412493436333956 0.17668347046387514
18.3 -0.11826859301070305 -0.28490831953986584 0.060478826521436616 -0.0007997351200279673
18.32 -0.12004710012069918 -0.28490831953986584 -0.13009193793609095 0.12473270425687547
18.34 -0.08544501953235766 -0.28490831953986584 -0.029744732771339783 0.035238597538797364
18.36 -0.05774184258142708 -0.28490831953986584 -0.18159942085096367 0.097599178900343
18.38 -0.036937569267907436 -0.28490831953986584 -0.05265978518028387 0.043045958904706846
18.4 -0.03927305794747336 -0.28490831953986584 -0.14788659381762026 0.04923461414092026
18.42 -0.018468784633953718 -0.28490831953986584 -0.031181383114339743 0.06554691524910862
18.44 -0.020804273313519635 -0.28490831953986584 -0.06744482362982267 0.01556364435998972
18.46 -0.009234392316976859 -0.28490831953986584 0.020667956567529167 0.119865044334003
18.48 -0.020804273313519635 -0.28490831953986584 -0.005471838075978894 0.02481724085046713
18.5 -0.030038665630496494 -0.28490831953986584 0.021342085319953637 0.15804334331583736
18.52 -0.05028595737444635 -0.28490831953986584 0.017785071099961386 -0.018977374802438326
18.54 -0.04939670381944828 -0.28490831953986584 0.01422805687996909 0.16943690612932377
18.56 -0.078878387880375 -0.28490831953986584 0.021683942086949803 -0.08955672662369168
18.58 -0.08811278019735186 -0.29503196541184074 -0.03249130149291709 0.1362284238140207
18.6 -0.1083600719413017 -0.29503196541184074 0.0044462677749903465 -0.1647060275514623
18.62 -0.09734717251432871 -0.29503196541184074 -0.09078054086234606 0.12280474577704006
18.64 -0.11759446425827859 -0.3051556112838157 -0.0327064262954907 -0.20196319877996982
18.66 -0.09734717251432871 -0.3051556112838157 -0.1467342915522091 0.11233231071688039
18.68 -0.1083600719413017 -0.3051556112838157 -0.020462416546523452 -0.24737652056257134
18.7 -0.08722352664235379 -0.3152792571557906 -0.11602149716928815 0.04765544484926941
18.72 -0.12682885657525542 -0.32540290302776553 0.030497669580347407 -0.2650213585178847
18.74 -0.1056923112763075 -0.34252648078976594 -0.054048511615444314 0.016300759574404276
18.76 -0.16465567939816095 -0.32540290302776553 0.03439654056733585 -0.12543028263324474
18.78 -0.11314819648328824 -0.3152792571557906 -0.10878073676488101 0.28229432421744527
18.8 -0.18223521047711658 -0.2368925439686277 -0.005208789365565814 0.3301964015112404
18.82 -0.08967616250477439 -0.20912406014133944 -0.05582701872544046 0.5642003224086605
18.84 -0.1385158847546529 -0.13073734695417655 0.11182869332314298 0.5433180721939549
18.86 0.02346244919694595 -0.1758018795485935 0.11928457853012371 0.523592040643318
18.88 -0.04651381835188047 -0.13073734695417655 0.20950813782289998 0.48865115392087594
18.9 0.08598283153879163 -0.16110828457010135 0.13207598506709284 0.39950583639098236
18.92 -0.02270951238793835 -0.14641468959160908 0.15676954458603304 0.38122603996491317
18.94 0.009439932337982553 -0.11245755052810745 0.05909010008627604 0.3270216091574617
18.96 -0.031054651149917182 -0.13467233758993805 0.09123954481219694 0.3436826994538346
18.98 -0.0944642870467609 0.05160197701881502 0.03316543024534156 0.3142955094968502
19.0 -0.07777400952280333 -0.0065374444243980305 0.054301975544289505 0.32540290302776553
19.02 -0.2042610093310626 0.32146791239200406 -0.024908684321513774 0.3037093761592478
19.04 -0.1387310095572265 0.10250637566126083 -0.021351670101521513 0.3037093761592478
19.06 -0.28490831953986584 0.35114127163155956 -0.07019139235140003 0.29913942705273056
19.08 -0.13093326758324964 -0.008916348836076855 -0.05917849292442704 0.29913942705273056
19.1 -0.270211673928478 0.19824021598738187 -0.10890746872930361 0.29913942705273056
19.12 -0.07429580335939417 -0.17095730269328915 -0.08866017698535374 0.2935857302872729
19.14 -0.22191934846660136 0.08716628067822879 -0.12737625336325734 0.28346208441529797
19.16 -0.015547560040114377 -0.23106421945438294 -0.12648699980825923 0.28346208441529797
19.18 -0.18108290821170547 0.034580556000473286 -0.1467342915522091 0.28346208441529797
19.2 0.017832995007800764 -0.23008047179544266 -0.14584503799721105 0.28346208441529797
19.22 -0.11644216199286743 0.016300759574404276 -0.15596868386918597 0.28346208441529797
19.24 0.07412860246466005 -0.2114518861811889 -0.14584503799721105 0.28346208441529797
19.26 -0.08873898504193692 -0.01568888417121664 -0.15596868386918597 0.28346208441529797
19.28 0.08247374122663881 -0.18171590703601995 -0.1652030761861628 0.28346208441529797
19.3 -0.0684916932979871 -0.05172721683004197 -0.1652030761861628 0.28346208441529797
19.32 0.084252248336635 -0.160136078444945 -0.1652030761861628 0.28346208441529797
19.34 -0.04646589444404104 -0.0696582240679264 -0.17532672205813776 0.28346208441529797
19.36 0.07679636312965427 -0.11177151368552231 -0.17443746850313968 0.28346208441529797
19.38 -0.01253794260812406 -0.08203553454035327 -0.18456111437511463 0.28346208441529797
19.4 0.0919232583461893 -0.04674585862972661 -0.17443746850313968 0.28346208441529797
19.42 0.013044870465814299 -0.0893216357129499 -0.1652030761861628 0.28346208441529797
19.44 0.08713513380420274 -0.01764483795531334 -0.15507943031418792 0.28346208441529797
19.46 0.02995027279234543 -0.13206988380130152 -0.1652030761861628 0.28346208441529797
19.48 0.06387822462826255 0.01457989670104934 -0.14584503799721105 0.28346208441529797
19.5 0.0379535547873281 -0.13333980074281307 -0.15596868386918597 0.28346208441529797
19.52 0.02215253081836855 0.0851592485223027 -0.14584503799721105 0.28346208441529797
19.54 0.036722444465333834 -0.1305022560434348 -0.16609232974116092 0.28346208441529797
19.56 -0.009449517119550466 0.14463120681264074 -0.14584503799721105 0.28346208441529797
19.58 0.056295607456859235 -0.12720222387842905 -0.16609232974116092 0.28346208441529797
19.6 -0.011569880996542775 0.21324306331601334 -0.15596868386918597 0.28346208441529797
19.62 0.08365692764079362 -0.10562239528735416 -0.16609232974116092 0.2935857302872729
19.64 -0.003898870986988451 0.2540864359920977 -0.1467342915522091 0.2935857302872729
19.66 0.11101824782472801 -0.06020907350475255 -0.16698158329615898 0.2935857302872729
19.68 -0.02537727305293257 0.29851601011575885 -0.13749989923523223 0.2935857302872729
19.7 0.0591689081428591 -0.0268868929120067 -0.16876009040615506 0.3037093761592478
19.72 -0.0790051198447976 0.32073079717758946 -0.1392784063452284 0.3037093761592478
19.74 0.03502274541192084 -0.017746994698972098 -0.18066224338812617 0.32540290302776553
19.76 -0.11416418200270892 0.27173127394741103 -0.11157522939429781 0.32540290302776553
19.78 -0.02216211559993642 0.07955447338501567 -0.18333000405312036 0.3658974865156652
19.8 -0.1326329666366626 0.29162977650317634 -0.13360102824824382 0.3658974865156652
19.82 -0.05253305321586124 0.1586898433203772 -0.23717297564755896 0.40083837323810734
19.84 -0.11505343555770695 0.0890942391580642 -0.11780000427928428 0.35380634532580957
19.86 -0.025719129819928715 0.08579420699305848 -0.17253222942872098 0.33616150737049627
19.88 -0.0486341822288728 0.008042452276651317 -0.05315925806044629 0.2734521368207659
19.9 0.009439932337982553 0.04703202791229774 -0.12636026784383664 0.2835757826927408
19.92 -0.04206755057689017 0.0 -0.015332435237540723 0.26888218771424865
19.94 0.017785071099961386 -0.0065374444243980305 0.006693363616405292 0.1221187089344549
19.96 -0.0235987659429364 -0.06513935333323854 0.02871916247035126 0.1443334959962855
19.98 0.025240956306942074 -0.09649403860810372 0.13351263541009276 -0.12848368235372465
20.0 0.004104411007994156 -0.17389700413632625 0.06887188919125475 -0.03441962652912915
