0.0 0.0 0.0 0.0 0.0
0.02 0.0 0.0 0.0 0.0
0.04 -0.009711707 0.011681521404243281 0.0 0.0
0.06 0.0 0.0 0.0 0.0
0.08 0.0 0.011681521404243281 0.0 -0.011681521404243281
0.1 0.0 0.0 0.0 0.0
0.12 0.0 0.0 0.0 -0.005840760702121641
0.14 0.0 0.0 0.0 0.0
0.16 -0.009711707 0.0 0.029135121 0.0
0.18 0.0 0.0 0.029135121 0.0
0.2 0.0 0.0 0.077693656 0.0
0.22 0.0 0.0 0.08740536300000001 0.005840760702121641
0.24 0.0 0.005840760702121641 0.09711707 0.0
0.26 0.0 0.0 0.106828777 0.0
0.28 -0.009711707 0.0 0.116540484 -0.005840760702121641
0.3 0.0 0.0 0.09711707 0.0
0.32 -0.009711707 0.0 0.106828777 -0.023363042808486563
0.34 0.0 0.0 0.077693656 -0.005840760702121641
0.36 -0.009711707 0.0 0.077693656 -0.03504456421272985
0.38 0.0 0.0 0.058270242 -0.017522282106364924
0.4 0.0 0.011681521404243281 0.08740536300000001 -0.04088532491485148
0.42 0.0 0.0 0.067981949 -0.005840760702121641
0.44 0.0 0.005840760702121641 0.08740536300000001 -0.023363042808486563
0.46 0.0 0.0 0.048558535 0.0
0.48 0.0 0.011681521404243281 0.077693656 -0.023363042808486563
0.5 0.0 0.0 0.067981949 0.0
0.52 0.0 0.005840760702121641 0.067981949 -0.023363042808486563
0.54 0.0 0.0 0.067981949 0.0
0.56 -0.019423414 0.011681521404243281 0.09711707 -0.005840760702121641
0.58 0.0 0.0 0.077693656 0.0
0.6 0.0 0.011681521404243281 0.09711707 0.0
0.62 0.0 0.0 0.09711707 0.0
0.64 -0.009711707 0.0 0.09711707 -0.005840760702121641
0.66 0.0 0.0 0.09711707 0.0
0.68 -0.019423414 0.005840760702121641 0.09711707 -0.005840760702121641
0.7 0.0 0.0 0.08740536300000001 0.0
0.72 0.0 0.005840760702121641 0.09711707 -0.005840760702121641
0.74 0.0 0.0 0.077693656 0.0
0.76 0.0 0.017522282106364924 0.08740536300000001 -0.005840760702121641
0.78 0.0 0.0 0.077693656 0.0
0.8 -0.009711707 0.011681521404243281 0.08740536300000001 -0.011681521404243281
0.82 0.0 0.0 0.077693656 0.0
0.84 0.0 0.017522282106364924 0.08740536300000001 -0.011681521404243281
0.86 0.0 0.0 0.077693656 0.0
0.88 -0.009711707 0.011681521404243281 0.09711707 -0.023363042808486563
0.9 -0.009711707 0.0 0.08740536300000001 0.0
0.92 -0.019423414 0.017522282106364924 0.106828777 -0.029203803510608202
0.94 -0.009711707 0.0 0.08740536300000001 0.0
0.96 -0.019423414 0.011681521404243281 0.09711707 -0.029203803510608202
0.98 -0.009711707 0.0 0.09711707 0.0
1.0 -0.009711707 0.023363042808486563 0.116540484 -0.03504456421272985
1.02 0.0 0.0 0.08740536300000001 0.0
1.04 -0.009711707 0.017522282106364924 0.09711707 -0.017522282106364924
1.06 -0.009711707 0.0 0.08740536300000001 0.0
1.08 -0.019423414 0.023363042808486563 0.116540484 -0.011681521404243281
1.1 0.0 0.0 0.08740536300000001 0.0
1.12 -0.019423414 0.023363042808486563 0.08740536300000001 -0.011681521404243281
1.14 0.0 0.0 0.077693656 0.0
1.16 -0.009711707 0.023363042808486563 0.09711707 -0.011681521404243281
1.18 -0.009711707 0.005840760702121641 0.09711707 0.0
1.2 -0.019423414 0.023363042808486563 0.116540484 -0.017522282106364924
1.22 -0.009711707 0.005840760702121641 0.09711707 0.0
1.24 -0.048558535 0.023363042808486563 0.116540484 -0.017522282106364924
1.26 -0.038846828 0.005840760702121641 0.09711707 0.0
1.28 -0.038846828 0.023363042808486563 0.116540484 -0.017522282106364924
1.3 -0.038846828 0.005840760702121641 0.106828777 0.0
1.32 -0.019423414 0.023363042808486563 0.126252191 -0.005840760702121641
1.34 -0.019423414 0.005840760702121641 0.126252191 0.0
1.36 -0.038846828 0.029203803510608202 0.145675605 -0.017522282106364924
1.38 -0.019423414 0.011681521404243281 0.126252191 0.0
1.4 -0.048558535 0.029203803510608202 0.106828777 -0.011681521404243281
1.42 -0.019423414 0.005840760702121641 0.09711707 -0.005840760702121641
1.44 -0.048558535 0.029203803510608202 0.126252191 -0.023363042808486563
1.46 -0.019423414 0.011681521404243281 0.116540484 0.0
1.48 -0.019423414 0.029203803510608202 0.135963898 -0.029203803510608202
1.5 -0.019423414 0.011681521404243281 0.106828777 -0.005840760702121641
1.52 -0.019423414 0.023363042808486563 0.116540484 -0.023363042808486563
1.54 -0.038846828 0.011681521404243281 0.106828777 -0.011681521404243281
1.56 -0.038846828 0.023363042808486563 0.135963898 -0.029203803510608202
1.58 -0.019423414 0.011681521404243281 0.116540484 -0.011681521404243281
1.6 -0.029135121 0.04088532491485148 0.126252191 -0.058407607021216404
1.62 -0.038846828 0.017522282106364924 0.116540484 -0.023363042808486563
1.64 -0.067981949 0.029203803510608202 0.135963898 -0.046726085616973126
1.66 -0.048558535 0.011681521404243281 0.126252191 -0.029203803510608202
1.68 -0.048558535 0.023363042808486563 0.135963898 -0.046726085616973126
1.7 -0.048558535 0.011681521404243281 0.126252191 -0.023363042808486563
1.72 -0.058270242 0.03504456421272985 0.155387312 -0.04088532491485148
1.74 -0.048558535 0.017522282106364924 0.145675605 -0.023363042808486563
1.76 -0.067981949 0.03504456421272985 0.155387312 -0.05256684631909477
1.78 -0.048558535 0.017522282106364924 0.135963898 -0.017522282106364924
1.8 -0.048558535 0.03504456421272985 0.145675605 -0.03504456421272985
1.82 -0.038846828 0.023363042808486563 0.145675605 -0.017522282106364924
1.84 -0.058270242 0.03504456421272985 0.145675605 -0.03504456421272985
1.86 -0.048558535 0.017522282106364924 0.135963898 -0.017522282106364924
1.88 -0.048558535 0.03504456421272985 0.135963898 -0.03504456421272985
1.9 -0.048558535 0.023363042808486563 0.126252191 -0.011681521404243281
1.92 -0.058270242 0.03504456421272985 0.135963898 -0.04088532491485148
1.94 -0.067981949 0.023363042808486563 0.126252191 -0.011681521404243281
1.96 -0.077693656 0.03504456421272985 0.155387312 -0.03504456421272985
1.98 -0.048558535 0.017522282106364924 0.126252191 -0.005840760702121641
2.0 -0.058270242 0.03504456421272985 0.135963898 -0.029203803510608202
2.02 -0.048558535 0.017522282106364924 0.135963898 -0.011681521404243281
2.04 -0.077693656 0.046726085616973126 0.145675605 -0.029203803510608202
2.06 -0.058270242 0.029203803510608202 0.135963898 -0.011681521404243281
2.08 -0.067981949 0.04088532491485148 0.145675605 -0.029203803510608202
2.1 -0.058270242 0.023363042808486563 0.135963898 -0.023363042808486563
2.12 -0.067981949 0.05256684631909477 0.155387312 -0.029203803510608202
2.14 -0.058270242 0.023363042808486563 0.155387312 -0.017522282106364924
2.16 -0.067981949 0.046726085616973126 0.155387312 -0.03504456421272985
2.18 -0.058270242 0.029203803510608202 0.145675605 -0.023363042808486563
2.2 -0.08740536300000001 0.046726085616973126 0.165099019 -0.04088532491485148
2.22 -0.067981949 0.029203803510608202 0.135963898 -0.017522282106364924
2.24 -0.077693656 0.046726085616973126 0.155387312 -0.04088532491485148
2.26 -0.067981949 0.029203803510608202 0.155387312 -0.017522282106364924
2.28 -0.09711707 0.046726085616973126 0.155387312 -0.03504456421272985
2.3 -0.08740536300000001 0.029203803510608202 0.145675605 -0.023363042808486563
2.32 -0.08740536300000001 0.046726085616973126 0.155387312 -0.04088532491485148
2.34 -0.077693656 0.029203803510608202 0.145675605 -0.023363042808486563
2.36 -0.077693656 0.04088532491485148 0.155387312 -0.04088532491485148
2.38 -0.077693656 0.029203803510608202 0.145675605 -0.029203803510608202
2.4 -0.08740536300000001 0.046726085616973126 0.165099019 -0.05256684631909477
2.42 -0.077693656 0.03504456421272985 0.155387312 -0.04088532491485148
2.44 -0.09711707 0.06424836772333804 0.155387312 -0.05256684631909477
2.46 -0.058270242 0.04088532491485148 0.145675605 -0.046726085616973126
2.48 -0.077693656 0.03504456421272985 0.145675605 -0.0700891284254597
2.5 -0.077693656 0.023363042808486563 0.135963898 -0.05256684631909477
2.52 -0.09711707 0.046726085616973126 0.135963898 -0.058407607021216404
2.54 -0.08740536300000001 0.029203803510608202 0.145675605 -0.058407607021216404
2.56 -0.106828777 0.04088532491485148 0.155387312 -0.05256684631909477
2.58 -0.067981949 0.03504456421272985 0.135963898 -0.03504456421272985
2.6 -0.077693656 0.05256684631909477 0.165099019 -0.046726085616973126
2.62 -0.067981949 0.029203803510608202 0.155387312 -0.04088532491485148
2.64 -0.08740536300000001 0.05256684631909477 0.165099019 -0.05256684631909477
2.66 -0.08740536300000001 0.03504456421272985 0.17481072600000003 -0.03504456421272985
2.68 -0.09711707 0.058407607021216404 0.165099019 -0.058407607021216404
2.7 -0.08740536300000001 0.046726085616973126 0.145675605 -0.04088532491485148
2.72 -0.09711707 0.05256684631909477 0.165099019 -0.04088532491485148
2.74 -0.077693656 0.03504456421272985 0.155387312 -0.03504456421272985
2.76 -0.077693656 0.058407607021216404 0.145675605 -0.06424836772333804
2.78 -0.058270242 0.046726085616973126 0.135963898 -0.05256684631909477
2.8 -0.058270242 0.0700891284254597 0.126252191 -0.058407607021216404
2.82 -0.048558535 0.046726085616973126 0.126252191 -0.04088532491485148
2.84 -0.077693656 0.058407607021216404 0.135963898 -0.05256684631909477
2.86 -0.08740536300000001 0.04088532491485148 0.126252191 -0.046726085616973126
2.88 -0.09711707 0.05256684631909477 0.135963898 -0.058407607021216404
2.9 -0.08740536300000001 0.046726085616973126 0.165099019 -0.03504456421272985
2.92 -0.126252191 0.058407607021216404 0.19423414 -0.04088532491485148
2.94 -0.126252191 0.029203803510608202 0.165099019 -0.03504456421272985
2.96 -0.135963898 0.04088532491485148 0.184522433 -0.04088532491485148
2.98 -0.106828777 0.046726085616973126 0.155387312 -0.04088532491485148
3.0 -0.09711707 0.07592988912758133 0.155387312 -0.05256684631909477
3.02 -0.08740536300000001 0.058407607021216404 0.145675605 -0.04088532491485148
3.04 -0.09711707 0.06424836772333804 0.155387312 -0.058407607021216404
3.06 -0.09711707 0.05256684631909477 0.165099019 -0.046726085616973126
3.08 -0.116540484 0.06424836772333804 0.165099019 -0.06424836772333804
3.1 -0.116540484 0.05256684631909477 0.165099019 -0.05256684631909477
3.12 -0.106828777 0.06424836772333804 0.184522433 -0.06424836772333804
3.14 -0.106828777 0.05256684631909477 0.165099019 -0.03504456421272985
3.16 -0.116540484 0.0700891284254597 0.19423414 -0.05256684631909477
3.18 -0.126252191 0.046726085616973126 0.19423414 -0.046726085616973126
3.2 -0.145675605 0.05256684631909477 0.17481072600000003 -0.046726085616973126
3.22 -0.145675605 0.03504456421272985 0.19423414 -0.04088532491485148
3.24 -0.155387312 0.05256684631909477 0.22336926099999999 -0.046726085616973126
3.26 -0.145675605 0.046726085616973126 0.22336926099999999 -0.03504456421272985
3.28 -0.145675605 0.058407607021216404 0.213657554 -0.046726085616973126
3.3 -0.135963898 0.04088532491485148 0.19423414 -0.046726085616973126
3.32 -0.155387312 0.058407607021216404 0.19423414 -0.06424836772333804
3.34 -0.135963898 0.04088532491485148 0.19423414 -0.05256684631909477
3.36 -0.116540484 0.058407607021216404 0.19423414 -0.058407607021216404
3.38 -0.08740536300000001 0.058407607021216404 0.203945847 -0.046726085616973126
3.4 -0.067981949 0.08177064982970296 0.17481072600000003 -0.08177064982970296
3.42 -0.058270242 0.07592988912758133 0.155387312 -0.07592988912758133
3.44 -0.08740536300000001 0.08177064982970296 0.126252191 -0.09929293193606789
3.46 -0.067981949 0.058407607021216404 0.106828777 -0.08177064982970296
3.48 -0.08740536300000001 0.06424836772333804 0.09711707 -0.09929293193606789
3.5 -0.09711707 0.058407607021216404 0.116540484 -0.08177064982970296
3.52 -0.106828777 0.0700891284254597 0.165099019 -0.09929293193606789
3.54 -0.077693656 0.058407607021216404 0.17481072600000003 -0.07592988912758133
3.56 -0.106828777 0.06424836772333804 0.22336926099999999 -0.0700891284254597
3.58 -0.126252191 0.058407607021216404 0.233080968 -0.05256684631909477
3.6 -0.145675605 0.07592988912758133 0.233080968 -0.07592988912758133
3.62 -0.145675605 0.05256684631909477 0.19423414 -0.06424836772333804
3.64 -0.126252191 0.0700891284254597 0.17481072600000003 -0.09345217123394625
3.66 -0.126252191 0.058407607021216404 0.165099019 -0.08177064982970296
3.68 -0.106828777 0.07592988912758133 0.165099019 -0.08761141053182461
3.7 -0.09711707 0.058407607021216404 0.17481072600000003 -0.06424836772333804
3.72 -0.106828777 0.0700891284254597 0.203945847 -0.08177064982970296
3.74 -0.106828777 0.03504456421272985 0.203945847 -0.058407607021216404
3.76 -0.126252191 0.05256684631909477 0.203945847 -0.0700891284254597
3.78 -0.135963898 0.03504456421272985 0.203945847 -0.05256684631909477
3.8 -0.116540484 0.06424836772333804 0.17481072600000003 -0.0700891284254597
3.82 -0.106828777 0.05256684631909477 0.17481072600000003 -0.0700891284254597
3.84 -0.067981949 0.08761141053182461 0.135963898 -0.08177064982970296
3.86 -0.08740536300000001 0.08177064982970296 0.135963898 -0.07592988912758133
3.88 -0.106828777 0.08761141053182461 0.165099019 -0.08761141053182461
3.9 -0.106828777 0.0700891284254597 0.17481072600000003 -0.07592988912758133
3.92 -0.126252191 0.0700891284254597 0.19423414 -0.0700891284254597
3.94 -0.135963898 0.046726085616973126 0.213657554 -0.058407607021216404
3.96 -0.165099019 0.06424836772333804 0.242792675 -0.058407607021216404
3.98 -0.165099019 0.05256684631909477 0.233080968 -0.046726085616973126
4.0 -0.165099019 0.046726085616973126 0.242792675 -0.046726085616973126
4.02 -0.17481072600000003 0.03504456421272985 0.242792675 -0.04088532491485148
4.04 -0.184522433 0.046726085616973126 0.252504382 -0.046726085616973126
4.06 -0.145675605 0.04088532491485148 0.213657554 -0.05256684631909477
4.08 -0.116540484 0.05256684631909477 0.203945847 -0.058407607021216404
4.1 -0.077693656 0.058407607021216404 0.17481072600000003 -0.046726085616973126
4.12 -0.038846828 0.07592988912758133 0.155387312 -0.07592988912758133
4.14 -0.048558535 0.07592988912758133 0.155387312 -0.07592988912758133
4.16 -0.048558535 0.09345217123394625 0.145675605 -0.08177064982970296
4.18 -0.048558535 0.08177064982970296 0.126252191 -0.08177064982970296
4.2 -0.067981949 0.10513369263818954 0.09711707 -0.11681521404243281
4.22 -0.067981949 0.09345217123394625 0.08740536300000001 -0.11681521404243281
4.24 -0.077693656 0.09345217123394625 0.145675605 -0.10513369263818954
4.26 -0.08740536300000001 0.08177064982970296 0.17481072600000003 -0.08177064982970296
4.28 -0.126252191 0.07592988912758133 0.19423414 -0.058407607021216404
4.3 -0.135963898 0.058407607021216404 0.233080968 -0.046726085616973126
4.32 -0.17481072600000003 0.058407607021216404 0.203945847 -0.06424836772333804
4.34 -0.17481072600000003 0.046726085616973126 0.203945847 -0.046726085616973126
4.36 -0.17481072600000003 0.058407607021216404 0.22336926099999999 -0.05256684631909477
4.38 -0.165099019 0.058407607021216404 0.242792675 -0.03504456421272985
4.4 -0.203945847 0.0700891284254597 0.242792675 -0.04088532491485148
4.42 -0.203945847 0.058407607021216404 0.242792675 -0.046726085616973126
4.44 -0.203945847 0.0700891284254597 0.252504382 -0.058407607021216404
4.46 -0.184522433 0.0700891284254597 0.22336926099999999 -0.058407607021216404
4.48 -0.126252191 0.07592988912758133 0.203945847 -0.0700891284254597
4.5 -0.106828777 0.08761141053182461 0.165099019 -0.07592988912758133
4.52 -0.077693656 0.11681521404243281 0.17481072600000003 -0.09345217123394625
4.54 -0.038846828 0.09929293193606789 0.155387312 -0.08761141053182461
4.56 -0.067981949 0.09929293193606789 0.155387312 -0.09345217123394625
4.58 -0.08740536300000001 0.08761141053182461 0.135963898 -0.09345217123394625
4.6 -0.067981949 0.10513369263818954 0.155387312 -0.11097445334031117
4.62 -0.067981949 0.10513369263818954 0.165099019 -0.08761141053182461
4.64 -0.077693656 0.09929293193606789 0.17481072600000003 -0.08761141053182461
4.66 -0.08740536300000001 0.08177064982970296 0.17481072600000003 -0.0700891284254597
4.68 -0.106828777 0.07592988912758133 0.17481072600000003 -0.0700891284254597
4.7 -0.116540484 0.058407607021216404 0.17481072600000003 -0.0700891284254597
4.72 -0.029135121 0.0 0.213657554 -0.07592988912758133
4.74 0.0 -0.011681521404243281 0.22336926099999999 -0.046726085616973126
4.76 0.0 0.0 0.22336926099999999 -0.05256684631909477
4.78 -0.038846828 0.0 0.213657554 -0.058407607021216404
4.8 -0.09711707 0.0 0.184522433 -0.06424836772333804
4.82 -0.09711707 0.005840760702121641 0.067981949 -0.06424836772333804
4.84 -0.116540484 0.005840760702121641 0.058270242 -0.06424836772333804
4.86 -0.09711707 0.005840760702121641 0.08740536300000001 -0.06424836772333804
4.88 -0.077693656 0.023363042808486563 0.135963898 -0.08761141053182461
4.9 -0.009711707 0.04088532491485148 0.145675605 -0.08761141053182461
4.92 0.0 0.04088532491485148 0.155387312 -0.07592988912758133
4.94 0.0 0.011681521404243281 0.155387312 -0.0700891284254597
4.96 0.019423414 0.0 0.165099019 -0.0700891284254597
4.98 0.029135121 0.029203803510608202 0.165099019 -0.0700891284254597
5.0 0.019423414 0.023363042808486563 0.165099019 -0.06424836772333804
5.02 0.0 0.029203803510608202 0.165099019 -0.06424836772333804
5.04 -0.029135121 0.03504456421272985 0.165099019 -0.06424836772333804
5.06 -0.029135121 0.029203803510608202 0.165099019 -0.06424836772333804
5.08 -0.048558535 0.029203803510608202 0.165099019 -0.06424836772333804
5.1 -0.09711707 0.0 0.126252191 -0.017522282106364924
5.12 -0.08740536300000001 0.0 0.077693656 0.005840760702121641
5.14 -0.106828777 -0.029203803510608202 0.126252191 0.06424836772333804
5.16 -0.077693656 -0.011681521404243281 0.126252191 0.07592988912758133
5.18 -0.09711707 -0.023363042808486563 0.126252191 0.058407607021216404
5.2 -0.09711707 -0.03504456421272985 0.126252191 0.06424836772333804
5.22 -0.08740536300000001 -0.08177064982970296 0.126252191 0.11097445334031117
5.24 -0.106828777 -0.08177064982970296 0.126252191 0.11097445334031117
5.26 -0.09711707 -0.08177064982970296 0.126252191 0.12265597474455446
5.28 -0.09711707 -0.09929293193606789 0.126252191 0.13433749614879772
5.3 -0.09711707 -0.12265597474455446 0.126252191 0.13433749614879772
5.32 -0.09711707 -0.15185977825516267 0.126252191 0.1577005389572843
5.34 -0.09711707 -0.146019017553041 0.135963898 0.1577005389572843
5.36 -0.09711707 -0.146019017553041 0.135963898 0.17522282106364923
5.38 -0.09711707 -0.18106358176577086 0.135963898 0.16354129965940592
5.4 -0.09711707 -0.18106358176577086 0.135963898 0.16354129965940592
5.42 -0.08740536300000001 -0.18106358176577086 0.135963898 0.16354129965940592
5.44 -0.08740536300000001 -0.18106358176577086 0.135963898 0.1577005389572843
5.46 -0.09711707 -0.18106358176577086 0.135963898 0.16354129965940592
5.48 -0.106828777 -0.18106358176577086 0.135963898 0.16354129965940592
5.5 -0.106828777 -0.18106358176577086 0.135963898 0.16354129965940592
5.52 -0.106828777 -0.18106358176577086 0.135963898 0.16354129965940592
5.54 -0.116540484 -0.18106358176577086 0.135963898 0.16354129965940592
5.56 -0.116540484 -0.18106358176577086 0.135963898 0.16354129965940592
5.58 -0.106828777 -0.17522282106364923 0.135963898 0.16354129965940592
5.6 -0.126252191 -0.18106358176577086 0.135963898 0.16354129965940592
5.62 -0.116540484 -0.18106358176577086 0.135963898 0.16938206036152761
5.64 -0.106828777 -0.18106358176577086 0.135963898 0.16938206036152761
5.66 -0.116540484 -0.18106358176577086 0.135963898 0.17522282106364923
5.68 -0.116540484 -0.18106358176577086 0.135963898 0.17522282106364923
5.7 -0.126252191 -0.18106358176577086 0.135963898 0.17522282106364923
5.72 -0.116540484 -0.18106358176577086 0.135963898 0.18106358176577086
5.74 -0.116540484 -0.18106358176577086 0.135963898 0.1869043424678925
5.76 -0.116540484 -0.18106358176577086 0.135963898 0.1869043424678925
5.78 -0.116540484 -0.18106358176577086 0.135963898 0.18106358176577086
5.8 -0.126252191 -0.18106358176577086 0.135963898 0.1869043424678925
5.82 -0.126252191 -0.18106358176577086 0.135963898 0.18106358176577086
5.84 -0.126252191 -0.18106358176577086 0.135963898 0.18106358176577086
5.86 -0.126252191 -0.18106358176577086 0.135963898 0.1869043424678925
5.88 -0.126252191 -0.18106358176577086 0.135963898 0.1869043424678925
5.9 -0.126252191 -0.18106358176577086 0.135963898 0.1869043424678925
5.92 -0.126252191 -0.18106358176577086 0.135963898 0.1869043424678925
5.94 -0.126252191 -0.18106358176577086 0.135963898 0.1869043424678925
5.96 -0.126252191 -0.18106358176577086 0.135963898 0.1869043424678925
5.98 -0.126252191 -0.18106358176577086 0.126252191 0.1869043424678925
6.0 -0.126252191 -0.18106358176577086 0.126252191 0.1869043424678925
6.02 -0.126252191 -0.18106358176577086 0.126252191 0.1869043424678925
6.04 -0.116540484 -0.18106358176577086 0.126252191 0.1869043424678925
6.06 -0.126252191 -0.18106358176577086 0.126252191 0.1869043424678925
6.08 -0.126252191 -0.18106358176577086 0.126252191 0.1869043424678925
6.1 -0.126252191 -0.18106358176577086 0.126252191 0.1869043424678925
6.12 -0.116540484 -0.18106358176577086 0.126252191 0.1869043424678925
6.14 -0.116540484 -0.18106358176577086 0.126252191 0.18106358176577086
6.16 -0.126252191 -0.18106358176577086 0.126252191 0.1869043424678925
6.18 -0.126252191 -0.18106358176577086 0.126252191 0.1869043424678925
6.2 -0.135963898 -0.18106358176577086 0.126252191 0.1869043424678925
6.22 -0.126252191 -0.18106358176577086 0.126252191 0.1869043424678925
6.24 -0.116540484 -0.18106358176577086 0.126252191 0.1869043424678925
6.26 -0.126252191 -0.18106358176577086 0.126252191 0.1869043424678925
6.28 -0.126252191 -0.18106358176577086 0.126252191 0.1869043424678925
6.3 -0.135963898 -0.18106358176577086 0.126252191 0.1869043424678925
6.32 -0.126252191 -0.18106358176577086 0.126252191 0.1869043424678925
6.34 -0.126252191 -0.18106358176577086 0.126252191 0.1869043424678925
6.36 -0.126252191 -0.18106358176577086 0.126252191 0.1869043424678925
6.38 -0.126252191 -0.18106358176577086 0.126252191 0.1869043424678925
6.4 -0.126252191 -0.18106358176577086 0.126252191 0.1869043424678925
6.42 -0.126252191 -0.18106358176577086 0.126252191 0.1869043424678925
6.44 -0.126252191 -0.18106358176577086 0.126252191 0.1869043424678925
6.46 -0.126252191 -0.18106358176577086 0.126252191 0.1869043424678925
6.48 -0.126252191 -0.18106358176577086 0.126252191 0.1869043424678925
6.5 -0.116540484 -0.18106358176577086 0.126252191 0.1869043424678925
6.52 -0.126252191 -0.18106358176577086 0.135963898 0.1869043424678925
6.54 -0.126252191 -0.18106358176577086 0.135963898 0.1869043424678925
6.56 -0.126252191 -0.18106358176577086 0.135963898 0.1869043424678925
6.58 -0.116540484 -0.18106358176577086 0.135963898 0.1869043424678925
6.6 -0.135963898 -0.18106358176577086 0.135963898 0.18106358176577086
6.62 -0.116540484 -0.18106358176577086 0.135963898 0.1869043424678925
6.64 -0.135963898 -0.18106358176577086 0.135963898 0.1869043424678925
6.66 -0.126252191 -0.18106358176577086 0.135963898 0.1869043424678925
6.68 -0.126252191 -0.18106358176577086 0.135963898 0.1869043424678925
6.7 -0.116540484 -0.18106358176577086 0.135963898 0.1869043424678925
6.72 -0.116540484 -0.18106358176577086 0.135963898 0.1869043424678925
6.74 -0.126252191 -0.18106358176577086 0.135963898 0.1869043424678925
6.76 -0.126252191 -0.18106358176577086 0.116540484 0.1869043424678925
6.78 -0.126252191 -0.18106358176577086 0.126252191 0.1869043424678925
6.8 -0.126252191 -0.18106358176577086 0.126252191 0.1869043424678925
6.82 -0.126252191 -0.18106358176577086 0.126252191 0.1869043424678925
6.84 -0.126252191 -0.18106358176577086 0.126252191 0.1869043424678925
6.86 -0.126252191 -0.18106358176577086 0.126252191 0.1869043424678925
6.88 -0.126252191 -0.18106358176577086 0.126252191 0.1869043424678925
6.9 -0.116540484 -0.18106358176577086 0.126252191 0.1869043424678925
6.92 -0.135963898 -0.18106358176577086 0.126252191 0.1869043424678925
6.94 -0.116540484 -0.18106358176577086 0.126252191 0.1869043424678925
6.96 -0.116540484 -0.18106358176577086 0.126252191 0.1869043424678925
6.98 -0.126252191 -0.18106358176577086 0.126252191 0.1869043424678925
7.0 -0.126252191 -0.18106358176577086 0.126252191 0.1869043424678925
7.02 -0.135963898 -0.18106358176577086 0.126252191 0.1869043424678925
7.04 -0.116540484 -0.18106358176577086 0.126252191 0.1869043424678925
7.06 -0.126252191 -0.18106358176577086 0.126252191 0.1869043424678925
7.08 -0.126252191 -0.18106358176577086 0.126252191 0.1869043424678925
7.1 -0.126252191 -0.18106358176577086 0.126252191 0.1869043424678925
7.12 -0.126252191 -0.18106358176577086 0.126252191 0.1869043424678925
7.14 -0.126252191 -0.18106358176577086 0.126252191 0.1869043424678925
7.16 -0.126252191 -0.18106358176577086 0.126252191 0.1869043424678925
7.18 -0.135963898 -0.18106358176577086 0.126252191 0.1869043424678925
7.2 -0.135963898 -0.18106358176577086 0.126252191 0.1869043424678925
7.22 -0.126252191 -0.18106358176577086 0.126252191 0.1869043424678925
7.24 -0.126252191 -0.18106358176577086 0.126252191 0.1869043424678925
7.26 -0.135963898 -0.18106358176577086 0.126252191 0.1869043424678925
7.28 -0.126252191 -0.18106358176577086 0.126252191 0.1869043424678925
7.3 -0.116540484 -0.18106358176577086 0.126252191 0.1869043424678925
7.32 -0.135963898 -0.18106358176577086 0.126252191 0.1869043424678925
7.34 -0.116540484 -0.18106358176577086 0.126252191 0.1869043424678925
7.36 -0.126252191 -0.18106358176577086 0.126252191 0.1869043424678925
7.38 -0.116540484 -0.18106358176577086 0.126252191 0.1869043424678925
7.4 -0.126252191 -0.18106358176577086 0.126252191 0.1869043424678925
7.42 -0.135963898 -0.18106358176577086 0.126252191 0.1869043424678925
7.44 -0.126252191 -0.18106358176577086 0.126252191 0.1869043424678925
7.46 -0.126252191 -0.18106358176577086 0.126252191 0.1869043424678925
7.48 -0.116540484 -0.18106358176577086 0.126252191 0.1869043424678925
7.5 -0.126252191 -0.18106358176577086 0.126252191 0.1869043424678925
7.52 -0.116540484 -0.18106358176577086 0.126252191 0.1869043424678925
7.54 -0.126252191 -0.18106358176577086 0.126252191 0.1869043424678925
7.56 -0.135963898 -0.18106358176577086 0.126252191 0.1869043424678925
7.58 -0.126252191 -0.18106358176577086 0.126252191 0.1869043424678925
7.6 -0.135963898 -0.18106358176577086 0.126252191 0.1869043424678925
7.62 -0.135963898 -0.18106358176577086 0.126252191 0.1869043424678925
7.64 -0.116540484 -0.18106358176577086 0.126252191 0.1869043424678925
7.66 -0.126252191 -0.18106358176577086 0.126252191 0.1869043424678925
7.68 -0.126252191 -0.18106358176577086 0.126252191 0.1869043424678925
7.7 -0.126252191 -0.18106358176577086 0.126252191 0.1869043424678925
7.72 -0.126252191 -0.18106358176577086 0.126252191 0.1869043424678925
7.74 -0.126252191 -0.18106358176577086 0.126252191 0.1869043424678925
7.76 -0.135963898 -0.18106358176577086 0.126252191 0.1869043424678925
7.78 -0.126252191 -0.18106358176577086 0.126252191 0.1869043424678925
7.8 -0.135963898 -0.18106358176577086 0.126252191 0.1869043424678925
7.82 -0.135963898 -0.18106358176577086 0.126252191 0.1869043424678925
7.84 -0.126252191 -0.18106358176577086 0.126252191 0.1869043424678925
7.86 -0.126252191 -0.18106358176577086 0.126252191 0.1869043424678925
7.88 -0.126252191 -0.18106358176577086 0.126252191 0.1869043424678925
7.9 -0.126252191 -0.18106358176577086 0.126252191 0.1869043424678925
7.92 -0.135963898 -0.18106358176577086 0.126252191 0.1869043424678925
7.94 -0.126252191 -0.18106358176577086 0.126252191 0.1869043424678925
7.96 -0.126252191 -0.18106358176577086 0.135963898 0.1869043424678925
7.98 -0.126252191 -0.18106358176577086 0.135963898 0.1869043424678925
8.0 -0.126252191 -0.18106358176577086 0.135963898 0.1869043424678925
8.02 -0.126252191 -0.18106358176577086 0.135963898 0.1869043424678925
8.04 -0.116540484 -0.18106358176577086 0.135963898 0.1869043424678925
8.06 -0.126252191 -0.18106358176577086 0.126252191 0.1869043424678925
8.08 -0.135963898 -0.18106358176577086 0.126252191 0.1869043424678925
8.1 -0.135963898 -0.18106358176577086 0.126252191 0.1869043424678925
8.12 -0.135963898 -0.18106358176577086 0.126252191 0.1869043424678925
8.14 -0.135963898 -0.18106358176577086 0.126252191 0.1869043424678925
8.16 -0.126252191 -0.18106358176577086 0.126252191 0.1869043424678925
8.18 -0.135963898 -0.18106358176577086 0.126252191 0.1869043424678925
8.2 -0.116540484 -0.18106358176577086 0.126252191 0.1869043424678925
8.22 -0.126252191 -0.18106358176577086 0.126252191 0.1869043424678925
8.24 -0.126252191 -0.18106358176577086 0.126252191 0.1869043424678925
8.26 -0.126252191 -0.18106358176577086 0.126252191 0.1869043424678925
8.28 -0.116540484 -0.18106358176577086 0.126252191 0.1869043424678925
8.3 -0.116540484 -0.18106358176577086 0.126252191 0.1869043424678925
8.32 -0.126252191 -0.18106358176577086 0.126252191 0.1869043424678925
8.34 -0.116540484 -0.18106358176577086 0.126252191 0.1869043424678925
8.36 -0.116540484 -0.18106358176577086 0.126252191 0.1869043424678925
8.38 -0.126252191 -0.18106358176577086 0.126252191 0.19274510317001414
8.4 -0.126252191 -0.18106358176577086 0.126252191 0.1869043424678925
8.42 -0.126252191 -0.18106358176577086 0.126252191 0.1869043424678925
8.44 -0.135963898 -0.18106358176577086 0.126252191 0.1869043424678925
8.46 -0.126252191 -0.18106358176577086 0.126252191 0.1869043424678925
8.48 -0.126252191 -0.18106358176577086 0.126252191 0.1869043424678925
8.5 -0.126252191 -0.18106358176577086 0.126252191 0.1869043424678925
8.52 -0.126252191 -0.18106358176577086 0.126252191 0.1869043424678925
8.54 -0.126252191 -0.18106358176577086 0.126252191 0.1869043424678925
8.56 -0.126252191 -0.18106358176577086 0.126252191 0.1869043424678925
8.58 -0.126252191 -0.18106358176577086 0.126252191 0.1869043424678925
8.6 -0.135963898 -0.18106358176577086 0.126252191 0.1869043424678925
8.62 -0.126252191 -0.18106358176577086 0.126252191 0.1869043424678925
8.64 -0.135963898 -0.18106358176577086 0.126252191 0.1869043424678925
8.66 -0.116540484 -0.18106358176577086 0.126252191 0.1869043424678925
8.68 -0.116540484 -0.18106358176577086 0.126252191 0.1869043424678925
8.7 -0.135963898 -0.18106358176577086 0.126252191 0.1869043424678925
8.72 -0.126252191 -0.18106358176577086 0.126252191 0.1869043424678925
8.74 -0.126252191 -0.18106358176577086 0.126252191 0.1869043424678925
8.76 -0.135963898 -0.18106358176577086 0.126252191 0.1869043424678925
8.78 -0.126252191 -0.18106358176577086 0.126252191 0.1869043424678925
8.8 -0.135963898 -0.18106358176577086 0.126252191 0.1869043424678925
8.82 -0.126252191 -0.18106358176577086 0.126252191 0.1869043424678925
8.84 -0.126252191 -0.18106358176577086 0.126252191 0.1869043424678925
8.86 -0.126252191 -0.18106358176577086 0.126252191 0.1869043424678925
8.88 -0.116540484 -0.18106358176577086 0.126252191 0.1869043424678925
8.9 -0.126252191 -0.18106358176577086 0.126252191 0.1869043424678925
8.92 -0.126252191 -0.18106358176577086 0.126252191 0.19274510317001414
8.94 -0.135963898 -0.18106358176577086 0.126252191 0.19274510317001414
8.96 -0.126252191 -0.18106358176577086 0.126252191 0.19274510317001414
8.98 -0.126252191 -0.18106358176577086 0.126252191 0.19274510317001414
9.0 -0.126252191 -0.18106358176577086 0.126252191 0.19274510317001414
9.02 -0.126252191 -0.18106358176577086 0.126252191 0.1869043424678925
9.04 -0.116540484 -0.18106358176577086 0.126252191 0.1869043424678925
9.06 -0.126252191 -0.18106358176577086 0.126252191 0.1869043424678925
9.08 -0.116540484 -0.18106358176577086 0.126252191 0.1869043424678925
9.1 -0.126252191 -0.18106358176577086 0.126252191 0.1869043424678925
9.12 -0.126252191 -0.18106358176577086 0.126252191 0.1869043424678925
9.14 -0.126252191 -0.18106358176577086 0.126252191 0.1869043424678925
9.16 -0.126252191 -0.18106358176577086 0.126252191 0.1869043424678925
9.18 -0.126252191 -0.18106358176577086 0.126252191 0.1869043424678925
9.2 -0.135963898 -0.18106358176577086 0.126252191 0.1869043424678925
9.22 -0.126252191 -0.18106358176577086 0.126252191 0.1869043424678925
9.24 -0.126252191 -0.18106358176577086 0.126252191 0.1869043424678925
9.26 -0.126252191 -0.18106358176577086 0.126252191 0.1869043424678925
9.28 -0.126252191 -0.18106358176577086 0.126252191 0.1869043424678925
9.3 -0.126252191 -0.18106358176577086 0.126252191 0.1869043424678925
9.32 -0.126252191 -0.18106358176577086 0.126252191 0.1869043424678925
9.34 -0.116540484 -0.18106358176577086 0.126252191 0.1869043424678925
9.36 -0.126252191 -0.18106358176577086 0.126252191 0.1869043424678925
9.38 -0.126252191 -0.18106358176577086 0.126252191 0.1869043424678925
9.4 -0.116540484 -0.18106358176577086 0.126252191 0.1869043424678925
9.42 -0.135963898 -0.18106358176577086 0.126252191 0.1869043424678925
9.44 -0.126252191 -0.18106358176577086 0.126252191 0.1869043424678925
9.46 -0.116540484 -0.18106358176577086 0.126252191 0.1869043424678925
9.48 -0.126252191 -0.18106358176577086 0.126252191 0.1869043424678925
9.5 -0.135963898 -0.18106358176577086 0.126252191 0.1869043424678925
9.52 -0.135963898 -0.18106358176577086 0.126252191 0.1869043424678925
9.54 -0.126252191 -0.18106358176577086 0.126252191 0.1869043424678925
9.56 -0.126252191 -0.18106358176577086 0.126252191 0.1869043424678925
9.58 -0.106828777 -0.18106358176577086 0.126252191 0.1869043424678925
9.6 -0.126252191 -0.18106358176577086 0.126252191 0.1869043424678925
9.62 -0.126252191 -0.18106358176577086 0.126252191 0.1869043424678925
9.64 -0.126252191 -0.18106358176577086 0.135963898 0.1869043424678925
9.66 -0.135963898 -0.18106358176577086 0.135963898 0.1869043424678925
9.68 -0.126252191 -0.18106358176577086 0.135963898 0.1869043424678925
9.7 -0.135963898 -0.18106358176577086 0.135963898 0.1869043424678925
9.72 -0.126252191 -0.18106358176577086 0.135963898 0.1869043424678925
9.74 -0.126252191 -0.18106358176577086 0.135963898 0.1869043424678925
9.76 -0.126252191 -0.18106358176577086 0.126252191 0.1869043424678925
9.78 -0.135963898 -0.18106358176577086 0.126252191 0.1869043424678925
9.8 -0.126252191 -0.18106358176577086 0.126252191 0.1869043424678925
9.82 -0.126252191 -0.18106358176577086 0.126252191 0.1869043424678925
9.84 -0.135963898 -0.18106358176577086 0.126252191 0.1869043424678925
9.86 -0.126252191 -0.18106358176577086 0.126252191 0.1869043424678925
9.88 -0.126252191 -0.18106358176577086 0.126252191 0.1869043424678925
9.9 -0.135963898 -0.18106358176577086 0.126252191 0.1869043424678925
9.92 -0.116540484 -0.18106358176577086 0.126252191 0.1869043424678925
9.94 -0.126252191 -0.17522282106364923 0.126252191 0.1869043424678925
9.96 -0.126252191 -0.18106358176577086 0.126252191 0.1869043424678925
9.98 -0.126252191 -0.18106358176577086 0.126252191 0.1869043424678925
10.0 -0.126252191 -0.18106358176577086 0.126252191 0.1869043424678925
10.02 -0.116540484 -0.18106358176577086 0.126252191 0.1869043424678925
10.04 -0.126252191 -0.18106358176577086 0.126252191 0.1869043424678925
10.06 -0.126252191 -0.18106358176577086 0.126252191 0.1869043424678925
10.08 -0.126252191 -0.18106358176577086 0.126252191 0.16938206036152761
10.1 -0.126252191 -0.18106358176577086 0.126252191 0.16938206036152761
10.12 -0.116540484 -0.18106358176577086 0.233080968 0.11681521404243281
10.14 -0.126252191 -0.3212418386166902 0.262216089 0.146019017553041
10.16 -0.106828777 -0.3562864028294201 0.30106291700000004 0.0
10.18 -0.08740536300000001 -0.5490315059994343 0.320486331 0.029203803510608202
10.2 -0.048558535 -0.5899168309142856 0.339909745 -0.12265597474455446
10.22 -0.048558535 -0.6132798737227724 0.233080968 0.03504456421272985
10.24 -0.019423414 -0.730095087765205 0.398179987 -0.292038035106082
10.26 0.058270242 -0.7184135663609618 0.572990713 -0.005840760702121641
10.28 0.077693656 -0.6716874807439887 0.67981949 -0.2044266245742574
10.3 0.09711707 -0.7709804126800566 0.8643419230000001 0.10513369263818954
10.32 0.106828777 -0.765139651977935 0.9226121649999999 -0.005840760702121641
10.34 0.067981949 -0.7184135663609618 0.6992429040000001 0.26867499229759545
10.36 -0.048558535 -0.665846720041867 0.67981949 -0.005840760702121641
10.38 -0.048558535 -0.6716874807439887 0.34962145200000005 0.10513369263818954
10.4 -0.106828777 -0.6716874807439887 0.242792675 -0.046726085616973126
10.42 -0.233080968 -0.6775282414461105 0.0 0.0
10.44 -0.310774624 -0.7534581305736917 -0.155387312 -0.19858586387213578
10.46 -0.359333159 -0.7709804126800566 -0.262216089 -0.11681521404243281
10.48 -0.398179987 -0.7709804126800566 -0.165099019 -0.19858586387213578
10.5 -0.339909745 -0.7709804126800566 -0.116540484 -0.11097445334031117
10.52 -0.310774624 -0.7709804126800566 0.058270242 -0.12849673544667609
10.54 -0.281639503 -0.7709804126800566 0.262216089 -0.046726085616973126
10.56 -0.213657554 -0.7067320449567185 0.475873643 -0.005840760702121641
10.58 -0.233080968 -0.7125728056588402 0.640972662 -0.005840760702121641
10.6 -0.213657554 -0.7125728056588402 0.45645022900000004 0.0
10.62 -0.30106291700000004 -0.765139651977935 0.330198038 -0.08177064982970296
10.64 -0.38846828 -0.765139651977935 0.184522433 -0.011681521404243281
10.66 -0.407891694 -0.7768211733821783 0.126252191 -0.15185977825516267
10.68 -0.407891694 -0.7768211733821783 0.077693656 -0.03504456421272985
10.7 -0.437026815 -0.7768211733821783 0.077693656 -0.17522282106364923
10.72 -0.407891694 -0.7768211733821783 0.009711707 -0.03504456421272985
10.74 -0.427315108 -0.7826619340842998 0.135963898 -0.23363042808486562
10.76 -0.427315108 -0.7943434554885431 0.029135121 0.0
10.78 -0.475873643 -0.8118657375949081 0.145675605 -0.29787879580820364
10.8 -0.543855592 -0.7067320449567185 0.029135121 0.005840760702121641
10.82 -0.543855592 -0.730095087765205 0.155387312 -0.309560317212447
10.84 -0.58270242 -0.7592988912758133 0.048558535 -0.005840760702121641
10.86 -0.58270242 -0.7592988912758133 0.155387312 -0.29787879580820364
10.88 -0.572990713 -0.7826619340842998 0.058270242 -0.058407607021216404
10.9 -0.660396076 -0.7242543270630835 0.0 0.5899168309142856
10.92 -0.67981949 -0.5723945488079208 -0.17481072600000003 1.2031967046370582
10.94 -0.563279006 -0.5957575916164073 0.0 1.0922222512967468
10.96 -0.48558535 -0.45557933476548795 0.116540484 1.2207189867434227
10.98 -0.242792675 -0.26867499229759545 0.262216089 1.039655404977652
11.0 -0.077693656 -0.22778966738274398 0.310774624 1.0863814905946252
11.02 -0.067981949 -0.1577005389572843 0.34962145200000005 0.9812477979564357
11.04 0.0 -0.36796792423366337 0.22336926099999999 0.8877956267224894
11.06 -0.058270242 -0.43221629195700145 0.213657554 0.7768211733821783
11.08 0.0 -0.46726085616973123 0.116540484 0.7125728056588402
11.1 -0.009711707 -0.5315092238930693 0.155387312 0.7184135663609618
11.12 0.0 -0.2102673852763791 0.09711707 0.6015983523185291
11.14 0.019423414 -0.2102673852763791 0.106828777 0.6015983523185291
11.16 -0.009711707 0.023363042808486563 0.0 0.5373499845951909
11.18 0.0 0.08177064982970296 -0.009711707 0.5373499845951909
11.2 -0.038846828 0.1869043424678925 -0.116540484 0.5139869417867043
11.22 -0.019423414 -0.023363042808486563 -0.09711707 0.5139869417867043
11.24 -0.145675605 0.08761141053182461 -0.252504382 0.48478313827609615
11.26 -0.067981949 -0.16938206036152761 -0.398179987 0.48478313827609615
11.28 -0.29135121 0.08761141053182461 -0.48558535 0.4614200954676096
11.3 -0.08740536300000001 -0.2044266245742574 -0.495297057 0.4614200954676096
11.32 -0.262216089 0.12849673544667609 -0.5147204710000001 0.4614200954676096
11.34 -0.009711707 -0.17522282106364923 -0.495297057 0.46726085616973123
11.36 -0.155387312 0.16938206036152761 -0.466161936 0.4614200954676096
11.38 0.009711707 -0.1401782568509194 -0.466161936 0.4614200954676096
11.4 -0.09711707 0.26867499229759545 -0.48558535 0.48478313827609615
11.42 -0.067981949 -0.09345217123394625 -0.5147204710000001 0.5607130274036776
11.44 -0.19423414 0.16938206036152761 -0.5924141270000001 0.4789423775739745
11.46 -0.08740536300000001 -0.08177064982970296 -0.572990713 0.5373499845951909
11.48 -0.135963898 0.18106358176577086 -0.572990713 0.4789423775739745
11.5 -0.077693656 -0.023363042808486563 -0.543855592 0.48478313827609615
11.52 -0.155387312 0.12265597474455446 -0.534143885 0.48478313827609615
11.54 -0.077693656 0.09345217123394625 -0.48558535 0.49062389897821784
11.56 -0.145675605 0.058407607021216404 -0.45645022900000004 0.49062389897821784
11.58 -0.106828777 0.07592988912758133 -0.437026815 0.49062389897821784
11.6 -0.135963898 0.017522282106364924 -0.41760340100000004 0.48478313827609615
11.62 -0.17481072600000003 0.0700891284254597 -0.407891694 0.48478313827609615
11.64 -0.155387312 0.017522282106364924 -0.41760340100000004 0.48478313827609615
11.66 -0.213657554 0.146019017553041 -0.378756573 0.48478313827609615
11.68 -0.17481072600000003 0.011681521404243281 -0.34962145200000005 0.4789423775739745
11.7 -0.29135121 0.19274510317001414 -0.339909745 0.5431907452973126
11.72 -0.106828777 0.017522282106364924 -0.29135121 0.5490315059994343
11.74 -0.17481072600000003 0.23947118878698725 -0.30106291700000004 0.5490315059994343
11.76 -0.077693656 0.005840760702121641 -0.242792675 0.5548722667015559
11.78 -0.203945847 0.23947118878698725 -0.213657554 0.5548722667015559
11.8 -0.08740536300000001 0.0 -0.155387312 0.584076070212164
11.82 -0.203945847 0.27451575299971714 -0.135963898 0.584076070212164
11.84 -0.126252191 -0.046726085616973126 -0.067981949 0.6074391130206507
11.86 -0.22336926099999999 0.36212716353154173 -0.077693656 0.6132798737227724
11.88 -0.126252191 -0.11681521404243281 -0.029135121 0.6366429165312588
11.9 -0.252504382 0.17522282106364923 -0.009711707 0.5607130274036776
11.92 -0.22336926099999999 0.046726085616973126 -0.08740536300000001 0.7008912842545969
11.94 -0.29135121 0.15185977825516267 -0.048558535 0.6366429165312588
11.96 -0.116540484 -0.43221629195700145 0.019423414 0.6424836772333804
11.98 -0.116540484 -0.6308021558291372 0.145675605 0.2803565137018388
12.0 0.0 -0.5782353095100424 0.077693656 0.3854902063400283
12.02 -0.009711707 -0.5723945488079208 0.145675605 0.30371955651032534
12.04 0.009711707 -0.37964944563790665 0.126252191 0.37964944563790665
12.06 0.0 -0.37964944563790665 0.184522433 0.29787879580820364
12.08 0.077693656 -0.309560317212447 0.135963898 0.27451575299971714
12.1 0.058270242 -0.3329233600209335 0.165099019 0.2803565137018388
12.12 0.126252191 -0.3212418386166902 0.048558535 0.017522282106364924
12.14 0.09711707 -0.46726085616973123 0.08740536300000001 0.06424836772333804
12.16 0.155387312 -0.519827702488826 0.29135121 -0.08177064982970296
12.18 0.135963898 -0.619120634424894 0.242792675 0.05256684631909477
12.2 0.165099019 -0.6074391130206507 0.281639503 -0.12265597474455446
12.22 0.126252191 -0.5782353095100424 0.077693656 0.0700891284254597
12.24 0.145675605 -0.5899168309142856 0.106828777 -0.23947118878698725
12.26 0.19423414 -0.6015983523185291 0.17481072600000003 0.09929293193606789
12.28 0.271927796 -0.5957575916164073 0.165099019 -0.09345217123394625
12.3 0.233080968 -0.6015983523185291 0.145675605 0.12265597474455446
12.32 0.281639503 -0.5782353095100424 0.17481072600000003 -0.09345217123394625
12.34 0.252504382 -0.6600059593397454 0.116540484 0.023363042808486563
12.36 0.29135121 -0.6600059593397454 0.310774624 -0.09929293193606789
12.38 0.320486331 -0.6366429165312588 0.17481072600000003 0.11097445334031117
12.4 0.262216089 -0.665846720041867 0.262216089 -0.05256684631909477
12.42 0.233080968 -0.5899168309142856 0.106828777 -0.04088532491485148
12.44 0.155387312 -0.584076070212164 0.203945847 -0.09345217123394625
12.46 0.165099019 -0.584076070212164 0.106828777 0.0
12.48 0.155387312 -0.584076070212164 0.135963898 -0.07592988912758133
12.5 0.106828777 -0.584076070212164 0.038846828 -0.046726085616973126
12.52 0.058270242 -0.584076070212164 0.135963898 -0.0700891284254597
12.54 0.058270242 -0.584076070212164 0.067981949 -0.15185977825516267
12.56 0.038846828 -0.584076070212164 0.155387312 -0.046726085616973126
12.58 0.029135121 -0.584076070212164 0.126252191 -0.0700891284254597
12.6 0.009711707 -0.584076070212164 0.17481072600000003 0.0
12.62 0.0 -0.584076070212164 0.19423414 -0.12265597474455446
12.64 0.0 -0.584076070212164 0.242792675 -0.017522282106364924
12.66 -0.009711707 -0.584076070212164 0.34962145200000005 -0.16938206036152761
12.68 -0.009711707 -0.584076070212164 0.30106291700000004 -0.023363042808486563
12.7 -0.038846828 -0.584076070212164 0.30106291700000004 -0.22194890668062234
12.72 -0.029135121 -0.6074391130206507 0.08740536300000001 0.0
12.74 -0.029135121 -0.6074391130206507 0.08740536300000001 -0.26867499229759545
12.76 -0.048558535 -0.6074391130206507 0.09711707 0.029203803510608202
12.78 -0.08740536300000001 -0.6074391130206507 0.145675605 -0.30371955651032534
12.8 -0.126252191 -0.6308021558291372 0.029135121 0.0
12.82 -0.203945847 -0.6308021558291372 0.09711707 -0.32708259931881184
12.84 -0.203945847 -0.6600059593397454 0.029135121 -0.058407607021216404
12.86 -0.30106291700000004 -0.6600059593397454 0.09711707 -0.23947118878698725
12.88 -0.252504382 -0.6775282414461105 0.058270242 -0.03504456421272985
12.9 -0.271927796 -0.6775282414461105 0.165099019 -0.029203803510608202
12.92 -0.320486331 -0.47310161687185287 -0.019423414 0.8469103018076378
12.94 -0.38846828 -0.11681521404243281 0.0 0.9111586695309759
12.96 -0.30106291700000004 -0.19858586387213578 0.0 1.010451601467044
12.98 -0.29135121 -0.08761141053182461 0.106828777 0.975407037254314
13.0 -0.126252191 -0.34460488142517687 0.126252191 0.8469103018076378
13.02 -0.184522433 -0.30371955651032534 0.203945847 0.8819548660203677
13.04 -0.067981949 -0.34460488142517687 0.077693656 0.7067320449567185
13.06 -0.116540484 -0.3154010779145686 0.126252191 0.7067320449567185
13.08 -0.08740536300000001 -0.0700891284254597 0.067981949 0.5957575916164073
13.1 -0.019423414 -0.046726085616973126 0.009711707 0.5957575916164073
13.12 -0.077693656 0.08177064982970296 0.0 0.5256684631909477
13.14 -0.048558535 -0.005840760702121641 0.0 0.5315092238930693
13.16 -0.077693656 0.1401782568509194 -0.106828777 0.5899168309142856
13.18 -0.029135121 -0.0700891284254597 -0.077693656 0.5782353095100424
13.2 -0.106828777 0.08761141053182461 -0.19423414 0.5607130274036776
13.22 0.0 -0.12849673544667609 -0.271927796 0.519827702488826
13.24 -0.184522433 0.03504456421272985 -0.359333159 0.48478313827609615
13.26 -0.009711707 -0.12849673544667609 -0.41760340100000004 0.49062389897821784
13.28 -0.184522433 0.07592988912758133 -0.495297057 0.48478313827609615
13.3 -0.029135121 -0.1577005389572843 -0.45645022900000004 0.4789423775739745
13.32 -0.165099019 0.10513369263818954 -0.524432178 0.48478313827609615
13.34 0.0 -0.08177064982970296 -0.5924141270000001 0.48478313827609615
13.36 -0.135963898 0.11097445334031117 -0.640972662 0.48478313827609615
13.38 -0.019423414 -0.03504456421272985 -0.6021258340000001 0.49062389897821784
13.4 -0.203945847 0.0700891284254597 -0.621549248 0.48478313827609615
13.42 -0.058270242 -0.029203803510608202 -0.640972662 0.48478313827609615
13.44 -0.145675605 0.08177064982970296 -0.58270242 0.4789423775739745
13.46 -0.048558535 0.023363042808486563 -0.6021258340000001 0.4789423775739745
13.48 -0.165099019 0.09345217123394625 -0.58270242 0.48478313827609615
13.5 -0.077693656 0.0700891284254597 -0.58270242 0.48478313827609615
13.52 -0.184522433 0.058407607021216404 -0.543855592 0.48478313827609615
13.54 -0.116540484 0.06424836772333804 -0.524432178 0.48478313827609615
13.56 -0.135963898 0.017522282106364924 -0.45645022900000004 0.4789423775739745
13.58 -0.155387312 0.0700891284254597 -0.44673852199999997 0.48478313827609615
13.6 -0.135963898 0.005840760702121641 -0.44673852199999997 0.48478313827609615
13.62 -0.184522433 0.15185977825516267 -0.48558535 0.48478313827609615
13.64 -0.17481072600000003 0.005840760702121641 -0.427315108 0.48478313827609615
13.66 -0.30106291700000004 0.2044266245742574 -0.437026815 0.49062389897821784
13.68 -0.116540484 0.029203803510608202 -0.41760340100000004 0.49062389897821784
13.7 -0.165099019 0.23363042808486562 -0.41760340100000004 0.48478313827609615
13.72 -0.077693656 0.0 -0.398179987 0.49062389897821784
13.74 -0.19423414 0.24531194948910892 -0.369044866 0.48478313827609615
13.76 -0.116540484 0.0 -0.330198038 0.5139869417867043
13.78 -0.213657554 0.32708259931881184 -0.310774624 0.5081461810845828
13.8 -0.116540484 -0.10513369263818954 -0.22336926099999999 0.5315092238930693
13.82 -0.22336926099999999 0.35044564212729845 -0.281639503 0.5315092238930693
13.84 -0.135963898 -0.08177064982970296 -0.233080968 0.5548722667015559
13.86 -0.271927796 0.1869043424678925 -0.22336926099999999 0.5490315059994343
13.88 -0.22336926099999999 0.023363042808486563 -0.271927796 0.6249613951270155
13.9 -0.310774624 0.1401782568509194 -0.213657554 0.6249613951270155
13.92 -0.22336926099999999 0.0 -0.271927796 0.730095087765205
13.94 -0.145675605 -0.47310161687185287 -0.09711707 0.6015983523185291
13.96 -0.058270242 -0.35044564212729845 -0.009711707 0.39717172774427156
13.98 -0.048558535 -0.34460488142517687 0.0 0.46726085616973123
14.0 -0.038846828 -0.19274510317001414 -0.058270242 0.4497385740633663
14.02 -0.077693656 -0.16354129965940592 0.009711707 0.47310161687185287
14.04 0.0 -0.16938206036152761 -0.019423414 0.3913309670421499
14.06 -0.009711707 -0.23947118878698725 -0.009711707 0.4088532491485148
14.08 0.019423414 -0.26867499229759545 0.0 0.06424836772333804
14.1 0.038846828 -0.4438978133612447 0.0 0.058407607021216404
14.12 0.106828777 -0.47310161687185287 0.048558535 -0.09929293193606789
14.14 0.09711707 -0.665846720041867 0.029135121 0.017522282106364924
14.16 0.165099019 -0.7008912842545969 0.165099019 -0.08177064982970296
14.18 0.165099019 -0.6424836772333804 0.08740536300000001 0.07592988912758133
14.2 0.213657554 -0.6249613951270155 0.184522433 -0.0700891284254597
14.22 0.271927796 -0.6483244379355021 0.252504382 -0.12265597474455446
14.24 0.407891694 -0.619120634424894 0.45645022900000004 -0.06424836772333804
14.26 0.34962145200000005 -0.6249613951270155 0.271927796 0.19274510317001414
14.28 0.271927796 -0.6015983523185291 0.41760340100000004 -0.04088532491485148
14.3 0.30106291700000004 -0.6015983523185291 0.17481072600000003 0.1401782568509194
14.32 0.213657554 -0.619120634424894 0.30106291700000004 -0.16354129965940592
14.34 0.17481072600000003 -0.6132798737227724 0.077693656 0.09345217123394625
14.36 0.106828777 -0.6249613951270155 0.116540484 -0.08761141053182461
14.38 0.019423414 -0.6308021558291372 0.0 -0.0700891284254597
14.4 0.048558535 -0.619120634424894 0.038846828 -0.12265597474455446
14.42 0.09711707 -0.6132798737227724 0.0 -0.058407607021216404
14.44 0.126252191 -0.6132798737227724 0.126252191 -0.09345217123394625
14.46 0.184522433 -0.619120634424894 0.048558535 -0.05256684631909477
14.48 0.165099019 -0.619120634424894 0.165099019 -0.07592988912758133
14.5 0.165099019 -0.6249613951270155 0.126252191 -0.12265597474455446
14.52 0.135963898 -0.6132798737227724 0.213657554 -0.04088532491485148
14.54 0.106828777 -0.6132798737227724 0.184522433 -0.0700891284254597
14.56 0.09711707 -0.6132798737227724 0.19423414 0.0
14.58 0.077693656 -0.6249613951270155 0.203945847 -0.12849673544667609
14.6 0.058270242 -0.619120634424894 0.233080968 -0.023363042808486563
14.62 0.058270242 -0.6132798737227724 0.310774624 -0.16938206036152761
14.64 0.009711707 -0.619120634424894 0.29135121 -0.03504456421272985
14.66 0.009711707 -0.6308021558291372 0.30106291700000004 -0.21610814597850073
14.68 0.0 -0.6424836772333804 0.067981949 -0.017522282106364924
14.7 0.0 -0.6483244379355021 0.067981949 -0.2861972744039604
14.72 -0.009711707 -0.6483244379355021 0.048558535 0.011681521404243281
14.74 -0.019423414 -0.6483244379355021 0.155387312 -0.309560317212447
14.76 -0.019423414 -0.6716874807439887 0.116540484 0.011681521404243281
14.78 -0.048558535 -0.665846720041867 0.165099019 -0.3212418386166902
14.8 -0.009711707 -0.6950505235524752 0.116540484 -0.005840760702121641
14.82 -0.048558535 -0.6892097628503537 0.17481072600000003 -0.30371955651032534
14.84 -0.058270242 -0.7184135663609618 0.077693656 0.0
14.86 -0.116540484 -0.7184135663609618 0.155387312 -0.24531194948910892
14.88 -0.09711707 -0.8118657375949081 0.126252191 -0.05256684631909477
14.9 -0.165099019 -0.665846720041867 0.077693656 0.35044564212729845
14.92 -0.155387312 -0.3562864028294201 0.0 0.6775282414461105
14.94 -0.242792675 -0.2803565137018388 0.0 0.665846720041867
14.96 -0.213657554 -0.3329233600209335 -0.048558535 0.5373499845951909
14.98 -0.29135121 -0.309560317212447 0.0 0.5373499845951909
15.0 -0.203945847 -0.35044564212729845 -0.048558535 0.3562864028294201
15.02 -0.19423414 -0.30371955651032534 -0.009711707 0.3562864028294201
15.04 -0.184522433 -0.09345217123394625 -0.067981949 0.292038035106082
15.06 -0.165099019 -0.09345217123394625 -0.08740536300000001 0.32708259931881184
15.08 -0.165099019 0.017522282106364924 -0.22336926099999999 0.29787879580820364
15.1 -0.145675605 0.0 -0.29135121 0.39717172774427156
15.12 -0.165099019 0.146019017553041 -0.339909745 0.49062389897821784
15.14 -0.019423414 -0.07592988912758133 -0.271927796 0.4438978133612447
15.16 -0.038846828 0.10513369263818954 -0.330198038 0.41469400985063654
15.18 0.038846828 -0.07592988912758133 -0.359333159 0.4205347705527582
15.2 -0.08740536300000001 0.09929293193606789 -0.437026815 0.4380570526591231
15.22 0.0 -0.09929293193606789 -0.640972662 0.46726085616973123
15.24 -0.165099019 0.07592988912758133 -0.689531197 0.4497385740633663
15.26 -0.058270242 -0.146019017553041 -0.7283780250000002 0.4438978133612447
15.28 -0.213657554 0.10513369263818954 -0.796359974 0.43221629195700145
15.3 -0.058270242 -0.10513369263818954 -0.8060716809999999 0.4380570526591231
15.32 -0.19423414 0.08761141053182461 -0.87405363 0.43221629195700145
15.34 -0.077693656 -0.08177064982970296 -0.8837653369999999 0.4380570526591231
15.36 -0.22336926099999999 0.08761141053182461 -1.010017528 0.4380570526591231
15.38 -0.067981949 -0.023363042808486563 -0.9129004580000001 0.4380570526591231
15.4 -0.165099019 0.08177064982970296 -0.9031887510000001 0.43221629195700145
15.42 -0.058270242 0.017522282106364924 -0.942035579 0.43221629195700145
15.44 -0.184522433 0.09345217123394625 -0.9129004580000001 0.43221629195700145
15.46 -0.106828777 0.06424836772333804 -0.8837653369999999 0.4263755312548798
15.48 -0.19423414 0.058407607021216404 -0.9031887510000001 0.43221629195700145
15.5 -0.155387312 0.06424836772333804 -0.8934770439999999 0.4263755312548798
15.52 -0.165099019 0.017522282106364924 -0.8352068020000001 0.4263755312548798
15.54 -0.184522433 0.0700891284254597 -0.854630216 0.4263755312548798
15.56 -0.145675605 0.011681521404243281 -0.825495095 0.43221629195700145
15.58 -0.203945847 0.15185977825516267 -0.815783388 0.4263755312548798
15.6 -0.19423414 0.005840760702121641 -0.8060716809999999 0.43221629195700145
15.62 -0.30106291700000004 0.2044266245742574 -0.815783388 0.4263755312548798
15.64 -0.126252191 0.029203803510608202 -0.796359974 0.43221629195700145
15.66 -0.165099019 0.22778966738274398 -0.757513146 0.4263755312548798
15.68 -0.077693656 -0.005840760702121641 -0.718666318 0.4380570526591231
15.7 -0.203945847 0.24531194948910892 -0.708954611 0.4263755312548798
15.72 -0.126252191 0.0 -0.670107783 0.45557933476548795
15.74 -0.233080968 0.30371955651032534 -0.640972662 0.4497385740633663
15.76 -0.126252191 -0.09345217123394625 -0.563279006 0.4789423775739745
15.78 -0.262216089 0.3329233600209335 -0.631260955 0.47310161687185287
15.8 -0.135963898 -0.08761141053182461 -0.572990713 0.5023054203824611
15.82 -0.281639503 0.23363042808486562 -0.640972662 0.4964646596803395
15.84 -0.184522433 -0.011681521404243281 -0.650684369 0.5665537881057991
15.86 -0.310774624 0.18106358176577086 -0.5924141270000001 0.5665537881057991
15.88 -0.242792675 0.06424836772333804 -0.631260955 0.6716874807439887
15.9 -0.262216089 0.058407607021216404 -0.543855592 0.6833690021482319
15.92 -0.135963898 -0.07592988912758133 -0.5147204710000001 0.584076070212164
15.94 -0.135963898 -0.12849673544667609 -0.378756573 0.5548722667015559
15.96 -0.058270242 -0.06424836772333804 -0.41760340100000004 0.5782353095100424
15.98 -0.09711707 -0.04088532491485148 -0.34962145200000005 0.5782353095100424
16.0 -0.038846828 -0.023363042808486563 -0.407891694 0.4964646596803395
16.02 -0.058270242 -0.13433749614879772 -0.339909745 0.5431907452973126
16.04 0.0 -0.19858586387213578 -0.271927796 0.11681521404243281
16.06 0.0 -0.3329233600209335 -0.271927796 0.09929293193606789
16.08 0.038846828 -0.39717172774427156 -0.067981949 -0.09929293193606789
16.1 0.058270242 -0.6483244379355021 -0.029135121 -0.005840760702121641
16.12 0.135963898 -0.6950505235524752 0.08740536300000001 -0.13433749614879772
16.14 0.145675605 -0.7067320449567185 0.058270242 0.058407607021216404
16.16 0.22336926099999999 -0.6249613951270155 0.281639503 -0.06424836772333804
16.18 0.330198038 -0.6074391130206507 0.281639503 -0.10513369263818954
16.2 0.475873643 -0.6015983523185291 0.738089732 -0.23363042808486562
16.22 0.524432178 -0.6015983523185291 0.6021258340000001 0.26283423159547387
16.24 0.427315108 -0.5782353095100424 0.689531197 0.005840760702121641
16.26 0.203945847 -0.5899168309142856 0.398179987 0.16938206036152761
16.28 0.08740536300000001 -0.5782353095100424 0.281639503 -0.0700891284254597
16.3 -0.048558535 -0.6074391130206507 0.106828777 0.005840760702121641
16.32 -0.038846828 -0.5899168309142856 0.058270242 -0.05256684631909477
16.34 -0.077693656 -0.5957575916164073 -0.058270242 0.0
16.36 -0.048558535 -0.5957575916164073 0.0 -0.10513369263818954
16.38 -0.067981949 -0.5957575916164073 -0.184522433 -0.06424836772333804
16.4 -0.077693656 -0.6015983523185291 -0.048558535 -0.16938206036152761
16.42 -0.048558535 -0.5957575916164073 -0.067981949 -0.11097445334031117
16.44 -0.019423414 -0.5957575916164073 0.058270242 -0.09929293193606789
16.46 0.0 -0.6015983523185291 0.106828777 -0.11681521404243281
16.48 0.0 -0.5899168309142856 0.252504382 -0.029203803510608202
16.5 0.0 -0.5957575916164073 0.281639503 -0.05256684631909477
16.52 0.0 -0.5899168309142856 0.320486331 0.0
16.54 -0.019423414 -0.5957575916164073 0.339909745 -0.12265597474455446
16.56 -0.048558535 -0.5899168309142856 0.262216089 -0.017522282106364924
16.58 -0.106828777 -0.6015983523185291 0.281639503 -0.19274510317001414
16.6 -0.09711707 -0.5957575916164073 0.262216089 -0.03504456421272985
16.62 -0.126252191 -0.6015983523185291 0.281639503 -0.22778966738274398
16.64 -0.126252191 -0.619120634424894 0.048558535 -0.029203803510608202
16.66 -0.155387312 -0.619120634424894 0.038846828 -0.29787879580820364
16.68 -0.165099019 -0.6249613951270155 0.019423414 0.0
16.7 -0.155387312 -0.619120634424894 0.09711707 -0.3329233600209335
16.72 -0.165099019 -0.6483244379355021 0.048558535 0.0
16.74 -0.233080968 -0.6424836772333804 0.135963898 -0.3212418386166902
16.76 -0.233080968 -0.665846720041867 0.058270242 -0.046726085616973126
16.78 -0.29135121 -0.6716874807439887 0.145675605 -0.292038035106082
16.8 -0.271927796 -0.6950505235524752 0.038846828 -0.017522282106364924
16.82 -0.38846828 -0.6950505235524752 0.116540484 -0.011681521404243281
16.84 -0.320486331 -0.5607130274036776 -0.038846828 0.7943434554885431
16.86 -0.45645022900000004 -0.23363042808486562 -0.019423414 0.8761141053182462
16.88 -0.339909745 -0.32708259931881184 -0.106828777 0.9111586695309759
16.9 -0.34962145200000005 -0.22778966738274398 0.0 0.8994771481267326
16.92 -0.213657554 -0.36796792423366337 0.0 0.7359358484673267
16.94 -0.262216089 -0.4088532491485148 0.058270242 0.74761736987157
16.96 -0.106828777 -0.4789423775739745 0.0 0.5957575916164073
16.98 -0.126252191 -0.5256684631909477 0.029135121 0.5899168309142856
17.0 -0.106828777 -0.23947118878698725 0.0 0.4789423775739745
17.02 -0.077693656 -0.2044266245742574 -0.058270242 0.48478313827609615
17.04 -0.09711707 0.0 -0.19423414 0.4205347705527582
17.06 -0.09711707 -0.05256684631909477 -0.271927796 0.5315092238930693
17.08 -0.145675605 0.25699347089335217 -0.44673852199999997 0.48478313827609615
17.1 -0.077693656 -0.11097445334031117 -0.41760340100000004 0.47310161687185287
17.12 -0.145675605 0.21610814597850073 -0.48558535 0.4438978133612447
17.14 0.0 -0.18106358176577086 -0.475873643 0.519827702488826
17.16 -0.203945847 0.18106358176577086 -0.572990713 0.48478313827609615
17.18 0.0 -0.1869043424678925 -0.640972662 0.4497385740633663
17.2 -0.213657554 0.2044266245742574 -0.708954611 0.4380570526591231
17.22 0.0 -0.2044266245742574 -0.708954611 0.4380570526591231
17.24 -0.184522433 0.18106358176577086 -0.7866482669999999 0.43221629195700145
17.26 0.0 -0.16354129965940592 -0.8060716809999999 0.4380570526591231
17.28 -0.145675605 0.16354129965940592 -0.8643419230000001 0.43221629195700145
17.3 -0.038846828 -0.11681521404243281 -0.87405363 0.43221629195700145
17.32 -0.17481072600000003 0.146019017553041 -0.87405363 0.4263755312548798
17.34 -0.058270242 -0.06424836772333804 -0.8837653369999999 0.43221629195700145
17.36 -0.145675605 0.16938206036152761 -0.942035579 0.4263755312548798
17.38 -0.08740536300000001 -0.03504456421272985 -0.9129004580000001 0.4263755312548798
17.4 -0.17481072600000003 0.10513369263818954 -0.8934770439999999 0.43221629195700145
17.42 -0.116540484 0.0700891284254597 -0.87405363 0.4263755312548798
17.44 -0.19423414 0.046726085616973126 -0.87405363 0.4263755312548798
17.46 -0.135963898 0.06424836772333804 -0.8837653369999999 0.4263755312548798
17.48 -0.145675605 0.005840760702121641 -0.8449185090000001 0.4263755312548798
17.5 -0.17481072600000003 0.0700891284254597 -0.854630216 0.4263755312548798
17.52 -0.135963898 0.023363042808486563 -0.825495095 0.4263755312548798
17.54 -0.19423414 0.1401782568509194 -0.825495095 0.4263755312548798
17.56 -0.19423414 0.017522282106364924 -0.8449185090000001 0.4263755312548798
17.58 -0.29135121 0.2044266245742574 -0.8643419230000001 0.4263755312548798
17.6 -0.135963898 0.023363042808486563 -0.8352068020000001 0.43221629195700145
17.62 -0.165099019 0.23363042808486562 -0.8449185090000001 0.43221629195700145
17.64 -0.09711707 -0.005840760702121641 -0.825495095 0.43221629195700145
17.66 -0.213657554 0.24531194948910892 -0.767224853 0.4263755312548798
17.68 -0.145675605 -0.023363042808486563 -0.747801439 0.45557933476548795
17.7 -0.233080968 0.32708259931881184 -0.718666318 0.4497385740633663
17.72 -0.126252191 -0.11097445334031117 -0.660396076 0.4789423775739745
17.74 -0.262216089 0.33876412072305523 -0.718666318 0.4789423775739745
17.76 -0.145675605 -0.07592988912758133 -0.708954611 0.5023054203824611
17.78 -0.29135121 0.1577005389572843 -0.689531197 0.49062389897821784
17.8 -0.233080968 0.029203803510608202 -0.7866482669999999 0.5665537881057991
17.82 -0.320486331 0.15185977825516267 -0.8060716809999999 0.5665537881057991
17.84 -0.30106291700000004 0.0700891284254597 -0.815783388 0.665846720041867
17.86 -0.29135121 0.05256684631909477 -0.7283780250000002 0.6775282414461105
17.88 -0.145675605 0.0 -0.650684369 0.6132798737227724
17.9 -0.155387312 -0.05256684631909477 -0.505008764 0.5548722667015559
17.92 -0.058270242 0.0 -0.6021258340000001 0.5957575916164073
17.94 -0.116540484 0.0 -0.524432178 0.5957575916164073
17.96 -0.058270242 0.0 -0.58270242 0.5723945488079208
17.98 -0.058270242 -0.023363042808486563 -0.6021258340000001 0.5607130274036776
18.0 -0.009711707 -0.06424836772333804 -0.475873643 0.18106358176577086
18.02 -0.009711707 -0.23363042808486562 -0.475873643 0.12265597474455446
18.04 0.029135121 -0.3212418386166902 -0.19423414 -0.058407607021216404
18.06 0.048558535 -0.6015983523185291 -0.126252191 -0.046726085616973126
18.08 0.126252191 -0.7008912842545969 0.0 -0.18106358176577086
18.1 0.17481072600000003 -0.6950505235524752 0.0 0.023363042808486563
18.12 0.271927796 -0.7125728056588402 0.213657554 -0.08177064982970296
18.14 0.398179987 -0.6074391130206507 0.262216089 0.058407607021216404
18.16 0.553567299 -0.6074391130206507 0.650684369 -0.26867499229759545
18.18 0.5924141270000001 -0.6074391130206507 0.854630216 0.07592988912758133
18.2 0.708954611 -0.5723945488079208 0.9129004580000001 0.10513369263818954
18.22 0.41760340100000004 -0.584076070212164 0.650684369 0.23363042808486562
18.24 0.22336926099999999 -0.5782353095100424 0.44673852199999997 -0.046726085616973126
18.26 0.0 -0.5957575916164073 0.145675605 0.08177064982970296
18.28 -0.106828777 -0.5957575916164073 0.058270242 -0.09929293193606789
18.3 -0.09711707 -0.6308021558291372 -0.058270242 -0.029203803510608202
18.32 -0.048558535 -0.6132798737227724 -0.048558535 -0.146019017553041
18.34 -0.077693656 -0.6132798737227724 -0.116540484 -0.06424836772333804
18.36 -0.067981949 -0.6074391130206507 -0.08740536300000001 -0.16938206036152761
18.38 -0.058270242 -0.6074391130206507 -0.145675605 -0.12265597474455446
18.4 -0.019423414 -0.6074391130206507 0.048558535 -0.11681521404243281
18.42 0.0 -0.6132798737227724 0.09711707 -0.10513369263818954
18.44 0.0 -0.6132798737227724 0.242792675 -0.023363042808486563
18.46 0.0 -0.6132798737227724 0.281639503 -0.046726085616973126
18.48 -0.009711707 -0.6132798737227724 0.320486331 0.0
18.5 -0.019423414 -0.6132798737227724 0.34962145200000005 -0.13433749614879772
18.52 -0.038846828 -0.6132798737227724 0.34962145200000005 0.0
18.54 -0.077693656 -0.6132798737227724 0.34962145200000005 -0.2044266245742574
18.56 -0.09711707 -0.6483244379355021 0.271927796 0.005840760702121641
18.58 -0.116540484 -0.6308021558291372 0.320486331 -0.26283423159547387
18.6 -0.145675605 -0.6541651986376237 0.058270242 0.023363042808486563
18.62 -0.165099019 -0.6541651986376237 0.038846828 -0.32708259931881184
18.64 -0.19423414 -0.6600059593397454 0.0 0.023363042808486563
18.66 -0.19423414 -0.6483244379355021 0.077693656 -0.3154010779145686
18.68 -0.233080968 -0.6833690021482319 0.0 -0.023363042808486563
18.7 -0.262216089 -0.6833690021482319 0.106828777 -0.32708259931881184
18.72 -0.29135121 -0.7008912842545969 0.048558535 -0.046726085616973126
18.74 -0.30106291700000004 -0.7067320449567185 0.165099019 -0.2803565137018388
18.76 -0.320486331 -0.7242543270630835 0.077693656 -0.011681521404243281
18.78 -0.437026815 -0.665846720041867 0.067981949 0.5081461810845828
18.8 -0.407891694 -0.3562864028294201 -0.077693656 1.1564706190200849
18.82 -0.48558535 -0.30371955651032534 -0.029135121 1.1097445334031117
18.84 -0.339909745 -0.2861972744039604 0.0 1.010451601467044
18.86 -0.29135121 -0.19274510317001414 0.116540484 0.9812477979564357
18.88 -0.135963898 -0.373808684935785 0.126252191 0.8994771481267326
18.9 -0.203945847 -0.36212716353154173 0.17481072600000003 0.9286809516373409
18.92 -0.048558535 -0.4789423775739745 0.058270242 0.7534581305736917
18.94 -0.106828777 -0.5139869417867043 0.126252191 0.7417766091694483
18.96 -0.048558535 -0.22194890668062234 0.067981949 0.6366429165312588
18.98 -0.019423414 -0.1869043424678925 0.009711707 0.6366429165312588
19.0 -0.067981949 0.0 -0.019423414 0.584076070212164
19.02 -0.019423414 -0.023363042808486563 -0.019423414 0.6015983523185291
19.04 -0.08740536300000001 0.16938206036152761 -0.184522433 0.6424836772333804
19.06 -0.058270242 -0.08761141053182461 -0.203945847 0.6541651986376237
19.08 -0.145675605 0.0700891284254597 -0.339909745 0.6308021558291372
19.1 -0.029135121 -0.146019017553041 -0.378756573 0.6366429165312588
19.12 -0.203945847 0.023363042808486563 -0.44673852199999997 0.5490315059994343
19.14 -0.048558535 -0.16354129965940592 -0.524432178 0.5957575916164073
19.16 -0.19423414 0.0700891284254597 -0.611837541 0.6308021558291372
19.18 -0.009711707 -0.146019017553041 -0.58270242 0.6366429165312588
19.2 -0.145675605 0.06424836772333804 -0.6021258340000001 0.6308021558291372
19.22 0.0 -0.08761141053182461 -0.640972662 0.6424836772333804
19.24 -0.135963898 0.08177064982970296 -0.67981949 0.6366429165312588
19.26 -0.038846828 -0.0700891284254597 -0.689531197 0.6366429165312588
19.28 -0.165099019 0.09345217123394625 -0.738089732 0.6366429165312588
19.3 -0.048558535 -0.017522282106364924 -0.708954611 0.6366429165312588
19.32 -0.145675605 0.07592988912758133 -0.738089732 0.6366429165312588
19.34 -0.077693656 0.005840760702121641 -0.77693656 0.6366429165312588
19.36 -0.17481072600000003 0.07592988912758133 -0.767224853 0.6249613951270155
19.38 -0.09711707 0.06424836772333804 -0.757513146 0.6132798737227724
19.4 -0.17481072600000003 0.05256684631909477 -0.738089732 0.5490315059994343
19.42 -0.145675605 0.058407607021216404 -0.67981949 0.5548722667015559
19.44 -0.145675605 0.011681521404243281 -0.650684369 0.5548722667015559
19.46 -0.184522433 0.07592988912758133 -0.621549248 0.5548722667015559
19.48 -0.155387312 0.017522282106364924 -0.650684369 0.5548722667015559
19.5 -0.19423414 0.1577005389572843 -0.611837541 0.5548722667015559
19.52 -0.165099019 0.011681521404243281 -0.6021258340000001 0.5548722667015559
19.54 -0.281639503 0.19858586387213578 -0.631260955 0.5548722667015559
19.56 -0.106828777 0.023363042808486563 -0.621549248 0.5548722667015559
19.58 -0.165099019 0.23363042808486562 -0.670107783 0.5490315059994343
19.6 -0.077693656 0.0 -0.621549248 0.5548722667015559
19.62 -0.213657554 0.23363042808486562 -0.6021258340000001 0.5490315059994343
19.64 -0.145675605 0.09929293193606789 -0.543855592 0.5782353095100424
19.66 -0.242792675 0.26867499229759545 -0.563279006 0.5782353095100424
19.68 -0.126252191 -0.05256684631909477 -0.534143885 0.6015983523185291
19.7 -0.252504382 0.3329233600209335 -0.5924141270000001 0.5957575916164073
19.72 -0.135963898 -0.09929293193606789 -0.563279006 0.6249613951270155
19.74 -0.281639503 0.15185977825516267 -0.572990713 0.6132798737227724
19.76 -0.22336926099999999 0.03504456421272985 -0.67981949 0.6892097628503537
19.78 -0.320486331 0.15185977825516267 -0.611837541 0.6892097628503537
19.8 -0.281639503 0.07592988912758133 -0.670107783 0.7768211733821783
19.82 -0.233080968 0.0 -0.563279006 0.7943434554885431
19.84 -0.126252191 -0.1401782568509194 -0.475873643 0.6892097628503537
19.86 -0.116540484 -0.10513369263818954 -0.378756573 0.5782353095100424
19.88 -0.038846828 -0.005840760702121641 -0.466161936 0.665846720041867
19.9 -0.106828777 0.0 -0.378756573 0.665846720041867
19.92 -0.009711707 0.0 -0.44673852199999997 0.665846720041867
19.94 -0.038846828 -0.06424836772333804 -0.427315108 0.6249613951270155
19.96 0.0 -0.11681521404243281 -0.330198038 0.16938206036152761
19.98 0.0 -0.24531194948910892 -0.30106291700000004 0.17522282106364923
20.0 0.067981949 -0.32708259931881184 -0.106828777 -0.03504456421272985
