0.0 0.0 0.0 0.0 0.0
0.02 0.0 0.0 0.0 0.0
0.04 0.0 0.0 0.0 0.0
0.06 0.0 0.0038880140622166437 0.018197594766364344 0.0
0.08 0.0 0.0 0.054746993457955445 0.0
0.1 -0.023418937436591625 0.0 0.09129639214954649 0.0
0.12 -0.023418937436591625 0.0 0.09129639214954649 0.0
0.14 -0.0965177348197738 0.0 0.1643951895327287 0.0
0.16 -0.021353628283272724 0.0 0.052681684304636434 0.0
0.18 0.0 0.0 0.0871657738429086 0.0
0.2 0.0 0.0 0.012001667306407504 0.0
0.22 0.0 0.0 0.04855106599799858 0.0
0.24 0.0 0.0 0.012001667306407504 0.0
0.26 0.0 0.0 0.009936358153088604 0.0
0.28 0.0 0.0 0.0 0.0
0.3 0.0 0.0 0.009936358153088604 0.0
0.32 0.0 0.0 0.012001667306407504 0.0
0.34 0.0 0.0 0.04855106599799858 0.0
0.36 0.0 0.0 0.0 0.0
0.38 0.0 0.0 0.009936358153088604 0.0
0.4 0.0 0.0 0.0 0.0
0.42 0.0 0.0 0.009936358153088604 0.0
0.44 0.0 0.0 0.0 0.0
0.46 0.0 0.0 0.009936358153088604 0.0
0.48 0.0 0.0 0.0 0.0
0.5 0.0 0.0 0.009936358153088604 0.0
0.52 0.0 0.0 0.0 0.0
0.54 0.0 0.0 0.009936358153088604 0.0
0.56 0.0 0.0 0.0 0.0
0.58 0.0 0.0 0.009936358153088604 0.0
0.6 0.0 0.0 0.0 0.0
0.62 0.0 0.0 0.012001667306407504 0.0
0.64 0.0 0.0 0.012001667306407504 0.0
0.66 0.0 0.0 0.04855106599799858 0.0
0.68 0.0 0.0 0.0 0.0
0.7 0.0 0.0 0.009936358153088604 0.0
0.72 0.0 0.0 0.0 0.0
0.74 0.0 0.0 0.0851004646895897 0.0
0.76 0.0 0.0 0.012001667306407504 0.0
0.78 0.0 0.0 0.012001667306407504 0.0
0.8 0.0 0.0 0.0 0.0
0.82 0.0 0.0 0.009936358153088604 0.0
0.84 0.0 0.0 0.0 0.0
0.86 0.0 0.0 0.04855106599799858 0.0
0.88 0.0 0.0 0.012001667306407504 0.0
0.9 0.0 0.0 0.04855106599799858 0.0
0.92 0.0 0.0 0.012001667306407504 0.0
0.94 0.0 0.0 0.04855106599799858 0.0
0.96 0.0 0.0 0.012001667306407504 0.0
0.98 0.0 0.0 0.04855106599799858 0.0
1.0 0.0 0.0 0.012001667306407504 0.0
1.02 0.0 0.0 0.009936358153088604 0.0
1.04 0.0 0.0 0.0 0.0
1.06 0.0 0.0 0.046485756844679704 0.0
1.08 0.0 0.0 0.009936358153088604 0.0
1.1 0.0 0.0 0.009936358153088604 0.0
1.12 0.0 0.0 0.0 0.0
1.14 0.0 0.0 0.009936358153088604 0.0
1.16 0.0 0.0 0.0 0.0
1.18 0.0 0.0 0.0851004646895897 0.0
1.2 0.0 0.0 0.012001667306407504 0.0
1.22 0.0 0.0 0.04855106599799858 0.0
1.24 0.0 0.0 0.012001667306407504 0.0
1.26 0.0 0.0 0.04855106599799858 0.0
1.28 0.0 0.0 0.012001667306407504 0.0
1.3 0.0 0.0 0.04855106599799858 0.0
1.32 0.0 0.0 0.012001667306407504 0.0
1.34 0.0 0.0 0.04855106599799858 0.0
1.36 0.0 0.0 0.012001667306407504 0.0
1.38 0.0 0.0 0.04855106599799858 0.0
1.4 0.0 0.0 0.012001667306407504 0.0
1.42 0.0 0.0 0.04855106599799858 0.0
1.44 0.0 0.0 0.012001667306407504 0.0
1.46 0.0 0.0 0.0851004646895897 0.0
1.48 0.0 0.0 0.04855106599799858 0.0
1.5 0.0 0.0 0.04855106599799858 0.0
1.52 0.0 0.0 0.012001667306407504 0.0
1.54 0.0 0.0 0.04855106599799858 0.0
1.56 0.0 0.0 0.012001667306407504 0.0
1.58 0.0 0.0 0.0851004646895897 0.0
1.6 0.0 0.0 0.04855106599799858 0.0
1.62 0.0 0.0 0.04855106599799858 0.0
1.64 0.0 0.0 0.012001667306407504 0.0
1.66 0.0 0.0 0.0851004646895897 0.0
1.68 0.0 0.0 0.04855106599799858 0.0
1.7 0.0 0.0 0.0851004646895897 0.0
1.72 0.0 0.0 0.04855106599799858 0.0
1.74 0.0 0.0 0.0851004646895897 0.0
1.76 0.0 0.0 0.04855106599799858 0.0
1.78 0.0 0.0 0.0851004646895897 0.0
1.8 0.0 0.0 0.04855106599799858 0.0
1.82 0.0 0.0 0.0851004646895897 0.0
1.84 0.0 0.0 0.04855106599799858 0.0
1.86 0.0 0.0 0.0851004646895897 0.0
1.88 0.0 0.0 0.012001667306407504 0.0
1.9 0.0 0.0 0.04855106599799858 0.0
1.92 0.0 0.0 0.012001667306407504 0.0
1.94 0.0 0.0 0.04855106599799858 0.0
1.96 0.0 0.0 0.04855106599799858 0.0
1.98 0.0 0.0 0.04855106599799858 0.0
2.0 0.0 0.0 0.04855106599799858 0.0
2.02 0.0 0.0 0.0871657738429086 0.0
2.04 0.0 0.0 0.04855106599799858 0.0
2.06 0.0 0.0 0.04855106599799858 0.0
2.08 0.0 0.0 0.012001667306407504 0.0
2.1 0.0 0.0 0.0851004646895897 0.0
2.12 0.0 0.0 0.04855106599799858 0.0
2.14 0.0 0.0 0.0851004646895897 0.0
2.16 0.0 0.0 0.0871657738429086 0.0
2.18 0.0 0.0 0.12371517253449976 0.0
2.2 0.0 0.0 0.04855106599799858 0.0
2.22 -0.01928831912995374 0.0 0.04855106599799858 0.0
2.24 0.0 0.0 0.04855106599799858 0.0
2.26 0.0 0.0 0.12371517253449976 0.0
2.28 0.0 0.0 0.0871657738429086 0.0
2.3 0.0 0.0 0.0871657738429086 0.0
2.32 0.0 0.0 0.05061637515131748 0.0
2.34 0.0 0.0 0.12371517253449976 0.0
2.36 0.0 0.0 0.05061637515131748 0.0
2.38 0.0 0.0 0.12371517253449976 0.0
2.4 0.0 0.0 0.0871657738429086 0.0
2.42 0.0 0.0 0.12371517253449976 0.0
2.44 0.0 0.0 0.0871657738429086 0.0
2.46 -0.01928831912995374 0.0 0.12371517253449976 0.0
2.48 0.0 0.0 0.0871657738429086 0.0
2.5 -0.01928831912995374 0.0 0.0871657738429086 0.0
2.52 0.0 0.0 0.012001667306407504 0.0
2.54 -0.01928831912995374 0.0 0.0871657738429086 0.0
2.56 0.0 0.0 0.0871657738429086 0.0
2.58 0.0 0.0 0.0871657738429086 0.0
2.6 0.0 0.0 0.0871657738429086 0.0
2.62 -0.01928831912995374 0.0 0.0871657738429086 0.0
2.64 0.0 0.0 0.05061637515131748 0.0
2.66 -0.01928831912995374 0.0 0.12371517253449976 0.0
2.68 0.0 0.0 0.0871657738429086 0.0
2.7 0.0 0.0 0.0871657738429086 0.0
2.72 0.0 0.0 0.0871657738429086 0.0
2.74 -0.01928831912995374 0.0 0.0871657738429086 0.0
2.76 0.0 0.0 0.05061637515131748 0.0
2.78 0.0 0.0 0.0871657738429086 0.0
2.8 0.0 0.0 0.0871657738429086 0.0
2.82 0.0 0.0 0.12371517253449976 0.0
2.84 0.0 0.0 0.04855106599799858 0.0
2.86 0.0 0.0 0.04855106599799858 0.0
2.88 0.0 0.0 0.04855106599799858 0.0
2.9 -0.01928831912995374 0.0 0.12371517253449976 0.0
2.92 0.0 0.0 0.0871657738429086 0.0
2.94 -0.01928831912995374 0.0 0.0871657738429086 0.0
2.96 0.0 0.0 0.05061637515131748 0.0
2.98 0.0 0.0 0.12578048168781863 0.0
3.0 0.0 0.0 0.12578048168781863 0.0
3.02 -0.05790302697486377 0.0 0.12578048168781863 0.0
3.04 -0.021353628283272724 0.0 0.08923108299622753 0.0
3.06 -0.021353628283272724 0.0 0.12578048168781863 0.0
3.08 0.0 0.0 0.12578048168781863 0.0
3.1 -0.01928831912995374 0.0 0.0871657738429086 0.0
3.12 0.0 0.0 0.0871657738429086 0.0
3.14 -0.01928831912995374 0.0 0.12371517253449976 0.0
3.16 -0.01928831912995374 0.0 0.0871657738429086 0.0
3.18 -0.05583771782154481 0.0 0.16026457122609084 0.0
3.2 -0.01928831912995374 0.0 0.12371517253449976 0.0
3.22 -0.05583771782154481 0.0 0.12371517253449976 0.0
3.24 -0.01928831912995374 0.0 0.0871657738429086 0.0
3.26 -0.01928831912995374 0.0 0.0871657738429086 0.0
3.28 -0.05790302697486377 0.0 0.05061637515131748 0.0
3.3 -0.05790302697486377 0.0 0.12371517253449976 0.0
3.32 0.0 0.0 0.0871657738429086 0.0
3.34 -0.01928831912995374 0.0 0.12371517253449976 0.0
3.36 0.0 0.0 0.0871657738429086 0.0
3.38 -0.01928831912995374 0.0 0.0871657738429086 0.0
3.4 0.0 0.0 0.05061637515131748 0.0
3.42 -0.021353628283272724 0.0 0.12578048168781863 -0.005296082787302592
3.44 -0.021353628283272724 0.0 0.12578048168781863 0.0
3.46 -0.05790302697486377 0.0 0.16232988037940976 0.0
3.48 -0.021353628283272724 0.0 0.08923108299622753 0.0
3.5 -0.021353628283272724 0.0 0.12578048168781863 0.0
3.52 0.0 0.0 0.08923108299622753 0.0
3.54 -0.021353628283272724 0.0 0.12784579084113756 0.0
3.56 0.0 0.0 0.09129639214954649 0.0
3.58 0.0 0.0 0.09129639214954649 0.0
3.6 0.0 0.0 0.052681684304636434 0.0
3.62 0.0 0.0021558919762974527 0.052681684304636434 0.0
3.64 0.0 0.0 0.016132285613045416 0.0
3.66 0.0 0.0 0.052681684304636434 -0.02052768060063309
3.68 0.0 0.0 0.01406697645972646 0.0
3.7 0.0 0.0 0.05061637515131748 0.0
3.72 0.0 0.0 0.05061637515131748 0.0
3.74 -0.01928831912995374 0.0 0.0871657738429086 0.0
3.76 -0.01928831912995374 0.0 0.0871657738429086 0.0
3.78 -0.05583771782154481 0.0 0.12371517253449976 0.0
3.8 -0.01928831912995374 0.0 0.12371517253449976 0.0
3.82 -0.05583771782154481 0.0 0.1988792790710009 0.0
3.84 -0.09445242566645481 0.0 0.16232988037940976 0.0
3.86 -0.09445242566645481 0.0 0.1988792790710009 0.0
3.88 -0.05790302697486377 0.0 0.16232988037940976 0.0
3.9 -0.05790302697486377 0.0 0.16232988037940976 0.0
3.92 -0.021353628283272724 0.0 0.0871657738429086 0.0
3.94 -0.021353628283272724 0.0 0.0871657738429086 0.0
3.96 -0.021353628283272724 0.0 0.05061637515131748 0.0
3.98 -0.021353628283272724 0.0 0.12578048168781863 0.0
4.0 -0.021353628283272724 0.0 0.12578048168781863 0.0
4.02 -0.021353628283272724 0.0 0.16232988037940976 0.0
4.04 -0.059968336128182725 0.0 0.20094458822431976 0.0
4.06 -0.0965177348197738 0.0 0.2374939869159109 0.0
4.08 -0.0965177348197738 0.0 0.2374939869159109 0.0
4.1 -0.13306713351136484 0.0 0.20094458822431976 0.0
4.12 -0.13306713351136484 0.0 0.20094458822431976 0.0
4.14 -0.16961653220295597 0.0 0.2374939869159109 0.0
4.16 -0.13306713351136484 0.0 0.20094458822431976 0.0
4.18 -0.0965177348197738 0.0 0.20094458822431976 0.0
4.2 -0.021353628283272724 0.0 0.20094458822431976 0.0
4.22 -0.05790302697486377 0.0 0.16232988037940976 0.0
4.24 -0.021353628283272724 0.0 0.12578048168781863 0.0
4.26 0.0 0.0 0.05061637515131748 0.0
4.28 0.0 0.0 0.05061637515131748 0.0
4.3 0.0 0.0 0.05061637515131748 0.0
4.32 0.0 0.0 0.08923108299622753 0.0
4.34 -0.059968336128182725 0.0 0.08923108299622753 0.0
4.36 -0.023418937436591625 0.0 0.12784579084113756 0.0
4.38 -0.059968336128182725 0.0 0.12784579084113756 0.0
4.4 -0.059968336128182725 0.0 0.12784579084113756 0.0
4.42 -0.059968336128182725 0.0 0.1643951895327287 0.0
4.44 -0.059968336128182725 0.0 0.12784579084113756 0.0
4.46 -0.0965177348197738 0.0 0.12784579084113756 0.0
4.48 -0.0965177348197738 0.0 0.12784579084113756 0.0
4.5 -0.059968336128182725 0.0 0.1643951895327287 0.0
4.52 -0.059968336128182725 0.0 0.1643951895327287 0.0
4.54 -0.0965177348197738 0.0 0.1643951895327287 0.0
4.56 -0.021353628283272724 0.0 0.12578048168781863 0.0
4.58 -0.021353628283272724 0.0038880140622166437 0.16232988037940976 0.0
4.6 -0.021353628283272724 0.0 0.16232988037940976 0.0
4.62 -0.059968336128182725 0.0 0.1643951895327287 0.0
4.64 -0.023418937436591625 0.0 0.1643951895327287 0.0
4.66 -0.059968336128182725 0.0 0.1643951895327287 0.0
4.68 -0.023418937436591625 0.0 0.1643951895327287 0.0
4.7 -0.023418937436591625 0.0 0.20094458822431976 0.0
4.72 -0.023418937436591625 0.0 0.1643951895327287 0.0
4.74 -0.023418937436591625 0.0 0.1643951895327287 0.0
4.76 0.0 0.0 0.1643951895327287 0.0
4.78 -0.023418937436591625 0.0 0.1643951895327287 0.0
4.8 -0.023418937436591625 0.0 0.08923108299622753 0.0
4.82 0.0 0.0 0.08923108299622753 0.0
4.84 0.0 0.0 0.08923108299622753 0.0
4.86 0.0 -0.007028204873221783 0.08923108299622753 0.0
4.88 0.0 -0.029009540550257895 0.08923108299622753 0.0
4.9 0.0 -0.029009540550257895 0.12578048168781863 0.0
4.92 0.0 -0.05099087622729401 0.12784579084113756 0.0
4.94 0.0 -0.08993593180357978 0.12784579084113756 0.019119611875547116
4.96 0.0 -0.15761206092060737 0.12784579084113756 0.04958280750220806
4.98 0.0 -0.1728436587339378 0.09129639214954649 0.04958280750220806
5.0 0.0 -0.133898603157652 0.12784579084113756 0.07156414317924414
5.02 0.0 -0.08820380971766062 0.09129639214954649 0.0411009475525832
5.04 0.0 -0.08820380971766062 0.12784579084113756 0.0411009475525832
5.06 0.0 -0.08820380971766062 0.09129639214954649 0.0411009475525832
5.08 0.0 -0.10343540753099106 0.09129639214954649 0.07156414317924414
5.1 0.0 -0.11866700534432156 0.09129639214954649 0.07156414317924414
5.12 0.0 -0.11866700534432156 0.12784579084113756 0.07156414317924414
5.14 0.0 -0.10343540753099106 0.09129639214954649 0.0563325453659137
5.16 0.0 -0.10343540753099106 0.09129639214954649 0.0563325453659137
5.18 0.0 -0.10343540753099106 0.12784579084113756 0.0563325453659137
5.2 0.0 -0.08820380971766062 0.09129639214954649 0.0411009475525832
5.22 0.0 -0.08820380971766062 0.09129639214954649 0.02586934973925273
5.24 0.0 -0.07297221190433012 0.09129639214954649 0.04785068541628887
5.26 0.0 -0.09495354758136623 0.09129639214954649 0.04785068541628887
5.28 0.0 -0.07297221190433012 0.09129639214954649 0.04785068541628887
5.3 0.0 -0.07297221190433012 0.12784579084113756 0.06983202109332495
5.32 0.0 -0.07297221190433012 0.09129639214954649 0.06983202109332495
5.34 0.0 -0.07297221190433012 0.09129639214954649 0.06983202109332495
5.36 0.0 -0.07297221190433012 0.09129639214954649 0.06983202109332495
5.38 0.0 -0.07297221190433012 0.09129639214954649 0.06983202109332495
5.4 0.0 -0.07297221190433012 0.09129639214954649 0.0918133567703611
5.42 0.0 -0.07297221190433012 0.09129639214954649 0.06983202109332495
5.44 0.0 -0.07297221190433012 0.09129639214954649 0.0918133567703611
5.46 0.0 -0.07297221190433012 0.09129639214954649 0.0918133567703611
5.48 0.0 -0.07297221190433012 0.09129639214954649 0.0918133567703611
5.5 0.0 -0.07297221190433012 0.09129639214954649 0.0918133567703611
5.52 0.0 -0.07297221190433012 0.09129639214954649 0.0918133567703611
5.54 0.0 -0.07297221190433012 0.09129639214954649 0.0918133567703611
5.56 0.0 -0.07297221190433012 0.09129639214954649 0.0918133567703611
5.58 0.0 -0.07297221190433012 0.12784579084113756 0.0918133567703611
5.6 0.0 -0.07297221190433012 0.09129639214954649 0.0918133567703611
5.62 0.0 -0.07297221190433012 0.09129639214954649 0.0918133567703611
5.64 0.0 -0.07297221190433012 0.12784579084113756 0.0918133567703611
5.66 0.0 -0.07297221190433012 0.12784579084113756 0.0918133567703611
5.68 0.0 -0.07297221190433012 0.09129639214954649 0.0918133567703611
5.7 0.0 -0.07297221190433012 0.12784579084113756 0.11379469244739715
5.72 0.0 -0.07297221190433012 0.12784579084113756 0.0918133567703611
5.74 0.0 -0.07297221190433012 0.09129639214954649 0.0918133567703611
5.76 -0.023418937436591625 -0.07297221190433012 0.09129639214954649 0.11379469244739715
5.78 0.0 -0.07297221190433012 0.09129639214954649 0.11379469244739715
5.8 0.0 -0.09495354758136623 0.12784579084113756 0.11379469244739715
5.82 0.0 -0.07297221190433012 0.12784579084113756 0.11379469244739715
5.84 0.0 -0.07297221190433012 0.09129639214954649 0.11379469244739715
5.86 0.0 -0.07297221190433012 0.09129639214954649 0.11379469244739715
5.88 0.0 -0.09495354758136623 0.12784579084113756 0.11379469244739715
5.9 0.0 -0.07297221190433012 0.09129639214954649 0.11379469244739715
5.92 0.0 -0.07297221190433012 0.09129639214954649 0.1357760281244333
5.94 0.0 -0.09495354758136623 0.09129639214954649 0.11379469244739715
5.96 -0.023418937436591625 -0.09495354758136623 0.12784579084113756 0.11379469244739715
5.98 0.0 -0.09495354758136623 0.09129639214954649 0.11379469244739715
6.0 0.0 -0.09495354758136623 0.12784579084113756 0.1357760281244333
6.02 0.0 -0.09495354758136623 0.09129639214954649 0.11379469244739715
6.04 0.0 -0.07297221190433012 0.09129639214954649 0.11379469244739715
6.06 0.0 -0.09495354758136623 0.09129639214954649 0.12902629026072765
6.08 0.0 -0.07297221190433012 0.12784579084113756 0.12902629026072765
6.1 0.0 -0.07297221190433012 0.12784579084113756 0.11379469244739715
6.12 0.0 -0.09495354758136623 0.09129639214954649 0.11379469244739715
6.14 0.0 -0.09495354758136623 0.09129639214954649 0.11379469244739715
6.16 0.0 -0.07297221190433012 0.12784579084113756 0.11379469244739715
6.18 0.0 -0.09495354758136623 0.12784579084113756 0.11379469244739715
6.2 0.0 -0.09495354758136623 0.12784579084113756 0.11379469244739715
6.22 0.0 -0.07297221190433012 0.12784579084113756 0.11379469244739715
6.24 0.0 -0.07297221190433012 0.12784579084113756 0.11379469244739715
6.26 0.0 -0.09495354758136623 0.12784579084113756 0.11379469244739715
6.28 0.0 -0.09495354758136623 0.12784579084113756 0.11379469244739715
6.3 0.0 -0.07297221190433012 0.12784579084113756 0.1357760281244333
6.32 0.0 -0.09495354758136623 0.12784579084113756 0.11379469244739715
6.34 0.0 -0.09495354758136623 0.09129639214954649 0.11379469244739715
6.36 0.0 -0.09495354758136623 0.09129639214954649 0.1357760281244333
6.38 0.0 -0.07297221190433012 0.09129639214954649 0.11379469244739715
6.4 0.0 -0.09495354758136623 0.12784579084113756 0.11379469244739715
6.42 0.0 -0.07297221190433012 0.09129639214954649 0.11379469244739715
6.44 0.0 -0.07297221190433012 0.12784579084113756 0.11379469244739715
6.46 -0.023418937436591625 -0.09495354758136623 0.09129639214954649 0.11379469244739715
6.48 0.0 -0.07297221190433012 0.09129639214954649 0.11379469244739715
6.5 0.0 -0.09495354758136623 0.09129639214954649 0.11379469244739715
6.52 0.0 -0.09495354758136623 0.09129639214954649 0.11379469244739715
6.54 0.0 -0.09495354758136623 0.12784579084113756 0.1357760281244333
6.56 0.0 -0.09495354758136623 0.09129639214954649 0.11379469244739715
6.58 -0.023418937436591625 -0.09495354758136623 0.09129639214954649 0.11379469244739715
6.6 0.0 -0.09495354758136623 0.12784579084113756 0.11379469244739715
6.62 0.0 -0.09495354758136623 0.12784579084113756 0.11379469244739715
6.64 0.0 -0.07297221190433012 0.09129639214954649 0.1357760281244333
6.66 0.0 -0.09495354758136623 0.12784579084113756 0.11379469244739715
6.68 0.0 -0.07297221190433012 0.12784579084113756 0.11379469244739715
6.7 0.0 -0.07297221190433012 0.09129639214954649 0.11379469244739715
6.72 0.0 -0.07297221190433012 0.09129639214954649 0.11379469244739715
6.74 0.0 -0.09495354758136623 0.09129639214954649 0.11379469244739715
6.76 0.0 -0.09495354758136623 0.09129639214954649 0.11379469244739715
6.78 0.0 -0.07297221190433012 0.12784579084113756 0.11379469244739715
6.8 0.0 -0.07297221190433012 0.09129639214954649 0.11379469244739715
6.82 0.0 -0.07297221190433012 0.09129639214954649 0.11379469244739715
6.84 0.0 -0.07297221190433012 0.09129639214954649 0.11379469244739715
6.86 0.0 -0.09495354758136623 0.09129639214954649 0.11379469244739715
6.88 0.0 -0.07297221190433012 0.12784579084113756 0.11379469244739715
6.9 0.0 -0.07297221190433012 0.12784579084113756 0.11379469244739715
6.92 0.0 -0.07297221190433012 0.12784579084113756 0.11379469244739715
6.94 0.0 -0.07297221190433012 0.12784579084113756 0.1357760281244333
6.96 0.0 -0.07297221190433012 0.12784579084113756 0.11379469244739715
6.98 0.0 -0.09495354758136623 0.09129639214954649 0.11379469244739715
7.0 0.0 -0.09495354758136623 0.09129639214954649 0.11379469244739715
7.02 0.0 -0.09495354758136623 0.12784579084113756 0.11379469244739715
7.04 0.0 -0.09495354758136623 0.12784579084113756 0.11379469244739715
7.06 0.0 -0.09495354758136623 0.09129639214954649 0.11379469244739715
7.08 0.0 -0.07297221190433012 0.12784579084113756 0.11379469244739715
7.1 0.0 -0.09495354758136623 0.12784579084113756 0.1357760281244333
7.12 0.0 -0.07297221190433012 0.12784579084113756 0.11379469244739715
7.14 0.0 -0.07297221190433012 0.12784579084113756 0.11379469244739715
7.16 0.0 -0.07297221190433012 0.09129639214954649 0.11379469244739715
7.18 0.0 -0.09495354758136623 0.09129639214954649 0.11379469244739715
7.2 0.0 -0.09495354758136623 0.12784579084113756 0.11379469244739715
7.22 0.0 -0.07297221190433012 0.12784579084113756 0.1357760281244333
7.24 0.0 -0.09495354758136623 0.09129639214954649 0.1357760281244333
7.26 -0.023418937436591625 -0.09495354758136623 0.09129639214954649 0.11379469244739715
7.28 0.0 -0.09495354758136623 0.09129639214954649 0.11379469244739715
7.3 -0.023418937436591625 -0.09495354758136623 0.12784579084113756 0.1357760281244333
7.32 0.0 -0.09495354758136623 0.12784579084113756 0.11379469244739715
7.34 0.0 -0.09495354758136623 0.12784579084113756 0.11379469244739715
7.36 0.0 -0.07297221190433012 0.09129639214954649 0.1357760281244333
7.38 -0.023418937436591625 -0.07297221190433012 0.09129639214954649 0.11379469244739715
7.4 0.0 -0.07297221190433012 0.09129639214954649 0.11379469244739715
7.42 0.0 -0.09495354758136623 0.12784579084113756 0.11379469244739715
7.44 0.0 -0.09495354758136623 0.09129639214954649 0.11379469244739715
7.46 -0.023418937436591625 -0.09495354758136623 0.09129639214954649 0.1357760281244333
7.48 -0.023418937436591625 -0.07297221190433012 0.12784579084113756 0.11379469244739715
7.5 -0.023418937436591625 -0.09495354758136623 0.12784579084113756 0.11379469244739715
7.52 0.0 -0.07297221190433012 0.09129639214954649 0.11379469244739715
7.54 0.0 -0.07297221190433012 0.12784579084113756 0.11379469244739715
7.56 0.0 -0.07297221190433012 0.12784579084113756 0.11379469244739715
7.58 0.0 -0.09495354758136623 0.09129639214954649 0.1357760281244333
7.6 0.0 -0.07297221190433012 0.12784579084113756 0.11379469244739715
7.62 0.0 -0.09495354758136623 0.12784579084113756 0.11379469244739715
7.64 -0.023418937436591625 -0.07297221190433012 0.09129639214954649 0.11379469244739715
7.66 0.0 -0.09495354758136623 0.12784579084113756 0.1357760281244333
7.68 0.0 -0.09495354758136623 0.12784579084113756 0.11379469244739715
7.7 -0.023418937436591625 -0.09495354758136623 0.12784579084113756 0.11379469244739715
7.72 -0.023418937436591625 -0.09495354758136623 0.09129639214954649 0.1357760281244333
7.74 -0.023418937436591625 -0.07297221190433012 0.09129639214954649 0.11379469244739715
7.76 0.0 -0.07297221190433012 0.09129639214954649 0.11379469244739715
7.78 -0.023418937436591625 -0.07297221190433012 0.09129639214954649 0.11379469244739715
7.8 0.0 -0.09495354758136623 0.12784579084113756 0.1357760281244333
7.82 -0.023418937436591625 -0.09495354758136623 0.12784579084113756 0.11379469244739715
7.84 0.0 -0.09495354758136623 0.09129639214954649 0.1357760281244333
7.86 -0.023418937436591625 -0.07297221190433012 0.09129639214954649 0.11379469244739715
7.88 0.0 -0.07297221190433012 0.12784579084113756 0.11379469244739715
7.9 0.0 -0.07297221190433012 0.12784579084113756 0.11379469244739715
7.92 -0.023418937436591625 -0.07297221190433012 0.09129639214954649 0.11379469244739715
7.94 0.0 -0.09495354758136623 0.12784579084113756 0.11379469244739715
7.96 0.0 -0.09495354758136623 0.09129639214954649 0.11379469244739715
7.98 0.0 -0.07297221190433012 0.09129639214954649 0.1357760281244333
8.0 0.0 -0.07297221190433012 0.12784579084113756 0.1357760281244333
8.02 0.0 -0.09495354758136623 0.09129639214954649 0.11379469244739715
8.04 0.0 -0.09495354758136623 0.09129639214954649 0.11379469244739715
8.06 0.0 -0.09495354758136623 0.12784579084113756 0.11379469244739715
8.08 0.0 -0.07297221190433012 0.12784579084113756 0.11379469244739715
8.1 0.0 -0.07297221190433012 0.12784579084113756 0.11379469244739715
8.12 0.0 -0.07297221190433012 0.09129639214954649 0.11379469244739715
8.14 0.0 -0.09495354758136623 0.12784579084113756 0.11379469244739715
8.16 0.0 -0.07297221190433012 0.12784579084113756 0.11379469244739715
8.18 -0.023418937436591625 -0.07297221190433012 0.12784579084113756 0.11379469244739715
8.2 0.0 -0.09495354758136623 0.12784579084113756 0.11379469244739715
8.22 0.0 -0.07297221190433012 0.09129639214954649 0.11379469244739715
8.24 0.0 -0.09495354758136623 0.12784579084113756 0.1357760281244333
8.26 -0.023418937436591625 -0.09495354758136623 0.09129639214954649 0.11379469244739715
8.28 -0.023418937436591625 -0.09495354758136623 0.09129639214954649 0.11379469244739715
8.3 -0.023418937436591625 -0.09495354758136623 0.12784579084113756 0.11379469244739715
8.32 -0.023418937436591625 -0.09495354758136623 0.12784579084113756 0.11379469244739715
8.34 0.0 -0.09495354758136623 0.09129639214954649 0.1357760281244333
8.36 0.0 -0.09495354758136623 0.09129639214954649 0.11379469244739715
8.38 0.0 -0.09495354758136623 0.09129639214954649 0.11379469244739715
8.4 0.0 -0.07297221190433012 0.09129639214954649 0.1357760281244333
8.42 0.0 -0.09495354758136623 0.12784579084113756 0.11379469244739715
8.44 -0.023418937436591625 -0.09495354758136623 0.09129639214954649 0.11379469244739715
8.46 -0.023418937436591625 -0.09495354758136623 0.12784579084113756 0.11379469244739715
8.48 0.0 -0.07297221190433012 0.12784579084113756 0.11379469244739715
8.5 -0.023418937436591625 -0.09495354758136623 0.09129639214954649 0.1357760281244333
8.52 0.0 -0.07297221190433012 0.12784579084113756 0.11379469244739715
8.54 -0.023418937436591625 -0.09495354758136623 0.09129639214954649 0.11379469244739715
8.56 0.0 -0.07297221190433012 0.12784579084113756 0.11379469244739715
8.58 0.0 -0.09495354758136623 0.09129639214954649 0.11379469244739715
8.6 -0.023418937436591625 -0.07297221190433012 0.09129639214954649 0.11379469244739715
8.62 -0.023418937436591625 -0.09495354758136623 0.09129639214954649 0.11379469244739715
8.64 0.0 -0.09495354758136623 0.09129639214954649 0.11379469244739715
8.66 0.0 -0.07297221190433012 0.12784579084113756 0.11379469244739715
8.68 0.0 -0.09495354758136623 0.09129639214954649 0.1357760281244333
8.7 0.0 -0.07297221190433012 0.12784579084113756 0.1357760281244333
8.72 -0.023418937436591625 -0.09495354758136623 0.09129639214954649 0.11379469244739715
8.74 0.0 -0.09495354758136623 0.12784579084113756 0.11379469244739715
8.76 0.0 -0.07297221190433012 0.09129639214954649 0.11379469244739715
8.78 -0.023418937436591625 -0.09495354758136623 0.12784579084113756 0.11379469244739715
8.8 0.0 -0.09495354758136623 0.12784579084113756 0.11379469244739715
8.82 0.0 -0.07297221190433012 0.09129639214954649 0.11379469244739715
8.84 0.0 -0.09495354758136623 0.09129639214954649 0.11379469244739715
8.86 -0.023418937436591625 -0.09495354758136623 0.12784579084113756 0.11379469244739715
8.88 -0.023418937436591625 -0.07297221190433012 0.12784579084113756 0.11379469244739715
8.9 0.0 -0.09495354758136623 0.12784579084113756 0.11379469244739715
8.92 -0.023418937436591625 -0.09495354758136623 0.12784579084113756 0.11379469244739715
8.94 0.0 -0.07297221190433012 0.09129639214954649 0.11379469244739715
8.96 -0.023418937436591625 -0.07297221190433012 0.09129639214954649 0.11379469244739715
8.98 0.0 -0.09495354758136623 0.09129639214954649 0.11379469244739715
9.0 0.0 -0.09495354758136623 0.12784579084113756 0.1357760281244333
9.02 -0.023418937436591625 -0.09495354758136623 0.09129639214954649 0.11379469244739715
9.04 0.0 -0.09495354758136623 0.12784579084113756 0.11379469244739715
9.06 -0.023418937436591625 -0.07297221190433012 0.09129639214954649 0.11379469244739715
9.08 0.0 -0.07297221190433012 0.09129639214954649 0.11379469244739715
9.1 -0.023418937436591625 -0.07297221190433012 0.12784579084113756 0.11379469244739715
9.12 -0.023418937436591625 -0.07297221190433012 0.12784579084113756 0.11379469244739715
9.14 0.0 -0.07297221190433012 0.09129639214954649 0.11379469244739715
9.16 0.0 -0.09495354758136623 0.09129639214954649 0.11379469244739715
9.18 -0.023418937436591625 -0.07297221190433012 0.09129639214954649 0.11379469244739715
9.2 -0.023418937436591625 -0.09495354758136623 0.09129639214954649 0.11379469244739715
9.22 0.0 -0.09495354758136623 0.12784579084113756 0.11379469244739715
9.24 0.0 -0.09495354758136623 0.09129639214954649 0.11379469244739715
9.26 0.0 -0.09495354758136623 0.09129639214954649 0.11379469244739715
9.28 -0.023418937436591625 -0.09495354758136623 0.09129639214954649 0.11379469244739715
9.3 -0.023418937436591625 -0.07297221190433012 0.12784579084113756 0.11379469244739715
9.32 0.0 -0.09495354758136623 0.09129639214954649 0.11379469244739715
9.34 -0.023418937436591625 -0.09495354758136623 0.09129639214954649 0.11379469244739715
9.36 0.0 -0.09495354758136623 0.12784579084113756 0.11379469244739715
9.38 -0.023418937436591625 -0.09495354758136623 0.12784579084113756 0.11379469244739715
9.4 -0.023418937436591625 -0.09495354758136623 0.12784579084113756 0.1357760281244333
9.42 -0.023418937436591625 -0.07297221190433012 0.09129639214954649 0.11379469244739715
9.44 0.0 -0.07297221190433012 0.12784579084113756 0.1357760281244333
9.46 -0.023418937436591625 -0.07297221190433012 0.12784579084113756 0.11379469244739715
9.48 -0.023418937436591625 -0.09495354758136623 0.09129639214954649 0.11379469244739715
9.5 -0.023418937436591625 -0.09495354758136623 0.09129639214954649 0.11379469244739715
9.52 0.0 -0.07297221190433012 0.12784579084113756 0.11379469244739715
9.54 0.0 -0.07297221190433012 0.12784579084113756 0.11379469244739715
9.56 0.0 -0.07297221190433012 0.12784579084113756 0.11379469244739715
9.58 -0.023418937436591625 -0.09495354758136623 0.09129639214954649 0.11379469244739715
9.6 0.0 -0.09495354758136623 0.09129639214954649 0.1357760281244333
9.62 0.0 -0.09495354758136623 0.09129639214954649 0.1357760281244333
9.64 -0.023418937436591625 -0.09495354758136623 0.09129639214954649 0.11379469244739715
9.66 -0.023418937436591625 -0.07297221190433012 0.12784579084113756 0.11379469244739715
9.68 0.0 -0.07297221190433012 0.09129639214954649 0.11379469244739715
9.7 0.0 -0.09495354758136623 0.12784579084113756 0.11379469244739715
9.72 0.0 -0.09495354758136623 0.12784579084113756 0.11379469244739715
9.74 -0.023418937436591625 -0.07297221190433012 0.09129639214954649 0.11379469244739715
9.76 -0.023418937436591625 -0.09495354758136623 0.09129639214954649 0.11379469244739715
9.78 0.0 -0.09495354758136623 0.12784579084113756 0.11379469244739715
9.8 0.0 -0.09495354758136623 0.12784579084113756 0.11379469244739715
9.82 -0.023418937436591625 -0.07297221190433012 0.12784579084113756 0.11379469244739715
9.84 0.0 -0.07297221190433012 0.09129639214954649 0.11379469244739715
9.86 -0.023418937436591625 -0.09495354758136623 0.09129639214954649 0.11379469244739715
9.88 0.0 -0.07297221190433012 0.12784579084113756 0.11379469244739715
9.9 -0.023418937436591625 -0.09495354758136623 0.09129639214954649 0.11379469244739715
9.92 0.0 -0.07297221190433012 0.12784579084113756 0.1357760281244333
9.94 -0.023418937436591625 -0.07297221190433012 0.12784579084113756 0.11379469244739715
9.96 -0.023418937436591625 -0.09495354758136623 0.12784579084113756 0.11379469244739715
9.98 -0.023418937436591625 -0.09495354758136623 0.12784579084113756 0.11379469244739715
10.0 0.0 -0.07297221190433012 0.09129639214954649 0.11379469244739715
10.02 0.0 -0.09495354758136623 0.09129639214954649 0.11379469244739715
10.04 -0.023418937436591625 -0.09495354758136623 0.09129639214954649 0.11379469244739715
10.06 -0.023418937436591625 -0.09495354758136623 0.09129639214954649 0.11379469244739715
10.08 0.0 -0.09495354758136623 0.09129639214954649 0.11379469244739715
10.1 0.0 -0.09495354758136623 0.1643951895327287 0.02586934973925273
10.12 -0.023418937436591625 -0.09495354758136623 0.20094458822431976 0.04785068541628887
10.14 0.0 -0.09495354758136623 0.5664385751402305 -0.02052768060063309
10.16 0.0 -0.19811048810284115 0.45472506991213824 0.0
10.18 0.0 -0.30974928857394085 0.8923432694215018 -0.33656948954879223
10.2 0.0 -0.43661968685837105 0.513366703222088 0.0
10.22 0.0 -0.5330268895161403 0.8737554870416316 -0.307335612167246
10.24 0.0 -0.5989708965472487 0.23589323605803136 0.0
10.26 0.0 -0.664914903578357 0.7393235811270309 -0.3189242153287668
10.28 0.17265642614600446 -0.6564330436287322 0.29453486936798134 0.18077775475922364
10.3 0.2112711339909144 -0.6479511836791073 1.025522843199803 -0.1496445172962123
10.32 0.2112711339909144 -0.6174879880524463 0.6579635471305728 0.38727038628214494
10.34 0.17059111699268542 -0.549811858935419 1.2114258701746663 0.02741120886077547
10.36 0.0 -0.5345802611220883 0.6903823275155261 0.6934557141547023
10.38 0.0 -0.5565615967991244 1.056967038795027 0.17626294282224164
10.4 -0.1413283701246406 -0.5345802611220883 0.23526706998988173 0.5885666515473081
10.42 -0.21855778581446061 -0.5345802611220883 0.2980393216064692 0.14735311880152896
10.44 -0.3668206897341438 -0.5345802611220883 -0.48173569667799476 0.38882375788809265
10.46 -0.3647553805808249 -0.5565615967991244 -0.5672263489810903 0.003194947257015579
10.48 -0.36269007142750603 -0.5345802611220883 -1.2365327955599135 0.1536000528244298
10.5 -0.3992394701190972 -0.5565615967991244 -0.9400069877205471 0.0
10.52 -0.3606247622741871 -0.5565615967991244 -0.9255498236473151 0.03503276400965338
10.54 -0.2489112570460949 -0.5345802611220883 -0.279426336050439 0.024818781974109222
10.56 -0.13306713351136484 -0.5345802611220883 -0.11464095890420456 0.036586135615601284
10.58 -0.059968336128182725 -0.5345802611220883 0.1230890064663499 0.1833816941303152
10.6 0.0 -0.5345802611220883 0.20651434961612675 0.07001077157329622
10.62 -0.021353628283272724 -0.5345802611220883 0.28993969276590364 0.2711282863584883
10.64 -0.0965177348197738 -0.5345802611220883 0.2575209123809504 0.0
10.66 -0.17168184135627484 -0.5565615967991244 0.0037404306931317632 0.18804180894815914
10.68 -0.28546065573768603 -0.5565615967991244 0.0 -0.04647606429031215
10.7 -0.32407536358259603 -0.5345802611220883 -0.1820083871228696 0.006816006794141405
10.72 -0.32407536358259603 -0.5565615967991244 -0.02645883137964003 -0.30039561133914383
10.74 -0.2875259648910049 -0.5565615967991244 -0.35236352566091134 0.0
10.76 -0.32407536358259603 -0.5785429324761605 -0.015157700823315912 -0.37326810671392896
10.78 -0.2489112570460949 -0.5565615967991244 -0.3337757432810407 0.009598696645204186
10.8 -0.28546065573768603 -0.5785429324761605 0.0 -0.49685301130649207
10.82 -0.2875259648910049 -0.5785429324761605 -0.08969564129166718 0.0
10.84 -0.36269007142750603 -0.5785429324761605 0.2128718848487937 -0.6052063180857244
10.86 -0.3647553805808249 -0.6036644589642018 0.0 0.0
10.88 -0.4764688858089171 -0.6256457946412379 0.2983625371518895 -0.6593829714753409
10.9 -0.3688859988874628 -0.647627130318274 0.0 -0.017051923944369413
10.92 -0.517148902807146 -0.5041170654954275 0.08113145415566181 -0.05581822904068379
10.94 -0.37301661719410073 -0.43644093637839976 -0.14529738065856862 0.6249307927213528
10.96 -0.559894228958694 -0.30957053809396967 0.15423025153884384 0.6744138836940161
10.98 -0.18917889937255583 -0.26387574465397823 0.2762703025335309 1.0124704759183207
11.0 -0.2602123876024192 -0.09477479710139505 0.8327725195206729 0.7895169283369542
11.02 0.10719269930794817 -0.11502401069251181 0.7210590142925808 0.6356475785977017
11.04 0.0 -0.011867070171036942 0.89554477113726 0.5562040958391818
11.06 0.32029316399753793 -0.1809680177236202 0.5197242384547548 0.3838176545947317
11.08 0.0 -0.21991307329990606 0.5824964900713423 0.4312445701206422
11.1 0.0 -0.1929141218450835 0.24529066523374687 0.38760595212740334
11.12 -0.022954379141151976 -0.21662757960803886 0.35080824300188224 0.44853234338072523
11.14 -0.2767348608289705 0.0 0.0887665247007878 0.42828312978960836
11.16 -0.23398953467742267 0.0 0.08463590639415008 0.44351472760293875
11.18 -0.6695424250334673 0.6714858909620914 0.0 0.3995520562488666
11.2 -0.3992394701190972 0.07467088639114008 0.0 0.3995520562488666
11.22 -0.9006045060347775 0.5020274424495658 -0.11447935113149438 0.3775707205718305
11.24 -0.37445576027926997 -0.11450969436728226 -0.04138055374831223 0.3775707205718305
11.26 -0.8789768297118589 0.07882819736817956 -0.11447935113149438 0.3775707205718305
11.28 -0.12417973082993938 -0.5409944331405355 -0.15515936812972336 0.3555893848947943
11.3 -0.5900860924176182 0.0 -0.3054875812027257 0.3336080492177582
11.32 0.0 -0.6780788134605097 -0.3461675982009545 0.3555893848947943
11.34 -0.34807129958156346 -0.035747765929538294 -0.4192663955841367 0.3555893848947943
11.36 0.17379261870844376 -0.6915782891879211 -0.3827169968925457 0.3555893848947943
11.38 -0.03915363682228323 -0.06274671738436086 -0.3827169968925457 0.3555893848947943
11.4 0.40548086577790354 -0.5849571044946077 -0.3827169968925457 0.3555893848947943
11.42 0.0 -0.10999488243030006 -0.3827169968925457 0.3555893848947943
11.44 0.5192596801593149 -0.4918353955287058 -0.3461675982009545 0.3555893848947943
11.46 0.005502789323720864 -0.16540085406503113 -0.3461675982009545 0.3555893848947943
11.48 0.4785796631610858 -0.40373130234058985 -0.3847823060458646 0.3555893848947943
11.5 0.0 -0.17872157931247112 -0.42133170473745574 0.3555893848947943
11.52 0.43583433700953833 -0.24795108003544675 -0.42133170473745574 0.3555893848947943
11.54 0.10069382132526156 -0.13959777325621414 -0.42133170473745574 0.3555893848947943
11.56 0.4307291339131709 -0.04647606429031215 -0.3847823060458646 0.3555893848947943
11.58 0.16346607294184923 -0.11036389587466791 -0.3847823060458646 0.3555893848947943
11.6 0.3817878803016661 0.0 -0.2730688008177724 0.3555893848947943
11.62 0.19077965023043503 -0.1524156946628497 -0.3096181995093634 0.3555893848947943
11.64 0.2556172110003416 0.0 -0.2730688008177724 0.3555893848947943
11.66 0.17219186785056462 -0.12004162647029831 -0.3096181995093634 0.3555893848947943
11.68 0.0522171260091967 0.1432073203089146 -0.19790469428127128 0.3555893848947943
11.7 0.11498937762578426 -0.03161347992134941 -0.23445409297286235 0.3555893848947943
11.72 0.0 0.32270100037701316 -0.1613552955896802 0.3555893848947943
11.74 0.17472173529932328 0.0 -0.19790469428127128 0.3555893848947943
11.76 0.0 0.5224438940362287 -0.1227405877447702 0.3555893848947943
11.78 0.19474866076436292 0.0 -0.1227405877447702 0.3775707205718305
11.8 0.0 0.6527785364924973 -0.049641790361588084 0.3775707205718305
11.82 0.17616087838449257 0.0 -0.08412587989986017 0.3775707205718305
11.84 -0.053307850372786264 0.7898629168124714 0.0 0.3775707205718305
11.86 0.0 0.07657024647260535 -0.004831155056721215 0.3995520562488666
11.88 -0.25257731705729314 0.835557710252463 0.0 0.3995520562488666
11.9 0.0 0.09681946006372219 0.0 0.44351472760293875
11.92 -0.4111667667435711 0.6849738542050775 0.003275872397692031 0.44351472760293875
11.94 -0.12083688636416112 0.29259530571029474 0.0 0.5314400703110831
11.96 -0.4883961824333909 0.41253721565104795 0.11498937762578426 0.47224580114368053
11.98 -0.11877157721084242 0.0 0.0 0.38933807421332256
12.0 -0.14705973928915783 -0.07088258885846843 0.23496411946715207 0.17281021113482853
12.02 0.0 -0.1100063949147255 0.0 0.15584649123557892
12.04 -0.029150306601108733 -0.21662757960803886 0.3163241534636102 0.07467088639114008
12.06 0.0 -0.12368462112210793 0.06254367177579145 0.10513408201780114
12.08 -0.10224910398429093 -0.16089755461247457 0.395618878306749 0.06965327061335375
12.1 0.0 -0.11693488325840232 0.5032017652282035 0.0
12.12 -0.022954379141151976 -0.176129152425805 0.5335552364598377 0.0
12.14 0.0 -0.16937941456209937 0.7842958242046079 -0.38071091138283564
12.16 0.0 -0.2877679528969047 0.5139928692902377 -0.04579450996953632
12.18 0.0 -0.43661968685837105 0.903644399977826 -0.5188458594679534
12.2 0.0 -0.5550082251931765 0.4505944516055005 0.0
12.22 0.0 -0.5922211586835431 0.8047873079650871 -0.22251701267099755
12.24 0.0 -0.5837392987339182 0.08653960777475911 0.24343626809846491
12.26 0.03409390192476605 -0.5752574387842934 0.5910606772073479 -0.14618027312437376
12.28 0.07477391892299495 -0.5447942431576326 0.0 0.3602714348273222
12.3 0.22716744114931614 -0.5363123832080077 0.6110876026723874 0.0
12.32 0.26784745814754507 -0.5210807853946771 0.0 0.6749386226495043
12.34 0.3795609633756373 -0.4686362540909801 0.4524981529861094 0.1002837042355604
12.36 0.30646216599245507 -0.4686362540909801 0.0 0.5937630178050659
12.38 0.3430115646840462 -0.4686362540909801 0.25735930460824025 0.12381841151854472
12.4 0.23129805945595405 -0.4686362540909801 -0.15072579930035596 0.5276402602939864
12.42 0.15613395291945292 -0.49061758976801617 0.0 0.13212152098819835
12.44 0.044420447691360776 -0.4686362540909801 -0.41276751760145014 0.38882375788809265
12.46 0.044420447691360776 -0.4686362540909801 -0.010724131993948421 0.11985136350590198
12.48 0.007871048999769703 -0.4686362540909801 -0.447251607139722 0.27025646907331613
12.5 0.0830351555362708 -0.4686362540909801 -0.03901229407226364 0.14840368656667235
12.52 0.0851004646895897 -0.4686362540909801 -0.4003756626815368 0.15168918025853945
12.54 0.16026457122609084 -0.4686362540909801 -0.026620439152350184 0.1245114783237457
12.56 0.12371517253449976 -0.4686362540909801 -0.3201063530486682 0.0
12.58 0.16232988037940976 -0.4686362540909801 -0.05077798292402755 0.13924027229627173
12.6 0.05061637515131748 -0.4686362540909801 -0.1939356837473435 0.0
12.62 0.04855106599799858 -0.4686362540909801 -0.11257564975088549 0.15931073540741747
12.64 0.012001667306407504 -0.4686362540909801 -0.10431441313760986 0.0
12.66 0.012001667306407504 -0.4686362540909801 -0.05743846867942398 0.10495533153782982
12.68 0.0 -0.49061758976801617 0.0 -0.18702468878212486
12.7 0.0 -0.49061758976801617 0.0 0.003027709261469669
12.72 0.0 -0.5125989254450521 0.0 -0.37326810671392896
12.74 0.0 -0.5125989254450521 -0.13513244266468377 0.0
12.76 0.0 -0.5125989254450521 0.0 -0.5053348712561171
12.78 0.0 -0.5125989254450521 -0.3054875812027257 0.0
12.8 -0.10575355622277899 -0.5125989254450521 0.0 -0.6441513736620103
12.82 -0.0367853771462347 -0.5345802611220883 -0.10002218705826191 -0.0035524482169580207
12.84 -0.1484988823743269 -0.5345802611220883 0.165995940390608 -0.7203093627286629
12.86 -0.04091599545287267 -0.5565615967991244 0.0 -0.12194098655176347
12.88 -0.1484988823743269 -0.5565615967991244 0.2901013005386137 -0.7270591005923682
12.9 0.0 -0.6256457946412379 0.0 -0.2588466163917665
12.92 -0.1119494836827358 -0.6256457946412379 0.3714613345350715 -0.5612436467316523
12.94 0.0 -0.6036644589642018 0.0 -0.08281718049550643
12.96 -0.23192422552410374 -0.35699745361988033 0.26181313846029836 0.0
12.98 0.0 -0.25712600679027253 0.038386128004113895 0.253483012138463
13.0 -0.31741487782719957 0.0 0.10322368877402027 0.5276517727784116
13.02 0.0 0.0 0.0 0.44853234338072523
13.04 -0.4394549288218864 0.0 0.056347744315834725 0.4942271368207166
13.06 -0.3684214405920231 0.0 0.0 0.3555893848947943
13.08 -0.6242672314331608 0.0 0.056347744315834725 0.37082098270812486
13.1 -0.7622035895862492 0.24239721281774662 0.0 0.29812723781331096
13.12 -0.6056794490532902 0.02586934973925273 0.0 0.31335883562664135
13.14 -0.9640029237195148 0.6105594997087694 0.0 0.34382203125330235
13.16 -0.5088876661938704 0.0 0.0 0.35905362906663274
13.18 -0.8213097811916383 0.41738759343328846 -0.07173402497994652 0.3962665625569993
13.2 -0.14483282236312878 -0.12472367640282611 -0.0007005367500833026 0.403016300420705
13.22 -0.5355750774143065 0.08557793523188517 -0.14896344066976663 0.37255310479404413
13.24 0.0 -0.44458723048276616 -0.11447935113149438 0.3640712448444192
13.26 -0.32597906496320517 0.0 -0.26480756420449664 0.3116267135407222
13.28 0.1614007637885304 -0.5816716108027405 -0.34203697989431664 0.3116267135407222
13.3 -0.23635779435347137 -0.042497503793243796 -0.5289145916589101 0.3336080492177582
13.32 0.17172730955512505 -0.6408658799701433 -0.5309799008122289 0.3268583113540527
13.34 -0.11638305251210307 -0.137172584365094 -0.6426934060403211 0.3268583113540527
13.36 0.2896367422431739 -0.608670562257563 -0.6813081138852309 0.3268583113540527
13.38 -0.0005389289773733985 -0.20640208508806945 -0.7544069112684133 0.3116267135407222
13.4 0.36686615793299415 -0.5442799268324028 -0.6792428047319122 0.3116267135407222
13.42 0.0 -0.20261378755539794 -0.6792428047319122 0.3116267135407222
13.44 0.40341555662458506 -0.40373130234058985 -0.6792428047319122 0.3116267135407222
13.46 0.0 -0.20070291498950726 -0.7157922034235034 0.3116267135407222
13.48 0.43583433700953833 -0.23271948222211625 -0.6792428047319122 0.3116267135407222
13.5 0.06414442263367037 -0.12436617544288364 -0.6406280968870021 0.3116267135407222
13.52 0.4307291339131709 -0.04647606429031215 -0.6040786981954109 0.3116267135407222
13.54 0.16346607294184923 -0.11711363373837361 -0.6040786981954109 0.3116267135407222
13.56 0.3817878803016661 0.0 -0.5675292995038201 0.3116267135407222
13.58 0.15423025153884384 -0.1524156946628497 -0.6040786981954109 0.3116267135407222
13.6 0.2556172110003416 0.0 -0.49236519296731884 0.3116267135407222
13.62 0.13564246915897366 -0.08282869297993178 -0.565463990350501 0.3116267135407222
13.64 0.0522171260091967 0.1584389181222451 -0.5289145916589101 0.3116267135407222
13.66 0.04189058024260203 -0.05359481559838544 -0.49236519296731884 0.3116267135407222
13.68 0.0 0.32270100037701316 -0.45581579427572794 0.3116267135407222
13.7 0.10162293791614119 0.0 -0.5289145916589101 0.3116267135407222
13.72 0.0 0.5224438940362287 -0.41720108643081777 0.3116267135407222
13.74 0.19681396991768185 0.0 -0.4537504851224089 0.3336080492177582
13.76 0.0 0.6680101343058277 -0.34203697989431664 0.3336080492177582
13.78 0.17822618753781144 0.0 -0.41513577727749884 0.3336080492177582
13.8 -0.053307850372786264 0.7831131789487659 -0.30342227204940675 0.3336080492177582
13.82 0.0 0.03935731298223849 -0.37445576027926997 0.3555893848947943
13.84 -0.28912671574888427 0.8727706437428294 -0.22619285635958664 0.3775707205718305
13.86 0.0 0.09006972220001658 -0.37032514197263194 0.3995520562488666
13.88 -0.44771616543516224 0.6934557141547023 -0.1855128393613577 0.3775707205718305
13.9 -0.1573862850557523 0.2167613700044756 -0.40274392235758516 0.4874773989570109
13.92 -0.561494979816573 0.6780453658614006 -0.1793169119014008 0.4874773989570109
13.94 -0.30564918897543547 0.36337817803921807 -0.5061961909724015 0.56331133466283
13.96 -0.48426556412675326 0.10444101521260007 -0.022792771368441878 0.4637639411940556
13.98 -0.14912504844247665 0.04333587347930698 -0.1993438373664404 0.446800221294806
14.0 -0.3277414235937942 0.0 0.028059582237519504 0.2979484873333397
14.02 -0.029150306601108733 0.0 0.0 0.2674852917066788
14.04 -0.17121728306083528 -0.015510064822846642 0.14390370577224942 0.20154128467557036
14.06 0.0 -0.0239919247724715 0.24942128354038468 0.0
14.08 -0.01882376083451409 -0.1795933965976434 0.3163241534636102 0.0
14.1 0.0 -0.23203792790134053 0.6056794490532902 -0.3147669043517272
14.12 0.0 -0.3876393997265124 0.3719258928305113 -0.010313698565088958
14.14 0.0 -0.5280092737383539 0.9098403274377828 -0.5645406529079448
14.16 0.0 -0.6683791477501955 0.5685038842935496 0.0
14.18 0.0 -0.7123418191042677 1.0730249537261383 -0.28344340392431944
14.2 0.0 -0.6666470256642762 0.35477725353581 0.23495440814883994
14.22 0.03615921107808495 -0.61247037227466 0.8186183059701698 -0.13094867531104348
14.24 0.11338862676790501 -0.5515439810213381 0.18282136413988886 0.35178957487769735
14.26 0.190618042457725 -0.5430621210717131 0.8731293209734813 0.0
14.28 0.19474866076436292 -0.5278305232583826 0.32075772229297783 0.6664567626998797
14.3 0.269912767300864 -0.49061758976801617 0.7897039778237048 0.1594779734029635
14.32 0.12164986338118078 -0.5125989254450521 0.0 0.6834204825991296
14.34 0.007871048999769703 -0.5125989254450521 0.32839279283810363 0.15428160714520572
14.36 0.0 -0.5125989254450521 -0.305184630679996 0.5124086624806558
14.38 -0.18298297191259905 -0.5125989254450521 0.0 0.12363966103857349
14.4 -0.29676178629401023 -0.5125989254450521 -0.6423904555175913 0.3583605622614317
14.42 -0.29676178629401023 -0.5125989254450521 -0.1651829633735885 0.11985136350590198
14.44 -0.18091766275928006 -0.5125989254450521 -0.672743926749226 0.23304353558294955
14.46 0.0 -0.5125989254450521 -0.15279110845367505 0.11119075307630577
14.48 0.0 -0.5125989254450521 -0.512089167909629 0.11447624676817292
14.5 0.0 -0.5125989254450521 -0.09971923653553239 0.1245114783237457
14.52 0.0 -0.5125989254450521 -0.279426336050439 0.0
14.54 0.0 -0.5125989254450521 0.0 0.15447187010960217
14.56 0.0 -0.5125989254450521 -0.07809156021261354 0.0
14.58 0.0 -0.5125989254450521 0.0 0.15256099754371177
14.6 0.0 -0.5125989254450521 0.0 0.0
14.62 0.0 -0.5125989254450521 0.0 0.12693666721486607
14.64 -0.02645883137964003 -0.5125989254450521 0.0 -0.18027495091841916
14.66 -0.028524140532958986 -0.5345802611220883 -0.00023597845464365386 0.04699038061554178
14.68 -0.1068442805863685 -0.5345802611220883 0.0 -0.39524944239096504
14.7 -0.06507353922455006 -0.5345802611220883 -0.17374715050959383 0.0
14.72 -0.06822957274145844 -0.5345802611220883 0.0 -0.5273162069331531
14.74 -0.028524140532958986 -0.5345802611220883 -0.2668728733578156 0.0
14.76 -0.1068442805863685 -0.5345802611220883 0.0 -0.6441513736620103
14.78 -0.06920415753118794 -0.5565615967991244 -0.13657158574985306 0.0
14.8 -0.18407369627618853 -0.5565615967991244 0.16806124954392693 -0.7203093627286629
14.82 -0.03265475883959684 -0.5785429324761605 0.0 -0.0999596508747273
14.84 -0.18407369627618853 -0.5785429324761605 0.2535519018470225 -0.7490404362694044
14.86 0.0 -0.647627130318274 0.0 -0.12695860232955009
14.88 -0.2581470784491001 -0.49061758976801617 0.18871434107711615 -0.20640208508806945
14.9 -0.07953070329778264 -0.4246735827369078 0.0 0.04836500174151867
14.92 -0.3760565111371491 -0.24034103737099405 0.2231984306153884 0.16693229055629538
14.94 0.0 -0.23687679319915567 0.14803432407888711 0.44958291114586857
14.96 -0.3539642765187907 -0.005117332307331357 0.39768418746006806 0.6138449934006366
14.98 0.0 -0.06759709516660123 0.13357716000565473 0.5683289504406165
15.0 -0.3663561314387044 -0.030384161676234617 0.3121935351569723 0.636005079557644
15.02 -0.22015853667233998 -0.0033852102214121937 0.054282435162515796 0.4874773989570109
15.04 -0.4029055301302954 -0.07954319928806455 0.2370294286204711 0.5027089967703414
15.06 -0.5063577987451117 0.08177812521478825 0.0 0.46722818536589406
15.08 -0.38638305690374375 0.0 0.013602418164286784 0.47571004531551897
15.1 -0.8543547276447416 0.5818284261680279 0.0 0.4689603074518135
15.12 -0.43578886881068823 0.00699475727411264 0.0 0.49942350307847416
15.14 -0.8619897981898675 0.45633264900957426 -0.11241404197817556 0.4774421674014381
15.16 -0.18344753020803867 -0.12974129218061253 -0.07792995243990336 0.4841919052651438
15.18 -0.5335097682609874 0.04836500174151867 -0.2627422550511778 0.4537287096384828
15.2 0.0 -0.525762835327205 -0.18964345766799567 0.4232655140118219
15.22 -0.3604631545014768 0.0 -0.3013569628960878 0.37082098270812486
15.24 0.12485136509693928 -0.6848285513242155 -0.3399716707409979 0.37082098270812486
15.26 -0.23429248520015222 0.0 -0.490299883814 0.37082098270812486
15.28 0.17379261870844376 -0.6695969535108849 -0.5309799008122289 0.37082098270812486
15.3 -0.07776834466719315 -0.07797831519769133 -0.6426934060403211 0.3555893848947943
15.32 0.3282514500880838 -0.6001887023079381 -0.6426934060403211 0.3555893848947943
15.34 -0.0005389289773733985 -0.16243941373399717 -0.7178575125768222 0.3555893848947943
15.36 0.36686615793299415 -0.5290483290190721 -0.7178575125768222 0.3555893848947943
15.38 0.0 -0.19586404969169208 -0.7178575125768222 0.3555893848947943
15.4 0.401350247471266 -0.40373130234058985 -0.6792428047319122 0.3555893848947943
15.42 0.0 -0.19395317712580162 -0.7157922034235034 0.3555893848947943
15.44 0.43583433700953833 -0.24795108003544675 -0.7157922034235034 0.3555893848947943
15.46 0.10275913047858062 -0.13959777325621414 -0.7157922034235034 0.3555893848947943
15.48 0.43279444306649006 -0.031244466476981647 -0.6406280968870021 0.3555893848947943
15.5 0.1269166742502582 -0.11711363373837361 -0.6406280968870021 0.3555893848947943
15.52 0.3452384816100751 0.0 -0.6406280968870021 0.3336080492177582
15.54 0.15423025153884384 -0.1524156946628497 -0.6020133890420922 0.3555893848947943
15.56 0.2190678123087504 0.0 -0.565463990350501 0.3555893848947943
15.58 0.13564246915897366 -0.09806029079326223 -0.6020133890420922 0.3555893848947943
15.6 0.0522171260091967 0.1584389181222451 -0.565463990350501 0.3555893848947943
15.62 0.07843997893419319 -0.05359481559838544 -0.6020133890420922 0.3555893848947943
15.64 0.0 0.3599139338673797 -0.5289145916589101 0.3555893848947943
15.66 0.10162293791614119 0.0 -0.5633986811971821 0.3555893848947943
15.68 0.0 0.5291936318999343 -0.5268492825055909 0.3555893848947943
15.7 0.23336336860927287 0.0 -0.5633986811971821 0.3775707205718305
15.72 0.0 0.6680101343058277 -0.45168517596908997 0.3775707205718305
15.74 0.17822618753781144 0.0 -0.524783973352272 0.3775707205718305
15.76 -0.08985724906437736 0.7831131789487659 -0.41307046812418013 0.3775707205718305
15.78 0.0 0.08331998433631083 -0.5206533550456343 0.3995520562488666
15.8 -0.28912671574888427 0.8727706437428294 -0.3723904511259508 0.3995520562488666
15.82 0.0 0.09006972220001658 -0.5551374445839065 0.44351472760293875
15.84 -0.44771616543516224 0.6782241163413719 -0.33171043412772205 0.42153339192590267
15.86 -0.12083688636416112 0.24549244354521726 -0.5854909158155406 0.5094587346340471
15.88 -0.561494979816573 0.7000267015384368 -0.40067861320426645 0.5094587346340471
15.9 -0.30564918897543547 0.4750169785103179 -0.6941645271005844 0.6444869395072688
15.92 -0.5594296706632543 0.2532927491740664 -0.31725327005448944 0.5852926703398663
15.94 -0.2608385536705688 0.19218760744077334 -0.4990256787227154 0.5835605482539469
15.96 -0.36429082228538523 0.0 -0.04695031514011938 0.4163370256681451
15.98 -0.14086381182920082 0.0 -0.2673374316532555 0.39576375871619485
16.0 -0.3194801869805185 0.0 0.0 0.31144796306075084
16.02 0.0 0.0 0.0 0.027422721345200685
16.04 -0.053307850372786264 -0.06293698034875728 0.06254367177579145 0.08834911259852263
16.06 0.0 -0.1373628473294905 0.34461231554192534 -0.24207315945691327
16.08 0.0 -0.37413992399910123 0.11292406847246533 -0.003563960701383373
16.1 0.0 -0.49252846233390657 0.6174451379050543 -0.5950038485346059
16.12 0.0 -0.6548796720227841 0.349207492144003 0.0
16.14 0.032028592771447095 -0.7428050147309285 1.079220881186095 -0.3883324665317134
16.16 0.0 -0.7190915569679733 0.436137287532268 0.20449121252217894
16.18 0.07270860976967608 -0.664914903578357 0.9385930478115377 -0.13094867531104348
16.2 0.14993802545949603 -0.5887569145117046 0.3007307968279379 0.3382900991502862
16.22 0.3388809463774083 -0.5430621210717131 0.9889734445082113 0.0
16.24 0.3795609633756373 -0.5278305232583826 0.4345365366743885 0.6884380983769159
16.26 0.4181756712205472 -0.49061758976801617 0.9838682414118448 0.14424637558963277
16.28 0.269912767300864 -0.5125989254450521 0.1256188739151085 0.7865774231206045
16.3 0.044420447691360776 -0.5125989254450521 0.442171607219515 0.1627634670948307
16.32 -0.038850686299553655 -0.5125989254450521 -0.23002052414349483 0.5056589246169501
16.34 -0.300892404600648 -0.5125989254450521 0.0 0.05769565400746518
16.36 -0.4126059098287401 -0.49061758976801617 -0.7196198712074112 0.32114762877106506
16.38 -0.2602123876024192 -0.49061758976801617 -0.24034706991008925 0.08263843001553506
16.4 -0.14230295491437006 -0.5125989254450521 -0.8251374489755468 0.21106219990591335
16.42 0.0 -0.49061758976801617 -0.3031193215266772 0.08920941739926957
16.44 0.0 -0.5125989254450521 -0.6310893249612671 0.0924949110911368
16.46 0.0 -0.49061758976801617 -0.17488334307203335 0.0872985448333792
16.48 0.05681230261127432 -0.49061758976801617 -0.35459044258694045 0.0
16.5 0.05681230261127432 -0.49061758976801617 0.0 0.15447187010960217
16.52 0.018197594766364344 -0.49061758976801617 -0.002927453676112274 0.0
16.54 0.0 -0.49061758976801617 0.0 0.1897739310340784
16.56 0.0 -0.5125989254450521 0.0 0.0
16.58 0.0 -0.49061758976801617 0.0 0.14216826502819646
16.6 -0.06507353922455006 -0.5125989254450521 0.0 -0.16504335310508866
16.62 -0.14230295491437006 -0.5345802611220883 -0.00023597845464365386 0.05374011847924748
16.64 -0.14230295491437006 -0.5125989254450521 0.0 -0.38849970452725946
16.66 -0.06713884837786901 -0.5345802611220883 -0.17374715050959383 0.0
16.68 -0.02645883137964003 -0.5345802611220883 0.0 -0.5425478047464832
16.7 0.0 -0.5125989254450521 -0.3054875812027257 0.0
16.72 0.0 -0.5345802611220883 0.0 -0.6289197758486799
16.74 0.0 -0.5565615967991244 -0.17518629359476312 0.0
16.76 -0.06713884837786901 -0.5565615967991244 0.12944654169901693 -0.7355409605419932
16.78 0.0 -0.5785429324761605 0.0 -0.137172584365094
16.8 -0.14436826406768904 -0.5785429324761605 0.2535519018470225 -0.7490404362694044
16.82 0.0 -0.6256457946412379 0.0 -0.2301155428510248
16.84 -0.2236629889108281 -0.5565615967991244 0.26181313846029836 -0.3177168321983359
16.86 -0.04504661375951044 -0.4381730584643191 0.0 0.016348434508909715
16.88 -0.4167365281353781 -0.17093278616804736 0.14596901492556835 0.23980478593108034
16.9 0.0 -0.15223694418287836 0.0 0.54443674219769
16.92 -0.35602958567210957 0.0 0.13770777831229253 0.6392905732495113
16.94 0.0 -0.06084735730289559 0.0 0.4924950147347974
16.96 -0.4029055301302954 -0.02536654589844828 0.20667595738883693 0.5229582103614584
16.98 -0.256707935363931 -0.01359919225695616 0.0 0.38432045843553597
17.0 -0.4373896196685674 -0.08975718132360852 0.12944654169901693 0.3995520562488666
17.02 -0.613940685666566 0.0056201361481358625 0.0 0.3116267135407222
17.04 -0.4939659438251981 0.0 0.0522171260091967 0.3116267135407222
17.06 -0.7771253119549216 0.5074025591872945 0.0 0.289645377863686
17.08 -0.3971741609657783 0.0 0.0 0.3048769756770165
17.1 -0.8599244890365486 0.46481450895919896 -0.22206223805294878 0.3420899091673831
17.12 -0.1813822210547199 -0.09927809655395164 -0.22619285635958664 0.3945344404710802
17.14 -0.6472885826423989 0.08731005731780464 -0.37445576027926997 0.3945344404710802
17.16 0.0 -0.5325125731909105 -0.33790636158767884 0.4012841783347857
17.18 -0.3625284636547964 0.0 -0.4496198668157708 0.3640712448444192
17.2 0.12485136509693928 -0.6695969535108849 -0.45168517596908997 0.3336080492177582
17.22 -0.1977430865085611 0.0 -0.6385627877336832 0.3336080492177582
17.24 0.24895672524494505 -0.6848285513242155 -0.6792428047319122 0.3336080492177582
17.26 -0.07776834466719315 -0.05599697952065519 -0.7909563099600043 0.3336080492177582
17.28 0.3282514500880838 -0.6221700379849743 -0.7544069112684133 0.3336080492177582
17.3 -0.0005389289773733985 -0.11847674237992506 -0.8275057086515953 0.3336080492177582
17.32 0.36686615793299415 -0.507066993342036 -0.8275057086515953 0.3336080492177582
17.34 0.0 -0.18063245187836174 -0.8275057086515953 0.3336080492177582
17.36 0.36686615793299415 -0.3665183688502233 -0.8275057086515953 0.3336080492177582
17.38 0.0 -0.19395317712580162 -0.9006045060347775 0.3336080492177582
17.4 0.3992849383179473 -0.23271948222211625 -0.8640551073431867 0.3336080492177582
17.42 0.06414442263367037 -0.13959777325621414 -0.8619897981898675 0.3336080492177582
17.44 0.39417973522158 -0.04647606429031215 -0.8254403994982765 0.3336080492177582
17.46 0.1269166742502582 -0.13234523155170402 -0.8254403994982765 0.3336080492177582
17.48 0.3452384816100751 0.0 -0.7888910008066854 0.3336080492177582
17.5 0.15423025153884384 -0.1743970303398858 -0.7868256916533666 0.3336080492177582
17.52 0.2190678123087504 0.0 -0.7502762929617754 0.3336080492177582
17.54 0.13564246915897366 -0.09806029079326223 -0.7482109838084564 0.3336080492177582
17.56 0.0522171260091967 0.136457582445209 -0.7482109838084564 0.3336080492177582
17.58 0.07843997893419319 -0.05359481559838544 -0.8233750903449576 0.3336080492177582
17.6 0.0 0.32270100037701316 -0.7868256916533666 0.3116267135407222
17.62 0.10162293791614119 0.0 -0.7847603825000476 0.3336080492177582
17.64 0.0 0.5444252297132647 -0.7095962759635464 0.3336080492177582
17.66 0.19681396991768185 0.0 -0.7826950733467286 0.3555893848947943
17.68 0.0 0.6680101343058277 -0.7095962759635464 0.3555893848947943
17.7 0.17822618753781144 0.0 -0.7806297641934097 0.3555893848947943
17.72 -0.05124254121946725 0.7678815811354353 -0.6323668602737265 0.3555893848947943
17.74 0.0 0.06133864865927463 -0.7034003485035896 0.3775707205718305
17.76 -0.28912671574888427 0.813576374575427 -0.5916868432754974 0.3555893848947943
17.78 0.0 0.07483812438668602 -0.7410404715587703 0.42153339192590267
17.8 -0.44771616543516224 0.7002054520184079 -0.5510068262772685 0.3995520562488666
17.82 -0.1573862850557523 0.26072404135854776 -0.8100086506353144 0.4874773989570109
17.84 -0.5980443785081643 0.7304898971650978 -0.5834256066622218 0.4874773989570109
17.86 -0.3421985876670267 0.5646744433043815 -0.9886250257866319 0.6005242681531966
17.88 -0.6711431758913463 0.44610715448960503 -0.6555498192556743 0.5852926703398663
17.9 -0.2994532615154787 0.3729106057539865 -0.9051996826368555 0.6579864152346803
17.92 -0.47806963666679636 0.0919921072503323 -0.4217962630328954 0.5091346812732139
17.94 -0.21602791836570212 0.09354547885628028 -0.6369620368758039 0.5074025591872945
17.96 -0.3946442935170196 0.0 -0.2673374316532555 0.41099535652952535
17.98 -0.0960531765243341 0.0 -0.08459043819529985 0.08661699051260346
18.0 -0.20363606344578833 0.0 0.0 0.1323117839525949
18.02 0.0 -0.024315978133304772 0.054282435162515796 -0.15414781674876893
18.04 0.0 -0.2270203121235541 0.0 0.0
18.06 0.06857799146303808 -0.4637973887931649 0.3636646562172356 -0.5815043728071946
18.08 0.0 -0.6193988606183367 0.09542701045618437 0.0
18.1 0.07064330061635715 -0.7293055390035175 0.9319325620561415 -0.4560085956487411
18.12 0.0 -0.7647863504079647 0.48094792283713483 0.11483374772811533
18.14 0.1478727163061772 -0.7106096970183483 1.097182497497816 -0.12419893744733757
18.16 0.18855273330440614 -0.5972387744613293 0.49586964520580734 0.39748436831768874
18.18 0.3388809463774083 -0.5363123832080077 1.1068828771962607 0.0
18.2 0.3430115646840462 -0.5125989254450521 0.4752165536726177 0.7189012940035767
18.22 0.3816262725289562 -0.49061758976801617 0.9859335505651633 0.12226503991259657
18.24 0.0830351555362708 -0.49061758976801617 0.08700416607019854 0.6901702204628352
18.26 0.0 -0.49061758976801617 0.36700750068301363 0.13905000933187522
18.28 -0.339507112445558 -0.49061758976801617 -0.2686352319884048 0.49042732680361967
18.3 -0.37812182029046815 -0.49061758976801617 0.0 0.07967698968450135
18.32 -0.3739912019838303 -0.49061758976801617 -0.6423904555175913 0.33637922658439556
18.34 -0.22268840412109847 -0.49061758976801617 -0.27483115944836173 0.11985136350590198
18.36 -0.1068442805863685 -0.49061758976801617 -0.8230721398222277 0.23304353558294955
18.38 -0.02645883137964003 -0.49061758976801617 -0.3417340293715872 0.08920941739926957
18.4 -0.02961486489654841 -0.49061758976801617 -0.6697040328061773 0.0772633132778063
18.42 0.0 -0.49061758976801617 -0.21143274176362453 0.0872985448333792
18.44 0.0 -0.49061758976801617 -0.3159757347420302 0.0
18.46 0.0 -0.49061758976801617 0.0 0.15447187010960217
18.48 0.0 -0.49061758976801617 -0.03947685236770346 0.0
18.5 0.0 -0.49061758976801617 0.0 0.1897739310340784
18.52 -0.06409895443482058 -0.49061758976801617 0.0 0.0
18.54 -0.06616426358813948 -0.49061758976801617 0.0 0.1573998628415269
18.56 -0.17787776881623174 -0.49061758976801617 0.0 -0.18702468878212486
18.58 -0.2164924766611417 -0.5125989254450521 -0.0367853771462347 0.025009044938505698
18.6 -0.28959127404432383 -0.5125989254450521 0.0 -0.41048104020429543
18.62 -0.25510718450605163 -0.5125989254450521 -0.2102965492011849 0.0
18.64 -0.3282059818892339 -0.5345802611220883 0.0 -0.535798066882778
18.66 -0.25510718450605163 -0.5345802611220883 -0.38065168773922664 0.0
18.68 -0.28959127404432383 -0.5345802611220883 0.0 -0.6661327093390464
18.7 -0.21855778581446061 -0.5565615967991244 -0.21173569228635414 -0.02553378389399419
18.72 -0.3668206897341438 -0.5785429324761605 0.09289714300742591 -0.7203093627286629
18.74 -0.2957872015042806 -0.6188960567775323 0.0 -0.0999596508747273
18.76 -0.519214211960465 -0.5785429324761605 0.14390370577224942 -0.4076983503532329
18.78 -0.3385325276558286 -0.5565615967991244 -0.11700921858025307 0.2628366893732601
18.8 -0.5985089368036038 -0.3704969293472915 0.0 0.42395858081702276
18.82 -0.26434300590905696 -0.2943389402806392 0.0 0.9955067560190708
18.84 -0.4512206176736503 -0.10827427282880628 0.44456013191825383 0.9787217865997925
18.86 0.0 -0.20294935340065623 0.48730545806980163 0.9485826443339648
18.88 -0.1243413386026494 -0.10827427282880628 0.8183153554474402 0.8758888994391508
18.9 0.09273553523471562 -0.17421827985991456 0.5176589293014359 0.6950205982450756
18.92 -0.05950377783274302 -0.14548720631917278 0.5804311809180235 0.6680216467902529
18.94 0.0 -0.08127532137398374 0.20667595738883693 0.5598470904909917
18.96 -0.10018379483097212 -0.14220171262730563 0.3121935351569723 0.6055418839309831
18.98 -0.31328425952056155 0.0 0.0867012155474689 0.5480797368494995
19.0 -0.23192422552410374 0.0 0.15773470377733217 0.5785429324761605
19.02 -0.6674771158801482 0.5446154926776613 0.0 0.5314400703110831
19.04 -0.3992394701190972 0.03745795290077364 0.0 0.5314400703110831
19.06 -0.9006045060347775 0.5392403759399321 -0.07792995243990336 0.5246903324473776
19.08 -0.29722634458944996 -0.046833565250254505 -0.04344586290163127 0.5246903324473776
19.1 -0.7631327061771287 0.10254165513113503 -0.22825816551290556 0.5246903324473776
19.12 -0.008335607295209296 -0.49703176178646313 -0.15515936812972336 0.5094587346340471
19.14 -0.514921985881117 0.0 -0.3054875812027257 0.4874773989570109
19.16 0.01107255071552804 -0.6560974777834735 -0.30755289035604444 0.4874773989570109
19.18 -0.3094565917366534 -0.07296069941990496 -0.38065168773922664 0.4874773989570109
19.2 0.17379261870844376 -0.6476156178338489 -0.3827169968925457 0.4874773989570109
19.22 -0.03915363682228323 -0.0999596508747273 -0.4192663955841367 0.4874773989570109
19.24 0.40341555662458506 -0.5849571044946077 -0.3827169968925457 0.4874773989570109
19.26 0.0 -0.14720781592066673 -0.4192663955841367 0.4874773989570109
19.28 0.44409557362281393 -0.4918353955287058 -0.45788110342904675 0.4874773989570109
19.3 0.0 -0.18738218974206733 -0.45788110342904675 0.4874773989570109
19.32 0.4399649553161763 -0.40373130234058985 -0.45788110342904675 0.4874773989570109
19.34 0.0 -0.17872157931247112 -0.4944305021206379 0.4874773989570109
19.36 0.3972196291646284 -0.24795108003544675 -0.4964958112739567 0.4874773989570109
19.38 0.06414442263367037 -0.15482937106954464 -0.5330452099655478 0.4874773989570109
19.4 0.4307291339131709 -0.04647606429031215 -0.4964958112739567 0.4874773989570109
19.42 0.12485136509693928 -0.11036389587466791 -0.45788110342904675 0.4874773989570109
19.44 0.3817878803016661 0.0 -0.42133170473745574 0.4874773989570109
19.46 0.15423025153884384 -0.1524156946628497 -0.45788110342904675 0.4874773989570109
19.48 0.2556172110003416 0.0 -0.3827169968925457 0.4874773989570109
19.5 0.13564246915897366 -0.09806029079326223 -0.4192663955841367 0.4874773989570109
19.52 0.0522171260091967 0.1584389181222451 -0.3827169968925457 0.4874773989570109
19.54 0.07843997893419319 -0.03161347992134941 -0.45581579427572794 0.4874773989570109
19.56 0.0 0.3446823360540493 -0.3827169968925457 0.4874773989570109
19.58 0.10162293791614119 0.0 -0.45581579427572794 0.4874773989570109
19.6 0.0 0.5444252297132647 -0.4192663955841367 0.4874773989570109
19.62 0.1581992620727718 0.0 -0.45581579427572794 0.5094587346340471
19.64 0.0 0.6680101343058277 -0.38065168773922664 0.5094587346340471
19.66 0.2147755862294024 0.0 -0.4537504851224089 0.5094587346340471
19.68 -0.053307850372786264 0.7898629168124714 -0.34203697989431664 0.5094587346340471
19.7 0.0 0.08331998433631083 -0.4496198668157708 0.5314400703110831
19.72 -0.28912671574888427 0.8507893080657932 -0.33790636158767884 0.5314400703110831
19.74 0.0 0.09681946006372219 -0.4820386472007242 0.5785429324761605
19.76 -0.44771616543516224 0.7221867876954441 -0.22206223805294878 0.5785429324761605
19.78 -0.12083688636416112 0.28270537703558396 -0.4758427197407673 0.666468275184305
19.8 -0.5249455811249821 0.7304898971650978 -0.2910304171294932 0.666468275184305
19.82 -0.2304850824389345 0.4005911115295847 -0.6596804375623121 0.7391620200791189
19.84 -0.4456508562818432 0.19236635792074447 -0.20760507397971623 0.6275232196080192
19.86 -0.11257564975088549 0.1312612161874514 -0.38937748264794214 0.573346566218403
19.88 -0.17947851967411094 0.0 0.0 0.4244948322569366
19.9 0.0 0.0 -0.19630394342339186 0.4464761679339727
19.92 -0.1346678843692442 0.0 0.0 0.41774509439323104
19.94 0.0 0.0 0.028059582237519504 0.10859832618963952
19.96 -0.05743846867942398 -0.03247378472209633 0.09702776131406371 0.16952471744296144
19.98 0.0 -0.10689965170282956 0.45426051161669856 -0.15414781674876893
20.0 0.0 -0.28448245920503756 0.18395755670232855 0.0
