0.0 0.0 0.0 0.0 0.0
0.02 0.0 0.0 0.0 0.0
0.04 0.0 0.0 0.0 0.0
0.06 0.0 0.07028766571572412 0.08496610169491525 -0.028412912041809513
0.08 0.0 0.0 0.12245762711864411 0.0
0.1 -0.09032203389830507 0.0011667499098041573 0.15994915254237288 -0.02767437056778055
0.12 -0.09032203389830507 -0.027776672302917402 0.15994915254237288 0.0
0.14 -0.16530508474576272 0.0 0.2349322033898305 0.0
0.16 -0.089708030109337 -0.07361110234885437 0.12184362332967597 0.024924808141938454
0.18 -0.05160250089664009 0.0 0.15872114496443668 0.0
0.2 0.0 -0.05106315806290038 0.08312409032801091 0.04784202316490693
0.22 -0.050988497107671976 0.0 0.12061561575173976 0.002746134592998911
0.24 0.0 -0.05106315806290038 0.08312409032801091 0.07038996745086096
0.26 -0.012882967894975061 0.0 0.08251008653904285 0.002746134592998911
0.28 0.0 -0.05106315806290038 0.007527035691585221 0.04784202316490693
0.3 -0.05037449331870386 0.0 0.08251008653904285 0.0
0.32 0.0 -0.05106315806290038 0.08312409032801091 0.04784202316490693
0.34 0.0 -0.005967269490992327 0.12061561575173976 0.0
0.36 0.0 -0.05106315806290038 0.04501856111531399 0.002376863855984429
0.38 0.0 0.0 0.08251008653904285 0.0
0.4 0.0 -0.028145943039931898 0.007527035691585221 0.002376863855984429
0.42 0.0 0.0 0.08251008653904285 0.0
0.44 0.0 -0.028145943039931898 0.04501856111531399 0.025294078878952908
0.46 0.0 0.0 0.08251008653904285 0.0
0.48 0.0 -0.05106315806290038 0.04501856111531399 0.04784202316490693
0.5 -0.012882967894975061 0.0 0.08251008653904285 0.0
0.52 0.0 -0.05106315806290038 0.007527035691585221 0.04784202316490693
0.54 0.0 -0.005967269490992327 0.08251008653904285 0.0
0.56 0.0 -0.05106315806290038 0.007527035691585221 0.04784202316490693
0.58 -0.012882967894975061 0.0 0.08251008653904285 0.002746134592998911
0.6 0.0 -0.05106315806290038 0.04501856111531399 0.07038996745086096
0.62 -0.012882967894975061 0.0 0.08312409032801091 0.0
0.64 0.0 -0.028145943039931898 0.08312409032801091 0.04784202316490693
0.66 0.0 0.0 0.12061561575173976 0.0
0.68 0.0 -0.028145943039931898 0.04501856111531399 0.04784202316490693
0.7 -0.012882967894975061 0.0 0.08251008653904285 0.0
0.72 0.0 -0.05106315806290038 0.04501856111531399 0.04784202316490693
0.74 0.0 0.0 0.15810714117546862 0.0
0.76 0.0 -0.05106315806290038 0.08312409032801091 0.04784202316490693
0.78 0.0 0.0 0.08312409032801091 0.0
0.8 0.0 -0.05106315806290038 0.04501856111531399 0.04784202316490693
0.82 -0.013496971683943176 0.0 0.08251008653904285 0.0
0.84 0.0 -0.028145943039931898 0.04501856111531399 0.024924808141938454
0.86 -0.013496971683943176 0.0 0.12061561575173976 0.0
0.88 0.0 -0.028145943039931898 0.08312409032801091 0.024924808141938454
0.9 0.0 0.0 0.12061561575173976 0.0
0.92 0.0 -0.005597998753977859 0.08312409032801091 0.024924808141938454
0.94 -0.050988497107671976 0.0 0.12061561575173976 0.0
0.96 -0.013496971683943176 -0.05106315806290038 0.08312409032801091 0.002376863855984429
0.98 -0.013496971683943176 0.0 0.12061561575173976 0.0
1.0 0.0 -0.028145943039931898 0.08312409032801091 0.024924808141938454
1.02 -0.050988497107671976 0.0 0.08251008653904285 0.0
1.04 -0.013496971683943176 -0.005597998753977859 0.04501856111531399 0.002376863855984429
1.06 -0.013496971683943176 0.0 0.1200016119627717 0.0
1.08 0.0 -0.005597998753977859 0.08251008653904285 0.024924808141938454
1.1 0.0 0.0 0.08251008653904285 0.0
1.12 0.0 -0.028145943039931898 0.04501856111531399 0.002376863855984429
1.14 -0.050988497107671976 0.0 0.08251008653904285 0.0
1.16 -0.013496971683943176 -0.028145943039931898 0.007527035691585221 0.04784202316490693
1.18 -0.013496971683943176 0.0 0.15810714117546862 0.0
1.2 0.0 0.0 0.08312409032801091 0.024924808141938454
1.22 -0.013496971683943176 0.0 0.12061561575173976 0.0
1.24 0.0 -0.005228728016963391 0.08312409032801091 0.002007593118969947
1.26 -0.050988497107671976 0.0 0.12061561575173976 0.0
1.28 -0.013496971683943176 -0.005597998753977859 0.08312409032801091 0.002007593118969947
1.3 -0.050988497107671976 0.0 0.12061561575173976 0.0
1.32 0.0 -0.028145943039931898 0.08312409032801091 0.024924808141938454
1.34 -0.013496971683943176 0.0 0.12061561575173976 0.0
1.36 0.0 -0.005228728016963391 0.08312409032801091 0.002007593118969947
1.38 -0.050988497107671976 0.0 0.12061561575173976 0.0
1.4 -0.013496971683943176 -0.005228728016963391 0.08312409032801091 0.002007593118969947
1.42 -0.050988497107671976 0.0 0.12061561575173976 0.0
1.44 -0.013496971683943176 0.0 0.08312409032801091 0.002007593118969947
1.46 -0.013496971683943176 0.0 0.15810714117546862 0.0
1.48 0.0 0.0 0.12061561575173976 0.002007593118969947
1.5 -0.013496971683943176 0.0 0.12061561575173976 0.0
1.52 0.0 0.0 0.08312409032801091 0.002376863855984429
1.54 -0.050988497107671976 0.0 0.12061561575173976 0.0
1.56 -0.013496971683943176 -0.005597998753977859 0.08312409032801091 0.002007593118969947
1.58 -0.013496971683943176 0.0 0.15810714117546862 0.0
1.6 -0.013496971683943176 0.0 0.12061561575173976 0.0
1.62 -0.050988497107671976 0.0 0.12061561575173976 0.0
1.64 0.0 0.0 0.08312409032801091 0.0
1.66 -0.050988497107671976 0.0 0.15810714117546862 0.0
1.68 0.0 0.0 0.12061561575173976 0.0
1.7 -0.050988497107671976 0.0 0.15810714117546862 0.0
1.72 0.0 0.0 0.12061561575173976 0.0
1.74 -0.013496971683943176 0.0 0.15810714117546862 0.0
1.76 -0.013496971683943176 0.0 0.12061561575173976 0.0
1.78 -0.050988497107671976 0.0 0.15810714117546862 0.0
1.8 0.0 0.0 0.12061561575173976 0.0
1.82 -0.050988497107671976 0.0 0.15810714117546862 0.0
1.84 -0.013496971683943176 0.0 0.12061561575173976 0.0
1.86 -0.050988497107671976 0.0 0.15810714117546862 0.0
1.88 -0.013496971683943176 0.0 0.08312409032801091 0.0
1.9 -0.050988497107671976 0.0 0.12061561575173976 0.0
1.92 -0.013496971683943176 0.0 0.08312409032801091 0.0
1.94 -0.050988497107671976 0.0 0.12061561575173976 0.0
1.96 -0.013496971683943176 0.0 0.12061561575173976 0.0
1.98 -0.050988497107671976 0.0 0.12061561575173976 0.0
2.0 -0.013496971683943176 0.0 0.12061561575173976 0.002007593118969947
2.02 -0.013496971683943176 0.0 0.15872114496443668 0.0
2.04 -0.013496971683943176 0.0 0.12061561575173976 0.0
2.06 -0.050988497107671976 0.0 0.12061561575173976 0.0
2.08 -0.013496971683943176 0.0 0.08312409032801091 0.002007593118969947
2.1 -0.013496971683943176 0.0 0.15810714117546862 0.0
2.12 0.0 0.0 0.12061561575173976 0.0
2.14 -0.013496971683943176 0.0 0.15810714117546862 0.0
2.16 0.0 0.0 0.15872114496443668 0.0
2.18 -0.05160250089664009 0.0 0.19621267038816553 0.0
2.2 -0.05160250089664009 0.0 0.12061561575173976 0.0
2.22 -0.08909402632036889 0.0 0.12061561575173976 0.0
2.24 -0.05160250089664009 0.0 0.12061561575173976 0.0
2.26 -0.05160250089664009 0.0 0.19621267038816553 0.0
2.28 -0.013496971683943176 0.0 0.15872114496443668 0.0
2.3 -0.050988497107671976 0.0 0.15872114496443668 0.0
2.32 -0.013496971683943176 0.0 0.12122961954070782 0.0
2.34 -0.050988497107671976 0.0 0.19621267038816553 0.0
2.36 -0.013496971683943176 0.0 0.12122961954070782 0.0
2.38 -0.050988497107671976 0.0 0.19621267038816553 0.0
2.4 -0.050988497107671976 0.0 0.15872114496443668 0.0
2.42 -0.050988497107671976 0.0 0.19621267038816553 0.0
2.44 -0.013496971683943176 0.0 0.15872114496443668 0.0
2.46 -0.08909402632036889 0.00042820843577520695 0.19621267038816553 0.0
2.48 -0.05160250089664009 0.0 0.15872114496443668 0.0
2.5 -0.08909402632036889 0.0 0.15872114496443668 0.0
2.52 -0.05160250089664009 0.0 0.08312409032801091 0.0
2.54 -0.08909402632036889 0.0 0.15872114496443668 -0.004018614070783105
2.56 -0.05160250089664009 0.0 0.15872114496443668 0.0
2.58 -0.05160250089664009 0.0 0.15872114496443668 -0.004018614070783105
2.6 -0.05160250089664009 0.0 0.15872114496443668 0.0
2.62 -0.08909402632036889 0.0 0.15872114496443668 0.0
2.64 -0.05160250089664009 0.0 0.12122961954070782 0.0
2.66 -0.08909402632036889 0.0 0.19621267038816553 0.0
2.68 -0.05160250089664009 0.0 0.15872114496443668 0.0
2.7 -0.05160250089664009 0.0 0.15872114496443668 0.0
2.72 -0.014110975472911236 0.0 0.15872114496443668 0.0
2.74 -0.08909402632036889 0.0 0.15872114496443668 0.0
2.76 -0.05160250089664009 0.0 0.12122961954070782 0.0
2.78 -0.05160250089664009 0.0 0.15872114496443668 0.0
2.8 -0.05160250089664009 0.0 0.15872114496443668 0.0
2.82 -0.05160250089664009 0.0 0.19621267038816553 0.0
2.84 -0.05160250089664009 0.0 0.12061561575173976 0.0
2.86 -0.050988497107671976 0.0011667499098041573 0.12061561575173976 0.0
2.88 -0.050988497107671976 0.0 0.12061561575173976 0.0
2.9 -0.08909402632036889 0.0 0.19621267038816553 -0.004387884807797546
2.92 -0.05160250089664009 0.0 0.15872114496443668 0.0
2.94 -0.08909402632036889 0.0 0.15872114496443668 0.0
2.96 -0.05160250089664009 0.0 0.12122961954070782 0.0
2.98 -0.05160250089664009 0.0 0.19682667417713356 0.0
3.0 -0.05221650468560815 0.0 0.19682667417713356 0.0
3.02 -0.1271995555330658 0.0 0.19682667417713356 0.0
3.04 -0.089708030109337 0.0 0.15933514875340474 0.0
3.06 -0.089708030109337 0.0 0.19682667417713356 -0.004387884807797546
3.08 -0.05160250089664009 0.0 0.19682667417713356 0.0
3.1 -0.08909402632036889 0.0 0.15872114496443668 0.0
3.12 -0.05160250089664009 0.0 0.15872114496443668 0.0
3.14 -0.08909402632036889 0.0 0.19621267038816553 0.0
3.16 -0.08909402632036889 0.0 0.15872114496443668 0.0
3.18 -0.1265855517440977 0.0 0.2337041958118944 0.0
3.2 -0.08909402632036889 0.0 0.19621267038816553 0.0
3.22 -0.1265855517440977 0.0011667499098041573 0.19621267038816553 0.0
3.24 -0.08909402632036889 0.0 0.15872114496443668 0.0
3.26 -0.08909402632036889 0.0011667499098041573 0.15872114496443668 0.0
3.28 -0.1271995555330658 0.0 0.12122961954070782 0.0
3.3 -0.1271995555330658 0.0 0.19621267038816553 0.0
3.32 -0.05160250089664009 0.0 0.15872114496443668 0.0
3.34 -0.08909402632036889 0.0011667499098041573 0.19621267038816553 0.0
3.36 -0.05160250089664009 0.0 0.15872114496443668 0.0
3.38 -0.08909402632036889 0.023714694195758154 0.15872114496443668 -0.02730509983076604
3.4 -0.05160250089664009 0.0011667499098041573 0.12122961954070782 -0.004757155544812042
3.42 -0.089708030109337 0.0011667499098041573 0.19682667417713356 -0.04985304411672009
3.44 -0.089708030109337 0.0 0.19682667417713356 -0.004757155544812042
3.46 -0.1271995555330658 0.0011667499098041573 0.23431819960086248 0.0
3.48 -0.089708030109337 0.0 0.15933514875340474 0.0
3.5 -0.089708030109337 0.0 0.19682667417713356 0.0
3.52 -0.05221650468560815 0.0 0.15933514875340474 0.0
3.54 -0.089708030109337 0.0011667499098041573 0.19744067796610165 -0.004387884807797546
3.56 -0.01472497926187935 0.0 0.15994915254237288 0.0
3.58 -0.01472497926187935 0.0 0.15994915254237288 0.0
3.6 -0.01472497926187935 0.0 0.12184362332967597 0.0
3.62 -0.014110975472911236 0.04663190921872665 0.12184362332967597 -0.004757155544812042
3.64 0.0 0.0015360206468186255 0.0843520979059472 -0.02767437056778055
3.66 -0.014110975472911236 0.02408396493277265 0.12184362332967597 -0.0727702591396886
3.68 -0.014110975472911236 0.0 0.08373809411697905 -0.02730509983076604
3.7 -0.05160250089664009 0.0011667499098041573 0.12122961954070782 -0.004387884807797546
3.72 -0.05160250089664009 0.0 0.12122961954070782 0.0
3.74 -0.08909402632036889 0.0 0.15872114496443668 -0.004757155544812042
3.76 -0.08909402632036889 0.0 0.15872114496443668 0.0
3.78 -0.1265855517440977 0.0 0.19621267038816553 -0.02767437056778055
3.8 -0.08909402632036889 0.0 0.19621267038816553 0.0
3.82 -0.1265855517440977 0.0 0.2718097250245913 0.0
3.84 -0.1646910809567946 0.0 0.23431819960086248 0.0
3.86 -0.1646910809567946 0.0015360206468186255 0.2718097250245913 0.0
3.88 -0.1271995555330658 0.0 0.23431819960086248 0.0
3.9 -0.1271995555330658 0.04700117995574116 0.23431819960086248 -0.02730509983076604
3.92 -0.089708030109337 0.0015360206468186255 0.15872114496443668 -0.004757155544812042
3.94 -0.089708030109337 0.04700117995574116 0.15872114496443668 -0.02730509983076604
3.96 -0.089708030109337 0.024453235669787132 0.12122961954070782 -0.02767437056778055
3.98 -0.089708030109337 0.04700117995574116 0.19682667417713356 -0.02767437056778055
4.0 -0.089708030109337 0.024453235669787132 0.19682667417713356 -0.005126426281826552
4.02 -0.089708030109337 0.024453235669787132 0.23431819960086248 -0.005126426281826552
4.04 -0.12781355932203392 0.0019052913838331076 0.27242372881355936 0.0
4.06 -0.16530508474576272 0.0019052913838331076 0.3099152542372882 -0.005126426281826552
4.08 -0.16530508474576272 0.0 0.3099152542372882 0.0
4.1 -0.20279661016949152 0.0 0.27242372881355936 -0.005126426281826552
4.12 -0.20279661016949152 0.0 0.27242372881355936 0.0
4.14 -0.24028813559322038 0.0 0.3099152542372882 0.0
4.16 -0.20279661016949152 0.0019052913838331076 0.27242372881355936 0.0
4.18 -0.16530508474576272 0.024453235669787132 0.27242372881355936 0.0
4.2 -0.089708030109337 0.0019052913838331076 0.27242372881355936 0.0
4.22 -0.1271995555330658 0.024453235669787132 0.23431819960086248 -0.05059158559074904
4.24 -0.089708030109337 0.024822506406801614 0.19682667417713356 -0.028043641304795044
4.26 -0.05160250089664009 0.047370450692755625 0.12122961954070782 -0.05059158559074904
4.28 -0.05160250089664009 0.047370450692755625 0.12122961954070782 -0.028043641304795044
4.3 -0.05221650468560815 0.024453235669787132 0.12122961954070782 -0.05059158559074904
4.32 -0.05221650468560815 0.024453235669787132 0.15933514875340474 -0.005126426281826552
4.34 -0.12781355932203392 0.024453235669787132 0.15933514875340474 -0.02767437056778055
4.36 -0.09032203389830507 0.0019052913838331076 0.19744067796610165 -0.005126426281826552
4.38 -0.12781355932203392 0.04700117995574116 0.19744067796610165 -0.005126426281826552
4.4 -0.12781355932203392 0.024453235669787132 0.19744067796610165 0.0
4.42 -0.12781355932203392 0.0 0.2349322033898305 -0.005126426281826552
4.44 -0.12781355932203392 0.0 0.19744067796610165 0.0
4.46 -0.16530508474576272 0.0019052913838331076 0.19744067796610165 -0.028043641304795044
4.48 -0.16530508474576272 0.024822506406801614 0.19744067796610165 -0.00549569701884102
4.5 -0.12781355932203392 0.047370450692755625 0.2349322033898305 -0.05059158559074904
4.52 -0.12781355932203392 0.024822506406801614 0.2349322033898305 -0.00549569701884102
4.54 -0.16530508474576272 0.047370450692755625 0.2349322033898305 -0.00549569701884102
4.56 -0.089708030109337 0.04773972142977011 0.19682667417713356 -0.028412912041809513
4.58 -0.089708030109337 0.07028766571572412 0.23431819960086248 -0.05096085632776354
4.6 -0.089708030109337 0.04773972142977011 0.23431819960086248 -0.028412912041809513
4.62 -0.12781355932203392 0.047370450692755625 0.2349322033898305 -0.028043641304795044
4.64 -0.09032203389830507 0.002274562120847576 0.2349322033898305 -0.028043641304795044
4.66 -0.12781355932203392 0.0 0.2349322033898305 -0.028043641304795044
4.68 -0.09032203389830507 0.0 0.2349322033898305 0.0
4.7 -0.09032203389830507 -0.00623423849286997 0.27242372881355936 0.0
4.72 -0.09032203389830507 0.0 0.2349322033898305 0.0
4.74 -0.09032203389830507 0.0 0.2349322033898305 0.0
4.76 -0.052830508474576265 0.0 0.2349322033898305 0.0
4.78 -0.09032203389830507 0.0 0.2349322033898305 0.0
4.8 -0.09032203389830507 -0.00623423849286997 0.15933514875340474 0.0
4.82 -0.052830508474576265 -0.005864967755855488 0.15933514875340474 0.0
4.84 -0.052830508474576265 -0.05096085632776354 0.15933514875340474 0.002643832857862058
4.86 -0.01472497926187935 -0.07350880061371753 0.15933514875340474 0.002643832857862058
4.88 -0.01472497926187935 -0.09605674489967153 0.15933514875340474 0.02519177714381607
4.9 -0.01472497926187935 -0.09605674489967153 0.19682667417713356 0.04773972142977011
4.92 0.0 -0.11860468918562558 0.19744067796610165 0.04773972142977011
4.94 0.0 -0.1877256049915455 0.19744067796610165 0.09320488073869262
4.96 0.0 -0.27902519434640505 0.19744067796610165 0.1390393107846296
4.98 0.0 -0.30194240936937355 0.15994915254237288 0.1390393107846296
5.0 -0.015338983050847466 -0.2328214935634536 0.19744067796610165 0.16158725507058364
5.02 -0.015338983050847466 -0.16406984849454814 0.15994915254237288 0.11575282502464665
5.04 -0.015338983050847466 -0.16406984849454814 0.19744067796610165 0.11575282502464665
5.06 -0.015338983050847466 -0.16406984849454814 0.15994915254237288 0.11575282502464665
5.08 -0.015338983050847466 -0.18698706351751665 0.15994915254237288 0.16158725507058364
5.1 -0.015338983050847466 -0.20990427854048516 0.15994915254237288 0.16158725507058364
5.12 -0.015338983050847466 -0.20990427854048516 0.19744067796610165 0.16158725507058364
5.14 -0.015338983050847466 -0.18698706351751665 0.15994915254237288 0.13867004004761513
5.16 -0.015338983050847466 -0.18698706351751665 0.15994915254237288 0.13867004004761513
5.18 -0.015338983050847466 -0.18698706351751665 0.19744067796610165 0.13867004004761513
5.2 -0.015338983050847466 -0.16406984849454814 0.15994915254237288 0.11575282502464665
5.22 -0.015338983050847466 -0.16406984849454814 0.15994915254237288 0.09283561000167814
5.24 -0.015338983050847466 -0.14115263347157964 0.15994915254237288 0.11538355428763214
5.26 -0.015338983050847466 -0.16370057775753366 0.15994915254237288 0.11538355428763214
5.28 -0.015338983050847466 -0.14115263347157964 0.15994915254237288 0.11538355428763214
5.3 -0.015338983050847466 -0.14115263347157964 0.19744067796610165 0.1379314985735862
5.32 -0.015338983050847466 -0.14115263347157964 0.15994915254237288 0.1379314985735862
5.34 -0.015338983050847466 -0.14115263347157964 0.15994915254237288 0.1379314985735862
5.36 -0.015338983050847466 -0.14115263347157964 0.15994915254237288 0.1379314985735862
5.38 -0.015338983050847466 -0.14115263347157964 0.15994915254237288 0.1379314985735862
5.4 -0.052830508474576265 -0.14115263347157964 0.15994915254237288 0.16047944285954022
5.42 -0.052830508474576265 -0.14115263347157964 0.15994915254237288 0.1379314985735862
5.44 -0.015338983050847466 -0.14115263347157964 0.15994915254237288 0.16047944285954022
5.46 -0.052830508474576265 -0.14115263347157964 0.15994915254237288 0.16047944285954022
5.48 -0.052830508474576265 -0.14115263347157964 0.15994915254237288 0.16047944285954022
5.5 -0.052830508474576265 -0.14115263347157964 0.15994915254237288 0.16047944285954022
5.52 -0.052830508474576265 -0.14115263347157964 0.15994915254237288 0.16047944285954022
5.54 -0.052830508474576265 -0.14115263347157964 0.15994915254237288 0.16047944285954022
5.56 -0.052830508474576265 -0.14115263347157964 0.15994915254237288 0.16047944285954022
5.58 -0.052830508474576265 -0.14115263347157964 0.19744067796610165 0.16047944285954022
5.6 -0.052830508474576265 -0.14115263347157964 0.15994915254237288 0.16047944285954022
5.62 -0.052830508474576265 -0.14115263347157964 0.15994915254237288 0.16047944285954022
5.64 -0.052830508474576265 -0.14115263347157964 0.19744067796610165 0.16047944285954022
5.66 -0.052830508474576265 -0.14115263347157964 0.19744067796610165 0.16047944285954022
5.68 -0.052830508474576265 -0.14115263347157964 0.15994915254237288 0.16047944285954022
5.7 -0.052830508474576265 -0.14115263347157964 0.19744067796610165 0.1830273871454942
5.72 -0.052830508474576265 -0.14115263347157964 0.19744067796610165 0.16047944285954022
5.74 -0.052830508474576265 -0.14115263347157964 0.15994915254237288 0.16047944285954022
5.76 -0.09032203389830507 -0.14115263347157964 0.15994915254237288 0.1830273871454942
5.78 -0.052830508474576265 -0.14115263347157964 0.15994915254237288 0.1830273871454942
5.8 -0.052830508474576265 -0.16370057775753366 0.19744067796610165 0.1830273871454942
5.82 -0.052830508474576265 -0.14115263347157964 0.19744067796610165 0.1830273871454942
5.84 -0.052830508474576265 -0.14115263347157964 0.15994915254237288 0.1830273871454942
5.86 -0.052830508474576265 -0.14115263347157964 0.15994915254237288 0.1830273871454942
5.88 -0.052830508474576265 -0.16370057775753366 0.19744067796610165 0.1830273871454942
5.9 -0.052830508474576265 -0.14115263347157964 0.15994915254237288 0.1830273871454942
5.92 -0.052830508474576265 -0.14115263347157964 0.15994915254237288 0.20557533143144824
5.94 -0.052830508474576265 -0.16370057775753366 0.15994915254237288 0.1830273871454942
5.96 -0.09032203389830507 -0.16370057775753366 0.19744067796610165 0.1830273871454942
5.98 -0.052830508474576265 -0.16370057775753366 0.15994915254237288 0.1830273871454942
6.0 -0.052830508474576265 -0.16370057775753366 0.19744067796610165 0.20557533143144824
6.02 -0.052830508474576265 -0.16370057775753366 0.15994915254237288 0.1830273871454942
6.04 -0.052830508474576265 -0.14115263347157964 0.15994915254237288 0.1830273871454942
6.06 -0.052830508474576265 -0.16370057775753366 0.15994915254237288 0.20594460216846272
6.08 -0.052830508474576265 -0.14115263347157964 0.19744067796610165 0.20594460216846272
6.1 -0.052830508474576265 -0.14115263347157964 0.19744067796610165 0.1830273871454942
6.12 -0.052830508474576265 -0.16370057775753366 0.15994915254237288 0.1830273871454942
6.14 -0.052830508474576265 -0.16370057775753366 0.15994915254237288 0.1830273871454942
6.16 -0.052830508474576265 -0.14115263347157964 0.19744067796610165 0.1830273871454942
6.18 -0.052830508474576265 -0.16370057775753366 0.19744067796610165 0.1830273871454942
6.2 -0.052830508474576265 -0.16370057775753366 0.19744067796610165 0.1830273871454942
6.22 -0.052830508474576265 -0.14115263347157964 0.19744067796610165 0.1830273871454942
6.24 -0.052830508474576265 -0.14115263347157964 0.19744067796610165 0.1830273871454942
6.26 -0.052830508474576265 -0.16370057775753366 0.19744067796610165 0.1830273871454942
6.28 -0.052830508474576265 -0.16370057775753366 0.19744067796610165 0.1830273871454942
6.3 -0.052830508474576265 -0.14115263347157964 0.19744067796610165 0.20557533143144824
6.32 -0.052830508474576265 -0.16370057775753366 0.19744067796610165 0.1830273871454942
6.34 -0.052830508474576265 -0.16370057775753366 0.15994915254237288 0.1830273871454942
6.36 -0.052830508474576265 -0.16370057775753366 0.15994915254237288 0.20557533143144824
6.38 -0.052830508474576265 -0.14115263347157964 0.15994915254237288 0.1830273871454942
6.4 -0.052830508474576265 -0.16370057775753366 0.19744067796610165 0.1830273871454942
6.42 -0.052830508474576265 -0.14115263347157964 0.15994915254237288 0.1830273871454942
6.44 -0.052830508474576265 -0.14115263347157964 0.19744067796610165 0.1830273871454942
6.46 -0.09032203389830507 -0.16370057775753366 0.15994915254237288 0.1830273871454942
6.48 -0.052830508474576265 -0.14115263347157964 0.15994915254237288 0.1830273871454942
6.5 -0.052830508474576265 -0.16370057775753366 0.15994915254237288 0.1830273871454942
6.52 -0.052830508474576265 -0.16370057775753366 0.15994915254237288 0.1830273871454942
6.54 -0.052830508474576265 -0.16370057775753366 0.19744067796610165 0.20557533143144824
6.56 -0.052830508474576265 -0.16370057775753366 0.15994915254237288 0.1830273871454942
6.58 -0.09032203389830507 -0.16370057775753366 0.15994915254237288 0.1830273871454942
6.6 -0.052830508474576265 -0.16370057775753366 0.19744067796610165 0.1830273871454942
6.62 -0.052830508474576265 -0.16370057775753366 0.19744067796610165 0.1830273871454942
6.64 -0.052830508474576265 -0.14115263347157964 0.15994915254237288 0.20557533143144824
6.66 -0.052830508474576265 -0.16370057775753366 0.19744067796610165 0.1830273871454942
6.68 -0.052830508474576265 -0.14115263347157964 0.19744067796610165 0.1830273871454942
6.7 -0.052830508474576265 -0.14115263347157964 0.15994915254237288 0.1830273871454942
6.72 -0.052830508474576265 -0.14115263347157964 0.15994915254237288 0.1830273871454942
6.74 -0.052830508474576265 -0.16370057775753366 0.15994915254237288 0.1830273871454942
6.76 -0.052830508474576265 -0.16370057775753366 0.15994915254237288 0.1830273871454942
6.78 -0.052830508474576265 -0.14115263347157964 0.19744067796610165 0.1830273871454942
6.8 -0.052830508474576265 -0.14115263347157964 0.15994915254237288 0.1830273871454942
6.82 -0.052830508474576265 -0.14115263347157964 0.15994915254237288 0.1830273871454942
6.84 -0.052830508474576265 -0.14115263347157964 0.15994915254237288 0.1830273871454942
6.86 -0.052830508474576265 -0.16370057775753366 0.15994915254237288 0.1830273871454942
6.88 -0.052830508474576265 -0.14115263347157964 0.19744067796610165 0.1830273871454942
6.9 -0.052830508474576265 -0.14115263347157964 0.19744067796610165 0.1830273871454942
6.92 -0.052830508474576265 -0.14115263347157964 0.19744067796610165 0.1830273871454942
6.94 -0.052830508474576265 -0.14115263347157964 0.19744067796610165 0.20557533143144824
6.96 -0.052830508474576265 -0.14115263347157964 0.19744067796610165 0.1830273871454942
6.98 -0.052830508474576265 -0.16370057775753366 0.15994915254237288 0.1830273871454942
7.0 -0.052830508474576265 -0.16370057775753366 0.15994915254237288 0.1830273871454942
7.02 -0.052830508474576265 -0.16370057775753366 0.19744067796610165 0.1830273871454942
7.04 -0.052830508474576265 -0.16370057775753366 0.19744067796610165 0.1830273871454942
7.06 -0.052830508474576265 -0.16370057775753366 0.15994915254237288 0.1830273871454942
7.08 -0.052830508474576265 -0.14115263347157964 0.19744067796610165 0.1830273871454942
7.1 -0.052830508474576265 -0.16370057775753366 0.19744067796610165 0.20557533143144824
7.12 -0.052830508474576265 -0.14115263347157964 0.19744067796610165 0.1830273871454942
7.14 -0.052830508474576265 -0.14115263347157964 0.19744067796610165 0.1830273871454942
7.16 -0.052830508474576265 -0.14115263347157964 0.15994915254237288 0.1830273871454942
7.18 -0.052830508474576265 -0.16370057775753366 0.15994915254237288 0.1830273871454942
7.2 -0.052830508474576265 -0.16370057775753366 0.19744067796610165 0.1830273871454942
7.22 -0.052830508474576265 -0.14115263347157964 0.19744067796610165 0.20557533143144824
7.24 -0.052830508474576265 -0.16370057775753366 0.15994915254237288 0.20557533143144824
7.26 -0.09032203389830507 -0.16370057775753366 0.15994915254237288 0.1830273871454942
7.28 -0.052830508474576265 -0.16370057775753366 0.15994915254237288 0.1830273871454942
7.3 -0.09032203389830507 -0.16370057775753366 0.19744067796610165 0.20557533143144824
7.32 -0.052830508474576265 -0.16370057775753366 0.19744067796610165 0.1830273871454942
7.34 -0.052830508474576265 -0.16370057775753366 0.19744067796610165 0.1830273871454942
7.36 -0.052830508474576265 -0.14115263347157964 0.15994915254237288 0.20557533143144824
7.38 -0.09032203389830507 -0.14115263347157964 0.15994915254237288 0.1830273871454942
7.4 -0.052830508474576265 -0.14115263347157964 0.15994915254237288 0.1830273871454942
7.42 -0.052830508474576265 -0.16370057775753366 0.19744067796610165 0.1830273871454942
7.44 -0.052830508474576265 -0.16370057775753366 0.15994915254237288 0.1830273871454942
7.46 -0.09032203389830507 -0.16370057775753366 0.15994915254237288 0.20557533143144824
7.48 -0.09032203389830507 -0.14115263347157964 0.19744067796610165 0.1830273871454942
7.5 -0.09032203389830507 -0.16370057775753366 0.19744067796610165 0.1830273871454942
7.52 -0.052830508474576265 -0.14115263347157964 0.15994915254237288 0.1830273871454942
7.54 -0.052830508474576265 -0.14115263347157964 0.19744067796610165 0.1830273871454942
7.56 -0.052830508474576265 -0.14115263347157964 0.19744067796610165 0.1830273871454942
7.58 -0.052830508474576265 -0.16370057775753366 0.15994915254237288 0.20557533143144824
7.6 -0.052830508474576265 -0.14115263347157964 0.19744067796610165 0.1830273871454942
7.62 -0.052830508474576265 -0.16370057775753366 0.19744067796610165 0.1830273871454942
7.64 -0.09032203389830507 -0.14115263347157964 0.15994915254237288 0.1830273871454942
7.66 -0.052830508474576265 -0.16370057775753366 0.19744067796610165 0.20557533143144824
7.68 -0.052830508474576265 -0.16370057775753366 0.19744067796610165 0.1830273871454942
7.7 -0.09032203389830507 -0.16370057775753366 0.19744067796610165 0.1830273871454942
7.72 -0.09032203389830507 -0.16370057775753366 0.15994915254237288 0.20557533143144824
7.74 -0.09032203389830507 -0.14115263347157964 0.15994915254237288 0.1830273871454942
7.76 -0.052830508474576265 -0.14115263347157964 0.15994915254237288 0.1830273871454942
7.78 -0.09032203389830507 -0.14115263347157964 0.15994915254237288 0.1830273871454942
7.8 -0.052830508474576265 -0.16370057775753366 0.19744067796610165 0.20557533143144824
7.82 -0.09032203389830507 -0.16370057775753366 0.19744067796610165 0.1830273871454942
7.84 -0.052830508474576265 -0.16370057775753366 0.15994915254237288 0.20557533143144824
7.86 -0.09032203389830507 -0.14115263347157964 0.15994915254237288 0.1830273871454942
7.88 -0.052830508474576265 -0.14115263347157964 0.19744067796610165 0.1830273871454942
7.9 -0.052830508474576265 -0.14115263347157964 0.19744067796610165 0.1830273871454942
7.92 -0.09032203389830507 -0.14115263347157964 0.15994915254237288 0.1830273871454942
7.94 -0.052830508474576265 -0.16370057775753366 0.19744067796610165 0.1830273871454942
7.96 -0.052830508474576265 -0.16370057775753366 0.15994915254237288 0.1830273871454942
7.98 -0.052830508474576265 -0.14115263347157964 0.15994915254237288 0.20557533143144824
8.0 -0.052830508474576265 -0.14115263347157964 0.19744067796610165 0.20557533143144824
8.02 -0.052830508474576265 -0.16370057775753366 0.15994915254237288 0.1830273871454942
8.04 -0.052830508474576265 -0.16370057775753366 0.15994915254237288 0.1830273871454942
8.06 -0.052830508474576265 -0.16370057775753366 0.19744067796610165 0.1830273871454942
8.08 -0.052830508474576265 -0.14115263347157964 0.19744067796610165 0.1830273871454942
8.1 -0.052830508474576265 -0.14115263347157964 0.19744067796610165 0.1830273871454942
8.12 -0.052830508474576265 -0.14115263347157964 0.15994915254237288 0.1830273871454942
8.14 -0.052830508474576265 -0.16370057775753366 0.19744067796610165 0.1830273871454942
8.16 -0.052830508474576265 -0.14115263347157964 0.19744067796610165 0.1830273871454942
8.18 -0.09032203389830507 -0.14115263347157964 0.19744067796610165 0.1830273871454942
8.2 -0.052830508474576265 -0.16370057775753366 0.19744067796610165 0.1830273871454942
8.22 -0.052830508474576265 -0.14115263347157964 0.15994915254237288 0.1830273871454942
8.24 -0.052830508474576265 -0.16370057775753366 0.19744067796610165 0.20557533143144824
8.26 -0.09032203389830507 -0.16370057775753366 0.15994915254237288 0.1830273871454942
8.28 -0.09032203389830507 -0.16370057775753366 0.15994915254237288 0.1830273871454942
8.3 -0.09032203389830507 -0.16370057775753366 0.19744067796610165 0.1830273871454942
8.32 -0.09032203389830507 -0.16370057775753366 0.19744067796610165 0.1830273871454942
8.34 -0.052830508474576265 -0.16370057775753366 0.15994915254237288 0.20557533143144824
8.36 -0.052830508474576265 -0.16370057775753366 0.15994915254237288 0.1830273871454942
8.38 -0.052830508474576265 -0.16370057775753366 0.15994915254237288 0.1830273871454942
8.4 -0.052830508474576265 -0.14115263347157964 0.15994915254237288 0.20557533143144824
8.42 -0.052830508474576265 -0.16370057775753366 0.19744067796610165 0.1830273871454942
8.44 -0.09032203389830507 -0.16370057775753366 0.15994915254237288 0.1830273871454942
8.46 -0.09032203389830507 -0.16370057775753366 0.19744067796610165 0.1830273871454942
8.48 -0.052830508474576265 -0.14115263347157964 0.19744067796610165 0.1830273871454942
8.5 -0.09032203389830507 -0.16370057775753366 0.15994915254237288 0.20557533143144824
8.52 -0.052830508474576265 -0.14115263347157964 0.19744067796610165 0.1830273871454942
8.54 -0.09032203389830507 -0.16370057775753366 0.15994915254237288 0.1830273871454942
8.56 -0.052830508474576265 -0.14115263347157964 0.19744067796610165 0.1830273871454942
8.58 -0.052830508474576265 -0.16370057775753366 0.15994915254237288 0.1830273871454942
8.6 -0.09032203389830507 -0.14115263347157964 0.15994915254237288 0.1830273871454942
8.62 -0.09032203389830507 -0.16370057775753366 0.15994915254237288 0.1830273871454942
8.64 -0.052830508474576265 -0.16370057775753366 0.15994915254237288 0.1830273871454942
8.66 -0.052830508474576265 -0.14115263347157964 0.19744067796610165 0.1830273871454942
8.68 -0.052830508474576265 -0.16370057775753366 0.15994915254237288 0.20557533143144824
8.7 -0.052830508474576265 -0.14115263347157964 0.19744067796610165 0.20557533143144824
8.72 -0.09032203389830507 -0.16370057775753366 0.15994915254237288 0.1830273871454942
8.74 -0.052830508474576265 -0.16370057775753366 0.19744067796610165 0.1830273871454942
8.76 -0.052830508474576265 -0.14115263347157964 0.15994915254237288 0.1830273871454942
8.78 -0.09032203389830507 -0.16370057775753366 0.19744067796610165 0.1830273871454942
8.8 -0.052830508474576265 -0.16370057775753366 0.19744067796610165 0.1830273871454942
8.82 -0.052830508474576265 -0.14115263347157964 0.15994915254237288 0.1830273871454942
8.84 -0.052830508474576265 -0.16370057775753366 0.15994915254237288 0.1830273871454942
8.86 -0.09032203389830507 -0.16370057775753366 0.19744067796610165 0.1830273871454942
8.88 -0.09032203389830507 -0.14115263347157964 0.19744067796610165 0.1830273871454942
8.9 -0.052830508474576265 -0.16370057775753366 0.19744067796610165 0.1830273871454942
8.92 -0.09032203389830507 -0.16370057775753366 0.19744067796610165 0.1830273871454942
8.94 -0.052830508474576265 -0.14115263347157964 0.15994915254237288 0.1830273871454942
8.96 -0.09032203389830507 -0.14115263347157964 0.15994915254237288 0.1830273871454942
8.98 -0.052830508474576265 -0.16370057775753366 0.15994915254237288 0.1830273871454942
9.0 -0.052830508474576265 -0.16370057775753366 0.19744067796610165 0.20557533143144824
9.02 -0.09032203389830507 -0.16370057775753366 0.15994915254237288 0.1830273871454942
9.04 -0.052830508474576265 -0.16370057775753366 0.19744067796610165 0.1830273871454942
9.06 -0.09032203389830507 -0.14115263347157964 0.15994915254237288 0.1830273871454942
9.08 -0.052830508474576265 -0.14115263347157964 0.15994915254237288 0.1830273871454942
9.1 -0.09032203389830507 -0.14115263347157964 0.19744067796610165 0.1830273871454942
9.12 -0.09032203389830507 -0.14115263347157964 0.19744067796610165 0.1830273871454942
9.14 -0.052830508474576265 -0.14115263347157964 0.15994915254237288 0.1830273871454942
9.16 -0.052830508474576265 -0.16370057775753366 0.15994915254237288 0.1830273871454942
9.18 -0.09032203389830507 -0.14115263347157964 0.15994915254237288 0.1830273871454942
9.2 -0.09032203389830507 -0.16370057775753366 0.15994915254237288 0.1830273871454942
9.22 -0.052830508474576265 -0.16370057775753366 0.19744067796610165 0.1830273871454942
9.24 -0.052830508474576265 -0.16370057775753366 0.15994915254237288 0.1830273871454942
9.26 -0.052830508474576265 -0.16370057775753366 0.15994915254237288 0.1830273871454942
9.28 -0.09032203389830507 -0.16370057775753366 0.15994915254237288 0.1830273871454942
9.3 -0.09032203389830507 -0.14115263347157964 0.19744067796610165 0.1830273871454942
9.32 -0.052830508474576265 -0.16370057775753366 0.15994915254237288 0.1830273871454942
9.34 -0.09032203389830507 -0.16370057775753366 0.15994915254237288 0.1830273871454942
9.36 -0.052830508474576265 -0.16370057775753366 0.19744067796610165 0.1830273871454942
9.38 -0.09032203389830507 -0.16370057775753366 0.19744067796610165 0.1830273871454942
9.4 -0.09032203389830507 -0.16370057775753366 0.19744067796610165 0.20557533143144824
9.42 -0.09032203389830507 -0.14115263347157964 0.15994915254237288 0.1830273871454942
9.44 -0.052830508474576265 -0.14115263347157964 0.19744067796610165 0.20557533143144824
9.46 -0.09032203389830507 -0.14115263347157964 0.19744067796610165 0.1830273871454942
9.48 -0.09032203389830507 -0.16370057775753366 0.15994915254237288 0.1830273871454942
9.5 -0.09032203389830507 -0.16370057775753366 0.15994915254237288 0.1830273871454942
9.52 -0.052830508474576265 -0.14115263347157964 0.19744067796610165 0.1830273871454942
9.54 -0.052830508474576265 -0.14115263347157964 0.19744067796610165 0.1830273871454942
9.56 -0.052830508474576265 -0.14115263347157964 0.19744067796610165 0.1830273871454942
9.58 -0.09032203389830507 -0.16370057775753366 0.15994915254237288 0.1830273871454942
9.6 -0.052830508474576265 -0.16370057775753366 0.15994915254237288 0.20557533143144824
9.62 -0.052830508474576265 -0.16370057775753366 0.15994915254237288 0.20557533143144824
9.64 -0.09032203389830507 -0.16370057775753366 0.15994915254237288 0.1830273871454942
9.66 -0.09032203389830507 -0.14115263347157964 0.19744067796610165 0.1830273871454942
9.68 -0.052830508474576265 -0.14115263347157964 0.15994915254237288 0.1830273871454942
9.7 -0.052830508474576265 -0.16370057775753366 0.19744067796610165 0.1830273871454942
9.72 -0.052830508474576265 -0.16370057775753366 0.19744067796610165 0.1830273871454942
9.74 -0.09032203389830507 -0.14115263347157964 0.15994915254237288 0.1830273871454942
9.76 -0.09032203389830507 -0.16370057775753366 0.15994915254237288 0.1830273871454942
9.78 -0.052830508474576265 -0.16370057775753366 0.19744067796610165 0.1830273871454942
9.8 -0.052830508474576265 -0.16370057775753366 0.19744067796610165 0.1830273871454942
9.82 -0.09032203389830507 -0.14115263347157964 0.19744067796610165 0.1830273871454942
9.84 -0.052830508474576265 -0.14115263347157964 0.15994915254237288 0.1830273871454942
9.86 -0.09032203389830507 -0.16370057775753366 0.15994915254237288 0.1830273871454942
9.88 -0.052830508474576265 -0.14115263347157964 0.19744067796610165 0.1830273871454942
9.9 -0.09032203389830507 -0.16370057775753366 0.15994915254237288 0.1830273871454942
9.92 -0.052830508474576265 -0.14115263347157964 0.19744067796610165 0.20557533143144824
9.94 -0.09032203389830507 -0.14115263347157964 0.19744067796610165 0.1830273871454942
9.96 -0.09032203389830507 -0.16370057775753366 0.19744067796610165 0.1830273871454942
9.98 -0.09032203389830507 -0.16370057775753366 0.19744067796610165 0.1830273871454942
10.0 -0.052830508474576265 -0.14115263347157964 0.15994915254237288 0.1830273871454942
10.02 -0.052830508474576265 -0.16370057775753366 0.15994915254237288 0.1830273871454942
10.04 -0.09032203389830507 -0.16370057775753366 0.15994915254237288 0.1830273871454942
10.06 -0.09032203389830507 -0.16370057775753366 0.15994915254237288 0.1830273871454942
10.08 -0.052830508474576265 -0.16370057775753366 0.15994915254237288 0.1830273871454942
10.1 -0.052830508474576265 -0.16370057775753366 0.2349322033898305 0.09283561000167814
10.12 -0.09032203389830507 -0.16370057775753366 0.27242372881355936 0.11538355428763214
10.14 -0.052830508474576265 -0.16370057775753366 0.6473389830508474 -0.0727702591396886
10.16 -0.052830508474576265 -0.27680956992431816 0.5342504029906929 0.02455553740492397
10.18 -0.052830508474576265 -0.41320504785108575 0.9876626289119241 -0.3167356681780236
10.2 -0.052830508474576265 -0.5725177408008217 0.604935427315374 0.0977384313180033
10.22 -0.015338983050847466 -0.6859960037046209 0.9821365948112115 -0.1554743198080784
10.24 -0.015338983050847466 -0.7536398365624828 0.3398686322960766 0.3760684482267554
10.26 0.04808858006015454 -0.8212836694203449 0.862293973072408 -0.036087725112047664
10.28 0.2373882185457029 -0.7979971836603621 0.4105536566207579 0.6747307849993749
10.3 0.2754937477583998 -0.774710697900379 1.160384165095334 0.10965739663760304
10.32 0.2754937477583998 -0.728876267854442 0.7848549070690778 0.9959410660579486
10.34 0.23677421475673482 -0.6375766784995827 1.3525837206284002 0.6559778498187026
10.36 0.04808858006015454 -0.614659463476614 0.8211184249148704 1.3829488262893115
10.38 0.0 -0.637207407762568 1.2001616037776126 0.8378384870543925
10.4 -0.20525262532536392 -0.614659463476614 0.3663080895183796 1.2461840776255295
10.42 -0.28146368375075775 -0.614659463476614 0.43822112142099695 0.7206675167804488
10.44 -0.4320437892346411 -0.614659463476614 -0.48522561317721874 0.9246045258299413
10.46 -0.431429785445673 -0.637207407762568 -0.5638926867584844 0.4706914742147453
10.48 -0.4308157816567049 -0.614659463476614 -1.2459380879558974 0.5812155712224285
10.5 -0.4683073070804337 -0.637207407762568 -0.9447778769881308 0.2847688588718959
10.52 -0.43020177786773683 -0.637207407762568 -0.9404798504653544 0.3501970673076712
10.54 -0.31711319780758224 -0.614659463476614 -0.29575587279434673 0.3032548250506907
10.56 -0.20279661016949152 -0.614659463476614 -0.14026373699871902 0.2788605270796643
10.58 -0.12781355932203392 -0.614659463476614 0.22265212761046832 0.39297502972235543
10.6 -0.05160250089664009 -0.614659463476614 0.3007051974027665 0.23292379529859047
10.62 -0.089708030109337 -0.614659463476614 0.3787582671950648 0.3881745101411673
10.64 -0.16530508474576272 -0.614659463476614 0.3424947493492721 0.0019052913838331076
10.66 -0.24090213938218846 -0.637207407762568 0.08066807517213859 0.1789654090383349
10.68 -0.35460472323131115 -0.637207407762568 0.005685024324680987 -0.2817123912406433
10.7 -0.39271025244400803 -0.614659463476614 -0.24397215832702895 -0.03737771146529384
10.72 -0.39271025244400803 -0.637207407762568 -0.08742211685078766 -0.6953300738651198
10.74 -0.3552187270202792 -0.637207407762568 -0.4277457627118645 -0.22044846264716406
10.76 -0.39271025244400803 -0.659755352048522 -0.08786601874243272 -0.8575969327109714
10.78 -0.31711319780758224 -0.637207407762568 -0.4222197286111514 -0.22414117001730877
10.8 -0.35460472323131115 -0.659755352048522 0.014451179267557401 -1.0645904093917171
10.82 -0.3552187270202792 -0.659755352048522 -0.1899025306011614 -0.3856694873891319
10.84 -0.4308157816567049 -0.659755352048522 0.2455403696996113 -1.2486666710494938
10.86 -0.431429785445673 -0.6855244312324695 -0.0778718562216198 -0.614103096144788
10.88 -0.5445183655058277 -0.7080723755184235 0.32420744328087764 -1.3407048018783823
10.9 -0.43265779302360924 -0.7306203198043775 -0.07480183727677953 -0.659937526190725
10.92 -0.5832378985074926 -0.568825033430677 0.09987229452747276 -0.6340661452716405
10.94 -0.4338858006015454 -0.4775254440758174 -0.2634874719733599 0.3281031886184062
10.96 -0.6225714352981258 -0.31821275112608144 0.17485534537493014 0.48825672477730825
10.98 -0.24230024885744772 -0.24946110605717592 0.2910139443799255 0.9006642934556044
11.0 -0.3166692959159373 -0.06870828103252935 0.85584284089173 0.6719637156980707
11.02 0.19130064007642067 -0.06760046882148579 0.7427542608315754 0.5141281056963927
11.04 0.0 0.0 0.9277558727943469 0.44722281431255934
11.06 0.4144077812518894 -0.13524430167934798 0.5497705996122184 0.3141507730189223
11.08 0.0 -0.20436521748526798 0.6216836315148355 0.4065581745848251
11.1 0.07330002970452149 -0.2058423004333258 0.2818038875454039 0.4055526641089186
11.12 -0.059754652050548474 -0.25204600121627735 0.3930504562386542 0.4972215242007925
11.14 -0.3215813262276819 0.07102620718975305 0.128767766905648 0.498329336411836
11.16 -0.282247789437049 0.0 0.127539759327712 0.5212465514348046
11.18 -0.7350460115693123 0.7259221019583262 -0.044848459217990966 0.4761506628628965
11.2 -0.4683073070804337 0.018914174614569956 -0.04669047058489534 0.4761506628628965
11.22 -0.9901186440677967 0.3551846834836711 -0.19727057606877862 0.4536027185769424
11.24 -0.4609392616128167 -0.5629965740455114 -0.12228752522132103 0.4536027185769424
11.26 -0.9874925270146013 -0.20417812089045623 -0.19727057606877862 0.4536027185769424
11.28 -0.22678005223592207 -1.2046785946886294 -0.23599010907044365 0.43105477429098843
11.3 -0.7152277884250098 -0.6166879913038894 -0.38718421834329514 0.4085068300050344
11.32 0.0 -1.4109335298953458 -0.4259037513449601 0.43105477429098843
11.34 -0.483524594203988 -0.7301662542076883 -0.5008868021924178 0.43105477429098843
11.36 0.17686745863915737 -1.4101949884213167 -0.463395276768689 0.43105477429098843
11.38 -0.1786803605024127 -0.7286891712596304 -0.463395276768689 0.43105477429098843
11.4 0.4055006339153388 -1.2497744832605373 -0.463395276768689 0.43105477429098843
11.42 0.0 -0.726104276100529 -0.463395276768689 0.43105477429098843
11.44 0.5192032177644617 -1.088615436625729 -0.4259037513449601 0.43105477429098843
11.46 0.0 -0.702715488605409 -0.4259037513449601 0.43105477429098843
11.48 0.4804836847627964 -0.9034313627569084 -0.46400928055765694 0.43105477429098843
11.5 0.0 -0.6069846504063758 -0.5015008059813859 0.43105477429098843
11.52 0.44115014797216395 -0.6269476995332288 -0.5015008059813859 0.43105477429098843
11.54 0.10188440779169977 -0.44287143787545163 -0.5015008059813859 0.43105477429098843
11.56 0.44343606123071305 -0.2817123912406433 -0.46400928055765694 0.43105477429098843
11.58 0.1737974396943171 -0.28161008950550637 -0.46400928055765694 0.43105477429098843
11.6 0.4022605130731755 -0.02703813082888845 -0.3509207004975025 0.43105477429098843
11.62 0.21234687079865905 -0.20805792485541263 -0.3884122259212313 0.43105477429098843
11.64 0.2848739064902445 0.09404572394785843 -0.3509207004975025 0.43105477429098843
11.66 0.2068208366979462 -0.043575441587474006 -0.3884122259212313 0.43105477429098843
11.68 0.09127624148191921 0.43928103224044374 -0.2753236458610768 0.43105477429098843
11.7 0.16318927338453637 0.05569901037734776 -0.31281517128480557 0.43105477429098843
11.72 0.0 0.7619683962470754 -0.23783212043734792 0.43105477429098843
11.74 0.238002222334671 0.2874560557661339 -0.2753236458610768 0.43105477429098843
11.76 0.0 1.083547948042663 -0.19972659122465103 0.43105477429098843
11.78 0.270581717446655 0.40499629677709276 -0.19972659122465103 0.4536027185769424
11.8 0.0 1.290172153986394 -0.1247435403771934 0.4536027185769424
11.82 0.26505568334594215 0.6116205027208235 -0.1616210620119541 0.4536027185769424
11.84 -0.09540416610737296 1.4964270891931102 -0.0110409565280708 0.4536027185769424
11.86 0.07207202212658498 0.7720410078816029 -0.08479599979759228 0.4761506628628965
11.88 -0.2877738235377619 1.5651787342620165 0.0 0.4761506628628965
11.9 0.0 0.7709331956705596 0.0 0.5212465514348046
11.92 -0.4414239479664857 1.3596623405293284 0.050100693324381884 0.5212465514348046
11.94 -0.14210574836562312 0.9061185596511465 -0.08233998464171988 0.6114383285786205
11.96 -0.5176350063918793 0.970808226612893 0.16318927338453637 0.5434252249837441
11.98 -0.1414917445766552 0.35499758688885935 0.0 0.42920842060591613
12.0 -0.17652725484451154 0.0 0.27873386860056326 0.15604819401536646
12.02 0.032738485335952194 -0.09162549605549786 0.0 0.10947522249540054
12.04 -0.06159666341745257 -0.25204600121627735 0.35617293460389343 0.018914174614569956
12.06 0.0 -0.18587925130647315 0.09434626042675992 0.06474860466050697
12.08 -0.13657971426491028 -0.23134441061539568 0.43299799681825524 0.04293920184858191
12.1 0.0 -0.18624852204348763 0.5448585693004737 -0.07361110234885437
12.12 -0.059754652050548474 -0.2542616256383642 0.5805080833572982 0.0
12.14 0.0 -0.25463089637537867 0.8452346745819492 -0.45682385347493587
12.16 -0.020421115259915357 -0.39065710356513167 0.5784959700930707 -0.0476374196946332
12.18 0.038264519436665034 -0.5725177408008217 0.9872187270202792 -0.4526595736326398
12.2 0.0 -0.7085439479905749 0.5330223954127566 0.26111310237489843
12.22 0.03949252701460115 -0.7540091072994974 0.9083815515416902 0.0
12.24 0.0 -0.7307226215395144 0.18516060218673985 0.7900554015882464
12.26 0.11631758922896307 -0.7074361357795313 0.7117138675885246 0.1569689096315982
12.28 0.155037122230628 -0.6616017057335946 0.03318238722759709 0.9974181490060063
12.3 0.3068452352924476 -0.6383152199736115 0.7442933627005084 0.49925005202806755
12.32 0.3455647682941126 -0.6153980049506431 0.06698988991751759 1.4077123949973522
12.34 0.45865334835426713 -0.5470156306187519 0.5906432382717848 0.8182447086645541
12.36 0.3836702975068095 -0.5470156306187519 0.0 1.3171513471165222
12.38 0.4211618229305384 -0.5470156306187519 0.399501588419332 0.7694561127225015
12.4 0.3080732428703839 -0.5470156306187519 -0.1471878805746913 1.1545152175336555
12.42 0.2324761882339581 -0.5695635749047061 0.1346048952973577 0.6977503017574802
12.44 0.11938760817380364 -0.5470156306187519 -0.41147056990769676 0.9246045258299413
12.46 0.11938760817380364 -0.5470156306187519 0.0 0.5830619249075011
12.48 0.08189608275007479 -0.5470156306187519 -0.44834809154245775 0.6935860219151841
12.5 0.15749313738650056 -0.5470156306187519 -0.034099300514536635 0.5102483017314361
12.52 0.15810714117546862 -0.5470156306187519 -0.40778654717388857 0.46256751800042667
12.54 0.2337041958118944 -0.5470156306187519 -0.03041527778072778 0.3690523042234804
12.56 0.19621267038816553 -0.5470156306187519 -0.33447540579601215 0.1624280982797494
12.58 0.23431819960086248 -0.5470156306187519 -0.06422278047064828 0.2528868444254431
12.6 0.12122961954070782 -0.5470156306187519 -0.21708879921308105 0.0
12.62 0.12061561575173976 -0.5470156306187519 -0.13964973320975077 0.15678673548939548
12.64 0.08312409032801091 -0.5470156306187519 -0.13719371805387853 -0.19041280188578374
12.66 0.08312409032801091 -0.5470156306187519 -0.09663217368530902 0.0
12.68 0.045632564904282136 -0.5695635749047061 0.0 -0.5352788394413546
12.7 0.045632564904282136 -0.5695635749047061 -0.052386606582931206 -0.12877960255529003
12.72 0.0 -0.5921115191906599 0.0 -0.8575969327109714
12.74 0.0 -0.5921115191906599 -0.20341061395845966 -0.24705838504027738
12.76 -0.050544595216026944 -0.5921115191906599 0.0 -1.0878768951517002
12.78 -0.051158599004995045 -0.5921115191906599 -0.38718421834329514 -0.43187318817208337
12.8 -0.16424717906514957 -0.5921115191906599 0.0 -1.3177875868554139
12.82 -0.09049213579562809 -0.614659463476614 -0.1929725495460019 -0.6606760676647538
12.84 -0.2035807158557827 -0.614659463476614 0.204978825331042 -1.4323736619702563
12.86 -0.09172014337356443 -0.637207407762568 0.0 -0.796702274854507
12.88 -0.2035807158557827 -0.637207407762568 0.32175142812500507 -1.4320043912332414
12.9 0.0 -0.7080723755184235 0.0 -0.9079649133362191
12.92 -0.1660891904320539 -0.7080723755184235 0.39919049412833524 -1.2035707824775859
12.94 0.0 -0.6855244312324695 0.0 -0.6325890623235826
12.96 -0.2816337856480808 -0.41062015269198443 0.2867159178571487 -0.28883083697905515
12.98 0.0 -0.2498303767941904 0.06053875773683942 0.10752656707519131
13.0 -0.360300859229347 0.0 0.13306579342842467 0.5200364374886242
13.02 -0.024719141782692022 0.031202410671184566 0.0 0.4972215242007925
13.04 -0.47645945823434205 0.07592902850607813 0.09250424905985549 0.5659731692696981
13.06 -0.4020904111758525 0.14209577841588228 0.0 0.43105477429098843
13.08 -0.6645310891419542 0.027140432564025263 0.09250424905985549 0.45397198931395694
13.1 -0.8120411756809971 0.36599583659222773 0.0 0.3866974271931094
13.12 -0.6590050550412412 0.09283561000167814 0.0 0.40961464221607785
13.14 -1.0355922187481108 0.6342532418664524 -0.043006447851086704 0.45544907226201486
13.16 -0.5807818833516201 -0.011137059809194993 0.0 0.47836628728498337
13.18 -0.9132935818534347 0.21731212260884541 -0.15793703927814545 0.5238314465939058
13.2 -0.23292009012560305 -0.6099388163024915 -0.08356799221965594 0.5234621758568914
13.22 -0.6457707716782652 -0.20454739162747065 -0.23414809770353928 0.4776277458109544
13.24 0.0 -1.09120033178483 -0.19727057606877862 0.45434126005097136
13.26 -0.4503310953030359 -0.5250191312120152 -0.34846468534163005 0.38595888571908044
13.28 0.1731834359053494 -1.2974552669915465 -0.42467574376702383 0.38595888571908044
13.3 -0.37043601414383337 -0.7297969834706737 -0.6133613784636043 0.4085068300050344
13.32 0.17625345485018967 -1.3654683705864237 -0.6139753822525722 0.40887610074204894
13.34 -0.2548914189278066 -0.8196194898774756 -0.7270639623127266 0.40887610074204894
13.36 0.2911840462772483 -1.2959781840434887 -0.7651694915254237 0.40887610074204894
13.38 -0.14057483128971587 -0.8395825390043281 -0.8401525423728815 0.38595888571908044
13.4 0.3673951047026422 -1.15699781095762 -0.7645554877364555 0.38595888571908044
13.42 0.0 -0.7481806479143318 -0.7645554877364555 0.38595888571908044
13.44 0.4048866301263711 -0.9034313627569084 -0.7645554877364555 0.38595888571908044
13.46 0.0 -0.62953259469233 -0.8020470131601845 0.38595888571908044
13.48 0.44115014797216395 -0.6040304845102602 -0.7645554877364555 0.38595888571908044
13.5 0.06439288236797086 -0.41995422285248313 -0.7264499585237587 0.38595888571908044
13.52 0.44343606123071305 -0.2817123912406433 -0.6889584331000298 0.38595888571908044
13.54 0.1737974396943171 -0.28124081876849194 -0.6889584331000298 0.38595888571908044
13.56 0.4022605130731755 -0.02703813082888845 -0.6514669076763013 0.38595888571908044
13.58 0.17485534537493014 -0.20805792485541263 -0.6889584331000298 0.38595888571908044
13.6 0.2848739064902445 0.09404572394785843 -0.5758698530398754 0.38595888571908044
13.62 0.16932931127421752 0.0 -0.650852903887333 0.38595888571908044
13.64 0.09127624148191921 0.46219824726341224 -0.6133613784636043 0.38595888571908044
13.66 0.08820622253707877 0.03315106609139379 -0.5758698530398754 0.38595888571908044
13.68 0.0 0.7619683962470754 -0.5383783276161467 0.38595888571908044
13.7 0.1630191714872134 0.26490811148017995 -0.6133613784636043 0.38595888571908044
13.72 0.0 1.083547948042663 -0.5002727984034496 0.38595888571908044
13.74 0.27119572123562313 0.40499629677709276 -0.5377643238271783 0.4085068300050344
13.76 0.0 1.3130893690093626 -0.42467574376702383 0.4085068300050344
13.78 0.26566968713491035 0.6116205027208235 -0.4996587946144814 0.4085068300050344
13.8 -0.09540416610737296 1.496796359930125 -0.38657021455432694 0.4085068300050344
13.82 0.07207202212658498 0.7265758485726799 -0.4609392616128167 0.43105477429098843
13.84 -0.3252653489614907 1.6106438935709384 -0.3103591561289331 0.4536027185769424
13.86 0.0 0.771302466407574 -0.4597112540348804 0.4761506628628965
13.88 -0.4789154733902146 1.3829488262893115 -0.2716396231272682 0.4536027185769424
13.9 -0.17959727378935203 0.8356228626323057 -0.495974771880673 0.5663424400067125
13.92 -0.5926180572393371 1.2650393145413388 -0.26979761176036376 0.5663424400067125
13.94 -0.33017737927323537 0.8547450685499924 -0.6066073367849552 0.6368381370255536
13.96 -0.5164069988139435 0.4651524131595281 -0.11676149112060813 0.5201387392237611
13.98 -0.17714125863347957 0.2784912563426499 -0.3023771068723477 0.47356576770379527
14.0 -0.3633708781741875 0.0 0.05746873879199926 0.2917051304681051
14.02 -0.06159666341745257 0.0 -0.03625240617243758 0.24587070042216813
14.04 -0.21033475753443193 -0.09679528637370052 0.17178532643008987 0.178226867564306
14.06 0.0 -0.12008177213368348 0.28303189512334 0.0
14.08 -0.05852664447261219 -0.3015731386323591 0.35617293460389343 0.00042820843577520695
14.1 0.00015899022396809182 -0.3699555129642501 0.6590050550412412 -0.3891800206170738
14.12 0.0 -0.5514468794629257 0.4297578759760918 -0.025828016882708166
14.14 0.038878523225633066 -0.7100210309386328 0.9890607383871837 -0.5214112187015454
14.16 0.0 -0.8685951824143399 0.6479529868398157 0.16944424228302452
14.18 0.04010653080356924 -0.913691070986248 1.1745062522416 -0.01427832230012277
14.2 0.0 -0.8449394259173424 0.45128530288664986 0.7667689158282631
14.22 0.1169315930179311 -0.7529012950884539 0.9391190352867698 0.1798861246545666
14.24 0.19314265144332493 -0.6612324349965801 0.297465076560603 0.9741316632460233
14.26 0.2693537098687187 -0.6379459492365969 1.0085760520335143 0.43049840695916214
14.28 0.270581717446655 -0.6150287342136285 0.4449751630996463 1.3844259092373692
14.3 0.3461787720830808 -0.5695635749047061 0.9305229822412164 0.8862578122594309
14.32 0.1955986665991975 -0.5921115191906599 0.10202540018537393 1.4309988807573355
14.34 0.08189608275007479 -0.5921115191906599 0.47387063547782166 0.8152905427684385
14.36 -0.052386606582931206 -0.5921115191906599 -0.29960999742547884 1.1315980025106869
14.38 -0.2404582374905434 -0.5921115191906599 0.0 0.6744638159974972
14.4 -0.3541608213396661 -0.5921115191906599 -0.6394897413949105 0.8787700957840043
14.42 -0.3541608213396661 -0.5921115191906599 -0.15148590709746762 0.5830619249075011
14.44 -0.23984423370157532 -0.5921115191906599 -0.675139255451735 0.6481208626062616
14.46 -0.04993059142705884 -0.5921115191906599 -0.14780188436365943 0.4647831424225137
14.48 0.0 -0.5921115191906599 -0.5208751272340431 0.41710235869150425
14.5 0.0 -0.5921115191906599 -0.10539832862818582 0.3690523042234804
14.52 0.0 -0.5921115191906599 -0.29575587279434673 0.1627973690167639
14.54 0.009983050847457625 -0.5921115191906599 0.0 0.27580405944841163
14.56 0.0 -0.5921115191906599 -0.10277221157499034 0.0
14.58 0.009983050847457625 -0.5921115191906599 0.0 0.1571560062264099
14.6 0.0 -0.5921115191906599 -0.023491134204755737 -0.19041280188578374
14.62 0.0 -0.5921115191906599 -0.02103511904888339 0.0
14.64 -0.08742211685078766 -0.5921115191906599 0.0 -0.535648110178369
14.66 -0.08803612063975574 -0.614659463476614 -0.05300061037189932 -0.08368371398338198
14.68 -0.1683751036906032 -0.614659463476614 0.0 -0.8801448769969256
14.7 -0.12552764606348457 -0.614659463476614 -0.24151614317115655 -0.26960632932623135
14.72 -0.1302695744779063 -0.614659463476614 -0.014110975472911236 -1.1104248394376541
14.74 -0.08803612063975574 -0.614659463476614 -0.34907868913059825 -0.43187318817208337
14.76 -0.1683751036906032 -0.614659463476614 0.0 -1.3177875868554139
14.78 -0.12675565364142075 -0.637207407762568 -0.23046407496973081 -0.6381281233788001
14.8 -0.24458616211599704 -0.637207407762568 0.20559282912001015 -1.4323736619702563
14.82 -0.08926412821769192 -0.659755352048522 -0.07497193917410244 -0.774154330568553
14.84 -0.24458616211599704 -0.659755352048522 0.28425990270127616 -1.4545523355191956
14.86 -0.052386606582931206 -0.7306203198043775 0.0 -0.7726772476204951
14.88 -0.31605529212696915 -0.5695635749047061 0.21173286700969113 -0.8395825390043281
14.9 -0.12982567258626132 -0.501919742046844 0.0 -0.25001255093639324
14.92 -0.43098588355402795 -0.2982497019992288 0.2486103886444519 -0.018994047021635818
14.94 0.0 -0.25093818900523374 0.17301333400802593 0.2868023091517799
14.96 -0.39779238465307587 0.0 0.43361200060722344 0.5865724581354428
14.98 0.0 0.0 0.16871530748524927 0.6128131097915417
15.0 -0.40147640738688445 0.0 0.35494492702595726 0.7041126991464011
15.02 -0.25151030569196925 0.0 0.09189024527088746 0.5663424400067125
15.04 -0.43896793281061336 -0.0457910660095609 0.2793478723895315 0.5892596550296811
15.06 -0.5496004977148954 0.20852949732756404 0.0 0.567450252217756
15.08 -0.43405590249886833 0.0 0.053170712269222375 0.5907367379777391
15.1 -0.9231176424769243 0.6120745683175128 0.0 0.5911060087147535
15.12 -0.5057988325041625 0.0 -0.007356933794262166 0.6369404387606903
15.14 -0.9520131148550999 0.2864330384147656 -0.1966565722798106 0.6143924944747363
15.16 -0.27102561933829994 -0.5859137890684798 -0.15977905064504982 0.6140232237377219
15.18 -0.6451567678892969 -0.25001255093639324 -0.347850681552662 0.5681887936917849
15.2 0.0 -1.181761379665661 -0.2728676307052044 0.5223543636458479
15.22 -0.48720861693779643 -0.5253884019490296 -0.38595621076535896 0.45397198931395694
15.24 0.13569191048162027 -1.4105642591583316 -0.42406173997805585 0.45397198931395694
15.26 -0.36982201035486545 -0.6396052063268574 -0.5752558492509074 0.45397198931395694
15.28 0.17686745863915737 -1.3876470441353628 -0.6139753822525722 0.45397198931395694
15.3 -0.21678588971510976 -0.751606386282599 -0.7270639623127266 0.43105477429098843
15.32 0.32928957548994514 -1.272691698283506 -0.7270639623127266 0.43105477429098843
15.34 -0.14057483128971587 -0.79448665043242 -0.8026610169491526 0.43105477429098843
15.36 0.3673951047026422 -1.1340805959346512 -0.8026610169491526 0.43105477429098843
15.38 0.0 -0.748549918651346 -0.8026610169491526 0.43105477429098843
15.4 0.40427262633740274 -0.9034313627569084 -0.7645554877364555 0.43105477429098843
15.42 0.0 -0.6299018654293445 -0.8020470131601845 0.43105477429098843
15.44 0.44115014797216395 -0.6269476995332288 -0.8020470131601845 0.43105477429098843
15.46 0.10249841158066791 -0.44287143787545163 -0.8020470131601845 0.43105477429098843
15.48 0.4440500650196814 -0.2587951762176749 -0.7264499585237587 0.43105477429098843
15.5 0.13630591427058864 -0.28124081876849194 -0.7264499585237587 0.43105477429098843
15.52 0.3647689876494466 -0.02703813082888845 -0.7264499585237587 0.4085068300050344
15.54 0.17485534537493014 -0.20805792485541263 -0.6883444293110619 0.43105477429098843
15.56 0.2473823810665155 0.09404572394785843 -0.650852903887333 0.43105477429098843
15.58 0.16932931127421752 -0.021027497301520037 -0.6883444293110619 0.43105477429098843
15.6 0.09127624148191921 0.46219824726341224 -0.650852903887333 0.43105477429098843
15.62 0.12569774796080757 0.03315106609139379 -0.6883444293110619 0.43105477429098843
15.64 0.0 0.8074335555559977 -0.6133613784636043 0.43105477429098843
15.66 0.1630191714872134 0.24199089645721156 -0.6502389000983648 0.43105477429098843
15.68 0.0 1.0831786773056487 -0.6127473746746359 0.43105477429098843
15.7 0.30868724665935193 0.4046270260400779 -0.6502389000983648 0.4536027185769424
15.72 0.0 1.3130893690093626 -0.5371503200382104 0.4536027185769424
15.74 0.26566968713491035 0.6116205027208235 -0.612133370885668 0.4536027185769424
15.76 -0.1328956915311018 1.496796359930125 -0.4990447908255135 0.4536027185769424
15.78 0.07207202212658498 0.7716717371445883 -0.6109053633077317 0.4761506628628965
15.8 -0.3252653489614907 1.6106438935709384 -0.4603252578238483 0.4761506628628965
15.82 0.0 0.771302466407574 -0.6477828849424927 0.5212465514348046
15.84 -0.4789154733902146 1.3600316112663429 -0.4216057248221834 0.49869860714885045
15.86 -0.14210574836562312 0.857801536181245 -0.683432398999317 0.5888903842926665
15.88 -0.5926180572393371 1.2875872588272927 -0.495360768091705 0.5888903842926665
15.9 -0.33017737927323537 0.9911405464767602 -0.7994208961069893 0.7273991849063841
15.92 -0.592004053450369 0.6470130503952185 -0.41730769829940667 0.6593860813115076
15.94 -0.2902298386936341 0.4603518935783399 -0.6082792462545363 0.6357303248145101
15.96 -0.4008624035979164 0.07075923818787544 -0.1505689938105283 0.42773133765785826
15.98 -0.17468524347760722 0.025930318617845033 -0.37964607097835495 0.38474877177290007
16.0 -0.3609148630183152 0.0 0.0 0.29096658899407607
16.02 0.0 -0.004120915805919972 0.0 0.02149906977367133
16.04 -0.09540416610737296 -0.18920268793960343 0.09434626042675992 0.1131679298655453
16.06 0.038264519436665034 -0.2801330065574485 0.3912084448717497 -0.3219054584962262
16.08 0.0 -0.5521854209369546 0.16257526959556834 -0.026197287619722676
16.1 0.07698405243832995 -0.6882116281267077 0.689128534997353 -0.5672456487474824
16.12 0.0 -0.8693337238883687 0.42300383429744265 0.07814465292816491
16.14 0.11570358543999493 -0.9595255010321848 1.1763482636085045 -0.15104307096390462
16.16 0.0032290091688085276 -0.9133218002492336 0.5287243688899801 0.7209344857823261
16.18 0.15442311844166 -0.8212836694203449 1.0546636305027968 0.1798861246545666
16.2 0.23063417686705384 -0.7066975943055025 0.41239566798766175 0.9748702047200521
16.22 0.41993381535260216 -0.6379459492365969 1.1228926396716052 0.45341562198213053
16.24 0.45865334835426713 -0.6150287342136285 0.5586777469487685 1.4069738535233234
16.26 0.4967588775669641 -0.5695635749047061 1.1251785529301548 0.8633405972364625
16.28 0.3461787720830808 -0.5921115191906599 0.2538335132471931 1.54410787292412
16.3 0.11938760817380364 -0.5921115191906599 0.5875732193269443 0.8385770285284218
16.32 -0.09110613958459626 -0.5921115191906599 -0.2240129427890531 1.1319672732477013
16.34 -0.3553888289176022 -0.5921115191906599 0.0 0.6068199831396353
16.36 -0.46847740897775675 -0.5695635749047061 -0.7157007998203042 0.833304936475082
16.38 -0.3166692959159373 -0.5695635749047061 -0.22708296173389314 0.5375967655985783
16.4 -0.20173870448887837 -0.5921115191906599 -0.8269473685135547 0.6255729183203076
16.42 -0.01243906600333003 -0.5695635749047061 -0.2989959936365109 0.4422351981365595
16.44 0.0 -0.5921115191906599 -0.6399336432865554 0.3945544144055502
16.46 0.04747457627118644 -0.5695635749047061 -0.18099538326461112 0.3235871449145579
16.48 0.12307163090761217 -0.5695635749047061 -0.37135292743077314 0.1627973690167639
16.5 0.12307163090761217 -0.5695635749047061 0.0 0.27580405944841163
16.52 0.08496610169491525 -0.5695635749047061 -0.02717515693856426 0.002643832857862058
16.54 0.04686057248221834 -0.5695635749047061 0.0 0.20262116553533244
16.56 0.0 -0.5921115191906599 0.0 -0.19004353114876926
16.58 -0.04993059142705884 -0.5695635749047061 0.0 0.015221467244425246
16.6 -0.12552764606348457 -0.5921115191906599 0.0020010015908723533 -0.5127308951554006
16.62 -0.20173870448887837 -0.614659463476614 -0.05300061037189932 -0.08405298472039663
16.64 -0.20173870448887837 -0.5921115191906599 0.0 -0.8805141477339398
16.66 -0.1261416498524527 -0.614659463476614 -0.24151614317115655 -0.2699756000632458
16.68 -0.08742211685078766 -0.614659463476614 -0.01472497926187935 -1.1333420544606225
16.7 0.0 -0.5921115191906599 -0.38718421834329514 -0.4093252438861292
16.72 -0.04931658763809074 -0.614659463476614 0.0 -1.2948703718324452
16.74 0.0 -0.637207407762568 -0.26856960418242776 -0.6152109083558315
16.76 -0.1261416498524527 -0.637207407762568 0.1674872999073132 -1.4552908769932247
16.78 -0.014281077370234263 -0.659755352048522 -0.0755859429630707 -0.8196194898774756
16.8 -0.20235270827784652 -0.659755352048522 0.28425990270127616 -1.4545523355191956
16.82 -0.015509084948170548 -0.7080723755184235 0.0 -0.8857862397872793
16.84 -0.27917777049220843 -0.637207407762568 0.2867159178571487 -0.9318876388350938
16.86 -0.0929481509515005 -0.5011812005728149 -0.0016607977962259102 -0.22451044075432341
16.88 -0.46970541655569303 -0.18329435614737186 0.172399330219058 0.013272811824215858
16.9 0.0 -0.11306562813040844 0.0 0.47161711228358566
16.92 -0.39840638844204396 0.007177383437172669 0.16994331506318555 0.6564319154153919
16.94 -0.024719141782692022 0.0 0.0 0.5423174127727006
16.96 -0.43896793281061336 0.0 0.24369835833270698 0.5881518428186376
16.98 -0.28900183111569794 0.0 0.018135202001366146 0.45323344783992797
17.0 -0.475845454445374 -0.09273330826654125 0.1674872999073132 0.4761506628628965
17.02 -0.6614610701971138 0.09394342221272156 0.01690719442342986 0.38595888571908044
17.04 -0.5459164749810868 0.0 0.09127624148191921 0.38595888571908044
17.06 -0.8469065840515306 0.5211442496996677 -0.0055149224273577935 0.36341094143312636
17.08 -0.4676933032914656 0.0 -0.044848459217990966 0.38632815645609486
17.1 -0.9513991110661315 0.3097195241747484 -0.3091311485509969 0.43179331576501745
17.12 -0.2704116155493321 -0.5400793590225428 -0.3103591561289331 0.5001756900969083
17.14 -0.7588593517384199 -0.18089163513047318 -0.4609392616128167 0.5001756900969083
17.16 0.0 -1.1813921089286463 -0.42344773618908765 0.49980641935989395
17.18 -0.4878226207267648 -0.5253884019490296 -0.5365363162492423 0.45434126005097136
17.2 0.13569191048162027 -1.3876470441353628 -0.5371503200382104 0.4085068300050344
17.22 -0.3323304849311363 -0.6621531506128113 -0.7258359547347908 0.4085068300050344
17.24 0.25246451327558334 -1.4105642591583316 -0.7645554877364555 0.4085068300050344
17.26 -0.21678588971510976 -0.729058441996645 -0.8776440677966102 0.4085068300050344
17.28 0.32928957548994514 -1.29523964256946 -0.8401525423728815 0.4085068300050344
17.3 -0.14057483128971587 -0.749390761860512 -0.9151355932203391 0.4085068300050344
17.32 0.3673951047026422 -1.1115326516486972 -0.9151355932203391 0.4085068300050344
17.34 0.0 -0.7256327036283776 -0.9151355932203391 0.4085068300050344
17.36 0.3673951047026422 -0.8579662034479858 -0.9151355932203391 0.4085068300050344
17.38 0.0 -0.6299018654293445 -0.9901186440677967 0.4085068300050344
17.4 0.40365862254843504 -0.6040304845102602 -0.952627118644068 0.4085068300050344
17.42 0.06439288236797086 -0.44287143787545163 -0.9520131148550999 0.4085068300050344
17.44 0.40594453580698436 -0.2817123912406433 -0.914521589431371 0.4085068300050344
17.46 0.13630591427058864 -0.3041580337914604 -0.914521589431371 0.4085068300050344
17.48 0.3647689876494466 -0.02703813082888845 -0.877030064007642 0.4085068300050344
17.5 0.17485534537493014 -0.23060586914136671 -0.8764160602186741 0.4085068300050344
17.52 0.2473823810665155 0.09404572394785843 -0.8389245347949452 0.4085068300050344
17.54 0.16932931127421752 -0.021027497301520037 -0.8383105310059773 0.4085068300050344
17.56 0.09127624148191921 0.4396503029774583 -0.8383105310059773 0.4085068300050344
17.58 0.12569774796080757 0.03315106609139379 -0.9139075856424028 0.4085068300050344
17.6 0.0 0.7619683962470754 -0.8764160602186741 0.38595888571908044
17.62 0.1630191714872134 0.24236016719422598 -0.875802056429706 0.4085068300050344
17.64 0.0 1.106095892328617 -0.8002050017932802 0.4085068300050344
17.66 0.27119572123562313 0.40499629677709276 -0.8751880526407376 0.43105477429098843
17.68 0.0 1.3130893690093626 -0.8002050017932802 0.43105477429098843
17.7 0.26566968713491035 0.5890725584348693 -0.8745740488517697 0.43105477429098843
17.72 -0.09479016231840487 1.4738791449071562 -0.7239939433678866 0.43105477429098843
17.74 0.03458049670285629 0.7491237928586341 -0.7983629904263758 0.4536027185769424
17.76 -0.3252653489614907 1.5426307899760623 -0.6852744103662214 0.43105477429098843
17.78 0.0 0.7483852513846054 -0.8399824404755583 0.49869860714885045
17.8 -0.4789154733902146 1.3825795555522968 -0.6465548773645562 0.4761506628628965
17.82 -0.17959727378935203 0.8807187512042136 -0.91373748374508 0.5663424400067125
17.84 -0.6301095826630658 1.3334216888732298 -0.6828183952103488 0.5663424400067125
17.86 -0.36766890469696417 1.1049880801175735 -1.0999671032857874 0.6823032963344762
17.88 -0.7050926335105234 0.8739695762028163 -0.7613153668942922 0.6593860813115076
17.9 -0.32833536790633094 0.667612339260963 -1.0219140334934895 0.7266606434323553
17.92 -0.5145649874470388 0.2554717395845445 -0.5320681878291424 0.5448000061966651
17.94 -0.2502822981140331 0.18413519935653763 -0.7557893327935792 0.5211442496996677
17.96 -0.4365119176547408 0.024822506406801614 -0.37964607097835495 0.4076659867958685
17.98 -0.13473770289800607 0.0 -0.19218844385971062 0.08951217336854783
18.0 -0.24659827538022427 -0.07287256087482544 -0.0755859429630707 0.1582638184374533
18.02 0.0 -0.16417215022968495 0.09189024527088746 -0.23171368135241016
18.04 0.0 -0.393980540198262 -0.007356933794262166 0.0
18.06 0.15319511086372373 -0.6660329545777681 0.4273018608202194 -0.5679841902215113
18.08 0.07882606380523416 -0.8475243210764438 0.16117716012030908 0.0323102228822279
18.1 0.15380911465269187 -0.9602640425062139 1.0222542372881358 -0.2423426603187641
18.12 0.04133453838150547 -0.982073445318139 0.5686719094695813 0.6070869521415128
18.14 0.2300201730780857 -0.8900353144892503 1.2083137549315204 0.1795168539175524
18.16 0.26873970607975073 -0.7299840800654855 0.6035373178401149 1.0428833083149285
18.18 0.41993381535260216 -0.6383152199736115 1.237823231098664 0.5898110999088984
18.2 0.4211618229305384 -0.5921115191906599 0.5973972799504339 1.4528082835692602
18.22 0.4592673521432353 -0.5695635749047061 1.1257925567191225 0.8407926529505083
18.24 0.15749313738650056 -0.5695635749047061 0.21572798403449628 1.4306296100203206
18.26 -0.014895081159202433 -0.5695635749047061 0.5119761646905185 0.7923733277454699
18.28 -0.39349435813029915 -0.5695635749047061 -0.2621184720017499 1.109050058224733
18.3 -0.4315998873429961 -0.5695635749047061 0.0 0.6293679274255892
18.32 -0.43037187976505986 -0.5695635749047061 -0.6394897413949105 0.8562221514980504
18.34 -0.282691691328694 -0.5695635749047061 -0.26396048336865413 0.5830619249075011
18.36 -0.1683751036906032 -0.5695635749047061 -0.8263333647245865 0.6481208626062616
18.38 -0.08742211685078766 -0.5695635749047061 -0.33710152284920775 0.4422351981365595
18.4 -0.09216404526520938 -0.5695635749047061 -0.6780391724992525 0.3716371993825817
18.42 -0.011211058425393827 -0.5695635749047061 -0.21848690868834025 0.3235871449145579
18.44 -0.015952986839815553 -0.5695635749047061 -0.33324739821807586 0.11733220970784139
18.46 0.0 -0.5695635749047061 0.0 0.27580405944841163
18.48 -0.015952986839815553 -0.5695635749047061 -0.06466668236229328 0.0
18.5 -0.05405851605251247 -0.5695635749047061 0.0 0.20262116553533244
18.52 -0.1290415668999701 -0.5695635749047061 0.0 -0.16712631612580076
18.54 -0.1296555706889382 -0.5695635749047061 0.0 0.03813868226739375
18.56 -0.24274415074909272 -0.5695635749047061 0.0 -0.5352788394413546
18.58 -0.2808496799617896 -0.5921115191906599 -0.09049213579562809 -0.10623165826933606
18.6 -0.3558327308092473 -0.5921115191906599 0.0 -0.903062092019894
18.62 -0.31895520917448655 -0.5921115191906599 -0.27900766859488535 -0.31544075937216837
18.64 -0.3939382600219442 -0.614659463476614 -0.05221650468560815 -1.1337113251976372
18.66 -0.31895520917448655 -0.614659463476614 -0.46278127297972077 -0.4547904031950522
18.68 -0.3558327308092473 -0.614659463476614 0.0 -1.3403355311413678
18.7 -0.28146368375075775 -0.637207407762568 -0.30606112960615645 -0.683224011950708
18.72 -0.4320437892346411 -0.659755352048522 0.1299957744835844 -1.4323736619702563
18.74 -0.3576747421761516 -0.7084416462554379 -0.03748041375037375 -0.774154330568553
18.76 -0.5838519022964608 -0.659755352048522 0.17178532643008987 -1.0898255505719092
18.78 -0.39700827896678476 -0.637207407762568 -0.22845196170550336 -0.04459845893884257
18.8 -0.6606769645108226 -0.4098816112179554 0.021205220946206527 0.12195055514682668
18.82 -0.3178973034938734 -0.29529553610311293 -0.03625240617243758 0.8540913219356381
18.84 -0.5065829381904536 -0.06796973955850044 0.47417354497579284 0.9025106471406767
18.86 0.0 -0.15779224596530195 0.513507081766426 0.9007665951907411
18.88 -0.1697732131658624 -0.06796973955850044 0.8515448143689532 0.8334920330698936
18.9 0.18700261355364395 -0.13561357241636252 0.5491565958232505 0.6771335060162735
18.92 -0.09724617747427727 -0.1134348988674228 0.6210696277258676 0.6786105889643312
18.94 0.0 -0.06944682250655826 0.24369835833270698 0.5895266240315586
18.96 -0.13596571047594236 -0.1611156825984323 0.35494492702595726 0.658278269100464
18.98 -0.35907285165141073 0.07102620718975305 0.12815376311667992 0.613920922002585
19.0 -0.2816337856480808 0.0 0.2025228101751696 0.659755352048522
19.02 -0.7344320077803441 0.5666094090085902 0.0 0.6114383285786205
19.04 -0.4683073070804337 0.0 0.0 0.6114383285786205
19.06 -0.9901186440677967 0.40064984279259336 -0.15977905064504982 0.6118075993156351
19.08 -0.38472820318742285 -0.47169698469065174 -0.12290152901028917 0.6118075993156351
19.1 -0.8731759393765106 -0.15797442010750457 -0.31097315991790137 0.6118075993156351
19.12 -0.11246346459783135 -1.159582706116721 -0.23599010907044365 0.5888903842926665
19.14 -0.6396307337885843 -0.6163187205668748 -0.38718421834329514 0.5663424400067125
19.16 0.021989326632497697 -1.3883855856093916 -0.38779822213226317 0.5663424400067125
19.18 -0.4454190649912912 -0.7756314135166109 -0.46278127297972077 0.5663424400067125
19.2 0.17686745863915737 -1.3650990998494086 -0.463395276768689 0.5663424400067125
19.22 -0.1786803605024127 -0.774154330568553 -0.5008868021924178 0.5663424400067125
19.24 0.4048866301263711 -1.2497744832605373 -0.463395276768689 0.5663424400067125
19.26 -0.06436377286432221 -0.7715694354094513 -0.5008868021924178 0.5663424400067125
19.28 0.44360616312803586 -1.088615436625729 -0.5389923314051146 0.5663424400067125
19.3 0.0 -0.7252634328913632 -0.5389923314051146 0.5663424400067125
19.32 0.4423781555500998 -0.9034313627569084 -0.5389923314051146 0.5663424400067125
19.34 0.0 -0.6069846504063758 -0.5764838568288435 0.5663424400067125
19.36 0.4030446187594669 -0.6269476995332288 -0.5770978606178114 0.5663424400067125
19.38 0.06439288236797086 -0.46578865289842014 -0.6145893860415403 0.5663424400067125
19.4 0.44343606123071305 -0.2817123912406433 -0.5770978606178114 0.5663424400067125
19.42 0.13569191048162027 -0.28161008950550637 -0.5389923314051146 0.5663424400067125
19.44 0.4022605130731755 -0.02703813082888845 -0.5015008059813859 0.5663424400067125
19.46 0.17485534537493014 -0.20805792485541263 -0.5389923314051146 0.5663424400067125
19.48 0.2848739064902445 0.09404572394785843 -0.463395276768689 0.5663424400067125
19.5 0.16932931127421752 -0.021027497301520037 -0.5008868021924178 0.5663424400067125
19.52 0.09127624148191921 0.46219824726341224 -0.463395276768689 0.5663424400067125
19.54 0.12569774796080757 0.05569901037734776 -0.5383783276161467 0.5663424400067125
19.56 0.0 0.7845163405330293 -0.463395276768689 0.5663424400067125
19.58 0.1630191714872134 0.24236016719422598 -0.5383783276161467 0.5663424400067125
19.6 0.0 1.106095892328617 -0.5008868021924178 0.5663424400067125
19.62 0.2330901920229262 0.4275442410630465 -0.5383783276161467 0.5888903842926665
19.64 0.0 1.3130893690093626 -0.46278127297972077 0.5888903842926665
19.66 0.30316121255863904 0.6341684470067777 -0.5377643238271783 0.5888903842926665
19.68 -0.09540416610737296 1.4964270891931102 -0.42467574376702383 0.5888903842926665
19.7 0.07207202212658498 0.7716717371445883 -0.5365363162492423 0.6114383285786205
19.72 -0.3252653489614907 1.5880959492849844 -0.42344773618908765 0.6114383285786205
19.74 0.0 0.7709331956705596 -0.5727998340950349 0.659755352048522
19.76 -0.4789154733902146 1.405127499838251 -0.3091311485509969 0.659755352048522
19.78 -0.14210574836562312 0.9032666954901678 -0.5709578227281307 0.7499471291923381
19.8 -0.5551265318156082 1.3334216888732298 -0.3828861918205185 0.7499471291923381
19.82 -0.25458032463680974 0.900210227858915 -0.7625433744722281 0.8172216913131858
19.84 -0.47830146960124637 0.5553441903033443 -0.3048331220282204 0.6808262133864182
19.86 -0.13964973320975077 0.3686830334864659 -0.49580466998334966 0.5887880825575298
19.88 -0.21279077269030416 0.04784202316490693 -0.03809441753934201 0.4069274453218395
19.9 0.0 0.07139547792676754 -0.30527702391986505 0.4294753896077936
19.92 -0.17284323211070302 0.0 0.0 0.40729671605885415
19.94 0.0 0.0 0.05746873879199926 0.1120601176545018
19.96 -0.09663217368530902 -0.14336825789366647 0.13122378206152058 0.20372897774637577
19.98 0.0 -0.23429857651151148 0.5036830211429362 -0.23171368135241016
20.0 0.0 -0.43833788729614115 0.2369443166540579 0.0
