0 65,535000E+3 0,000000E+0 65,535000E+3 0,000000E+0
1 65,535000E+3 0,000000E+0 65,535000E+3 0,000000E+0
2 65,535000E+3 0,000000E+0 65,535000E+3 0,000000E+0
3 1,000000E+0 65,519000E+3 65,530000E+3 17,000000E+0
4 65,533000E+3 18,000000E+0 0,000000E+0 65,528000E+3
5 1,000000E+0 65,535000E+3 65,526000E+3 5,000000E+0
6 65,527000E+3 18,000000E+0 0,000000E+0 65,523000E+3
7 0,000000E+0 2,000000E+0 65,525000E+3 0,000000E+0
8 65,529000E+3 20,000000E+0 65,530000E+3 65,515000E+3
9 0,000000E+0 1,000000E+0 65,525000E+3 2,000000E+0
10 65,534000E+3 20,000000E+0 65,534000E+3 65,524000E+3
11 0,000000E+0 2,000000E+0 65,525000E+3 0,000000E+0
12 65,534000E+3 17,000000E+0 65,533000E+3 65,525000E+3
13 1,000000E+0 65,534000E+3 65,524000E+3 0,000000E+0
14 65,532000E+3 17,000000E+0 65,533000E+3 65,527000E+3
15 0,000000E+0 65,526000E+3 65,525000E+3 2,000000E+0
16 65,532000E+3 13,000000E+0 65,535000E+3 65,531000E+3
17 0,000000E+0 65,533000E+3 65,528000E+3 7,000000E+0
18 65,529000E+3 9,000000E+0 65,535000E+3 65,532000E+3
19 0,000000E+0 65,530000E+3 65,527000E+3 8,000000E+0
20 65,534000E+3 6,000000E+0 65,533000E+3 65,535000E+3
21 0,000000E+0 65,529000E+3 65,526000E+3 7,000000E+0
22 65,534000E+3 4,000000E+0 65,530000E+3 65,535000E+3
23 2,000000E+0 65,532000E+3 65,522000E+3 7,000000E+0
24 0,000000E+0 2,000000E+0 65,528000E+3 65,535000E+3
25 2,000000E+0 65,529000E+3 65,518000E+3 8,000000E+0
26 0,000000E+0 1,000000E+0 65,524000E+3 65,535000E+3
27 4,000000E+0 65,532000E+3 65,516000E+3 11,000000E+0
28 0,000000E+0 1,000000E+0 65,522000E+3 0,000000E+0
29 4,000000E+0 65,529000E+3 65,517000E+3 10,000000E+0
30 1,000000E+0 0,000000E+0 65,523000E+3 0,000000E+0
31 9,000000E+0 65,527000E+3 65,520000E+3 13,000000E+0
32 5,000000E+0 0,000000E+0 65,525000E+3 4,000000E+0
33 7,000000E+0 65,525000E+3 65,519000E+3 16,000000E+0
34 3,000000E+0 0,000000E+0 65,526000E+3 3,000000E+0
35 7,000000E+0 65,524000E+3 65,518000E+3 13,000000E+0
36 6,000000E+0 65,534000E+3 65,523000E+3 4,000000E+0
37 7,000000E+0 65,523000E+3 65,515000E+3 17,000000E+0
38 4,000000E+0 65,534000E+3 65,521000E+3 7,000000E+0
39 9,000000E+0 65,523000E+3 65,514000E+3 17,000000E+0
40 6,000000E+0 65,532000E+3 65,518000E+3 9,000000E+0
41 13,000000E+0 65,524000E+3 65,514000E+3 16,000000E+0
42 8,000000E+0 65,531000E+3 65,516000E+3 11,000000E+0
43 12,000000E+0 65,523000E+3 65,512000E+3 19,000000E+0
44 9,000000E+0 65,529000E+3 65,515000E+3 11,000000E+0
45 10,000000E+0 65,521000E+3 65,512000E+3 15,000000E+0
46 9,000000E+0 65,529000E+3 65,513000E+3 12,000000E+0
47 13,000000E+0 65,524000E+3 65,512000E+3 17,000000E+0
48 9,000000E+0 65,527000E+3 65,513000E+3 16,000000E+0
49 13,000000E+0 65,523000E+3 65,510000E+3 21,000000E+0
50 9,000000E+0 65,523000E+3 65,514000E+3 19,000000E+0
51 10,000000E+0 65,522000E+3 65,510000E+3 19,000000E+0
52 10,000000E+0 65,520000E+3 65,510000E+3 20,000000E+0
53 12,000000E+0 65,519000E+3 65,509000E+3 21,000000E+0
54 11,000000E+0 65,518000E+3 65,509000E+3 22,000000E+0
55 13,000000E+0 65,519000E+3 65,509000E+3 23,000000E+0
56 14,000000E+0 65,519000E+3 65,510000E+3 23,000000E+0
57 14,000000E+0 65,519000E+3 65,508000E+3 22,000000E+0
58 14,000000E+0 65,519000E+3 65,508000E+3 23,000000E+0
59 14,000000E+0 65,519000E+3 65,509000E+3 23,000000E+0
60 14,000000E+0 65,518000E+3 65,508000E+3 22,000000E+0
61 14,000000E+0 65,519000E+3 65,513000E+3 22,000000E+0
62 14,000000E+0 65,519000E+3 65,513000E+3 22,000000E+0
63 14,000000E+0 65,518000E+3 65,513000E+3 22,000000E+0
64 14,000000E+0 65,519000E+3 65,512000E+3 23,000000E+0
65 18,000000E+0 65,512000E+3 65,513000E+3 23,000000E+0
66 17,000000E+0 65,515000E+3 65,512000E+3 23,000000E+0
67 18,000000E+0 65,514000E+3 65,513000E+3 23,000000E+0
68 13,000000E+0 65,527000E+3 65,513000E+3 23,000000E+0
69 18,000000E+0 65,518000E+3 65,513000E+3 23,000000E+0
70 14,000000E+0 65,532000E+3 65,512000E+3 22,000000E+0
71 21,000000E+0 65,520000E+3 65,513000E+3 22,000000E+0
72 15,000000E+0 0,000000E+0 65,514000E+3 22,000000E+0
73 22,000000E+0 65,520000E+3 65,517000E+3 22,000000E+0
74 11,000000E+0 65,535000E+3 65,517000E+3 22,000000E+0
75 19,000000E+0 65,521000E+3 65,517000E+3 22,000000E+0
76 9,000000E+0 65,533000E+3 65,517000E+3 22,000000E+0
77 19,000000E+0 65,524000E+3 65,521000E+3 22,000000E+0
78 8,000000E+0 65,530000E+3 65,521000E+3 22,000000E+0
79 19,000000E+0 65,522000E+3 65,524000E+3 22,000000E+0
80 10,000000E+0 65,527000E+3 65,525000E+3 22,000000E+0
81 17,000000E+0 65,524000E+3 65,528000E+3 22,000000E+0
82 12,000000E+0 65,521000E+3 65,528000E+3 22,000000E+0
83 19,000000E+0 65,529000E+3 65,531000E+3 22,000000E+0
84 12,000000E+0 65,529000E+3 65,531000E+3 22,000000E+0
85 16,000000E+0 65,532000E+3 65,534000E+3 22,000000E+0
86 18,000000E+0 65,523000E+3 65,533000E+3 22,000000E+0
87 20,000000E+0 65,533000E+3 0,000000E+0 22,000000E+0
88 27,000000E+0 65,515000E+3 0,000000E+0 22,000000E+0
89 26,000000E+0 65,531000E+3 0,000000E+0 18,000000E+0
90 32,000000E+0 65,513000E+3 65,535000E+3 18,000000E+0
91 11,000000E+0 65,530000E+3 0,000000E+0 19,000000E+0
92 12,000000E+0 65,513000E+3 65,535000E+3 18,000000E+0
93 9,000000E+0 65,526000E+3 0,000000E+0 15,000000E+0
94 8,000000E+0 65,512000E+3 65,532000E+3 15,000000E+0
95 6,000000E+0 65,522000E+3 0,000000E+0 12,000000E+0
96 15,000000E+0 65,514000E+3 65,532000E+3 12,000000E+0
97 9,000000E+0 65,522000E+3 1,000000E+0 3,000000E+0
98 17,000000E+0 65,521000E+3 65,535000E+3 1,000000E+0
99 10,000000E+0 65,525000E+3 4,000000E+0 4,000000E+0
100 19,000000E+0 65,526000E+3 0,000000E+0 4,000000E+0
101 12,000000E+0 65,516000E+3 9,000000E+0 4,000000E+0
102 18,000000E+0 65,529000E+3 1,000000E+0 7,000000E+0
103 8,000000E+0 65,521000E+3 11,000000E+0 5,000000E+0
104 17,000000E+0 65,531000E+3 0,000000E+0 14,000000E+0
105 7,000000E+0 65,523000E+3 4,000000E+0 6,000000E+0
106 15,000000E+0 65,528000E+3 65,533000E+3 13,000000E+0
107 11,000000E+0 65,529000E+3 0,000000E+0 8,000000E+0
108 17,000000E+0 65,525000E+3 65,532000E+3 8,000000E+0
109 11,000000E+0 65,530000E+3 65,529000E+3 25,000000E+0
110 17,000000E+0 65,523000E+3 65,533000E+3 13,000000E+0
111 15,000000E+0 65,530000E+3 65,522000E+3 23,000000E+0
112 17,000000E+0 65,526000E+3 65,518000E+3 4,000000E+0
113 10,000000E+0 65,530000E+3 65,502000E+3 19,000000E+0
114 9,000000E+0 65,521000E+3 65,515000E+3 0,000000E+0
115 7,000000E+0 65,526000E+3 65,507000E+3 10,000000E+0
116 8,000000E+0 65,521000E+3 65,522000E+3 0,000000E+0
117 9,000000E+0 65,527000E+3 65,513000E+3 17,000000E+0
118 7,000000E+0 65,524000E+3 65,530000E+3 4,000000E+0
119 6,000000E+0 65,525000E+3 65,519000E+3 21,000000E+0
120 5,000000E+0 65,523000E+3 65,532000E+3 11,000000E+0
121 5,000000E+0 65,521000E+3 65,521000E+3 22,000000E+0
122 4,000000E+0 65,517000E+3 65,533000E+3 22,000000E+0
123 4,000000E+0 65,517000E+3 65,522000E+3 25,000000E+0
124 4,000000E+0 65,517000E+3 65,528000E+3 26,000000E+0
125 4,000000E+0 65,518000E+3 65,516000E+3 4,000000E+0
126 7,000000E+0 65,518000E+3 65,523000E+3 4,000000E+0
127 7,000000E+0 65,522000E+3 65,515000E+3 0,000000E+0
128 7,000000E+0 65,524000E+3 65,517000E+3 15,000000E+0
129 6,000000E+0 65,524000E+3 65,512000E+3 1,000000E+0
130 8,000000E+0 65,525000E+3 65,509000E+3 23,000000E+0
131 6,000000E+0 65,523000E+3 65,511000E+3 4,000000E+0
132 10,000000E+0 65,525000E+3 65,505000E+3 23,000000E+0
133 3,000000E+0 65,528000E+3 65,508000E+3 5,000000E+0
134 7,000000E+0 65,528000E+3 65,499000E+3 21,000000E+0
135 0,000000E+0 65,528000E+3 65,510000E+3 11,000000E+0
136 4,000000E+0 65,531000E+3 65,509000E+3 22,000000E+0
137 65,535000E+3 65,529000E+3 65,529000E+3 11,000000E+0
138 3,000000E+0 65,529000E+3 65,527000E+3 18,000000E+0
139 0,000000E+0 65,527000E+3 0,000000E+0 10,000000E+0
140 8,000000E+0 65,526000E+3 65,530000E+3 7,000000E+0
141 0,000000E+0 65,528000E+3 65,535000E+3 19,000000E+0
142 6,000000E+0 65,522000E+3 65,528000E+3 19,000000E+0
143 65,535000E+3 65,527000E+3 65,533000E+3 27,000000E+0
144 8,000000E+0 65,516000E+3 65,525000E+3 15,000000E+0
145 0,000000E+0 65,526000E+3 65,530000E+3 18,000000E+0
146 6,000000E+0 65,519000E+3 65,523000E+3 8,000000E+0
147 1,000000E+0 65,522000E+3 65,528000E+3 11,000000E+0
148 8,000000E+0 65,522000E+3 65,521000E+3 11,000000E+0
149 10,000000E+0 65,511000E+3 65,526000E+3 13,000000E+0
150 6,000000E+0 65,530000E+3 65,524000E+3 16,000000E+0
151 23,000000E+0 65,518000E+3 65,532000E+3 19,000000E+0
152 18,000000E+0 3,000000E+0 65,528000E+3 21,000000E+0
153 23,000000E+0 65,523000E+3 65,527000E+3 15,000000E+0
154 4,000000E+0 1,000000E+0 65,524000E+3 18,000000E+0
155 16,000000E+0 65,522000E+3 65,525000E+3 12,000000E+0
156 65,535000E+3 1,000000E+0 65,526000E+3 16,000000E+0
157 10,000000E+0 65,520000E+3 65,528000E+3 17,000000E+0
158 65,529000E+3 0,000000E+0 65,530000E+3 19,000000E+0
159 2,000000E+0 65,520000E+3 65,533000E+3 19,000000E+0
160 65,531000E+3 65,530000E+3 0,000000E+0 20,000000E+0
161 2,000000E+0 65,520000E+3 0,000000E+0 18,000000E+0
162 65,528000E+3 65,524000E+3 0,000000E+0 18,000000E+0
163 0,000000E+0 65,520000E+3 0,000000E+0 16,000000E+0
164 65,531000E+3 65,520000E+3 0,000000E+0 16,000000E+0
165 3,000000E+0 65,530000E+3 65,535000E+3 18,000000E+0
166 0,000000E+0 65,523000E+3 65,532000E+3 18,000000E+0
167 2,000000E+0 65,530000E+3 65,530000E+3 18,000000E+0
168 4,000000E+0 65,517000E+3 65,526000E+3 16,000000E+0
169 10,000000E+0 65,531000E+3 65,530000E+3 17,000000E+0
170 17,000000E+0 65,508000E+3 65,528000E+3 16,000000E+0
171 17,000000E+0 65,527000E+3 65,533000E+3 13,000000E+0
172 25,000000E+0 65,507000E+3 65,531000E+3 12,000000E+0
173 16,000000E+0 65,524000E+3 65,535000E+3 9,000000E+0
174 28,000000E+0 65,509000E+3 65,532000E+3 8,000000E+0
175 9,000000E+0 65,519000E+3 0,000000E+0 5,000000E+0
176 11,000000E+0 65,508000E+3 0,000000E+0 3,000000E+0
177 4,000000E+0 65,520000E+3 2,000000E+0 3,000000E+0
178 9,000000E+0 65,514000E+3 0,000000E+0 0,000000E+0
179 2,000000E+0 65,520000E+3 4,000000E+0 5,000000E+0
180 12,000000E+0 65,524000E+3 65,534000E+3 6,000000E+0
181 5,000000E+0 65,515000E+3 7,000000E+0 4,000000E+0
182 14,000000E+0 65,528000E+3 0,000000E+0 11,000000E+0
183 7,000000E+0 65,516000E+3 10,000000E+0 6,000000E+0
184 18,000000E+0 65,532000E+3 0,000000E+0 17,000000E+0
185 11,000000E+0 65,525000E+3 4,000000E+0 7,000000E+0
186 17,000000E+0 65,531000E+3 65,534000E+3 14,000000E+0
187 10,000000E+0 65,529000E+3 0,000000E+0 8,000000E+0
188 16,000000E+0 65,529000E+3 65,533000E+3 4,000000E+0
189 12,000000E+0 65,531000E+3 65,527000E+3 21,000000E+0
190 17,000000E+0 65,525000E+3 65,530000E+3 14,000000E+0
191 12,000000E+0 65,529000E+3 65,514000E+3 22,000000E+0
192 18,000000E+0 65,524000E+3 65,514000E+3 0,000000E+0
193 14,000000E+0 65,534000E+3 65,503000E+3 18,000000E+0
194 12,000000E+0 65,523000E+3 65,516000E+3 0,000000E+0
195 8,000000E+0 65,527000E+3 65,505000E+3 16,000000E+0
196 9,000000E+0 65,522000E+3 65,524000E+3 65,535000E+3
197 7,000000E+0 65,528000E+3 65,514000E+3 18,000000E+0
198 7,000000E+0 65,524000E+3 65,532000E+3 1,000000E+0
199 8,000000E+0 65,524000E+3 65,521000E+3 22,000000E+0
200 5,000000E+0 65,523000E+3 0,000000E+0 11,000000E+0
201 4,000000E+0 65,519000E+3 65,519000E+3 22,000000E+0
202 3,000000E+0 65,518000E+3 65,535000E+3 18,000000E+0
203 4,000000E+0 65,519000E+3 65,523000E+3 22,000000E+0
204 5,000000E+0 65,520000E+3 65,529000E+3 29,000000E+0
205 6,000000E+0 65,524000E+3 65,517000E+3 5,000000E+0
206 7,000000E+0 65,524000E+3 65,524000E+3 5,000000E+0
207 7,000000E+0 65,524000E+3 65,515000E+3 0,000000E+0
208 7,000000E+0 65,524000E+3 65,518000E+3 17,000000E+0
209 6,000000E+0 65,524000E+3 65,509000E+3 0,000000E+0
210 7,000000E+0 65,524000E+3 65,507000E+3 24,000000E+0
211 6,000000E+0 65,527000E+3 65,512000E+3 4,000000E+0
212 10,000000E+0 65,528000E+3 65,504000E+3 25,000000E+0
213 2,000000E+0 65,526000E+3 65,508000E+3 8,000000E+0
214 7,000000E+0 65,527000E+3 65,497000E+3 24,000000E+0
215 0,000000E+0 65,528000E+3 65,506000E+3 8,000000E+0
216 3,000000E+0 65,531000E+3 65,506000E+3 22,000000E+0
217 65,535000E+3 65,527000E+3 65,529000E+3 11,000000E+0
218 1,000000E+0 65,529000E+3 65,525000E+3 17,000000E+0
219 65,535000E+3 65,528000E+3 65,533000E+3 11,000000E+0
220 8,000000E+0 65,523000E+3 65,527000E+3 7,000000E+0
221 0,000000E+0 65,529000E+3 65,533000E+3 21,000000E+0
222 8,000000E+0 65,519000E+3 65,527000E+3 17,000000E+0
223 65,534000E+3 65,526000E+3 65,532000E+3 28,000000E+0
224 9,000000E+0 65,517000E+3 65,524000E+3 12,000000E+0
225 0,000000E+0 65,526000E+3 65,530000E+3 16,000000E+0
226 7,000000E+0 65,516000E+3 65,524000E+3 7,000000E+0
227 1,000000E+0 65,523000E+3 65,525000E+3 10,000000E+0
228 5,000000E+0 65,527000E+3 65,520000E+3 8,000000E+0
229 9,000000E+0 65,515000E+3 65,523000E+3 12,000000E+0
230 7,000000E+0 65,527000E+3 65,520000E+3 13,000000E+0
231 18,000000E+0 65,517000E+3 65,527000E+3 12,000000E+0
232 15,000000E+0 0,000000E+0 65,528000E+3 22,000000E+0
233 26,000000E+0 65,522000E+3 65,529000E+3 15,000000E+0
234 5,000000E+0 8,000000E+0 65,525000E+3 18,000000E+0
235 15,000000E+0 65,521000E+3 65,525000E+3 11,000000E+0
236 65,535000E+3 2,000000E+0 65,524000E+3 17,000000E+0
237 5,000000E+0 65,518000E+3 65,527000E+3 16,000000E+0
238 65,528000E+3 0,000000E+0 65,529000E+3 20,000000E+0
239 1,000000E+0 65,519000E+3 65,533000E+3 19,000000E+0
240 65,525000E+3 65,532000E+3 65,535000E+3 19,000000E+0
241 2,000000E+0 65,517000E+3 0,000000E+0 16,000000E+0
242 65,530000E+3 65,525000E+3 0,000000E+0 17,000000E+0
243 1,000000E+0 65,517000E+3 0,000000E+0 17,000000E+0
244 65,531000E+3 65,518000E+3 0,000000E+0 16,000000E+0
245 1,000000E+0 65,530000E+3 0,000000E+0 17,000000E+0
246 0,000000E+0 65,526000E+3 65,532000E+3 17,000000E+0
247 2,000000E+0 65,530000E+3 65,530000E+3 17,000000E+0
248 0,000000E+0 65,517000E+3 65,526000E+3 15,000000E+0
249 6,000000E+0 65,529000E+3 65,529000E+3 15,000000E+0
250 10,000000E+0 65,511000E+3 65,527000E+3 14,000000E+0
251 14,000000E+0 65,525000E+3 65,532000E+3 10,000000E+0
252 21,000000E+0 65,507000E+3 65,530000E+3 10,000000E+0
253 19,000000E+0 65,526000E+3 65,534000E+3 6,000000E+0
254 25,000000E+0 65,507000E+3 65,532000E+3 6,000000E+0
255 15,000000E+0 65,520000E+3 0,000000E+0 5,000000E+0
256 17,000000E+0 65,507000E+3 65,535000E+3 3,000000E+0
257 3,000000E+0 65,517000E+3 2,000000E+0 3,000000E+0
258 4,000000E+0 65,514000E+3 0,000000E+0 0,000000E+0
259 2,000000E+0 65,520000E+3 5,000000E+0 5,000000E+0
260 12,000000E+0 65,522000E+3 65,535000E+3 5,000000E+0
261 3,000000E+0 65,515000E+3 6,000000E+0 4,000000E+0
262 14,000000E+0 65,527000E+3 0,000000E+0 6,000000E+0
263 4,000000E+0 65,515000E+3 7,000000E+0 4,000000E+0
264 17,000000E+0 65,530000E+3 65,532000E+3 15,000000E+0
265 8,000000E+0 65,522000E+3 1,000000E+0 8,000000E+0
266 17,000000E+0 65,530000E+3 65,533000E+3 11,000000E+0
267 12,000000E+0 65,530000E+3 0,000000E+0 8,000000E+0
268 17,000000E+0 65,525000E+3 65,531000E+3 8,000000E+0
269 11,000000E+0 65,530000E+3 65,525000E+3 25,000000E+0
270 15,000000E+0 65,523000E+3 65,530000E+3 13,000000E+0
271 14,000000E+0 65,530000E+3 65,513000E+3 19,000000E+0
272 15,000000E+0 65,524000E+3 65,515000E+3 2,000000E+0
273 11,000000E+0 65,530000E+3 65,503000E+3 18,000000E+0
274 10,000000E+0 65,522000E+3 65,516000E+3 0,000000E+0
275 8,000000E+0 65,526000E+3 65,507000E+3 18,000000E+0
276 9,000000E+0 65,521000E+3 65,525000E+3 0,000000E+0
277 9,000000E+0 65,527000E+3 65,513000E+3 18,000000E+0
278 7,000000E+0 65,523000E+3 65,530000E+3 2,000000E+0
279 6,000000E+0 65,525000E+3 65,517000E+3 19,000000E+0
280 4,000000E+0 65,522000E+3 65,530000E+3 12,000000E+0
281 3,000000E+0 65,520000E+3 65,520000E+3 22,000000E+0
282 4,000000E+0 65,520000E+3 65,532000E+3 21,000000E+0
283 4,000000E+0 65,520000E+3 65,521000E+3 25,000000E+0
284 5,000000E+0 65,520000E+3 65,528000E+3 28,000000E+0
285 6,000000E+0 65,524000E+3 65,515000E+3 3,000000E+0
286 7,000000E+0 65,523000E+3 65,522000E+3 6,000000E+0
287 7,000000E+0 65,524000E+3 65,514000E+3 0,000000E+0
288 7,000000E+0 65,522000E+3 65,515000E+3 17,000000E+0
289 6,000000E+0 65,522000E+3 65,508000E+3 0,000000E+0
290 7,000000E+0 65,525000E+3 65,508000E+3 23,000000E+0
291 7,000000E+0 65,526000E+3 65,511000E+3 5,000000E+0
292 9,000000E+0 65,528000E+3 65,501000E+3 21,000000E+0
293 2,000000E+0 65,528000E+3 65,501000E+3 4,000000E+0
294 6,000000E+0 65,531000E+3 65,490000E+3 26,000000E+0
295 0,000000E+0 65,528000E+3 65,513000E+3 7,000000E+0
296 3,000000E+0 65,531000E+3 65,512000E+3 21,000000E+0
297 65,535000E+3 65,527000E+3 65,527000E+3 11,000000E+0
298 3,000000E+0 65,530000E+3 65,525000E+3 16,000000E+0
299 65,535000E+3 65,527000E+3 65,532000E+3 10,000000E+0
300 8,000000E+0 65,523000E+3 65,527000E+3 7,000000E+0
301 0,000000E+0 65,528000E+3 65,534000E+3 23,000000E+0
302 9,000000E+0 65,519000E+3 65,527000E+3 16,000000E+0
303 65,533000E+3 65,527000E+3 65,532000E+3 25,000000E+0
304 9,000000E+0 65,516000E+3 65,525000E+3 11,000000E+0
305 0,000000E+0 65,525000E+3 65,530000E+3 14,000000E+0
306 6,000000E+0 65,515000E+3 65,522000E+3 6,000000E+0
307 1,000000E+0 65,522000E+3 65,526000E+3 11,000000E+0
308 5,000000E+0 65,527000E+3 65,520000E+3 8,000000E+0
309 9,000000E+0 65,512000E+3 65,524000E+3 12,000000E+0
310 6,000000E+0 65,528000E+3 65,522000E+3 13,000000E+0
311 20,000000E+0 65,516000E+3 65,528000E+3 14,000000E+0
312 16,000000E+0 0,000000E+0 65,527000E+3 22,000000E+0
313 27,000000E+0 65,525000E+3 65,528000E+3 13,000000E+0
314 6,000000E+0 8,000000E+0 65,524000E+3 17,000000E+0
315 18,000000E+0 65,523000E+3 65,525000E+3 9,000000E+0
316 65,535000E+3 3,000000E+0 65,525000E+3 16,000000E+0
317 5,000000E+0 65,521000E+3 65,526000E+3 15,000000E+0
318 65,528000E+3 65,535000E+3 65,528000E+3 18,000000E+0
319 1,000000E+0 65,518000E+3 65,532000E+3 17,000000E+0
320 65,525000E+3 65,528000E+3 65,534000E+3 14,000000E+0
321 3,000000E+0 65,522000E+3 0,000000E+0 17,000000E+0
322 65,528000E+3 65,528000E+3 0,000000E+0 16,000000E+0
323 0,000000E+0 65,520000E+3 0,000000E+0 16,000000E+0
324 65,530000E+3 65,516000E+3 0,000000E+0 16,000000E+0
325 1,000000E+0 65,530000E+3 65,535000E+3 17,000000E+0
326 0,000000E+0 65,523000E+3 65,532000E+3 17,000000E+0
327 2,000000E+0 65,532000E+3 65,530000E+3 17,000000E+0
328 1,000000E+0 65,515000E+3 65,526000E+3 14,000000E+0
329 7,000000E+0 65,530000E+3 65,528000E+3 15,000000E+0
330 16,000000E+0 65,509000E+3 65,526000E+3 13,000000E+0
331 15,000000E+0 65,525000E+3 65,530000E+3 10,000000E+0
332 23,000000E+0 65,507000E+3 65,529000E+3 11,000000E+0
333 17,000000E+0 65,525000E+3 65,533000E+3 6,000000E+0
334 25,000000E+0 65,507000E+3 65,531000E+3 7,000000E+0
335 13,000000E+0 65,519000E+3 0,000000E+0 4,000000E+0
336 14,000000E+0 65,508000E+3 0,000000E+0 1,000000E+0
337 5,000000E+0 65,521000E+3 4,000000E+0 4,000000E+0
338 5,000000E+0 65,514000E+3 0,000000E+0 0,000000E+0
339 1,000000E+0 65,518000E+3 5,000000E+0 5,000000E+0
340 11,000000E+0 65,524000E+3 65,535000E+3 6,000000E+0
341 5,000000E+0 65,513000E+3 6,000000E+0 5,000000E+0
342 15,000000E+0 65,527000E+3 0,000000E+0 12,000000E+0
343 6,000000E+0 65,515000E+3 9,000000E+0 7,000000E+0
344 19,000000E+0 65,532000E+3 0,000000E+0 17,000000E+0
345 10,000000E+0 65,522000E+3 3,000000E+0 7,000000E+0
346 17,000000E+0 65,531000E+3 65,534000E+3 15,000000E+0
347 11,000000E+0 65,528000E+3 0,000000E+0 9,000000E+0
348 16,000000E+0 65,530000E+3 65,533000E+3 6,000000E+0
349 12,000000E+0 65,530000E+3 65,526000E+3 21,000000E+0
350 17,000000E+0 65,526000E+3 65,530000E+3 14,000000E+0
351 13,000000E+0 65,530000E+3 65,516000E+3 21,000000E+0
352 17,000000E+0 65,524000E+3 65,515000E+3 0,000000E+0
353 13,000000E+0 65,532000E+3 65,505000E+3 16,000000E+0
354 11,000000E+0 65,521000E+3 65,518000E+3 0,000000E+0
355 9,000000E+0 65,528000E+3 65,507000E+3 17,000000E+0
356 8,000000E+0 65,521000E+3 65,525000E+3 0,000000E+0
357 7,000000E+0 65,525000E+3 65,514000E+3 18,000000E+0
358 7,000000E+0 65,522000E+3 65,533000E+3 1,000000E+0
359 8,000000E+0 65,525000E+3 65,519000E+3 22,000000E+0
360 4,000000E+0 65,522000E+3 65,535000E+3 9,000000E+0
361 4,000000E+0 65,521000E+3 65,518000E+3 23,000000E+0
362 3,000000E+0 65,516000E+3 65,534000E+3 18,000000E+0
363 4,000000E+0 65,517000E+3 65,520000E+3 23,000000E+0
364 5,000000E+0 65,520000E+3 65,529000E+3 27,000000E+0
365 5,000000E+0 65,523000E+3 65,517000E+3 5,000000E+0
366 6,000000E+0 65,523000E+3 65,525000E+3 5,000000E+0
367 7,000000E+0 65,523000E+3 65,516000E+3 0,000000E+0
368 7,000000E+0 65,524000E+3 65,519000E+3 17,000000E+0
369 5,000000E+0 65,524000E+3 65,510000E+3 0,000000E+0
370 6,000000E+0 65,524000E+3 65,509000E+3 24,000000E+0
371 6,000000E+0 65,527000E+3 65,511000E+3 5,000000E+0
372 10,000000E+0 65,528000E+3 65,505000E+3 23,000000E+0
373 1,000000E+0 65,527000E+3 65,507000E+3 6,000000E+0
374 7,000000E+0 65,528000E+3 65,496000E+3 24,000000E+0
375 0,000000E+0 65,528000E+3 65,506000E+3 9,000000E+0
376 4,000000E+0 65,531000E+3 65,506000E+3 23,000000E+0
377 65,534000E+3 65,527000E+3 65,529000E+3 11,000000E+0
378 1,000000E+0 65,529000E+3 65,525000E+3 16,000000E+0
379 65,535000E+3 65,531000E+3 65,533000E+3 11,000000E+0
380 8,000000E+0 65,523000E+3 65,527000E+3 6,000000E+0
381 0,000000E+0 65,529000E+3 65,534000E+3 22,000000E+0
382 8,000000E+0 65,518000E+3 65,528000E+3 17,000000E+0
383 65,534000E+3 65,528000E+3 65,533000E+3 27,000000E+0
384 9,000000E+0 65,517000E+3 65,525000E+3 12,000000E+0
385 0,000000E+0 65,527000E+3 65,530000E+3 17,000000E+0
386 8,000000E+0 65,516000E+3 65,523000E+3 8,000000E+0
387 2,000000E+0 65,523000E+3 65,526000E+3 11,000000E+0
388 6,000000E+0 65,528000E+3 65,520000E+3 9,000000E+0
389 9,000000E+0 65,513000E+3 65,524000E+3 13,000000E+0
390 6,000000E+0 65,527000E+3 65,521000E+3 14,000000E+0
391 19,000000E+0 65,516000E+3 65,527000E+3 13,000000E+0
392 15,000000E+0 0,000000E+0 65,528000E+3 22,000000E+0
393 28,000000E+0 65,524000E+3 65,529000E+3 14,000000E+0
394 6,000000E+0 11,000000E+0 65,525000E+3 20,000000E+0
395 16,000000E+0 65,524000E+3 65,525000E+3 11,000000E+0
396 65,534000E+3 3,000000E+0 65,524000E+3 18,000000E+0
397 4,000000E+0 65,520000E+3 65,526000E+3 17,000000E+0
398 65,527000E+3 65,535000E+3 65,528000E+3 20,000000E+0
399 1,000000E+0 65,519000E+3 65,531000E+3 19,000000E+0
400 65,525000E+3 65,527000E+3 65,534000E+3 14,000000E+0
401 4,000000E+0 65,524000E+3 0,000000E+0 18,000000E+0
402 65,530000E+3 65,529000E+3 1,000000E+0 17,000000E+0
403 0,000000E+0 65,520000E+3 0,000000E+0 17,000000E+0
404 65,529000E+3 65,516000E+3 0,000000E+0 19,000000E+0
405 0,000000E+0 65,528000E+3 0,000000E+0 17,000000E+0
406 0,000000E+0 65,522000E+3 65,532000E+3 17,000000E+0
407 2,000000E+0 65,531000E+3 65,529000E+3 17,000000E+0
408 0,000000E+0 65,515000E+3 65,526000E+3 14,000000E+0
409 6,000000E+0 65,529000E+3 65,528000E+3 15,000000E+0
410 14,000000E+0 65,509000E+3 65,527000E+3 14,000000E+0
411 14,000000E+0 65,524000E+3 65,530000E+3 11,000000E+0
412 24,000000E+0 65,507000E+3 65,529000E+3 11,000000E+0
413 17,000000E+0 65,527000E+3 65,533000E+3 7,000000E+0
414 25,000000E+0 65,506000E+3 65,532000E+3 8,000000E+0
415 13,000000E+0 65,519000E+3 0,000000E+0 5,000000E+0
416 14,000000E+0 65,507000E+3 0,000000E+0 3,000000E+0
417 5,000000E+0 65,521000E+3 5,000000E+0 4,000000E+0
418 5,000000E+0 65,513000E+3 0,000000E+0 0,000000E+0
419 1,000000E+0 65,519000E+3 5,000000E+0 4,000000E+0
420 11,000000E+0 65,524000E+3 65,535000E+3 6,000000E+0
421 4,000000E+0 65,513000E+3 7,000000E+0 5,000000E+0
422 14,000000E+0 65,525000E+3 0,000000E+0 9,000000E+0
423 6,000000E+0 65,515000E+3 8,000000E+0 6,000000E+0
424 18,000000E+0 65,532000E+3 0,000000E+0 17,000000E+0
425 12,000000E+0 65,524000E+3 2,000000E+0 8,000000E+0
426 18,000000E+0 65,532000E+3 65,534000E+3 14,000000E+0
427 11,000000E+0 65,530000E+3 0,000000E+0 7,000000E+0
428 16,000000E+0 65,529000E+3 65,532000E+3 5,000000E+0
429 15,000000E+0 65,532000E+3 65,525000E+3 22,000000E+0
430 17,000000E+0 65,526000E+3 65,529000E+3 15,000000E+0
431 13,000000E+0 65,528000E+3 65,516000E+3 24,000000E+0
432 17,000000E+0 65,523000E+3 65,516000E+3 2,000000E+0
433 13,000000E+0 65,532000E+3 65,505000E+3 18,000000E+0
434 11,000000E+0 65,522000E+3 65,519000E+3 0,000000E+0
435 8,000000E+0 65,527000E+3 65,506000E+3 19,000000E+0
436 7,000000E+0 65,521000E+3 65,526000E+3 0,000000E+0
437 6,000000E+0 65,525000E+3 65,512000E+3 19,000000E+0
438 6,000000E+0 65,523000E+3 65,532000E+3 1,000000E+0
439 8,000000E+0 65,525000E+3 65,520000E+3 21,000000E+0
440 6,000000E+0 65,523000E+3 65,535000E+3 11,000000E+0
441 5,000000E+0 65,522000E+3 65,520000E+3 23,000000E+0
442 3,000000E+0 65,519000E+3 65,533000E+3 16,000000E+0
443 4,000000E+0 65,520000E+3 65,521000E+3 24,000000E+0
444 5,000000E+0 65,520000E+3 65,529000E+3 26,000000E+0
445 6,000000E+0 65,520000E+3 65,518000E+3 4,000000E+0
446 7,000000E+0 65,521000E+3 65,524000E+3 3,000000E+0
447 7,000000E+0 65,524000E+3 65,517000E+3 0,000000E+0
448 6,000000E+0 65,525000E+3 65,517000E+3 14,000000E+0
449 8,000000E+0 65,525000E+3 65,515000E+3 1,000000E+0
450 7,000000E+0 65,525000E+3 65,511000E+3 22,000000E+0
451 5,000000E+0 65,525000E+3 65,510000E+3 4,000000E+0
452 10,000000E+0 65,526000E+3 65,507000E+3 23,000000E+0
453 4,000000E+0 65,527000E+3 65,513000E+3 6,000000E+0
454 7,000000E+0 65,529000E+3 65,501000E+3 23,000000E+0
455 0,000000E+0 65,528000E+3 65,508000E+3 10,000000E+0
456 4,000000E+0 65,531000E+3 65,509000E+3 21,000000E+0
457 0,000000E+0 65,529000E+3 65,527000E+3 12,000000E+0
458 3,000000E+0 65,530000E+3 65,528000E+3 17,000000E+0
459 0,000000E+0 65,526000E+3 65,535000E+3 9,000000E+0
460 8,000000E+0 65,525000E+3 65,528000E+3 7,000000E+0
461 0,000000E+0 65,528000E+3 65,534000E+3 19,000000E+0
462 8,000000E+0 65,521000E+3 65,526000E+3 18,000000E+0
463 0,000000E+0 65,527000E+3 65,532000E+3 28,000000E+0
464 9,000000E+0 65,516000E+3 65,525000E+3 14,000000E+0
465 0,000000E+0 65,526000E+3 65,530000E+3 19,000000E+0
466 7,000000E+0 65,518000E+3 65,524000E+3 9,000000E+0
467 2,000000E+0 65,522000E+3 65,528000E+3 12,000000E+0
468 6,000000E+0 65,521000E+3 65,520000E+3 11,000000E+0
469 9,000000E+0 65,511000E+3 65,526000E+3 13,000000E+0
470 5,000000E+0 65,528000E+3 65,522000E+3 16,000000E+0
471 22,000000E+0 65,517000E+3 65,531000E+3 16,000000E+0
472 19,000000E+0 2,000000E+0 65,527000E+3 21,000000E+0
473 24,000000E+0 65,525000E+3 65,527000E+3 15,000000E+0
474 5,000000E+0 2,000000E+0 65,524000E+3 19,000000E+0
475 16,000000E+0 65,524000E+3 65,524000E+3 13,000000E+0
476 0,000000E+0 1,000000E+0 65,525000E+3 16,000000E+0
477 9,000000E+0 65,521000E+3 65,527000E+3 17,000000E+0
478 65,529000E+3 0,000000E+0 65,530000E+3 20,000000E+0
479 3,000000E+0 65,518000E+3 65,532000E+3 19,000000E+0
480 65,531000E+3 65,529000E+3 65,535000E+3 18,000000E+0
481 3,000000E+0 65,519000E+3 0,000000E+0 19,000000E+0
482 65,529000E+3 65,523000E+3 0,000000E+0 19,000000E+0
483 0,000000E+0 65,520000E+3 0,000000E+0 17,000000E+0
484 65,532000E+3 65,519000E+3 0,000000E+0 17,000000E+0
485 4,000000E+0 65,531000E+3 0,000000E+0 18,000000E+0
486 0,000000E+0 65,522000E+3 65,531000E+3 18,000000E+0
487 2,000000E+0 65,530000E+3 65,528000E+3 18,000000E+0
488 2,000000E+0 65,516000E+3 65,526000E+3 16,000000E+0
489 10,000000E+0 65,529000E+3 65,530000E+3 16,000000E+0
490 17,000000E+0 65,507000E+3 65,528000E+3 16,000000E+0
491 18,000000E+0 65,527000E+3 65,532000E+3 13,000000E+0
492 27,000000E+0 65,506000E+3 65,530000E+3 12,000000E+0
493 16,000000E+0 65,524000E+3 65,535000E+3 8,000000E+0
494 28,000000E+0 65,508000E+3 65,532000E+3 8,000000E+0
495 9,000000E+0 65,518000E+3 0,000000E+0 4,000000E+0
496 11,000000E+0 65,507000E+3 0,000000E+0 3,000000E+0
497 6,000000E+0 65,520000E+3 3,000000E+0 3,000000E+0
498 9,000000E+0 65,514000E+3 0,000000E+0 0,000000E+0
499 3,000000E+0 65,518000E+3 4,000000E+0 4,000000E+0
500 11,000000E+0 65,524000E+3 65,534000E+3 7,000000E+0
501 5,000000E+0 65,515000E+3 6,000000E+0 5,000000E+0
502 15,000000E+0 65,527000E+3 0,000000E+0 11,000000E+0
503 8,000000E+0 65,516000E+3 8,000000E+0 6,000000E+0
504 18,000000E+0 65,532000E+3 0,000000E+0 17,000000E+0
505 13,000000E+0 65,525000E+3 4,000000E+0 6,000000E+0
506 17,000000E+0 65,531000E+3 65,534000E+3 15,000000E+0
507 10,000000E+0 65,527000E+3 0,000000E+0 7,000000E+0
508 16,000000E+0 65,529000E+3 65,533000E+3 4,000000E+0
509 13,000000E+0 65,531000E+3 65,525000E+3 22,000000E+0
510 16,000000E+0 65,526000E+3 65,530000E+3 15,000000E+0
511 13,000000E+0 65,529000E+3 65,518000E+3 24,000000E+0
512 17,000000E+0 65,525000E+3 65,518000E+3 1,000000E+0
513 15,000000E+0 65,533000E+3 65,506000E+3 17,000000E+0
514 11,000000E+0 65,522000E+3 65,518000E+3 0,000000E+0
515 9,000000E+0 65,526000E+3 65,506000E+3 15,000000E+0
516 9,000000E+0 65,521000E+3 65,525000E+3 0,000000E+0
517 6,000000E+0 65,526000E+3 65,512000E+3 15,000000E+0
518 7,000000E+0 65,522000E+3 65,531000E+3 0,000000E+0
519 8,000000E+0 65,525000E+3 65,522000E+3 19,000000E+0
520 6,000000E+0 65,522000E+3 65,535000E+3 10,000000E+0
521 4,000000E+0 65,521000E+3 65,522000E+3 23,000000E+0
522 4,000000E+0 65,519000E+3 65,535000E+3 17,000000E+0
523 5,000000E+0 65,520000E+3 65,522000E+3 24,000000E+0
524 4,000000E+0 65,519000E+3 65,529000E+3 27,000000E+0
525 5,000000E+0 65,520000E+3 65,519000E+3 3,000000E+0
526 6,000000E+0 65,520000E+3 65,524000E+3 4,000000E+0
527 6,000000E+0 65,524000E+3 65,517000E+3 0,000000E+0
528 7,000000E+0 65,524000E+3 65,517000E+3 14,000000E+0
529 7,000000E+0 65,524000E+3 65,514000E+3 1,000000E+0
530 8,000000E+0 65,525000E+3 65,511000E+3 22,000000E+0
531 6,000000E+0 65,525000E+3 65,510000E+3 4,000000E+0
532 10,000000E+0 65,526000E+3 65,507000E+3 24,000000E+0
533 3,000000E+0 65,527000E+3 65,513000E+3 6,000000E+0
534 7,000000E+0 65,529000E+3 65,501000E+3 23,000000E+0
535 0,000000E+0 65,527000E+3 65,510000E+3 10,000000E+0
536 4,000000E+0 65,531000E+3 65,509000E+3 22,000000E+0
537 65,535000E+3 65,529000E+3 65,527000E+3 11,000000E+0
538 2,000000E+0 65,528000E+3 65,528000E+3 17,000000E+0
539 0,000000E+0 65,526000E+3 65,535000E+3 10,000000E+0
540 7,000000E+0 65,525000E+3 65,529000E+3 8,000000E+0
541 0,000000E+0 65,528000E+3 65,535000E+3 21,000000E+0
542 7,000000E+0 65,521000E+3 65,527000E+3 18,000000E+0
543 65,534000E+3 65,526000E+3 65,534000E+3 28,000000E+0
544 10,000000E+0 65,517000E+3 65,525000E+3 15,000000E+0
545 0,000000E+0 65,526000E+3 65,530000E+3 18,000000E+0
546 7,000000E+0 65,518000E+3 65,524000E+3 8,000000E+0
547 1,000000E+0 65,524000E+3 65,526000E+3 12,000000E+0
548 7,000000E+0 65,524000E+3 65,520000E+3 11,000000E+0
549 9,000000E+0 65,512000E+3 65,524000E+3 13,000000E+0
550 7,000000E+0 65,527000E+3 65,522000E+3 16,000000E+0
551 23,000000E+0 65,517000E+3 65,531000E+3 17,000000E+0
552 16,000000E+0 2,000000E+0 65,528000E+3 23,000000E+0
553 24,000000E+0 65,522000E+3 65,527000E+3 15,000000E+0
554 1,000000E+0 2,000000E+0 65,525000E+3 19,000000E+0
555 14,000000E+0 65,524000E+3 65,525000E+3 13,000000E+0
556 65,535000E+3 0,000000E+0 65,526000E+3 16,000000E+0
557 6,000000E+0 65,522000E+3 65,528000E+3 18,000000E+0
558 65,529000E+3 65,534000E+3 65,531000E+3 20,000000E+0
559 1,000000E+0 65,517000E+3 65,532000E+3 19,000000E+0
560 65,529000E+3 65,524000E+3 65,533000E+3 18,000000E+0
561 2,000000E+0 65,516000E+3 0,000000E+0 19,000000E+0
562 65,529000E+3 65,525000E+3 0,000000E+0 20,000000E+0
563 1,000000E+0 65,518000E+3 0,000000E+0 19,000000E+0
564 65,534000E+3 65,521000E+3 0,000000E+0 18,000000E+0
565 2,000000E+0 65,529000E+3 65,535000E+3 19,000000E+0
566 0,000000E+0 65,524000E+3 65,531000E+3 19,000000E+0
567 1,000000E+0 65,530000E+3 65,528000E+3 19,000000E+0
568 3,000000E+0 65,517000E+3 65,526000E+3 16,000000E+0
569 8,000000E+0 65,530000E+3 65,530000E+3 18,000000E+0
570 17,000000E+0 65,510000E+3 65,529000E+3 17,000000E+0
571 15,000000E+0 65,526000E+3 65,532000E+3 14,000000E+0
572 22,000000E+0 65,507000E+3 65,530000E+3 13,000000E+0
573 15,000000E+0 65,525000E+3 65,533000E+3 11,000000E+0
574 27,000000E+0 65,506000E+3 65,532000E+3 10,000000E+0
575 10,000000E+0 65,520000E+3 0,000000E+0 8,000000E+0
576 11,000000E+0 65,507000E+3 0,000000E+0 8,000000E+0
577 3,000000E+0 65,518000E+3 2,000000E+0 1,000000E+0
578 4,000000E+0 65,514000E+3 0,000000E+0 0,000000E+0
579 4,000000E+0 65,519000E+3 3,000000E+0 5,000000E+0
580 12,000000E+0 65,521000E+3 65,534000E+3 5,000000E+0
581 4,000000E+0 65,514000E+3 4,000000E+0 4,000000E+0
582 14,000000E+0 65,526000E+3 65,534000E+3 7,000000E+0
583 5,000000E+0 65,518000E+3 6,000000E+0 3,000000E+0
584 18,000000E+0 65,530000E+3 65,533000E+3 14,000000E+0
585 8,000000E+0 65,525000E+3 2,000000E+0 8,000000E+0
586 16,000000E+0 65,529000E+3 65,533000E+3 12,000000E+0
587 12,000000E+0 65,529000E+3 0,000000E+0 8,000000E+0
588 17,000000E+0 65,525000E+3 65,532000E+3 8,000000E+0
589 11,000000E+0 65,531000E+3 65,526000E+3 25,000000E+0
590 16,000000E+0 65,523000E+3 65,530000E+3 13,000000E+0
591 15,000000E+0 65,528000E+3 65,513000E+3 20,000000E+0
592 16,000000E+0 65,524000E+3 65,515000E+3 1,000000E+0
593 12,000000E+0 65,530000E+3 65,502000E+3 17,000000E+0
594 11,000000E+0 65,522000E+3 65,515000E+3 0,000000E+0
595 8,000000E+0 65,527000E+3 65,505000E+3 20,000000E+0
596 9,000000E+0 65,521000E+3 65,524000E+3 0,000000E+0
597 10,000000E+0 65,526000E+3 65,511000E+3 17,000000E+0
598 7,000000E+0 65,522000E+3 65,529000E+3 2,000000E+0
599 7,000000E+0 65,524000E+3 65,517000E+3 19,000000E+0
600 5,000000E+0 65,523000E+3 65,531000E+3 12,000000E+0
601 3,000000E+0 65,519000E+3 65,519000E+3 23,000000E+0
602 4,000000E+0 65,519000E+3 65,533000E+3 21,000000E+0
603 4,000000E+0 65,519000E+3 65,520000E+3 26,000000E+0
604 4,000000E+0 65,519000E+3 65,528000E+3 28,000000E+0
605 5,000000E+0 65,524000E+3 65,516000E+3 2,000000E+0
606 6,000000E+0 65,524000E+3 65,522000E+3 6,000000E+0
607 7,000000E+0 65,524000E+3 65,514000E+3 0,000000E+0
608 7,000000E+0 65,524000E+3 65,516000E+3 17,000000E+0
609 6,000000E+0 65,523000E+3 65,508000E+3 1,000000E+0
610 7,000000E+0 65,525000E+3 65,507000E+3 25,000000E+0
611 7,000000E+0 65,526000E+3 65,510000E+3 5,000000E+0
612 9,000000E+0 65,529000E+3 65,501000E+3 22,000000E+0
613 3,000000E+0 65,529000E+3 65,502000E+3 5,000000E+0
614 6,000000E+0 65,530000E+3 65,488000E+3 25,000000E+0
615 0,000000E+0 65,528000E+3 65,513000E+3 7,000000E+0
616 2,000000E+0 65,531000E+3 65,512000E+3 21,000000E+0
617 65,535000E+3 65,528000E+3 65,528000E+3 9,000000E+0
618 3,000000E+0 65,530000E+3 65,525000E+3 16,000000E+0
619 0,000000E+0 65,528000E+3 65,532000E+3 10,000000E+0
620 8,000000E+0 65,523000E+3 65,527000E+3 8,000000E+0
621 0,000000E+0 65,529000E+3 65,533000E+3 23,000000E+0
622 9,000000E+0 65,518000E+3 65,527000E+3 17,000000E+0
623 65,534000E+3 65,527000E+3 65,532000E+3 25,000000E+0
624 10,000000E+0 65,516000E+3 65,524000E+3 11,000000E+0
625 0,000000E+0 65,526000E+3 65,529000E+3 16,000000E+0
626 7,000000E+0 65,514000E+3 65,523000E+3 7,000000E+0
627 1,000000E+0 65,522000E+3 65,526000E+3 10,000000E+0
628 5,000000E+0 65,527000E+3 65,520000E+3 8,000000E+0
629 8,000000E+0 65,514000E+3 65,523000E+3 12,000000E+0
630 7,000000E+0 65,528000E+3 65,521000E+3 14,000000E+0
631 16,000000E+0 65,521000E+3 65,526000E+3 13,000000E+0
632 15,000000E+0 0,000000E+0 65,528000E+3 22,000000E+0
633 25,000000E+0 65,522000E+3 65,529000E+3 14,000000E+0
634 4,000000E+0 7,000000E+0 65,524000E+3 18,000000E+0
635 15,000000E+0 65,522000E+3 65,525000E+3 9,000000E+0
636 65,534000E+3 2,000000E+0 65,524000E+3 16,000000E+0
637 5,000000E+0 65,518000E+3 65,526000E+3 14,000000E+0
638 65,526000E+3 65,535000E+3 65,529000E+3 19,000000E+0
639 0,000000E+0 65,520000E+3 65,533000E+3 18,000000E+0
640 65,524000E+3 65,531000E+3 65,535000E+3 19,000000E+0
641 0,000000E+0 65,517000E+3 0,000000E+0 17,000000E+0
642 65,525000E+3 65,525000E+3 0,000000E+0 17,000000E+0
643 0,000000E+0 65,516000E+3 0,000000E+0 17,000000E+0
644 65,529000E+3 65,518000E+3 0,000000E+0 17,000000E+0
645 1,000000E+0 65,530000E+3 0,000000E+0 17,000000E+0
646 0,000000E+0 65,525000E+3 65,532000E+3 17,000000E+0
647 1,000000E+0 65,532000E+3 65,530000E+3 17,000000E+0
648 0,000000E+0 65,517000E+3 65,527000E+3 16,000000E+0
649 8,000000E+0 65,529000E+3 65,528000E+3 16,000000E+0
650 12,000000E+0 65,512000E+3 65,527000E+3 15,000000E+0
651 15,000000E+0 65,527000E+3 65,531000E+3 11,000000E+0
652 21,000000E+0 65,507000E+3 65,530000E+3 12,000000E+0
653 16,000000E+0 65,525000E+3 65,534000E+3 8,000000E+0
654 23,000000E+0 65,507000E+3 65,532000E+3 7,000000E+0
655 13,000000E+0 65,522000E+3 0,000000E+0 4,000000E+0
656 17,000000E+0 65,507000E+3 65,535000E+3 4,000000E+0
657 3,000000E+0 65,517000E+3 3,000000E+0 1,000000E+0
658 7,000000E+0 65,513000E+3 0,000000E+0 0,000000E+0
659 2,000000E+0 65,520000E+3 5,000000E+0 6,000000E+0
660 10,000000E+0 65,522000E+3 65,535000E+3 4,000000E+0
661 3,000000E+0 65,515000E+3 6,000000E+0 4,000000E+0
662 13,000000E+0 65,525000E+3 0,000000E+0 7,000000E+0
663 5,000000E+0 65,516000E+3 7,000000E+0 5,000000E+0
664 17,000000E+0 65,530000E+3 65,532000E+3 15,000000E+0
665 8,000000E+0 65,521000E+3 1,000000E+0 8,000000E+0
666 16,000000E+0 65,530000E+3 65,532000E+3 11,000000E+0
667 13,000000E+0 65,531000E+3 0,000000E+0 8,000000E+0
668 17,000000E+0 65,527000E+3 65,531000E+3 7,000000E+0
669 12,000000E+0 65,530000E+3 65,526000E+3 23,000000E+0
670 16,000000E+0 65,523000E+3 65,530000E+3 12,000000E+0
671 15,000000E+0 65,529000E+3 65,513000E+3 18,000000E+0
672 15,000000E+0 65,523000E+3 65,514000E+3 1,000000E+0
673 11,000000E+0 65,529000E+3 65,503000E+3 16,000000E+0
674 10,000000E+0 65,522000E+3 65,517000E+3 0,000000E+0
675 8,000000E+0 65,527000E+3 65,506000E+3 19,000000E+0
676 8,000000E+0 65,521000E+3 65,525000E+3 0,000000E+0
677 8,000000E+0 65,526000E+3 65,513000E+3 17,000000E+0
678 6,000000E+0 65,521000E+3 65,531000E+3 2,000000E+0
679 6,000000E+0 65,523000E+3 65,518000E+3 19,000000E+0
680 4,000000E+0 65,522000E+3 65,531000E+3 11,000000E+0
681 4,000000E+0 65,521000E+3 65,519000E+3 23,000000E+0
682 4,000000E+0 65,519000E+3 65,532000E+3 21,000000E+0
683 4,000000E+0 65,519000E+3 65,519000E+3 25,000000E+0
684 5,000000E+0 65,519000E+3 65,528000E+3 28,000000E+0
685 5,000000E+0 65,523000E+3 65,515000E+3 3,000000E+0
686 7,000000E+0 65,523000E+3 65,522000E+3 6,000000E+0
687 7,000000E+0 65,524000E+3 65,515000E+3 0,000000E+0
688 7,000000E+0 65,524000E+3 65,517000E+3 17,000000E+0
689 6,000000E+0 65,522000E+3 65,509000E+3 0,000000E+0
690 8,000000E+0 65,525000E+3 65,509000E+3 24,000000E+0
691 7,000000E+0 65,526000E+3 65,509000E+3 4,000000E+0
692 10,000000E+0 65,529000E+3 65,502000E+3 20,000000E+0
693 2,000000E+0 65,529000E+3 65,502000E+3 3,000000E+0
694 6,000000E+0 65,531000E+3 65,490000E+3 26,000000E+0
695 0,000000E+0 65,528000E+3 65,513000E+3 8,000000E+0
696 3,000000E+0 65,530000E+3 65,513000E+3 21,000000E+0
697 65,535000E+3 65,527000E+3 65,528000E+3 10,000000E+0
698 3,000000E+0 65,529000E+3 65,527000E+3 16,000000E+0
699 0,000000E+0 65,528000E+3 65,534000E+3 9,000000E+0
700 8,000000E+0 65,524000E+3 65,528000E+3 8,000000E+0
701 0,000000E+0 65,530000E+3 65,534000E+3 24,000000E+0
702 8,000000E+0 65,519000E+3 65,527000E+3 17,000000E+0
703 65,535000E+3 65,528000E+3 65,533000E+3 25,000000E+0
704 10,000000E+0 65,518000E+3 65,525000E+3 11,000000E+0
705 0,000000E+0 65,526000E+3 65,530000E+3 16,000000E+0
706 8,000000E+0 65,515000E+3 65,523000E+3 7,000000E+0
707 1,000000E+0 65,522000E+3 65,526000E+3 11,000000E+0
708 5,000000E+0 65,527000E+3 65,520000E+3 9,000000E+0
709 10,000000E+0 65,514000E+3 65,524000E+3 13,000000E+0
710 7,000000E+0 65,529000E+3 65,522000E+3 14,000000E+0
711 17,000000E+0 65,516000E+3 65,528000E+3 13,000000E+0
712 15,000000E+0 0,000000E+0 65,529000E+3 23,000000E+0
713 26,000000E+0 65,525000E+3 65,530000E+3 15,000000E+0
714 6,000000E+0 9,000000E+0 65,525000E+3 19,000000E+0
715 16,000000E+0 65,523000E+3 65,525000E+3 10,000000E+0
716 65,534000E+3 0,000000E+0 65,524000E+3 17,000000E+0
717 7,000000E+0 65,515000E+3 65,526000E+3 16,000000E+0
718 65,528000E+3 0,000000E+0 65,529000E+3 18,000000E+0
719 0,000000E+0 65,523000E+3 65,533000E+3 19,000000E+0
720 65,524000E+3 65,531000E+3 65,535000E+3 19,000000E+0
721 0,000000E+0 65,518000E+3 0,000000E+0 17,000000E+0
722 65,527000E+3 65,524000E+3 0,000000E+0 17,000000E+0
723 0,000000E+0 65,516000E+3 0,000000E+0 17,000000E+0
724 65,531000E+3 65,516000E+3 0,000000E+0 16,000000E+0
725 2,000000E+0 65,530000E+3 0,000000E+0 16,000000E+0
726 0,000000E+0 65,526000E+3 65,532000E+3 18,000000E+0
727 2,000000E+0 65,531000E+3 65,530000E+3 17,000000E+0
728 0,000000E+0 65,516000E+3 65,527000E+3 15,000000E+0
729 7,000000E+0 65,531000E+3 65,529000E+3 16,000000E+0
730 12,000000E+0 65,511000E+3 65,527000E+3 14,000000E+0
731 16,000000E+0 65,527000E+3 65,532000E+3 11,000000E+0
732 22,000000E+0 65,507000E+3 65,530000E+3 11,000000E+0
733 17,000000E+0 65,528000E+3 65,535000E+3 7,000000E+0
734 25,000000E+0 65,507000E+3 65,532000E+3 6,000000E+0
735 14,000000E+0 65,521000E+3 0,000000E+0 5,000000E+0
736 18,000000E+0 65,507000E+3 65,535000E+3 4,000000E+0
737 4,000000E+0 65,518000E+3 3,000000E+0 3,000000E+0
738 7,000000E+0 65,513000E+3 0,000000E+0 0,000000E+0
739 2,000000E+0 65,520000E+3 5,000000E+0 5,000000E+0
740 12,000000E+0 65,522000E+3 0,000000E+0 4,000000E+0
741 3,000000E+0 65,514000E+3 6,000000E+0 4,000000E+0
742 14,000000E+0 65,526000E+3 0,000000E+0 7,000000E+0
743 6,000000E+0 65,517000E+3 7,000000E+0 4,000000E+0
744 17,000000E+0 65,530000E+3 65,532000E+3 14,000000E+0
745 8,000000E+0 65,524000E+3 1,000000E+0 7,000000E+0
746 17,000000E+0 65,530000E+3 65,532000E+3 11,000000E+0
747 13,000000E+0 65,531000E+3 0,000000E+0 7,000000E+0
748 17,000000E+0 65,526000E+3 65,532000E+3 8,000000E+0
749 12,000000E+0 65,532000E+3 65,526000E+3 25,000000E+0
750 16,000000E+0 65,523000E+3 65,531000E+3 12,000000E+0
751 14,000000E+0 65,529000E+3 65,513000E+3 20,000000E+0
752 15,000000E+0 65,525000E+3 65,513000E+3 1,000000E+0
753 12,000000E+0 65,529000E+3 65,504000E+3 18,000000E+0
754 10,000000E+0 65,522000E+3 65,518000E+3 0,000000E+0
755 8,000000E+0 65,527000E+3 65,506000E+3 22,000000E+0
756 9,000000E+0 65,520000E+3 65,525000E+3 0,000000E+0
757 9,000000E+0 65,526000E+3 65,512000E+3 19,000000E+0
758 6,000000E+0 65,522000E+3 65,529000E+3 2,000000E+0
759 6,000000E+0 65,524000E+3 65,518000E+3 20,000000E+0
760 5,000000E+0 65,522000E+3 65,531000E+3 13,000000E+0
761 4,000000E+0 65,520000E+3 65,519000E+3 24,000000E+0
762 4,000000E+0 65,518000E+3 65,532000E+3 22,000000E+0
763 5,000000E+0 65,520000E+3 65,518000E+3 26,000000E+0
764 5,000000E+0 65,519000E+3 65,527000E+3 28,000000E+0
765 6,000000E+0 65,523000E+3 65,515000E+3 3,000000E+0
766 6,000000E+0 65,523000E+3 65,522000E+3 5,000000E+0
767 6,000000E+0 65,524000E+3 65,515000E+3 0,000000E+0
768 7,000000E+0 65,524000E+3 65,517000E+3 17,000000E+0
769 6,000000E+0 65,522000E+3 65,508000E+3 1,000000E+0
770 8,000000E+0 65,525000E+3 65,508000E+3 24,000000E+0
771 5,000000E+0 65,526000E+3 65,510000E+3 4,000000E+0
772 9,000000E+0 65,529000E+3 65,502000E+3 21,000000E+0
773 3,000000E+0 65,528000E+3 65,502000E+3 6,000000E+0
774 6,000000E+0 65,530000E+3 65,489000E+3 26,000000E+0
775 0,000000E+0 65,529000E+3 65,513000E+3 9,000000E+0
776 2,000000E+0 65,531000E+3 65,512000E+3 21,000000E+0
777 65,535000E+3 65,527000E+3 65,529000E+3 9,000000E+0
778 4,000000E+0 65,530000E+3 65,527000E+3 16,000000E+0
779 65,535000E+3 65,528000E+3 65,533000E+3 10,000000E+0
780 8,000000E+0 65,523000E+3 65,527000E+3 8,000000E+0
781 0,000000E+0 65,529000E+3 65,534000E+3 23,000000E+0
782 9,000000E+0 65,519000E+3 65,526000E+3 17,000000E+0
783 65,534000E+3 65,527000E+3 65,532000E+3 25,000000E+0
784 9,000000E+0 65,516000E+3 65,524000E+3 12,000000E+0
785 0,000000E+0 65,526000E+3 65,530000E+3 18,000000E+0
786 7,000000E+0 65,515000E+3 65,523000E+3 7,000000E+0
787 0,000000E+0 65,522000E+3 65,525000E+3 11,000000E+0
788 4,000000E+0 65,527000E+3 65,520000E+3 9,000000E+0
789 9,000000E+0 65,514000E+3 65,523000E+3 13,000000E+0
790 7,000000E+0 65,526000E+3 65,521000E+3 14,000000E+0
791 15,000000E+0 65,517000E+3 65,526000E+3 14,000000E+0
792 14,000000E+0 0,000000E+0 65,528000E+3 22,000000E+0
793 27,000000E+0 65,523000E+3 65,529000E+3 16,000000E+0
794 7,000000E+0 9,000000E+0 65,525000E+3 19,000000E+0
795 15,000000E+0 65,524000E+3 65,526000E+3 11,000000E+0
796 65,534000E+3 3,000000E+0 65,524000E+3 17,000000E+0
797 5,000000E+0 65,519000E+3 65,525000E+3 16,000000E+0
798 65,528000E+3 0,000000E+0 65,529000E+3 20,000000E+0
799 1,000000E+0 65,521000E+3 65,532000E+3 19,000000E+0
800 65,524000E+3 65,531000E+3 65,535000E+3 20,000000E+0
801 1,000000E+0 65,517000E+3 0,000000E+0 15,000000E+0
802 65,528000E+3 65,525000E+3 0,000000E+0 17,000000E+0
803 0,000000E+0 65,515000E+3 0,000000E+0 17,000000E+0
804 65,529000E+3 65,517000E+3 0,000000E+0 17,000000E+0
805 0,000000E+0 65,529000E+3 0,000000E+0 17,000000E+0
806 65,535000E+3 65,526000E+3 65,532000E+3 17,000000E+0
807 2,000000E+0 65,530000E+3 65,530000E+3 17,000000E+0
808 0,000000E+0 65,516000E+3 65,526000E+3 16,000000E+0
809 6,000000E+0 65,529000E+3 65,529000E+3 17,000000E+0
810 11,000000E+0 65,511000E+3 65,527000E+3 14,000000E+0
811 15,000000E+0 65,527000E+3 65,531000E+3 11,000000E+0
812 22,000000E+0 65,507000E+3 65,530000E+3 11,000000E+0
813 17,000000E+0 65,528000E+3 65,534000E+3 8,000000E+0
814 25,000000E+0 65,508000E+3 65,532000E+3 7,000000E+0
815 15,000000E+0 65,519000E+3 0,000000E+0 5,000000E+0
816 19,000000E+0 65,508000E+3 65,535000E+3 5,000000E+0
817 4,000000E+0 65,517000E+3 3,000000E+0 2,000000E+0
818 7,000000E+0 65,512000E+3 0,000000E+0 0,000000E+0
819 1,000000E+0 65,520000E+3 4,000000E+0 6,000000E+0
820 11,000000E+0 65,521000E+3 0,000000E+0 5,000000E+0
821 3,000000E+0 65,515000E+3 6,000000E+0 4,000000E+0
822 13,000000E+0 65,525000E+3 0,000000E+0 6,000000E+0
823 6,000000E+0 65,517000E+3 6,000000E+0 4,000000E+0
824 17,000000E+0 65,529000E+3 65,533000E+3 13,000000E+0
825 9,000000E+0 65,524000E+3 0,000000E+0 9,000000E+0
826 16,000000E+0 65,530000E+3 65,532000E+3 12,000000E+0
827 13,000000E+0 65,529000E+3 0,000000E+0 10,000000E+0
828 17,000000E+0 65,525000E+3 65,531000E+3 11,000000E+0
829 12,000000E+0 65,530000E+3 65,526000E+3 25,000000E+0
830 16,000000E+0 65,523000E+3 65,530000E+3 12,000000E+0
831 15,000000E+0 65,529000E+3 65,514000E+3 21,000000E+0
832 16,000000E+0 65,525000E+3 65,516000E+3 2,000000E+0
833 12,000000E+0 65,530000E+3 65,504000E+3 19,000000E+0
834 10,000000E+0 65,522000E+3 65,518000E+3 0,000000E+0
835 7,000000E+0 65,526000E+3 65,506000E+3 18,000000E+0
836 7,000000E+0 65,521000E+3 65,524000E+3 0,000000E+0
837 8,000000E+0 65,524000E+3 65,512000E+3 16,000000E+0
838 7,000000E+0 65,522000E+3 65,532000E+3 3,000000E+0
839 6,000000E+0 65,524000E+3 65,518000E+3 20,000000E+0
840 5,000000E+0 65,521000E+3 65,532000E+3 11,000000E+0
841 4,000000E+0 65,521000E+3 65,518000E+3 23,000000E+0
842 4,000000E+0 65,519000E+3 65,532000E+3 21,000000E+0
843 5,000000E+0 65,520000E+3 65,520000E+3 24,000000E+0
844 5,000000E+0 65,520000E+3 65,528000E+3 26,000000E+0
845 5,000000E+0 65,519000E+3 65,516000E+3 5,000000E+0
846 6,000000E+0 65,519000E+3 65,522000E+3 4,000000E+0
847 7,000000E+0 65,524000E+3 65,514000E+3 0,000000E+0
848 7,000000E+0 65,524000E+3 65,516000E+3 16,000000E+0
849 6,000000E+0 65,524000E+3 65,512000E+3 0,000000E+0
850 7,000000E+0 65,525000E+3 65,509000E+3 23,000000E+0
851 5,000000E+0 65,522000E+3 65,511000E+3 5,000000E+0
852 9,000000E+0 65,526000E+3 65,507000E+3 23,000000E+0
853 1,000000E+0 65,526000E+3 65,510000E+3 4,000000E+0
854 7,000000E+0 65,528000E+3 65,500000E+3 23,000000E+0
855 0,000000E+0 65,528000E+3 65,509000E+3 11,000000E+0
856 4,000000E+0 65,530000E+3 65,509000E+3 22,000000E+0
857 0,000000E+0 65,530000E+3 65,529000E+3 10,000000E+0
858 4,000000E+0 65,530000E+3 65,525000E+3 17,000000E+0
859 0,000000E+0 65,528000E+3 65,535000E+3 10,000000E+0
860 9,000000E+0 65,526000E+3 65,528000E+3 7,000000E+0
861 0,000000E+0 65,528000E+3 65,534000E+3 21,000000E+0
862 7,000000E+0 65,522000E+3 65,527000E+3 19,000000E+0
863 65,535000E+3 65,526000E+3 65,532000E+3 28,000000E+0
864 8,000000E+0 65,515000E+3 65,524000E+3 15,000000E+0
865 0,000000E+0 65,526000E+3 65,529000E+3 17,000000E+0
866 7,000000E+0 65,518000E+3 65,523000E+3 8,000000E+0
867 1,000000E+0 65,524000E+3 65,527000E+3 12,000000E+0
868 6,000000E+0 65,524000E+3 65,521000E+3 10,000000E+0
869 9,000000E+0 65,512000E+3 65,524000E+3 13,000000E+0
870 6,000000E+0 65,526000E+3 65,522000E+3 15,000000E+0
871 22,000000E+0 65,517000E+3 65,531000E+3 17,000000E+0
872 16,000000E+0 1,000000E+0 65,529000E+3 23,000000E+0
873 28,000000E+0 65,526000E+3 65,529000E+3 15,000000E+0
874 3,000000E+0 3,000000E+0 65,524000E+3 19,000000E+0
875 16,000000E+0 65,524000E+3 65,525000E+3 12,000000E+0
876 65,534000E+3 0,000000E+0 65,525000E+3 16,000000E+0
877 7,000000E+0 65,521000E+3 65,527000E+3 17,000000E+0
878 65,530000E+3 65,535000E+3 65,529000E+3 20,000000E+0
879 0,000000E+0 65,518000E+3 65,531000E+3 20,000000E+0
880 65,531000E+3 65,521000E+3 65,534000E+3 14,000000E+0
881 6,000000E+0 65,516000E+3 0,000000E+0 18,000000E+0
882 65,532000E+3 65,527000E+3 0,000000E+0 18,000000E+0
883 2,000000E+0 65,520000E+3 0,000000E+0 18,000000E+0
884 65,533000E+3 65,519000E+3 0,000000E+0 16,000000E+0
885 2,000000E+0 65,530000E+3 65,535000E+3 16,000000E+0
886 0,000000E+0 65,524000E+3 65,530000E+3 16,000000E+0
887 0,000000E+0 65,532000E+3 65,528000E+3 16,000000E+0
888 2,000000E+0 65,517000E+3 65,525000E+3 15,000000E+0
889 9,000000E+0 65,532000E+3 65,529000E+3 16,000000E+0
890 17,000000E+0 65,512000E+3 65,529000E+3 16,000000E+0
891 16,000000E+0 65,528000E+3 65,532000E+3 12,000000E+0
892 24,000000E+0 65,508000E+3 65,530000E+3 11,000000E+0
893 16,000000E+0 65,526000E+3 65,533000E+3 8,000000E+0
894 26,000000E+0 65,507000E+3 65,531000E+3 8,000000E+0
895 11,000000E+0 65,520000E+3 0,000000E+0 5,000000E+0
896 12,000000E+0 65,507000E+3 0,000000E+0 5,000000E+0
897 5,000000E+0 65,519000E+3 2,000000E+0 2,000000E+0
898 4,000000E+0 65,515000E+3 0,000000E+0 0,000000E+0
899 3,000000E+0 65,521000E+3 4,000000E+0 5,000000E+0
900 11,000000E+0 65,522000E+3 65,535000E+3 4,000000E+0
901 4,000000E+0 65,514000E+3 4,000000E+0 4,000000E+0
902 14,000000E+0 65,525000E+3 65,535000E+3 6,000000E+0
903 5,000000E+0 65,517000E+3 6,000000E+0 4,000000E+0
904 17,000000E+0 65,530000E+3 65,533000E+3 14,000000E+0
905 10,000000E+0 65,525000E+3 3,000000E+0 8,000000E+0
906 16,000000E+0 65,530000E+3 65,533000E+3 11,000000E+0
907 12,000000E+0 65,530000E+3 0,000000E+0 7,000000E+0
908 17,000000E+0 65,525000E+3 65,531000E+3 8,000000E+0
909 11,000000E+0 65,530000E+3 65,525000E+3 25,000000E+0
910 16,000000E+0 65,524000E+3 65,530000E+3 12,000000E+0
911 14,000000E+0 65,528000E+3 65,512000E+3 19,000000E+0
912 16,000000E+0 65,524000E+3 65,514000E+3 2,000000E+0
913 11,000000E+0 65,531000E+3 65,502000E+3 17,000000E+0
914 10,000000E+0 65,522000E+3 65,517000E+3 0,000000E+0
915 8,000000E+0 65,526000E+3 65,506000E+3 18,000000E+0
916 9,000000E+0 65,521000E+3 65,524000E+3 0,000000E+0
917 9,000000E+0 65,527000E+3 65,511000E+3 18,000000E+0
918 7,000000E+0 65,523000E+3 65,530000E+3 2,000000E+0
919 6,000000E+0 65,525000E+3 65,517000E+3 20,000000E+0
920 5,000000E+0 65,523000E+3 65,531000E+3 12,000000E+0
921 3,000000E+0 65,520000E+3 65,521000E+3 23,000000E+0
922 4,000000E+0 65,519000E+3 65,531000E+3 21,000000E+0
923 5,000000E+0 65,520000E+3 65,520000E+3 26,000000E+0
924 5,000000E+0 65,519000E+3 65,528000E+3 28,000000E+0
925 6,000000E+0 65,524000E+3 65,516000E+3 3,000000E+0
926 7,000000E+0 65,524000E+3 65,522000E+3 6,000000E+0
927 7,000000E+0 65,524000E+3 65,516000E+3 0,000000E+0
928 8,000000E+0 65,525000E+3 65,515000E+3 17,000000E+0
929 7,000000E+0 65,525000E+3 65,508000E+3 2,000000E+0
930 8,000000E+0 65,525000E+3 65,508000E+3 24,000000E+0
931 6,000000E+0 65,527000E+3 65,511000E+3 5,000000E+0
932 10,000000E+0 65,528000E+3 65,502000E+3 22,000000E+0
933 2,000000E+0 65,529000E+3 65,502000E+3 4,000000E+0
934 6,000000E+0 65,530000E+3 65,489000E+3 25,000000E+0
935 0,000000E+0 65,528000E+3 65,513000E+3 9,000000E+0
936 2,000000E+0 65,531000E+3 65,512000E+3 21,000000E+0
937 0,000000E+0 65,527000E+3 65,529000E+3 8,000000E+0
938 2,000000E+0 65,529000E+3 65,527000E+3 16,000000E+0
939 0,000000E+0 65,528000E+3 65,534000E+3 10,000000E+0
940 8,000000E+0 65,522000E+3 65,528000E+3 7,000000E+0
941 0,000000E+0 65,528000E+3 65,534000E+3 23,000000E+0
942 7,000000E+0 65,518000E+3 65,527000E+3 17,000000E+0
943 65,534000E+3 65,526000E+3 65,533000E+3 26,000000E+0
944 9,000000E+0 65,516000E+3 65,525000E+3 11,000000E+0
945 0,000000E+0 65,525000E+3 65,531000E+3 16,000000E+0
946 7,000000E+0 65,515000E+3 65,523000E+3 7,000000E+0
947 1,000000E+0 65,522000E+3 65,527000E+3 10,000000E+0
948 4,000000E+0 65,527000E+3 65,519000E+3 8,000000E+0
949 9,000000E+0 65,514000E+3 65,524000E+3 12,000000E+0
950 7,000000E+0 65,528000E+3 65,522000E+3 14,000000E+0
951 16,000000E+0 65,517000E+3 65,528000E+3 11,000000E+0
952 14,000000E+0 0,000000E+0 65,528000E+3 21,000000E+0
953 26,000000E+0 65,525000E+3 65,530000E+3 17,000000E+0
954 6,000000E+0 9,000000E+0 65,526000E+3 20,000000E+0
955 15,000000E+0 65,522000E+3 65,526000E+3 10,000000E+0
956 65,533000E+3 2,000000E+0 65,524000E+3 16,000000E+0
957 5,000000E+0 65,518000E+3 65,526000E+3 16,000000E+0
958 65,527000E+3 0,000000E+0 65,530000E+3 19,000000E+0
959 0,000000E+0 65,520000E+3 65,532000E+3 19,000000E+0
960 65,524000E+3 65,530000E+3 65,535000E+3 19,000000E+0
961 1,000000E+0 65,516000E+3 0,000000E+0 16,000000E+0
962 65,527000E+3 65,525000E+3 0,000000E+0 17,000000E+0
963 0,000000E+0 65,515000E+3 0,000000E+0 17,000000E+0
964 65,529000E+3 65,517000E+3 0,000000E+0 17,000000E+0
965 0,000000E+0 65,529000E+3 0,000000E+0 17,000000E+0
966 0,000000E+0 65,525000E+3 65,533000E+3 17,000000E+0
967 1,000000E+0 65,531000E+3 65,531000E+3 17,000000E+0
968 0,000000E+0 65,516000E+3 65,527000E+3 16,000000E+0
969 7,000000E+0 65,529000E+3 65,529000E+3 16,000000E+0
970 12,000000E+0 65,511000E+3 65,527000E+3 13,000000E+0
971 14,000000E+0 65,527000E+3 65,532000E+3 10,000000E+0
972 22,000000E+0 65,506000E+3 65,530000E+3 11,000000E+0
973 18,000000E+0 65,526000E+3 65,534000E+3 7,000000E+0
974 25,000000E+0 65,508000E+3 65,532000E+3 6,000000E+0
975 16,000000E+0 65,521000E+3 0,000000E+0 5,000000E+0
976 19,000000E+0 65,506000E+3 0,000000E+0 4,000000E+0
977 4,000000E+0 65,516000E+3 3,000000E+0 2,000000E+0
978 8,000000E+0 65,513000E+3 0,000000E+0 0,000000E+0
979 3,000000E+0 65,519000E+3 3,000000E+0 5,000000E+0
980 11,000000E+0 65,522000E+3 0,000000E+0 5,000000E+0
981 2,000000E+0 65,515000E+3 8,000000E+0 4,000000E+0
982 14,000000E+0 65,525000E+3 0,000000E+0 7,000000E+0
983 7,000000E+0 65,517000E+3 7,000000E+0 4,000000E+0
984 16,000000E+0 65,530000E+3 65,532000E+3 15,000000E+0
985 9,000000E+0 65,523000E+3 1,000000E+0 9,000000E+0
986 16,000000E+0 65,530000E+3 65,532000E+3 11,000000E+0
987 12,000000E+0 65,529000E+3 0,000000E+0 7,000000E+0
988 17,000000E+0 65,528000E+3 65,532000E+3 7,000000E+0
989 12,000000E+0 65,531000E+3 65,526000E+3 24,000000E+0
990 15,000000E+0 65,523000E+3 65,530000E+3 11,000000E+0
991 14,000000E+0 65,528000E+3 65,512000E+3 17,000000E+0
992 14,000000E+0 65,525000E+3 65,514000E+3 1,000000E+0
993 11,000000E+0 65,529000E+3 65,503000E+3 17,000000E+0
994 10,000000E+0 65,522000E+3 65,517000E+3 0,000000E+0
995 8,000000E+0 65,527000E+3 65,507000E+3 18,000000E+0
996 8,000000E+0 65,521000E+3 65,525000E+3 0,000000E+0
997 8,000000E+0 65,527000E+3 65,512000E+3 16,000000E+0
998 6,000000E+0 65,522000E+3 65,529000E+3 1,000000E+0
999 6,000000E+0 65,525000E+3 65,517000E+3 19,000000E+0
1000 5,000000E+0 65,522000E+3 65,531000E+3 11,000000E+0
