0 0.000000E+0 0.000000E+0 0.000000E+0 0.000000E+0
1 0.000000E+0 0.000000E+0 0.000000E+0 0.000000E+0
2 0.000000E+0 65.535000E+3 0.000000E+0 1.000000E+0
3 1.000000E+0 65.529000E+3 0.000000E+0 6.000000E+0
4 3.000000E+0 65.519000E+3 65.535000E+3 16.000000E+0
5 9.000000E+0 65.504000E+3 65.530000E+3 31.000000E+0
6 14.000000E+0 65.492000E+3 65.524000E+3 43.000000E+0
7 19.000000E+0 65.482000E+3 65.519000E+3 56.000000E+0
8 21.000000E+0 65.477000E+3 65.516000E+3 60.000000E+0
9 23.000000E+0 65.474000E+3 65.513000E+3 64.000000E+0
10 25.000000E+0 65.473000E+3 65.512000E+3 62.000000E+0
11 26.000000E+0 65.473000E+3 65.510000E+3 64.000000E+0
12 26.000000E+0 65.475000E+3 65.510000E+3 61.000000E+0
13 27.000000E+0 65.475000E+3 65.509000E+3 63.000000E+0
14 27.000000E+0 65.477000E+3 65.510000E+3 60.000000E+0
15 28.000000E+0 65.477000E+3 65.509000E+3 60.000000E+0
16 27.000000E+0 65.480000E+3 65.510000E+3 57.000000E+0
17 27.000000E+0 65.480000E+3 65.510000E+3 57.000000E+0
18 26.000000E+0 65.482000E+3 65.511000E+3 55.000000E+0
19 27.000000E+0 65.481000E+3 65.510000E+3 56.000000E+0
20 25.000000E+0 65.484000E+3 65.511000E+3 54.000000E+0
21 25.000000E+0 65.483000E+3 65.511000E+3 54.000000E+0
22 24.000000E+0 65.486000E+3 65.513000E+3 51.000000E+0
23 24.000000E+0 65.485000E+3 65.513000E+3 52.000000E+0
24 23.000000E+0 65.487000E+3 65.514000E+3 49.000000E+0
25 23.000000E+0 65.487000E+3 65.514000E+3 50.000000E+0
26 21.000000E+0 65.490000E+3 65.515000E+3 47.000000E+0
27 21.000000E+0 65.490000E+3 65.515000E+3 47.000000E+0
28 20.000000E+0 65.492000E+3 65.516000E+3 45.000000E+0
29 20.000000E+0 65.492000E+3 65.516000E+3 45.000000E+0
30 19.000000E+0 65.494000E+3 65.517000E+3 42.000000E+0
31 19.000000E+0 65.494000E+3 65.517000E+3 42.000000E+0
32 19.000000E+0 65.497000E+3 65.518000E+3 40.000000E+0
33 18.000000E+0 65.498000E+3 65.518000E+3 39.000000E+0
34 17.000000E+0 65.500000E+3 65.519000E+3 37.000000E+0
35 17.000000E+0 65.501000E+3 65.519000E+3 36.000000E+0
36 16.000000E+0 65.503000E+3 65.520000E+3 34.000000E+0
37 16.000000E+0 65.504000E+3 65.521000E+3 34.000000E+0
38 15.000000E+0 65.506000E+3 65.522000E+3 31.000000E+0
39 14.000000E+0 65.507000E+3 65.522000E+3 31.000000E+0
40 13.000000E+0 65.509000E+3 65.523000E+3 28.000000E+0
41 13.000000E+0 65.509000E+3 65.523000E+3 27.000000E+0
42 12.000000E+0 65.511000E+3 65.524000E+3 25.000000E+0
43 11.000000E+0 65.511000E+3 65.525000E+3 24.000000E+0
44 10.000000E+0 65.513000E+3 65.526000E+3 22.000000E+0
45 10.000000E+0 65.515000E+3 65.526000E+3 21.000000E+0
46 8.000000E+0 65.518000E+3 65.527000E+3 20.000000E+0
47 8.000000E+0 65.519000E+3 65.528000E+3 18.000000E+0
48 7.000000E+0 65.521000E+3 65.529000E+3 16.000000E+0
49 7.000000E+0 65.523000E+3 65.529000E+3 13.000000E+0
50 6.000000E+0 65.525000E+3 65.530000E+3 11.000000E+0
51 5.000000E+0 65.527000E+3 65.531000E+3 9.000000E+0
52 4.000000E+0 65.530000E+3 65.532000E+3 7.000000E+0
53 3.000000E+0 65.531000E+3 65.533000E+3 5.000000E+0
54 2.000000E+0 65.533000E+3 65.534000E+3 3.000000E+0
55 1.000000E+0 65.535000E+3 65.534000E+3 1.000000E+0
56 1.000000E+0 0.000000E+0 65.535000E+3 0.000000E+0
57 0.000000E+0 0.000000E+0 65.535000E+3 0.000000E+0
58 0.000000E+0 0.000000E+0 0.000000E+0 0.000000E+0
59 0.000000E+0 0.000000E+0 0.000000E+0 0.000000E+0
60 0.000000E+0 0.000000E+0 0.000000E+0 0.000000E+0
61 0.000000E+0 0.000000E+0 0.000000E+0 0.000000E+0
62 0.000000E+0 0.000000E+0 0.000000E+0 0.000000E+0
63 0.000000E+0 0.000000E+0 0.000000E+0 0.000000E+0
64 0.000000E+0 0.000000E+0 0.000000E+0 0.000000E+0
65 0.000000E+0 0.000000E+0 0.000000E+0 0.000000E+0
66 0.000000E+0 0.000000E+0 0.000000E+0 0.000000E+0
67 1.000000E+0 65.534000E+3 0.000000E+0 0.000000E+0
68 2.000000E+0 65.530000E+3 0.000000E+0 0.000000E+0
69 6.000000E+0 65.525000E+3 0.000000E+0 0.000000E+0
70 9.000000E+0 65.520000E+3 0.000000E+0 0.000000E+0
71 13.000000E+0 65.514000E+3 0.000000E+0 0.000000E+0
72 16.000000E+0 65.511000E+3 0.000000E+0 0.000000E+0
73 20.000000E+0 65.507000E+3 0.000000E+0 0.000000E+0
74 23.000000E+0 65.505000E+3 0.000000E+0 0.000000E+0
75 26.000000E+0 65.503000E+3 0.000000E+0 0.000000E+0
76 28.000000E+0 65.504000E+3 0.000000E+0 0.000000E+0
77 31.000000E+0 65.504000E+3 0.000000E+0 0.000000E+0
78 31.000000E+0 65.507000E+3 0.000000E+0 0.000000E+0
79 33.000000E+0 65.510000E+3 0.000000E+0 0.000000E+0
80 32.000000E+0 65.515000E+3 0.000000E+0 0.000000E+0
81 32.000000E+0 65.519000E+3 0.000000E+0 0.000000E+0
82 31.000000E+0 65.524000E+3 0.000000E+0 0.000000E+0
83 30.000000E+0 65.528000E+3 0.000000E+0 0.000000E+0
84 28.000000E+0 65.533000E+3 0.000000E+0 0.000000E+0
85 25.000000E+0 2.000000E+0 0.000000E+0 0.000000E+0
86 22.000000E+0 6.000000E+0 0.000000E+0 0.000000E+0
87 19.000000E+0 13.000000E+0 0.000000E+0 0.000000E+0
88 15.000000E+0 19.000000E+0 0.000000E+0 0.000000E+0
89 11.000000E+0 26.000000E+0 1.000000E+0 0.000000E+0
90 7.000000E+0 31.000000E+0 2.000000E+0 0.000000E+0
91 4.000000E+0 37.000000E+0 3.000000E+0 0.000000E+0
92 1.000000E+0 39.000000E+0 3.000000E+0 0.000000E+0
93 0.000000E+0 43.000000E+0 4.000000E+0 0.000000E+0
94 65.534000E+3 43.000000E+0 5.000000E+0 0.000000E+0
95 65.531000E+3 45.000000E+0 7.000000E+0 0.000000E+0
96 65.528000E+3 43.000000E+0 8.000000E+0 0.000000E+0
97 65.525000E+3 41.000000E+0 10.000000E+0 0.000000E+0
98 65.523000E+3 36.000000E+0 11.000000E+0 0.000000E+0
99 65.521000E+3 30.000000E+0 12.000000E+0 0.000000E+0
100 65.520000E+3 23.000000E+0 14.000000E+0 65.534000E+3
101 65.518000E+3 15.000000E+0 18.000000E+0 65.532000E+3
102 65.518000E+3 6.000000E+0 21.000000E+0 65.529000E+3
103 65.517000E+3 65.534000E+3 26.000000E+0 65.525000E+3
104 65.516000E+3 65.527000E+3 30.000000E+0 65.522000E+3
105 65.515000E+3 65.522000E+3 35.000000E+0 65.519000E+3
106 65.514000E+3 65.519000E+3 37.000000E+0 65.519000E+3
107 65.512000E+3 65.518000E+3 38.000000E+0 65.519000E+3
108 65.512000E+3 65.520000E+3 35.000000E+0 65.524000E+3
109 65.511000E+3 65.522000E+3 30.000000E+0 65.531000E+3
110 65.512000E+3 65.525000E+3 24.000000E+0 1.000000E+0
111 65.513000E+3 65.527000E+3 16.000000E+0 12.000000E+0
112 65.514000E+3 65.530000E+3 8.000000E+0 22.000000E+0
113 65.516000E+3 65.531000E+3 0.000000E+0 33.000000E+0
114 65.518000E+3 65.532000E+3 65.528000E+3 40.000000E+0
115 65.521000E+3 65.533000E+3 65.519000E+3 48.000000E+0
116 65.523000E+3 65.534000E+3 65.511000E+3 49.000000E+0
117 65.525000E+3 65.535000E+3 65.502000E+3 52.000000E+0
118 65.526000E+3 65.535000E+3 65.497000E+3 50.000000E+0
119 65.527000E+3 0.000000E+0 65.490000E+3 49.000000E+0
120 65.528000E+3 0.000000E+0 65.487000E+3 43.000000E+0
121 65.529000E+3 0.000000E+0 65.483000E+3 39.000000E+0
122 65.530000E+3 0.000000E+0 65.482000E+3 32.000000E+0
123 65.531000E+3 0.000000E+0 65.481000E+3 25.000000E+0
124 65.531000E+3 0.000000E+0 65.482000E+3 18.000000E+0
125 65.531000E+3 0.000000E+0 65.483000E+3 10.000000E+0
126 65.531000E+3 0.000000E+0 65.485000E+3 4.000000E+0
127 65.531000E+3 0.000000E+0 65.488000E+3 65.533000E+3
128 65.531000E+3 0.000000E+0 65.493000E+3 65.527000E+3
129 65.530000E+3 0.000000E+0 65.497000E+3 65.517000E+3
130 65.530000E+3 0.000000E+0 65.502000E+3 65.509000E+3
131 65.530000E+3 0.000000E+0 65.507000E+3 65.499000E+3
132 65.530000E+3 0.000000E+0 65.513000E+3 65.494000E+3
133 65.529000E+3 0.000000E+0 65.518000E+3 65.488000E+3
134 65.529000E+3 0.000000E+0 65.523000E+3 65.487000E+3
135 65.528000E+3 0.000000E+0 65.528000E+3 65.483000E+3
136 65.527000E+3 0.000000E+0 65.531000E+3 65.484000E+3
137 65.526000E+3 1.000000E+0 65.534000E+3 65.484000E+3
138 65.525000E+3 2.000000E+0 0.000000E+0 65.489000E+3
139 65.522000E+3 2.000000E+0 1.000000E+0 65.494000E+3
140 65.520000E+3 3.000000E+0 2.000000E+0 65.504000E+3
141 65.515000E+3 5.000000E+0 5.000000E+0 65.514000E+3
142 65.512000E+3 7.000000E+0 8.000000E+0 65.524000E+3
143 65.507000E+3 11.000000E+0 12.000000E+0 65.534000E+3
144 65.505000E+3 13.000000E+0 15.000000E+0 5.000000E+0
145 65.502000E+3 17.000000E+0 18.000000E+0 12.000000E+0
146 65.501000E+3 18.000000E+0 20.000000E+0 16.000000E+0
147 65.500000E+3 17.000000E+0 22.000000E+0 18.000000E+0
148 65.502000E+3 12.000000E+0 23.000000E+0 17.000000E+0
149 65.505000E+3 4.000000E+0 24.000000E+0 15.000000E+0
150 65.510000E+3 65.533000E+3 24.000000E+0 11.000000E+0
151 65.518000E+3 65.522000E+3 23.000000E+0 9.000000E+0
152 65.528000E+3 65.512000E+3 21.000000E+0 6.000000E+0
153 3.000000E+0 65.500000E+3 19.000000E+0 4.000000E+0
154 13.000000E+0 65.494000E+3 17.000000E+0 3.000000E+0
155 24.000000E+0 65.487000E+3 15.000000E+0 3.000000E+0
156 32.000000E+0 65.486000E+3 14.000000E+0 2.000000E+0
157 41.000000E+0 65.484000E+3 13.000000E+0 2.000000E+0
158 46.000000E+0 65.487000E+3 12.000000E+0 1.000000E+0
159 52.000000E+0 65.488000E+3 10.000000E+0 0.000000E+0
160 54.000000E+0 65.494000E+3 8.000000E+0 0.000000E+0
161 57.000000E+0 65.498000E+3 6.000000E+0 0.000000E+0
162 57.000000E+0 65.505000E+3 4.000000E+0 0.000000E+0
163 58.000000E+0 65.512000E+3 3.000000E+0 0.000000E+0
164 57.000000E+0 65.519000E+3 4.000000E+0 0.000000E+0
165 57.000000E+0 65.527000E+3 6.000000E+0 0.000000E+0
166 54.000000E+0 65.534000E+3 7.000000E+0 0.000000E+0
167 50.000000E+0 6.000000E+0 8.000000E+0 0.000000E+0
168 46.000000E+0 14.000000E+0 8.000000E+0 0.000000E+0
169 41.000000E+0 25.000000E+0 7.000000E+0 0.000000E+0
170 35.000000E+0 32.000000E+0 7.000000E+0 0.000000E+0
171 29.000000E+0 40.000000E+0 7.000000E+0 0.000000E+0
172 23.000000E+0 46.000000E+0 7.000000E+0 0.000000E+0
173 17.000000E+0 53.000000E+0 7.000000E+0 0.000000E+0
174 12.000000E+0 54.000000E+0 7.000000E+0 0.000000E+0
175 7.000000E+0 57.000000E+0 8.000000E+0 0.000000E+0
176 4.000000E+0 55.000000E+0 9.000000E+0 0.000000E+0
177 0.000000E+0 54.000000E+0 10.000000E+0 0.000000E+0
178 65.535000E+3 49.000000E+0 11.000000E+0 65.535000E+3
179 65.532000E+3 42.000000E+0 14.000000E+0 65.533000E+3
180 65.529000E+3 31.000000E+0 17.000000E+0 65.532000E+3
181 65.526000E+3 20.000000E+0 22.000000E+0 65.529000E+3
182 65.523000E+3 9.000000E+0 25.000000E+0 65.527000E+3
183 65.521000E+3 65.535000E+3 30.000000E+0 65.523000E+3
184 65.518000E+3 65.526000E+3 34.000000E+0 65.520000E+3
185 65.516000E+3 65.518000E+3 39.000000E+0 65.515000E+3
186 65.513000E+3 65.515000E+3 41.000000E+0 65.514000E+3
187 65.511000E+3 65.513000E+3 42.000000E+0 65.515000E+3
188 65.510000E+3 65.515000E+3 39.000000E+0 65.520000E+3
189 65.510000E+3 65.518000E+3 35.000000E+0 65.527000E+3
190 65.511000E+3 65.522000E+3 28.000000E+0 0.000000E+0
191 65.512000E+3 65.525000E+3 19.000000E+0 11.000000E+0
192 65.513000E+3 65.528000E+3 10.000000E+0 22.000000E+0
193 65.515000E+3 65.531000E+3 0.000000E+0 35.000000E+0
194 65.517000E+3 65.532000E+3 65.527000E+3 42.000000E+0
195 65.520000E+3 65.533000E+3 65.517000E+3 50.000000E+0
196 65.522000E+3 65.534000E+3 65.509000E+3 52.000000E+0
197 65.524000E+3 65.535000E+3 65.499000E+3 56.000000E+0
198 65.526000E+3 65.535000E+3 65.493000E+3 53.000000E+0
199 65.527000E+3 0.000000E+0 65.486000E+3 52.000000E+0
200 65.528000E+3 0.000000E+0 65.482000E+3 47.000000E+0
201 65.528000E+3 0.000000E+0 65.478000E+3 42.000000E+0
202 65.529000E+3 0.000000E+0 65.477000E+3 35.000000E+0
203 65.530000E+3 0.000000E+0 65.475000E+3 28.000000E+0
204 65.530000E+3 0.000000E+0 65.477000E+3 19.000000E+0
205 65.530000E+3 0.000000E+0 65.478000E+3 11.000000E+0
206 65.530000E+3 0.000000E+0 65.481000E+3 4.000000E+0
207 65.530000E+3 0.000000E+0 65.484000E+3 65.533000E+3
208 65.530000E+3 0.000000E+0 65.488000E+3 65.525000E+3
209 65.530000E+3 0.000000E+0 65.493000E+3 65.515000E+3
210 65.530000E+3 0.000000E+0 65.499000E+3 65.506000E+3
211 65.529000E+3 0.000000E+0 65.504000E+3 65.496000E+3
212 65.529000E+3 0.000000E+0 65.510000E+3 65.491000E+3
213 65.529000E+3 0.000000E+0 65.515000E+3 65.484000E+3
214 65.528000E+3 0.000000E+0 65.521000E+3 65.482000E+3
215 65.527000E+3 0.000000E+0 65.526000E+3 65.478000E+3
216 65.526000E+3 1.000000E+0 65.530000E+3 65.480000E+3
217 65.525000E+3 1.000000E+0 65.533000E+3 65.481000E+3
218 65.523000E+3 2.000000E+0 0.000000E+0 65.487000E+3
219 65.520000E+3 3.000000E+0 0.000000E+0 65.494000E+3
220 65.518000E+3 4.000000E+0 3.000000E+0 65.504000E+3
221 65.513000E+3 7.000000E+0 5.000000E+0 65.515000E+3
222 65.509000E+3 9.000000E+0 8.000000E+0 65.526000E+3
223 65.504000E+3 13.000000E+0 11.000000E+0 0.000000E+0
224 65.501000E+3 16.000000E+0 14.000000E+0 8.000000E+0
225 65.498000E+3 20.000000E+0 18.000000E+0 16.000000E+0
226 65.496000E+3 21.000000E+0 21.000000E+0 19.000000E+0
227 65.495000E+3 21.000000E+0 24.000000E+0 22.000000E+0
228 65.497000E+3 16.000000E+0 25.000000E+0 21.000000E+0
229 65.500000E+3 9.000000E+0 26.000000E+0 19.000000E+0
230 65.506000E+3 0.000000E+0 25.000000E+0 15.000000E+0
231 65.514000E+3 65.525000E+3 24.000000E+0 11.000000E+0
232 65.524000E+3 65.515000E+3 22.000000E+0 8.000000E+0
233 0.000000E+0 65.501000E+3 20.000000E+0 5.000000E+0
234 10.000000E+0 65.494000E+3 18.000000E+0 3.000000E+0
235 22.000000E+0 65.486000E+3 16.000000E+0 3.000000E+0
236 30.000000E+0 65.484000E+3 15.000000E+0 3.000000E+0
237 40.000000E+0 65.482000E+3 14.000000E+0 2.000000E+0
238 46.000000E+0 65.484000E+3 12.000000E+0 1.000000E+0
239 52.000000E+0 65.485000E+3 10.000000E+0 1.000000E+0
240 55.000000E+0 65.490000E+3 9.000000E+0 0.000000E+0
241 59.000000E+0 65.494000E+3 7.000000E+0 0.000000E+0
242 58.000000E+0 65.501000E+3 5.000000E+0 0.000000E+0
243 59.000000E+0 65.508000E+3 4.000000E+0 0.000000E+0
244 57.000000E+0 65.515000E+3 3.000000E+0 0.000000E+0
245 57.000000E+0 65.523000E+3 4.000000E+0 0.000000E+0
246 55.000000E+0 65.531000E+3 6.000000E+0 0.000000E+0
247 52.000000E+0 2.000000E+0 8.000000E+0 0.000000E+0
248 48.000000E+0 9.000000E+0 9.000000E+0 0.000000E+0
249 44.000000E+0 19.000000E+0 9.000000E+0 0.000000E+0
250 38.000000E+0 26.000000E+0 8.000000E+0 0.000000E+0
251 33.000000E+0 36.000000E+0 7.000000E+0 0.000000E+0
252 27.000000E+0 41.000000E+0 7.000000E+0 0.000000E+0
253 21.000000E+0 48.000000E+0 7.000000E+0 0.000000E+0
254 15.000000E+0 50.000000E+0 7.000000E+0 0.000000E+0
255 10.000000E+0 54.000000E+0 7.000000E+0 0.000000E+0
256 6.000000E+0 52.000000E+0 8.000000E+0 0.000000E+0
257 2.000000E+0 52.000000E+0 9.000000E+0 0.000000E+0
258 0.000000E+0 47.000000E+0 9.000000E+0 65.535000E+3
259 65.534000E+3 41.000000E+0 12.000000E+0 65.534000E+3
260 65.531000E+3 32.000000E+0 15.000000E+0 65.533000E+3
261 65.528000E+3 22.000000E+0 19.000000E+0 65.531000E+3
262 65.525000E+3 11.000000E+0 23.000000E+0 65.529000E+3
263 65.522000E+3 1.000000E+0 27.000000E+0 65.525000E+3
264 65.520000E+3 65.530000E+3 31.000000E+0 65.522000E+3
265 65.517000E+3 65.523000E+3 35.000000E+0 65.518000E+3
266 65.514000E+3 65.520000E+3 37.000000E+0 65.518000E+3
267 65.512000E+3 65.518000E+3 38.000000E+0 65.519000E+3
268 65.511000E+3 65.519000E+3 35.000000E+0 65.524000E+3
269 65.511000E+3 65.521000E+3 31.000000E+0 65.531000E+3
270 65.512000E+3 65.524000E+3 25.000000E+0 2.000000E+0
271 65.513000E+3 65.527000E+3 17.000000E+0 13.000000E+0
272 65.515000E+3 65.530000E+3 8.000000E+0 23.000000E+0
273 65.517000E+3 65.531000E+3 65.534000E+3 35.000000E+0
274 65.519000E+3 65.532000E+3 65.526000E+3 41.000000E+0
275 65.521000E+3 65.533000E+3 65.516000E+3 47.000000E+0
276 65.523000E+3 65.534000E+3 65.508000E+3 49.000000E+0
277 65.525000E+3 65.535000E+3 65.499000E+3 52.000000E+0
278 65.526000E+3 0.000000E+0 65.494000E+3 50.000000E+0
279 65.527000E+3 0.000000E+0 65.488000E+3 49.000000E+0
280 65.528000E+3 0.000000E+0 65.485000E+3 44.000000E+0
281 65.529000E+3 0.000000E+0 65.481000E+3 39.000000E+0
282 65.530000E+3 0.000000E+0 65.480000E+3 32.000000E+0
283 65.530000E+3 0.000000E+0 65.478000E+3 25.000000E+0
284 65.530000E+3 0.000000E+0 65.480000E+3 16.000000E+0
285 65.530000E+3 0.000000E+0 65.481000E+3 9.000000E+0
286 65.530000E+3 0.000000E+0 65.484000E+3 2.000000E+0
287 65.530000E+3 0.000000E+0 65.487000E+3 65.531000E+3
288 65.530000E+3 0.000000E+0 65.491000E+3 65.523000E+3
289 65.530000E+3 0.000000E+0 65.496000E+3 65.512000E+3
290 65.530000E+3 0.000000E+0 65.501000E+3 65.504000E+3
291 65.530000E+3 0.000000E+0 65.507000E+3 65.494000E+3
292 65.529000E+3 0.000000E+0 65.512000E+3 65.490000E+3
293 65.529000E+3 0.000000E+0 65.518000E+3 65.484000E+3
294 65.528000E+3 0.000000E+0 65.523000E+3 65.483000E+3
295 65.527000E+3 0.000000E+0 65.528000E+3 65.479000E+3
296 65.526000E+3 0.000000E+0 65.532000E+3 65.481000E+3
297 65.525000E+3 1.000000E+0 65.535000E+3 65.482000E+3
298 65.523000E+3 2.000000E+0 0.000000E+0 65.489000E+3
299 65.520000E+3 3.000000E+0 1.000000E+0 65.495000E+3
300 65.517000E+3 4.000000E+0 3.000000E+0 65.504000E+3
301 65.513000E+3 7.000000E+0 6.000000E+0 65.515000E+3
302 65.509000E+3 9.000000E+0 9.000000E+0 65.526000E+3
303 65.505000E+3 13.000000E+0 12.000000E+0 0.000000E+0
304 65.501000E+3 16.000000E+0 15.000000E+0 8.000000E+0
305 65.498000E+3 20.000000E+0 19.000000E+0 16.000000E+0
306 65.497000E+3 21.000000E+0 22.000000E+0 20.000000E+0
307 65.496000E+3 20.000000E+0 24.000000E+0 22.000000E+0
308 65.497000E+3 16.000000E+0 25.000000E+0 21.000000E+0
309 65.500000E+3 8.000000E+0 26.000000E+0 19.000000E+0
310 65.506000E+3 0.000000E+0 25.000000E+0 15.000000E+0
311 65.515000E+3 65.524000E+3 24.000000E+0 11.000000E+0
312 65.525000E+3 65.514000E+3 22.000000E+0 8.000000E+0
313 1.000000E+0 65.500000E+3 20.000000E+0 5.000000E+0
314 12.000000E+0 65.493000E+3 18.000000E+0 3.000000E+0
315 24.000000E+0 65.485000E+3 17.000000E+0 3.000000E+0
316 32.000000E+0 65.484000E+3 15.000000E+0 3.000000E+0
317 42.000000E+0 65.481000E+3 14.000000E+0 3.000000E+0
318 48.000000E+0 65.483000E+3 12.000000E+0 2.000000E+0
319 54.000000E+0 65.484000E+3 11.000000E+0 1.000000E+0
320 57.000000E+0 65.490000E+3 9.000000E+0 0.000000E+0
321 60.000000E+0 65.495000E+3 7.000000E+0 0.000000E+0
322 60.000000E+0 65.502000E+3 5.000000E+0 0.000000E+0
323 61.000000E+0 65.508000E+3 4.000000E+0 0.000000E+0
324 59.000000E+0 65.516000E+3 4.000000E+0 0.000000E+0
325 59.000000E+0 65.524000E+3 5.000000E+0 0.000000E+0
326 57.000000E+0 65.532000E+3 7.000000E+0 0.000000E+0
327 54.000000E+0 4.000000E+0 9.000000E+0 0.000000E+0
328 49.000000E+0 13.000000E+0 9.000000E+0 0.000000E+0
329 44.000000E+0 23.000000E+0 9.000000E+0 0.000000E+0
330 39.000000E+0 31.000000E+0 8.000000E+0 0.000000E+0
331 33.000000E+0 40.000000E+0 8.000000E+0 0.000000E+0
332 27.000000E+0 45.000000E+0 7.000000E+0 0.000000E+0
333 20.000000E+0 52.000000E+0 7.000000E+0 0.000000E+0
334 15.000000E+0 54.000000E+0 7.000000E+0 0.000000E+0
335 9.000000E+0 57.000000E+0 8.000000E+0 0.000000E+0
336 5.000000E+0 56.000000E+0 8.000000E+0 0.000000E+0
337 1.000000E+0 55.000000E+0 9.000000E+0 0.000000E+0
338 0.000000E+0 49.000000E+0 11.000000E+0 65.535000E+3
339 65.533000E+3 43.000000E+0 14.000000E+0 65.533000E+3
340 65.530000E+3 32.000000E+0 17.000000E+0 65.532000E+3
341 65.527000E+3 21.000000E+0 22.000000E+0 65.530000E+3
342 65.524000E+3 10.000000E+0 25.000000E+0 65.527000E+3
343 65.521000E+3 65.535000E+3 31.000000E+0 65.523000E+3
344 65.519000E+3 65.526000E+3 34.000000E+0 65.519000E+3
345 65.516000E+3 65.518000E+3 39.000000E+0 65.515000E+3
346 65.514000E+3 65.514000E+3 41.000000E+0 65.514000E+3
347 65.511000E+3 65.513000E+3 42.000000E+0 65.514000E+3
348 65.510000E+3 65.515000E+3 40.000000E+0 65.520000E+3
349 65.510000E+3 65.518000E+3 35.000000E+0 65.527000E+3
350 65.511000E+3 65.522000E+3 29.000000E+0 0.000000E+0
351 65.512000E+3 65.525000E+3 20.000000E+0 10.000000E+0
352 65.514000E+3 65.528000E+3 10.000000E+0 22.000000E+0
353 65.515000E+3 65.531000E+3 0.000000E+0 35.000000E+0
354 65.517000E+3 65.532000E+3 65.527000E+3 43.000000E+0
355 65.520000E+3 65.533000E+3 65.517000E+3 50.000000E+0
356 65.522000E+3 65.534000E+3 65.508000E+3 53.000000E+0
357 65.524000E+3 65.535000E+3 65.499000E+3 56.000000E+0
358 65.525000E+3 65.535000E+3 65.493000E+3 53.000000E+0
359 65.526000E+3 0.000000E+0 65.485000E+3 52.000000E+0
360 65.527000E+3 0.000000E+0 65.482000E+3 47.000000E+0
361 65.528000E+3 0.000000E+0 65.478000E+3 42.000000E+0
362 65.529000E+3 0.000000E+0 65.477000E+3 35.000000E+0
363 65.530000E+3 0.000000E+0 65.475000E+3 28.000000E+0
364 65.530000E+3 0.000000E+0 65.477000E+3 19.000000E+0
365 65.530000E+3 0.000000E+0 65.478000E+3 11.000000E+0
366 65.530000E+3 0.000000E+0 65.481000E+3 4.000000E+0
367 65.530000E+3 0.000000E+0 65.483000E+3 65.533000E+3
368 65.530000E+3 0.000000E+0 65.488000E+3 65.525000E+3
369 65.530000E+3 0.000000E+0 65.493000E+3 65.514000E+3
370 65.530000E+3 0.000000E+0 65.498000E+3 65.506000E+3
371 65.529000E+3 0.000000E+0 65.504000E+3 65.496000E+3
372 65.529000E+3 0.000000E+0 65.510000E+3 65.491000E+3
373 65.528000E+3 0.000000E+0 65.515000E+3 65.484000E+3
374 65.528000E+3 0.000000E+0 65.521000E+3 65.482000E+3
375 65.527000E+3 0.000000E+0 65.526000E+3 65.478000E+3
376 65.526000E+3 0.000000E+0 65.530000E+3 65.479000E+3
377 65.524000E+3 1.000000E+0 65.533000E+3 65.480000E+3
378 65.523000E+3 2.000000E+0 65.535000E+3 65.487000E+3
379 65.520000E+3 3.000000E+0 1.000000E+0 65.494000E+3
380 65.517000E+3 5.000000E+0 3.000000E+0 65.504000E+3
381 65.513000E+3 7.000000E+0 6.000000E+0 65.515000E+3
382 65.509000E+3 9.000000E+0 8.000000E+0 65.525000E+3
383 65.505000E+3 13.000000E+0 12.000000E+0 0.000000E+0
384 65.501000E+3 15.000000E+0 15.000000E+0 8.000000E+0
385 65.498000E+3 20.000000E+0 18.000000E+0 16.000000E+0
386 65.497000E+3 21.000000E+0 21.000000E+0 19.000000E+0
387 65.496000E+3 21.000000E+0 24.000000E+0 22.000000E+0
388 65.497000E+3 16.000000E+0 25.000000E+0 21.000000E+0
389 65.500000E+3 8.000000E+0 26.000000E+0 19.000000E+0
390 65.506000E+3 0.000000E+0 25.000000E+0 15.000000E+0
391 65.515000E+3 65.525000E+3 24.000000E+0 11.000000E+0
392 65.525000E+3 65.514000E+3 22.000000E+0 8.000000E+0
393 1.000000E+0 65.500000E+3 20.000000E+0 5.000000E+0
394 12.000000E+0 65.492000E+3 18.000000E+0 3.000000E+0
395 24.000000E+0 65.485000E+3 16.000000E+0 3.000000E+0
396 32.000000E+0 65.483000E+3 15.000000E+0 3.000000E+0
397 42.000000E+0 65.481000E+3 14.000000E+0 3.000000E+0
398 48.000000E+0 65.483000E+3 12.000000E+0 2.000000E+0
399 54.000000E+0 65.484000E+3 11.000000E+0 1.000000E+0
400 57.000000E+0 65.490000E+3 9.000000E+0 1.000000E+0
401 60.000000E+0 65.495000E+3 7.000000E+0 0.000000E+0
402 60.000000E+0 65.502000E+3 5.000000E+0 0.000000E+0
403 61.000000E+0 65.508000E+3 4.000000E+0 0.000000E+0
404 59.000000E+0 65.516000E+3 4.000000E+0 0.000000E+0
405 59.000000E+0 65.524000E+3 5.000000E+0 0.000000E+0
406 57.000000E+0 65.532000E+3 7.000000E+0 0.000000E+0
407 54.000000E+0 5.000000E+0 9.000000E+0 0.000000E+0
408 49.000000E+0 13.000000E+0 9.000000E+0 0.000000E+0
409 44.000000E+0 23.000000E+0 9.000000E+0 0.000000E+0
410 39.000000E+0 31.000000E+0 8.000000E+0 0.000000E+0
411 33.000000E+0 40.000000E+0 7.000000E+0 0.000000E+0
412 26.000000E+0 45.000000E+0 7.000000E+0 0.000000E+0
413 20.000000E+0 52.000000E+0 7.000000E+0 0.000000E+0
414 15.000000E+0 53.000000E+0 7.000000E+0 0.000000E+0
415 9.000000E+0 57.000000E+0 8.000000E+0 0.000000E+0
416 5.000000E+0 55.000000E+0 8.000000E+0 0.000000E+0
417 1.000000E+0 55.000000E+0 9.000000E+0 65.535000E+3
418 0.000000E+0 49.000000E+0 10.000000E+0 65.535000E+3
419 65.533000E+3 43.000000E+0 14.000000E+0 65.533000E+3
420 65.530000E+3 32.000000E+0 17.000000E+0 65.532000E+3
421 65.526000E+3 21.000000E+0 22.000000E+0 65.530000E+3
422 65.524000E+3 10.000000E+0 25.000000E+0 65.527000E+3
423 65.521000E+3 65.535000E+3 30.000000E+0 65.523000E+3
424 65.519000E+3 65.526000E+3 34.000000E+0 65.519000E+3
425 65.516000E+3 65.518000E+3 39.000000E+0 65.515000E+3
426 65.514000E+3 65.514000E+3 41.000000E+0 65.514000E+3
427 65.511000E+3 65.513000E+3 42.000000E+0 65.515000E+3
428 65.510000E+3 65.515000E+3 40.000000E+0 65.520000E+3
429 65.510000E+3 65.518000E+3 35.000000E+0 65.527000E+3
430 65.511000E+3 65.522000E+3 29.000000E+0 0.000000E+0
431 65.512000E+3 65.526000E+3 20.000000E+0 10.000000E+0
432 65.513000E+3 65.528000E+3 11.000000E+0 21.000000E+0
433 65.515000E+3 65.530000E+3 1.000000E+0 34.000000E+0
434 65.517000E+3 65.532000E+3 65.528000E+3 41.000000E+0
435 65.520000E+3 65.533000E+3 65.518000E+3 49.000000E+0
436 65.522000E+3 65.534000E+3 65.510000E+3 52.000000E+0
437 65.524000E+3 65.535000E+3 65.501000E+3 55.000000E+0
438 65.525000E+3 65.535000E+3 65.495000E+3 53.000000E+0
439 65.526000E+3 0.000000E+0 65.488000E+3 52.000000E+0
440 65.527000E+3 0.000000E+0 65.485000E+3 47.000000E+0
441 65.528000E+3 0.000000E+0 65.480000E+3 43.000000E+0
442 65.529000E+3 0.000000E+0 65.479000E+3 36.000000E+0
443 65.530000E+3 0.000000E+0 65.478000E+3 29.000000E+0
444 65.530000E+3 0.000000E+0 65.479000E+3 21.000000E+0
445 65.530000E+3 0.000000E+0 65.480000E+3 12.000000E+0
446 65.531000E+3 0.000000E+0 65.483000E+3 5.000000E+0
447 65.530000E+3 0.000000E+0 65.485000E+3 65.535000E+3
448 65.530000E+3 0.000000E+0 65.489000E+3 65.528000E+3
449 65.530000E+3 0.000000E+0 65.493000E+3 65.518000E+3
450 65.530000E+3 0.000000E+0 65.498000E+3 65.510000E+3
451 65.530000E+3 0.000000E+0 65.504000E+3 65.500000E+3
452 65.530000E+3 0.000000E+0 65.509000E+3 65.495000E+3
453 65.529000E+3 0.000000E+0 65.515000E+3 65.488000E+3
454 65.528000E+3 0.000000E+0 65.520000E+3 65.486000E+3
455 65.527000E+3 0.000000E+0 65.525000E+3 65.482000E+3
456 65.527000E+3 0.000000E+0 65.529000E+3 65.484000E+3
457 65.525000E+3 1.000000E+0 65.533000E+3 65.484000E+3
458 65.524000E+3 1.000000E+0 65.535000E+3 65.489000E+3
459 65.522000E+3 2.000000E+0 0.000000E+0 65.494000E+3
460 65.520000E+3 3.000000E+0 3.000000E+0 65.503000E+3
461 65.515000E+3 5.000000E+0 5.000000E+0 65.514000E+3
462 65.512000E+3 7.000000E+0 8.000000E+0 65.524000E+3
463 65.507000E+3 11.000000E+0 11.000000E+0 65.533000E+3
464 65.505000E+3 13.000000E+0 14.000000E+0 4.000000E+0
465 65.501000E+3 17.000000E+0 18.000000E+0 11.000000E+0
466 65.500000E+3 18.000000E+0 20.000000E+0 16.000000E+0
467 65.500000E+3 17.000000E+0 22.000000E+0 18.000000E+0
468 65.502000E+3 11.000000E+0 23.000000E+0 17.000000E+0
469 65.506000E+3 4.000000E+0 24.000000E+0 14.000000E+0
470 65.511000E+3 65.533000E+3 24.000000E+0 11.000000E+0
471 65.519000E+3 65.523000E+3 22.000000E+0 9.000000E+0
472 65.528000E+3 65.513000E+3 20.000000E+0 6.000000E+0
473 4.000000E+0 65.501000E+3 18.000000E+0 4.000000E+0
474 13.000000E+0 65.494000E+3 16.000000E+0 3.000000E+0
475 24.000000E+0 65.487000E+3 15.000000E+0 3.000000E+0
476 32.000000E+0 65.486000E+3 14.000000E+0 3.000000E+0
477 41.000000E+0 65.484000E+3 13.000000E+0 2.000000E+0
478 46.000000E+0 65.487000E+3 11.000000E+0 1.000000E+0
479 52.000000E+0 65.488000E+3 10.000000E+0 0.000000E+0
480 54.000000E+0 65.494000E+3 8.000000E+0 0.000000E+0
481 57.000000E+0 65.498000E+3 6.000000E+0 0.000000E+0
482 57.000000E+0 65.505000E+3 4.000000E+0 0.000000E+0
483 58.000000E+0 65.511000E+3 4.000000E+0 0.000000E+0
484 57.000000E+0 65.520000E+3 4.000000E+0 0.000000E+0
485 57.000000E+0 65.527000E+3 6.000000E+0 0.000000E+0
486 54.000000E+0 65.534000E+3 7.000000E+0 0.000000E+0
487 50.000000E+0 5.000000E+0 8.000000E+0 0.000000E+0
488 45.000000E+0 14.000000E+0 8.000000E+0 0.000000E+0
489 41.000000E+0 24.000000E+0 7.000000E+0 0.000000E+0
490 35.000000E+0 32.000000E+0 7.000000E+0 0.000000E+0
491 29.000000E+0 41.000000E+0 7.000000E+0 0.000000E+0
492 23.000000E+0 46.000000E+0 7.000000E+0 0.000000E+0
493 17.000000E+0 52.000000E+0 7.000000E+0 0.000000E+0
494 12.000000E+0 54.000000E+0 7.000000E+0 0.000000E+0
495 7.000000E+0 57.000000E+0 8.000000E+0 0.000000E+0
496 4.000000E+0 55.000000E+0 8.000000E+0 0.000000E+0
497 0.000000E+0 54.000000E+0 9.000000E+0 0.000000E+0
498 65.535000E+3 49.000000E+0 11.000000E+0 65.535000E+3
499 65.532000E+3 42.000000E+0 14.000000E+0 65.533000E+3
500 65.529000E+3 31.000000E+0 17.000000E+0 65.532000E+3
501 65.526000E+3 20.000000E+0 22.000000E+0 65.529000E+3
502 65.524000E+3 9.000000E+0 25.000000E+0 65.527000E+3
503 65.521000E+3 65.535000E+3 30.000000E+0 65.523000E+3
504 65.518000E+3 65.526000E+3 34.000000E+0 65.520000E+3
505 65.516000E+3 65.518000E+3 39.000000E+0 65.515000E+3
506 65.514000E+3 65.514000E+3 41.000000E+0 65.514000E+3
507 65.511000E+3 65.513000E+3 42.000000E+0 65.515000E+3
508 65.510000E+3 65.515000E+3 39.000000E+0 65.520000E+3
509 65.510000E+3 65.518000E+3 35.000000E+0 65.527000E+3
510 65.511000E+3 65.522000E+3 29.000000E+0 0.000000E+0
511 65.512000E+3 65.526000E+3 20.000000E+0 10.000000E+0
512 65.513000E+3 65.528000E+3 11.000000E+0 21.000000E+0
513 65.515000E+3 65.530000E+3 1.000000E+0 34.000000E+0
514 65.517000E+3 65.532000E+3 65.528000E+3 41.000000E+0
515 65.519000E+3 65.533000E+3 65.518000E+3 49.000000E+0
516 65.522000E+3 65.534000E+3 65.510000E+3 52.000000E+0
517 65.524000E+3 65.535000E+3 65.501000E+3 55.000000E+0
518 65.525000E+3 65.535000E+3 65.495000E+3 53.000000E+0
519 65.526000E+3 0.000000E+0 65.488000E+3 52.000000E+0
520 65.527000E+3 0.000000E+0 65.485000E+3 47.000000E+0
521 65.528000E+3 0.000000E+0 65.481000E+3 43.000000E+0
522 65.529000E+3 0.000000E+0 65.479000E+3 36.000000E+0
523 65.530000E+3 0.000000E+0 65.478000E+3 29.000000E+0
524 65.530000E+3 0.000000E+0 65.479000E+3 21.000000E+0
525 65.530000E+3 0.000000E+0 65.480000E+3 12.000000E+0
526 65.531000E+3 0.000000E+0 65.483000E+3 5.000000E+0
527 65.530000E+3 0.000000E+0 65.485000E+3 65.535000E+3
528 65.530000E+3 0.000000E+0 65.489000E+3 65.528000E+3
529 65.530000E+3 0.000000E+0 65.493000E+3 65.518000E+3
530 65.530000E+3 0.000000E+0 65.499000E+3 65.511000E+3
531 65.530000E+3 0.000000E+0 65.504000E+3 65.500000E+3
532 65.530000E+3 0.000000E+0 65.509000E+3 65.495000E+3
533 65.529000E+3 0.000000E+0 65.515000E+3 65.488000E+3
534 65.528000E+3 0.000000E+0 65.520000E+3 65.486000E+3
535 65.527000E+3 0.000000E+0 65.525000E+3 65.482000E+3
536 65.527000E+3 0.000000E+0 65.529000E+3 65.483000E+3
537 65.525000E+3 1.000000E+0 65.533000E+3 65.483000E+3
538 65.524000E+3 1.000000E+0 65.535000E+3 65.489000E+3
539 65.522000E+3 2.000000E+0 0.000000E+0 65.494000E+3
540 65.520000E+3 3.000000E+0 3.000000E+0 65.504000E+3
541 65.515000E+3 5.000000E+0 5.000000E+0 65.514000E+3
542 65.512000E+3 7.000000E+0 8.000000E+0 65.524000E+3
543 65.507000E+3 11.000000E+0 11.000000E+0 65.534000E+3
544 65.504000E+3 13.000000E+0 14.000000E+0 4.000000E+0
545 65.501000E+3 17.000000E+0 18.000000E+0 11.000000E+0
546 65.500000E+3 17.000000E+0 20.000000E+0 15.000000E+0
547 65.500000E+3 17.000000E+0 22.000000E+0 18.000000E+0
548 65.502000E+3 12.000000E+0 24.000000E+0 17.000000E+0
549 65.506000E+3 5.000000E+0 24.000000E+0 14.000000E+0
550 65.510000E+3 65.534000E+3 24.000000E+0 11.000000E+0
551 65.518000E+3 65.523000E+3 23.000000E+0 9.000000E+0
552 65.527000E+3 65.514000E+3 21.000000E+0 6.000000E+0
553 2.000000E+0 65.502000E+3 18.000000E+0 4.000000E+0
554 12.000000E+0 65.494000E+3 16.000000E+0 3.000000E+0
555 23.000000E+0 65.488000E+3 15.000000E+0 2.000000E+0
556 30.000000E+0 65.487000E+3 14.000000E+0 2.000000E+0
557 39.000000E+0 65.485000E+3 12.000000E+0 2.000000E+0
558 44.000000E+0 65.488000E+3 11.000000E+0 1.000000E+0
559 49.000000E+0 65.489000E+3 9.000000E+0 0.000000E+0
560 52.000000E+0 65.494000E+3 8.000000E+0 0.000000E+0
561 55.000000E+0 65.497000E+3 7.000000E+0 0.000000E+0
562 56.000000E+0 65.504000E+3 6.000000E+0 0.000000E+0
563 56.000000E+0 65.511000E+3 5.000000E+0 0.000000E+0
564 55.000000E+0 65.518000E+3 4.000000E+0 0.000000E+0
565 54.000000E+0 65.525000E+3 5.000000E+0 0.000000E+0
566 51.000000E+0 65.533000E+3 6.000000E+0 0.000000E+0
567 48.000000E+0 4.000000E+0 6.000000E+0 0.000000E+0
568 44.000000E+0 11.000000E+0 6.000000E+0 0.000000E+0
569 39.000000E+0 21.000000E+0 6.000000E+0 0.000000E+0
570 34.000000E+0 28.000000E+0 6.000000E+0 0.000000E+0
571 29.000000E+0 37.000000E+0 6.000000E+0 0.000000E+0
572 24.000000E+0 42.000000E+0 6.000000E+0 0.000000E+0
573 19.000000E+0 48.000000E+0 7.000000E+0 0.000000E+0
574 14.000000E+0 50.000000E+0 7.000000E+0 0.000000E+0
575 8.000000E+0 53.000000E+0 8.000000E+0 0.000000E+0
576 5.000000E+0 52.000000E+0 8.000000E+0 0.000000E+0
577 1.000000E+0 51.000000E+0 9.000000E+0 0.000000E+0
578 0.000000E+0 46.000000E+0 10.000000E+0 0.000000E+0
579 65.533000E+3 40.000000E+0 12.000000E+0 65.535000E+3
580 65.530000E+3 31.000000E+0 15.000000E+0 65.534000E+3
581 65.527000E+3 21.000000E+0 19.000000E+0 65.532000E+3
582 65.524000E+3 11.000000E+0 23.000000E+0 65.530000E+3
583 65.521000E+3 0.000000E+0 27.000000E+0 65.526000E+3
584 65.519000E+3 65.529000E+3 31.000000E+0 65.522000E+3
585 65.516000E+3 65.523000E+3 35.000000E+0 65.518000E+3
586 65.514000E+3 65.519000E+3 37.000000E+0 65.518000E+3
587 65.512000E+3 65.518000E+3 38.000000E+0 65.520000E+3
588 65.511000E+3 65.519000E+3 35.000000E+0 65.525000E+3
589 65.511000E+3 65.521000E+3 31.000000E+0 65.532000E+3
590 65.512000E+3 65.525000E+3 24.000000E+0 2.000000E+0
591 65.513000E+3 65.528000E+3 16.000000E+0 13.000000E+0
592 65.515000E+3 65.530000E+3 7.000000E+0 22.000000E+0
593 65.516000E+3 65.531000E+3 65.534000E+3 35.000000E+0
594 65.518000E+3 65.532000E+3 65.526000E+3 41.000000E+0
595 65.521000E+3 65.533000E+3 65.516000E+3 48.000000E+0
596 65.523000E+3 65.534000E+3 65.508000E+3 49.000000E+0
597 65.525000E+3 65.535000E+3 65.499000E+3 52.000000E+0
598 65.526000E+3 0.000000E+0 65.494000E+3 50.000000E+0
599 65.528000E+3 0.000000E+0 65.488000E+3 49.000000E+0
600 65.528000E+3 0.000000E+0 65.485000E+3 44.000000E+0
601 65.529000E+3 0.000000E+0 65.481000E+3 39.000000E+0
602 65.530000E+3 0.000000E+0 65.480000E+3 32.000000E+0
603 65.530000E+3 0.000000E+0 65.478000E+3 25.000000E+0
604 65.530000E+3 0.000000E+0 65.480000E+3 16.000000E+0
605 65.531000E+3 0.000000E+0 65.481000E+3 9.000000E+0
606 65.530000E+3 0.000000E+0 65.484000E+3 3.000000E+0
607 65.530000E+3 0.000000E+0 65.487000E+3 65.531000E+3
608 65.530000E+3 0.000000E+0 65.491000E+3 65.523000E+3
609 65.530000E+3 0.000000E+0 65.496000E+3 65.512000E+3
610 65.530000E+3 0.000000E+0 65.501000E+3 65.504000E+3
611 65.530000E+3 0.000000E+0 65.507000E+3 65.495000E+3
612 65.529000E+3 0.000000E+0 65.512000E+3 65.490000E+3
613 65.529000E+3 0.000000E+0 65.518000E+3 65.484000E+3
614 65.528000E+3 0.000000E+0 65.523000E+3 65.483000E+3
615 65.527000E+3 0.000000E+0 65.528000E+3 65.479000E+3
616 65.526000E+3 0.000000E+0 65.532000E+3 65.481000E+3
617 65.525000E+3 1.000000E+0 65.535000E+3 65.481000E+3
618 65.523000E+3 2.000000E+0 0.000000E+0 65.488000E+3
619 65.520000E+3 3.000000E+0 1.000000E+0 65.495000E+3
620 65.517000E+3 4.000000E+0 4.000000E+0 65.504000E+3
621 65.513000E+3 7.000000E+0 6.000000E+0 65.515000E+3
622 65.509000E+3 8.000000E+0 9.000000E+0 65.526000E+3
623 65.505000E+3 13.000000E+0 13.000000E+0 0.000000E+0
624 65.502000E+3 16.000000E+0 16.000000E+0 8.000000E+0
625 65.498000E+3 20.000000E+0 19.000000E+0 16.000000E+0
626 65.496000E+3 21.000000E+0 22.000000E+0 20.000000E+0
627 65.495000E+3 21.000000E+0 24.000000E+0 22.000000E+0
628 65.497000E+3 16.000000E+0 25.000000E+0 21.000000E+0
629 65.500000E+3 9.000000E+0 26.000000E+0 19.000000E+0
630 65.505000E+3 0.000000E+0 25.000000E+0 15.000000E+0
631 65.514000E+3 65.525000E+3 24.000000E+0 11.000000E+0
632 65.524000E+3 65.514000E+3 22.000000E+0 8.000000E+0
633 0.000000E+0 65.501000E+3 20.000000E+0 5.000000E+0
634 11.000000E+0 65.494000E+3 18.000000E+0 3.000000E+0
635 22.000000E+0 65.486000E+3 16.000000E+0 3.000000E+0
636 31.000000E+0 65.484000E+3 15.000000E+0 3.000000E+0
637 40.000000E+0 65.482000E+3 14.000000E+0 2.000000E+0
638 46.000000E+0 65.484000E+3 12.000000E+0 2.000000E+0
639 52.000000E+0 65.485000E+3 11.000000E+0 1.000000E+0
640 55.000000E+0 65.490000E+3 9.000000E+0 0.000000E+0
641 59.000000E+0 65.494000E+3 7.000000E+0 0.000000E+0
642 59.000000E+0 65.502000E+3 5.000000E+0 0.000000E+0
643 59.000000E+0 65.508000E+3 4.000000E+0 0.000000E+0
644 57.000000E+0 65.515000E+3 3.000000E+0 0.000000E+0
645 56.000000E+0 65.523000E+3 4.000000E+0 0.000000E+0
646 54.000000E+0 65.531000E+3 6.000000E+0 0.000000E+0
647 52.000000E+0 2.000000E+0 8.000000E+0 0.000000E+0
648 48.000000E+0 10.000000E+0 8.000000E+0 0.000000E+0
649 43.000000E+0 19.000000E+0 9.000000E+0 0.000000E+0
650 38.000000E+0 26.000000E+0 8.000000E+0 0.000000E+0
651 33.000000E+0 36.000000E+0 7.000000E+0 0.000000E+0
652 27.000000E+0 41.000000E+0 7.000000E+0 0.000000E+0
653 21.000000E+0 48.000000E+0 7.000000E+0 0.000000E+0
654 15.000000E+0 50.000000E+0 7.000000E+0 0.000000E+0
655 10.000000E+0 54.000000E+0 7.000000E+0 0.000000E+0
656 6.000000E+0 52.000000E+0 8.000000E+0 0.000000E+0
657 3.000000E+0 52.000000E+0 9.000000E+0 0.000000E+0
658 0.000000E+0 47.000000E+0 9.000000E+0 65.535000E+3
659 65.534000E+3 41.000000E+0 12.000000E+0 65.534000E+3
660 65.531000E+3 32.000000E+0 15.000000E+0 65.533000E+3
661 65.527000E+3 22.000000E+0 19.000000E+0 65.531000E+3
662 65.525000E+3 11.000000E+0 22.000000E+0 65.529000E+3
663 65.522000E+3 1.000000E+0 27.000000E+0 65.525000E+3
664 65.520000E+3 65.529000E+3 31.000000E+0 65.522000E+3
665 65.517000E+3 65.523000E+3 35.000000E+0 65.518000E+3
666 65.514000E+3 65.520000E+3 37.000000E+0 65.518000E+3
667 65.512000E+3 65.518000E+3 38.000000E+0 65.520000E+3
668 65.511000E+3 65.519000E+3 35.000000E+0 65.524000E+3
669 65.511000E+3 65.521000E+3 31.000000E+0 65.531000E+3
670 65.512000E+3 65.524000E+3 25.000000E+0 2.000000E+0
671 65.513000E+3 65.527000E+3 17.000000E+0 13.000000E+0
672 65.515000E+3 65.530000E+3 8.000000E+0 22.000000E+0
673 65.516000E+3 65.532000E+3 65.534000E+3 34.000000E+0
674 65.518000E+3 65.532000E+3 65.525000E+3 41.000000E+0
675 65.521000E+3 65.533000E+3 65.516000E+3 48.000000E+0
676 65.523000E+3 65.534000E+3 65.508000E+3 49.000000E+0
677 65.525000E+3 65.535000E+3 65.499000E+3 52.000000E+0
678 65.526000E+3 0.000000E+0 65.494000E+3 50.000000E+0
679 65.528000E+3 0.000000E+0 65.487000E+3 49.000000E+0
680 65.528000E+3 0.000000E+0 65.484000E+3 44.000000E+0
681 65.529000E+3 0.000000E+0 65.480000E+3 39.000000E+0
682 65.530000E+3 0.000000E+0 65.480000E+3 32.000000E+0
683 65.530000E+3 0.000000E+0 65.478000E+3 25.000000E+0
684 65.531000E+3 0.000000E+0 65.480000E+3 16.000000E+0
685 65.531000E+3 0.000000E+0 65.481000E+3 9.000000E+0
686 65.530000E+3 0.000000E+0 65.484000E+3 2.000000E+0
687 65.530000E+3 0.000000E+0 65.487000E+3 65.531000E+3
688 65.530000E+3 0.000000E+0 65.492000E+3 65.523000E+3
689 65.530000E+3 0.000000E+0 65.496000E+3 65.512000E+3
690 65.530000E+3 0.000000E+0 65.502000E+3 65.504000E+3
691 65.530000E+3 0.000000E+0 65.507000E+3 65.495000E+3
692 65.529000E+3 0.000000E+0 65.513000E+3 65.490000E+3
693 65.529000E+3 0.000000E+0 65.518000E+3 65.484000E+3
694 65.528000E+3 0.000000E+0 65.523000E+3 65.483000E+3
695 65.527000E+3 0.000000E+0 65.528000E+3 65.479000E+3
696 65.526000E+3 0.000000E+0 65.532000E+3 65.481000E+3
697 65.525000E+3 1.000000E+0 65.535000E+3 65.481000E+3
698 65.523000E+3 2.000000E+0 0.000000E+0 65.488000E+3
699 65.520000E+3 3.000000E+0 1.000000E+0 65.495000E+3
700 65.517000E+3 4.000000E+0 4.000000E+0 65.505000E+3
701 65.513000E+3 6.000000E+0 7.000000E+0 65.515000E+3
702 65.509000E+3 9.000000E+0 9.000000E+0 65.526000E+3
703 65.505000E+3 13.000000E+0 13.000000E+0 0.000000E+0
704 65.502000E+3 16.000000E+0 15.000000E+0 8.000000E+0
705 65.498000E+3 20.000000E+0 19.000000E+0 16.000000E+0
706 65.497000E+3 21.000000E+0 22.000000E+0 20.000000E+0
707 65.495000E+3 21.000000E+0 24.000000E+0 22.000000E+0
708 65.497000E+3 16.000000E+0 25.000000E+0 21.000000E+0
709 65.500000E+3 9.000000E+0 26.000000E+0 19.000000E+0
710 65.505000E+3 0.000000E+0 25.000000E+0 15.000000E+0
711 65.514000E+3 65.525000E+3 24.000000E+0 11.000000E+0
712 65.524000E+3 65.514000E+3 22.000000E+0 8.000000E+0
713 0.000000E+0 65.501000E+3 20.000000E+0 5.000000E+0
714 10.000000E+0 65.494000E+3 18.000000E+0 3.000000E+0
715 22.000000E+0 65.486000E+3 16.000000E+0 3.000000E+0
716 30.000000E+0 65.485000E+3 15.000000E+0 3.000000E+0
717 40.000000E+0 65.482000E+3 14.000000E+0 2.000000E+0
718 46.000000E+0 65.484000E+3 12.000000E+0 2.000000E+0
719 52.000000E+0 65.485000E+3 11.000000E+0 1.000000E+0
720 55.000000E+0 65.490000E+3 9.000000E+0 0.000000E+0
721 59.000000E+0 65.494000E+3 7.000000E+0 0.000000E+0
722 59.000000E+0 65.501000E+3 5.000000E+0 0.000000E+0
723 59.000000E+0 65.508000E+3 4.000000E+0 0.000000E+0
724 58.000000E+0 65.516000E+3 3.000000E+0 0.000000E+0
725 57.000000E+0 65.523000E+3 5.000000E+0 0.000000E+0
726 55.000000E+0 65.531000E+3 6.000000E+0 0.000000E+0
727 52.000000E+0 2.000000E+0 8.000000E+0 0.000000E+0
728 48.000000E+0 9.000000E+0 8.000000E+0 0.000000E+0
729 44.000000E+0 19.000000E+0 8.000000E+0 0.000000E+0
730 38.000000E+0 27.000000E+0 8.000000E+0 0.000000E+0
731 32.000000E+0 36.000000E+0 7.000000E+0 0.000000E+0
732 27.000000E+0 41.000000E+0 7.000000E+0 0.000000E+0
733 21.000000E+0 48.000000E+0 7.000000E+0 0.000000E+0
734 15.000000E+0 50.000000E+0 7.000000E+0 0.000000E+0
735 10.000000E+0 53.000000E+0 7.000000E+0 0.000000E+0
736 6.000000E+0 52.000000E+0 8.000000E+0 0.000000E+0
737 2.000000E+0 52.000000E+0 8.000000E+0 0.000000E+0
738 0.000000E+0 47.000000E+0 9.000000E+0 65.535000E+3
739 65.534000E+3 41.000000E+0 12.000000E+0 65.534000E+3
740 65.531000E+3 32.000000E+0 15.000000E+0 65.533000E+3
741 65.527000E+3 22.000000E+0 19.000000E+0 65.531000E+3
742 65.525000E+3 12.000000E+0 23.000000E+0 65.529000E+3
743 65.522000E+3 1.000000E+0 27.000000E+0 65.525000E+3
744 65.520000E+3 65.530000E+3 31.000000E+0 65.522000E+3
745 65.517000E+3 65.523000E+3 35.000000E+0 65.518000E+3
746 65.514000E+3 65.520000E+3 37.000000E+0 65.518000E+3
747 65.512000E+3 65.518000E+3 38.000000E+0 65.519000E+3
748 65.511000E+3 65.519000E+3 35.000000E+0 65.524000E+3
749 65.511000E+3 65.521000E+3 31.000000E+0 65.531000E+3
750 65.512000E+3 65.524000E+3 25.000000E+0 2.000000E+0
751 65.513000E+3 65.528000E+3 16.000000E+0 13.000000E+0
752 65.515000E+3 65.530000E+3 7.000000E+0 23.000000E+0
753 65.516000E+3 65.532000E+3 65.534000E+3 35.000000E+0
754 65.518000E+3 65.532000E+3 65.525000E+3 41.000000E+0
755 65.521000E+3 65.533000E+3 65.516000E+3 48.000000E+0
756 65.523000E+3 65.534000E+3 65.508000E+3 49.000000E+0
757 65.525000E+3 65.535000E+3 65.499000E+3 52.000000E+0
758 65.526000E+3 0.000000E+0 65.494000E+3 50.000000E+0
759 65.527000E+3 0.000000E+0 65.488000E+3 49.000000E+0
760 65.528000E+3 0.000000E+0 65.484000E+3 44.000000E+0
761 65.529000E+3 0.000000E+0 65.480000E+3 39.000000E+0
762 65.530000E+3 0.000000E+0 65.480000E+3 32.000000E+0
763 65.530000E+3 0.000000E+0 65.478000E+3 25.000000E+0
764 65.531000E+3 0.000000E+0 65.480000E+3 16.000000E+0
765 65.531000E+3 0.000000E+0 65.481000E+3 9.000000E+0
766 65.530000E+3 0.000000E+0 65.484000E+3 3.000000E+0
767 65.530000E+3 0.000000E+0 65.487000E+3 65.531000E+3
768 65.530000E+3 0.000000E+0 65.492000E+3 65.523000E+3
769 65.530000E+3 0.000000E+0 65.496000E+3 65.512000E+3
770 65.530000E+3 0.000000E+0 65.502000E+3 65.504000E+3
771 65.530000E+3 0.000000E+0 65.507000E+3 65.495000E+3
772 65.529000E+3 0.000000E+0 65.513000E+3 65.490000E+3
773 65.529000E+3 0.000000E+0 65.518000E+3 65.484000E+3
774 65.528000E+3 0.000000E+0 65.523000E+3 65.483000E+3
775 65.527000E+3 0.000000E+0 65.528000E+3 65.479000E+3
776 65.526000E+3 0.000000E+0 65.532000E+3 65.480000E+3
777 65.525000E+3 1.000000E+0 65.535000E+3 65.481000E+3
778 65.523000E+3 2.000000E+0 0.000000E+0 65.488000E+3
779 65.520000E+3 3.000000E+0 1.000000E+0 65.495000E+3
780 65.517000E+3 4.000000E+0 3.000000E+0 65.504000E+3
781 65.513000E+3 6.000000E+0 7.000000E+0 65.515000E+3
782 65.509000E+3 9.000000E+0 9.000000E+0 65.526000E+3
783 65.505000E+3 13.000000E+0 13.000000E+0 0.000000E+0
784 65.502000E+3 16.000000E+0 16.000000E+0 9.000000E+0
785 65.499000E+3 20.000000E+0 19.000000E+0 16.000000E+0
786 65.497000E+3 21.000000E+0 22.000000E+0 20.000000E+0
787 65.496000E+3 21.000000E+0 24.000000E+0 22.000000E+0
788 65.496000E+3 16.000000E+0 25.000000E+0 21.000000E+0
789 65.500000E+3 9.000000E+0 26.000000E+0 19.000000E+0
790 65.505000E+3 0.000000E+0 25.000000E+0 15.000000E+0
791 65.514000E+3 65.525000E+3 24.000000E+0 11.000000E+0
792 65.523000E+3 65.514000E+3 22.000000E+0 8.000000E+0
793 0.000000E+0 65.501000E+3 20.000000E+0 5.000000E+0
794 10.000000E+0 65.493000E+3 18.000000E+0 3.000000E+0
795 21.000000E+0 65.486000E+3 16.000000E+0 3.000000E+0
796 30.000000E+0 65.484000E+3 15.000000E+0 3.000000E+0
797 40.000000E+0 65.482000E+3 14.000000E+0 2.000000E+0
798 46.000000E+0 65.484000E+3 12.000000E+0 2.000000E+0
799 52.000000E+0 65.485000E+3 10.000000E+0 1.000000E+0
800 55.000000E+0 65.490000E+3 9.000000E+0 1.000000E+0
801 59.000000E+0 65.494000E+3 7.000000E+0 0.000000E+0
802 59.000000E+0 65.501000E+3 5.000000E+0 0.000000E+0
803 59.000000E+0 65.508000E+3 4.000000E+0 0.000000E+0
804 57.000000E+0 65.516000E+3 3.000000E+0 0.000000E+0
805 57.000000E+0 65.523000E+3 4.000000E+0 0.000000E+0
806 54.000000E+0 65.531000E+3 6.000000E+0 0.000000E+0
807 52.000000E+0 2.000000E+0 7.000000E+0 0.000000E+0
808 47.000000E+0 10.000000E+0 8.000000E+0 0.000000E+0
809 43.000000E+0 19.000000E+0 9.000000E+0 0.000000E+0
810 38.000000E+0 26.000000E+0 8.000000E+0 0.000000E+0
811 33.000000E+0 36.000000E+0 7.000000E+0 0.000000E+0
812 27.000000E+0 41.000000E+0 7.000000E+0 0.000000E+0
813 21.000000E+0 49.000000E+0 7.000000E+0 0.000000E+0
814 15.000000E+0 50.000000E+0 7.000000E+0 0.000000E+0
815 10.000000E+0 54.000000E+0 7.000000E+0 0.000000E+0
816 5.000000E+0 52.000000E+0 8.000000E+0 0.000000E+0
817 2.000000E+0 52.000000E+0 8.000000E+0 0.000000E+0
818 0.000000E+0 47.000000E+0 9.000000E+0 65.535000E+3
819 65.534000E+3 41.000000E+0 12.000000E+0 65.534000E+3
820 65.531000E+3 32.000000E+0 15.000000E+0 65.533000E+3
821 65.527000E+3 22.000000E+0 19.000000E+0 65.531000E+3
822 65.525000E+3 12.000000E+0 22.000000E+0 65.529000E+3
823 65.522000E+3 1.000000E+0 27.000000E+0 65.525000E+3
824 65.520000E+3 65.530000E+3 31.000000E+0 65.522000E+3
825 65.517000E+3 65.523000E+3 35.000000E+0 65.518000E+3
826 65.515000E+3 65.520000E+3 37.000000E+0 65.518000E+3
827 65.512000E+3 65.518000E+3 38.000000E+0 65.519000E+3
828 65.511000E+3 65.519000E+3 35.000000E+0 65.525000E+3
829 65.511000E+3 65.521000E+3 31.000000E+0 65.531000E+3
830 65.512000E+3 65.524000E+3 25.000000E+0 1.000000E+0
831 65.513000E+3 65.527000E+3 17.000000E+0 12.000000E+0
832 65.515000E+3 65.530000E+3 8.000000E+0 21.000000E+0
833 65.517000E+3 65.531000E+3 65.535000E+3 33.000000E+0
834 65.519000E+3 65.532000E+3 65.526000E+3 40.000000E+0
835 65.521000E+3 65.533000E+3 65.517000E+3 47.000000E+0
836 65.523000E+3 65.534000E+3 65.509000E+3 49.000000E+0
837 65.525000E+3 65.535000E+3 65.501000E+3 52.000000E+0
838 65.526000E+3 0.000000E+0 65.496000E+3 50.000000E+0
839 65.528000E+3 0.000000E+0 65.490000E+3 49.000000E+0
840 65.528000E+3 0.000000E+0 65.486000E+3 44.000000E+0
841 65.529000E+3 0.000000E+0 65.483000E+3 40.000000E+0
842 65.530000E+3 0.000000E+0 65.482000E+3 33.000000E+0
843 65.530000E+3 0.000000E+0 65.481000E+3 26.000000E+0
844 65.531000E+3 0.000000E+0 65.482000E+3 18.000000E+0
845 65.531000E+3 0.000000E+0 65.483000E+3 10.000000E+0
846 65.531000E+3 0.000000E+0 65.486000E+3 4.000000E+0
847 65.531000E+3 0.000000E+0 65.488000E+3 65.534000E+3
848 65.531000E+3 0.000000E+0 65.492000E+3 65.527000E+3
849 65.531000E+3 0.000000E+0 65.497000E+3 65.517000E+3
850 65.530000E+3 0.000000E+0 65.502000E+3 65.509000E+3
851 65.530000E+3 0.000000E+0 65.507000E+3 65.499000E+3
852 65.530000E+3 0.000000E+0 65.512000E+3 65.494000E+3
853 65.529000E+3 0.000000E+0 65.517000E+3 65.488000E+3
854 65.528000E+3 0.000000E+0 65.522000E+3 65.486000E+3
855 65.528000E+3 0.000000E+0 65.527000E+3 65.483000E+3
856 65.527000E+3 0.000000E+0 65.531000E+3 65.484000E+3
857 65.526000E+3 1.000000E+0 65.534000E+3 65.484000E+3
858 65.525000E+3 1.000000E+0 0.000000E+0 65.490000E+3
859 65.522000E+3 2.000000E+0 1.000000E+0 65.495000E+3
860 65.520000E+3 3.000000E+0 3.000000E+0 65.504000E+3
861 65.515000E+3 5.000000E+0 6.000000E+0 65.514000E+3
862 65.512000E+3 7.000000E+0 9.000000E+0 65.524000E+3
863 65.507000E+3 11.000000E+0 12.000000E+0 65.534000E+3
864 65.505000E+3 14.000000E+0 15.000000E+0 5.000000E+0
865 65.502000E+3 17.000000E+0 18.000000E+0 12.000000E+0
866 65.501000E+3 18.000000E+0 21.000000E+0 16.000000E+0
867 65.500000E+3 16.000000E+0 23.000000E+0 18.000000E+0
868 65.501000E+3 12.000000E+0 24.000000E+0 17.000000E+0
869 65.505000E+3 4.000000E+0 25.000000E+0 14.000000E+0
870 65.509000E+3 65.533000E+3 24.000000E+0 11.000000E+0
871 65.517000E+3 65.523000E+3 23.000000E+0 9.000000E+0
872 65.527000E+3 65.513000E+3 20.000000E+0 6.000000E+0
873 2.000000E+0 65.501000E+3 18.000000E+0 4.000000E+0
874 12.000000E+0 65.494000E+3 16.000000E+0 3.000000E+0
875 22.000000E+0 65.488000E+3 15.000000E+0 2.000000E+0
876 30.000000E+0 65.487000E+3 14.000000E+0 2.000000E+0
877 39.000000E+0 65.485000E+3 13.000000E+0 2.000000E+0
878 44.000000E+0 65.488000E+3 11.000000E+0 1.000000E+0
879 50.000000E+0 65.489000E+3 9.000000E+0 0.000000E+0
880 52.000000E+0 65.494000E+3 8.000000E+0 0.000000E+0
881 55.000000E+0 65.498000E+3 6.000000E+0 0.000000E+0
882 55.000000E+0 65.505000E+3 5.000000E+0 0.000000E+0
883 56.000000E+0 65.510000E+3 4.000000E+0 0.000000E+0
884 55.000000E+0 65.517000E+3 4.000000E+0 0.000000E+0
885 55.000000E+0 65.525000E+3 5.000000E+0 0.000000E+0
886 52.000000E+0 65.532000E+3 7.000000E+0 0.000000E+0
887 49.000000E+0 4.000000E+0 8.000000E+0 0.000000E+0
888 44.000000E+0 11.000000E+0 8.000000E+0 0.000000E+0
889 40.000000E+0 21.000000E+0 8.000000E+0 0.000000E+0
890 35.000000E+0 28.000000E+0 7.000000E+0 0.000000E+0
891 30.000000E+0 37.000000E+0 7.000000E+0 0.000000E+0
892 24.000000E+0 42.000000E+0 6.000000E+0 0.000000E+0
893 18.000000E+0 48.000000E+0 6.000000E+0 0.000000E+0
894 13.000000E+0 50.000000E+0 6.000000E+0 0.000000E+0
895 8.000000E+0 53.000000E+0 7.000000E+0 0.000000E+0
896 5.000000E+0 52.000000E+0 8.000000E+0 0.000000E+0
897 1.000000E+0 52.000000E+0 9.000000E+0 0.000000E+0
898 0.000000E+0 47.000000E+0 10.000000E+0 65.535000E+3
899 65.533000E+3 41.000000E+0 12.000000E+0 65.534000E+3
900 65.530000E+3 31.000000E+0 15.000000E+0 65.533000E+3
901 65.527000E+3 21.000000E+0 19.000000E+0 65.531000E+3
902 65.524000E+3 11.000000E+0 23.000000E+0 65.529000E+3
903 65.521000E+3 0.000000E+0 28.000000E+0 65.525000E+3
904 65.519000E+3 65.529000E+3 31.000000E+0 65.522000E+3
905 65.516000E+3 65.523000E+3 35.000000E+0 65.518000E+3
906 65.514000E+3 65.520000E+3 36.000000E+0 65.518000E+3
907 65.512000E+3 65.518000E+3 37.000000E+0 65.520000E+3
908 65.511000E+3 65.519000E+3 35.000000E+0 65.525000E+3
909 65.511000E+3 65.521000E+3 31.000000E+0 65.532000E+3
910 65.512000E+3 65.524000E+3 24.000000E+0 2.000000E+0
911 65.513000E+3 65.527000E+3 16.000000E+0 13.000000E+0
912 65.515000E+3 65.530000E+3 7.000000E+0 23.000000E+0
913 65.516000E+3 65.532000E+3 65.534000E+3 35.000000E+0
914 65.519000E+3 65.532000E+3 65.525000E+3 41.000000E+0
915 65.521000E+3 65.533000E+3 65.515000E+3 48.000000E+0
916 65.523000E+3 65.534000E+3 65.508000E+3 49.000000E+0
917 65.525000E+3 65.535000E+3 65.499000E+3 52.000000E+0
918 65.526000E+3 65.535000E+3 65.494000E+3 50.000000E+0
919 65.528000E+3 0.000000E+0 65.488000E+3 49.000000E+0
920 65.528000E+3 0.000000E+0 65.484000E+3 44.000000E+0
921 65.529000E+3 0.000000E+0 65.480000E+3 39.000000E+0
922 65.530000E+3 0.000000E+0 65.480000E+3 32.000000E+0
923 65.530000E+3 0.000000E+0 65.478000E+3 25.000000E+0
924 65.531000E+3 0.000000E+0 65.480000E+3 16.000000E+0
925 65.531000E+3 0.000000E+0 65.481000E+3 9.000000E+0
926 65.531000E+3 0.000000E+0 65.484000E+3 2.000000E+0
927 65.530000E+3 0.000000E+0 65.487000E+3 65.531000E+3
928 65.530000E+3 0.000000E+0 65.491000E+3 65.523000E+3
929 65.530000E+3 0.000000E+0 65.496000E+3 65.512000E+3
930 65.530000E+3 0.000000E+0 65.501000E+3 65.504000E+3
931 65.530000E+3 0.000000E+0 65.507000E+3 65.494000E+3
932 65.529000E+3 0.000000E+0 65.512000E+3 65.490000E+3
933 65.529000E+3 0.000000E+0 65.517000E+3 65.483000E+3
934 65.528000E+3 0.000000E+0 65.523000E+3 65.483000E+3
935 65.527000E+3 0.000000E+0 65.528000E+3 65.479000E+3
936 65.526000E+3 1.000000E+0 65.532000E+3 65.481000E+3
937 65.525000E+3 1.000000E+0 65.535000E+3 65.481000E+3
938 65.523000E+3 2.000000E+0 0.000000E+0 65.488000E+3
939 65.520000E+3 3.000000E+0 1.000000E+0 65.495000E+3
940 65.517000E+3 4.000000E+0 3.000000E+0 65.505000E+3
941 65.513000E+3 7.000000E+0 7.000000E+0 65.515000E+3
942 65.509000E+3 9.000000E+0 9.000000E+0 65.526000E+3
943 65.505000E+3 13.000000E+0 13.000000E+0 0.000000E+0
944 65.502000E+3 16.000000E+0 16.000000E+0 9.000000E+0
945 65.498000E+3 20.000000E+0 19.000000E+0 16.000000E+0
946 65.496000E+3 21.000000E+0 22.000000E+0 20.000000E+0
947 65.495000E+3 21.000000E+0 24.000000E+0 22.000000E+0
948 65.496000E+3 16.000000E+0 25.000000E+0 21.000000E+0
949 65.500000E+3 9.000000E+0 26.000000E+0 19.000000E+0
950 65.505000E+3 0.000000E+0 25.000000E+0 15.000000E+0
951 65.514000E+3 65.525000E+3 24.000000E+0 11.000000E+0
952 65.525000E+3 65.514000E+3 22.000000E+0 8.000000E+0
953 0.000000E+0 65.501000E+3 20.000000E+0 5.000000E+0
954 11.000000E+0 65.494000E+3 18.000000E+0 3.000000E+0
955 22.000000E+0 65.486000E+3 16.000000E+0 3.000000E+0
956 30.000000E+0 65.484000E+3 15.000000E+0 3.000000E+0
957 40.000000E+0 65.482000E+3 14.000000E+0 2.000000E+0
958 46.000000E+0 65.484000E+3 12.000000E+0 2.000000E+0
959 52.000000E+0 65.485000E+3 10.000000E+0 1.000000E+0
960 55.000000E+0 65.490000E+3 9.000000E+0 1.000000E+0
961 59.000000E+0 65.494000E+3 7.000000E+0 0.000000E+0
962 59.000000E+0 65.501000E+3 5.000000E+0 0.000000E+0
963 59.000000E+0 65.508000E+3 4.000000E+0 0.000000E+0
964 57.000000E+0 65.515000E+3 3.000000E+0 0.000000E+0
965 57.000000E+0 65.523000E+3 4.000000E+0 0.000000E+0
966 54.000000E+0 65.531000E+3 6.000000E+0 0.000000E+0
967 52.000000E+0 2.000000E+0 8.000000E+0 0.000000E+0
968 48.000000E+0 9.000000E+0 8.000000E+0 0.000000E+0
969 43.000000E+0 18.000000E+0 8.000000E+0 0.000000E+0
970 38.000000E+0 26.000000E+0 8.000000E+0 0.000000E+0
971 33.000000E+0 36.000000E+0 7.000000E+0 0.000000E+0
972 27.000000E+0 42.000000E+0 7.000000E+0 0.000000E+0
973 21.000000E+0 49.000000E+0 7.000000E+0 0.000000E+0
974 15.000000E+0 51.000000E+0 7.000000E+0 0.000000E+0
975 10.000000E+0 54.000000E+0 7.000000E+0 0.000000E+0
976 6.000000E+0 52.000000E+0 8.000000E+0 0.000000E+0
977 2.000000E+0 52.000000E+0 9.000000E+0 0.000000E+0
978 0.000000E+0 47.000000E+0 10.000000E+0 65.535000E+3
979 65.534000E+3 42.000000E+0 12.000000E+0 65.534000E+3
980 65.531000E+3 32.000000E+0 15.000000E+0 65.533000E+3
981 65.527000E+3 22.000000E+0 19.000000E+0 65.531000E+3
982 65.525000E+3 12.000000E+0 23.000000E+0 65.529000E+3
983 65.522000E+3 1.000000E+0 27.000000E+0 65.525000E+3
984 65.520000E+3 65.530000E+3 31.000000E+0 65.522000E+3
985 65.517000E+3 65.523000E+3 35.000000E+0 65.518000E+3
986 65.514000E+3 65.520000E+3 37.000000E+0 65.518000E+3
987 65.512000E+3 65.518000E+3 38.000000E+0 65.519000E+3
988 65.511000E+3 65.519000E+3 35.000000E+0 65.525000E+3
989 65.511000E+3 65.521000E+3 31.000000E+0 65.531000E+3
990 65.512000E+3 65.525000E+3 24.000000E+0 2.000000E+0
991 65.513000E+3 65.527000E+3 16.000000E+0 13.000000E+0
992 65.515000E+3 65.530000E+3 7.000000E+0 23.000000E+0
993 65.517000E+3 65.532000E+3 65.534000E+3 34.000000E+0
994 65.519000E+3 65.532000E+3 65.525000E+3 41.000000E+0
995 65.521000E+3 65.533000E+3 65.515000E+3 47.000000E+0
996 65.523000E+3 65.534000E+3 65.508000E+3 49.000000E+0
997 65.525000E+3 65.535000E+3 65.499000E+3 52.000000E+0
998 65.526000E+3 65.535000E+3 65.494000E+3 50.000000E+0
999 65.528000E+3 0.000000E+0 65.487000E+3 49.000000E+0
1000 65.528000E+3 0.000000E+0 65.484000E+3 44.000000E+0
