0 0.000000E+0 65.528000E+3 7.000000E+0 0.000000E+0
1 0.000000E+0 65.528000E+3 7.000000E+0 65.528000E+3
2 56.000000E+0 65.416000E+3 65.479000E+3 119.000000E+0
3 42.000000E+0 65.486000E+3 65.486000E+3 70.000000E+0
4 147.000000E+0 65.282000E+3 65.388000E+3 253.000000E+0
5 84.000000E+0 65.423000E+3 65.430000E+3 133.000000E+0
6 175.000000E+0 65.268000E+3 65.346000E+3 281.000000E+0
7 126.000000E+0 65.416000E+3 65.395000E+3 147.000000E+0
8 196.000000E+0 65.261000E+3 65.325000E+3 267.000000E+0
9 140.000000E+0 65.416000E+3 65.381000E+3 140.000000E+0
10 203.000000E+0 65.282000E+3 65.325000E+3 260.000000E+0
11 147.000000E+0 65.423000E+3 65.381000E+3 140.000000E+0
12 196.000000E+0 65.289000E+3 65.325000E+3 260.000000E+0
13 140.000000E+0 65.423000E+3 65.388000E+3 133.000000E+0
14 189.000000E+0 65.296000E+3 65.332000E+3 253.000000E+0
15 133.000000E+0 65.423000E+3 65.388000E+3 133.000000E+0
16 182.000000E+0 65.296000E+3 65.332000E+3 253.000000E+0
17 126.000000E+0 65.409000E+3 65.388000E+3 140.000000E+0
18 175.000000E+0 65.303000E+3 65.339000E+3 246.000000E+0
19 119.000000E+0 65.416000E+3 65.395000E+3 126.000000E+0
20 175.000000E+0 65.318000E+3 65.346000E+3 239.000000E+0
21 126.000000E+0 65.423000E+3 65.402000E+3 133.000000E+0
22 168.000000E+0 65.318000E+3 65.353000E+3 225.000000E+0
23 119.000000E+0 65.423000E+3 65.402000E+3 119.000000E+0
24 161.000000E+0 65.325000E+3 65.353000E+3 210.000000E+0
25 112.000000E+0 65.423000E+3 65.402000E+3 119.000000E+0
26 161.000000E+0 65.339000E+3 65.360000E+3 210.000000E+0
27 119.000000E+0 65.430000E+3 65.402000E+3 112.000000E+0
28 154.000000E+0 65.346000E+3 65.360000E+3 196.000000E+0
29 112.000000E+0 65.430000E+3 65.402000E+3 105.000000E+0
30 147.000000E+0 65.360000E+3 65.374000E+3 189.000000E+0
31 112.000000E+0 65.437000E+3 65.416000E+3 112.000000E+0
32 140.000000E+0 65.360000E+3 65.374000E+3 182.000000E+0
33 105.000000E+0 65.437000E+3 65.416000E+3 112.000000E+0
34 133.000000E+0 65.374000E+3 65.388000E+3 175.000000E+0
35 105.000000E+0 65.437000E+3 65.423000E+3 98.000000E+0
36 126.000000E+0 65.381000E+3 65.395000E+3 161.000000E+0
37 91.000000E+0 65.444000E+3 65.423000E+3 98.000000E+0
38 119.000000E+0 65.395000E+3 65.409000E+3 154.000000E+0
39 91.000000E+0 65.451000E+3 65.437000E+3 91.000000E+0
40 112.000000E+0 65.395000E+3 65.416000E+3 140.000000E+0
41 84.000000E+0 65.451000E+3 65.437000E+3 91.000000E+0
42 105.000000E+0 65.416000E+3 65.416000E+3 133.000000E+0
43 84.000000E+0 65.458000E+3 65.437000E+3 84.000000E+0
44 91.000000E+0 65.430000E+3 65.423000E+3 119.000000E+0
45 70.000000E+0 65.465000E+3 65.444000E+3 77.000000E+0
46 84.000000E+0 65.444000E+3 65.430000E+3 98.000000E+0
47 70.000000E+0 65.472000E+3 65.451000E+3 70.000000E+0
48 77.000000E+0 65.465000E+3 65.451000E+3 84.000000E+0
49 63.000000E+0 65.486000E+3 65.458000E+3 84.000000E+0
50 63.000000E+0 65.479000E+3 65.458000E+3 77.000000E+0
51 49.000000E+0 65.486000E+3 65.465000E+3 63.000000E+0
52 42.000000E+0 65.493000E+3 65.472000E+3 49.000000E+0
53 42.000000E+0 65.493000E+3 65.479000E+3 49.000000E+0
54 35.000000E+0 65.500000E+3 65.479000E+3 49.000000E+0
55 35.000000E+0 65.493000E+3 65.479000E+3 56.000000E+0
56 35.000000E+0 65.500000E+3 65.479000E+3 49.000000E+0
57 42.000000E+0 65.500000E+3 65.486000E+3 49.000000E+0
58 35.000000E+0 65.500000E+3 65.486000E+3 49.000000E+0
59 35.000000E+0 65.500000E+3 65.486000E+3 49.000000E+0
60 35.000000E+0 65.493000E+3 65.486000E+3 49.000000E+0
61 42.000000E+0 65.500000E+3 65.486000E+3 49.000000E+0
62 35.000000E+0 65.500000E+3 65.493000E+3 49.000000E+0
63 35.000000E+0 65.500000E+3 65.493000E+3 49.000000E+0
64 42.000000E+0 65.486000E+3 65.493000E+3 49.000000E+0
65 42.000000E+0 65.493000E+3 65.493000E+3 49.000000E+0
66 77.000000E+0 65.451000E+3 65.493000E+3 49.000000E+0
67 70.000000E+0 65.472000E+3 65.493000E+3 49.000000E+0
68 126.000000E+0 65.416000E+3 65.486000E+3 56.000000E+0
69 98.000000E+0 65.458000E+3 65.493000E+3 56.000000E+0
70 175.000000E+0 65.381000E+3 65.493000E+3 49.000000E+0
71 140.000000E+0 65.444000E+3 65.493000E+3 49.000000E+0
72 225.000000E+0 65.367000E+3 65.500000E+3 49.000000E+0
73 168.000000E+0 65.444000E+3 65.500000E+3 49.000000E+0
74 260.000000E+0 65.367000E+3 65.500000E+3 49.000000E+0
75 196.000000E+0 65.444000E+3 65.493000E+3 49.000000E+0
76 267.000000E+0 65.388000E+3 65.507000E+3 49.000000E+0
77 203.000000E+0 65.451000E+3 65.500000E+3 49.000000E+0
78 267.000000E+0 65.430000E+3 65.507000E+3 49.000000E+0
79 203.000000E+0 65.465000E+3 65.507000E+3 49.000000E+0
80 253.000000E+0 65.458000E+3 65.514000E+3 49.000000E+0
81 189.000000E+0 65.479000E+3 65.514000E+3 49.000000E+0
82 225.000000E+0 65.507000E+3 65.521000E+3 49.000000E+0
83 168.000000E+0 65.500000E+3 65.521000E+3 49.000000E+0
84 182.000000E+0 35.000000E+0 0.000000E+0 49.000000E+0
85 140.000000E+0 7.000000E+0 65.528000E+3 49.000000E+0
86 140.000000E+0 91.000000E+0 14.000000E+0 49.000000E+0
87 112.000000E+0 35.000000E+0 7.000000E+0 49.000000E+0
88 98.000000E+0 140.000000E+0 21.000000E+0 49.000000E+0
89 84.000000E+0 56.000000E+0 14.000000E+0 49.000000E+0
90 49.000000E+0 154.000000E+0 35.000000E+0 42.000000E+0
91 49.000000E+0 63.000000E+0 21.000000E+0 42.000000E+0
92 0.000000E+0 168.000000E+0 56.000000E+0 42.000000E+0
93 7.000000E+0 77.000000E+0 35.000000E+0 42.000000E+0
94 65.486000E+3 154.000000E+0 63.000000E+0 35.000000E+0
95 65.507000E+3 63.000000E+0 42.000000E+0 35.000000E+0
96 65.458000E+3 112.000000E+0 91.000000E+0 21.000000E+0
97 65.493000E+3 42.000000E+0 70.000000E+0 21.000000E+0
98 65.444000E+3 56.000000E+0 140.000000E+0 0.000000E+0
99 65.486000E+3 14.000000E+0 105.000000E+0 7.000000E+0
100 65.437000E+3 65.514000E+3 196.000000E+0 65.507000E+3
101 65.479000E+3 65.514000E+3 140.000000E+0 65.528000E+3
102 65.423000E+3 65.430000E+3 260.000000E+0 65.486000E+3
103 65.465000E+3 65.465000E+3 189.000000E+0 65.521000E+3
104 65.402000E+3 65.423000E+3 302.000000E+0 65.472000E+3
105 65.451000E+3 65.465000E+3 217.000000E+0 65.514000E+3
106 65.388000E+3 65.437000E+3 246.000000E+0 65.521000E+3
107 65.437000E+3 65.472000E+3 168.000000E+0 0.000000E+0
108 65.402000E+3 65.465000E+3 126.000000E+0 77.000000E+0
109 65.451000E+3 65.486000E+3 84.000000E+0 63.000000E+0
110 65.430000E+3 65.486000E+3 65.500000E+3 182.000000E+0
111 65.472000E+3 65.493000E+3 65.507000E+3 112.000000E+0
112 65.458000E+3 65.493000E+3 65.360000E+3 246.000000E+0
113 65.493000E+3 65.500000E+3 65.395000E+3 133.000000E+0
114 65.479000E+3 65.500000E+3 65.240000E+3 253.000000E+0
115 65.507000E+3 65.500000E+3 65.318000E+3 140.000000E+0
116 65.493000E+3 65.500000E+3 65.163000E+3 253.000000E+0
117 65.507000E+3 65.507000E+3 65.268000E+3 133.000000E+0
118 65.500000E+3 65.507000E+3 65.121000E+3 217.000000E+0
119 65.514000E+3 65.507000E+3 65.240000E+3 126.000000E+0
120 65.507000E+3 65.507000E+3 65.107000E+3 175.000000E+0
121 65.514000E+3 65.507000E+3 65.233000E+3 112.000000E+0
122 65.507000E+3 65.500000E+3 65.121000E+3 105.000000E+0
123 65.521000E+3 65.500000E+3 65.240000E+3 84.000000E+0
124 65.507000E+3 65.500000E+3 65.149000E+3 35.000000E+0
125 65.521000E+3 65.500000E+3 65.261000E+3 42.000000E+0
126 65.507000E+3 65.507000E+3 65.205000E+3 65.486000E+3
127 65.521000E+3 65.507000E+3 65.289000E+3 65.514000E+3
128 65.507000E+3 65.507000E+3 65.275000E+3 65.402000E+3
129 65.521000E+3 65.507000E+3 65.339000E+3 65.479000E+3
130 65.500000E+3 65.507000E+3 65.346000E+3 65.360000E+3
131 65.521000E+3 65.507000E+3 65.381000E+3 65.465000E+3
132 65.493000E+3 65.514000E+3 65.402000E+3 65.332000E+3
133 65.514000E+3 65.514000E+3 65.430000E+3 65.444000E+3
134 65.479000E+3 65.521000E+3 65.465000E+3 65.339000E+3
135 65.500000E+3 65.514000E+3 65.465000E+3 65.451000E+3
136 65.444000E+3 65.521000E+3 65.507000E+3 65.374000E+3
137 65.472000E+3 65.528000E+3 65.507000E+3 65.465000E+3
138 65.409000E+3 0.000000E+0 35.000000E+0 65.444000E+3
139 65.451000E+3 65.528000E+3 21.000000E+0 65.500000E+3
140 65.353000E+3 21.000000E+0 77.000000E+0 7.000000E+0
141 65.423000E+3 0.000000E+0 56.000000E+0 14.000000E+0
142 65.296000E+3 42.000000E+0 126.000000E+0 91.000000E+0
143 65.374000E+3 7.000000E+0 84.000000E+0 70.000000E+0
144 65.240000E+3 56.000000E+0 147.000000E+0 133.000000E+0
145 65.325000E+3 14.000000E+0 98.000000E+0 91.000000E+0
146 65.296000E+3 7.000000E+0 154.000000E+0 105.000000E+0
147 65.367000E+3 65.528000E+3 98.000000E+0 63.000000E+0
148 65.423000E+3 65.451000E+3 147.000000E+0 77.000000E+0
149 65.486000E+3 65.472000E+3 91.000000E+0 56.000000E+0
150 56.000000E+0 65.353000E+3 119.000000E+0 63.000000E+0
151 56.000000E+0 65.430000E+3 77.000000E+0 56.000000E+0
152 210.000000E+0 65.311000E+3 91.000000E+0 56.000000E+0
153 154.000000E+0 65.423000E+3 63.000000E+0 49.000000E+0
154 316.000000E+0 65.289000E+3 84.000000E+0 49.000000E+0
155 225.000000E+0 65.402000E+3 49.000000E+0 42.000000E+0
156 386.000000E+0 65.303000E+3 56.000000E+0 49.000000E+0
157 267.000000E+0 65.409000E+3 35.000000E+0 42.000000E+0
158 414.000000E+0 65.332000E+3 42.000000E+0 49.000000E+0
159 281.000000E+0 65.423000E+3 28.000000E+0 42.000000E+0
160 421.000000E+0 65.381000E+3 42.000000E+0 42.000000E+0
161 295.000000E+0 65.444000E+3 42.000000E+0 42.000000E+0
162 414.000000E+0 65.444000E+3 56.000000E+0 42.000000E+0
163 288.000000E+0 65.472000E+3 42.000000E+0 42.000000E+0
164 372.000000E+0 65.521000E+3 42.000000E+0 42.000000E+0
165 260.000000E+0 65.521000E+3 28.000000E+0 42.000000E+0
166 309.000000E+0 77.000000E+0 35.000000E+0 42.000000E+0
167 217.000000E+0 35.000000E+0 14.000000E+0 42.000000E+0
168 246.000000E+0 140.000000E+0 28.000000E+0 42.000000E+0
169 175.000000E+0 56.000000E+0 14.000000E+0 42.000000E+0
170 175.000000E+0 189.000000E+0 42.000000E+0 28.000000E+0
171 140.000000E+0 84.000000E+0 28.000000E+0 28.000000E+0
172 105.000000E+0 210.000000E+0 49.000000E+0 28.000000E+0
173 98.000000E+0 91.000000E+0 35.000000E+0 35.000000E+0
174 56.000000E+0 210.000000E+0 77.000000E+0 14.000000E+0
175 56.000000E+0 84.000000E+0 56.000000E+0 21.000000E+0
176 0.000000E+0 161.000000E+0 112.000000E+0 7.000000E+0
177 7.000000E+0 63.000000E+0 84.000000E+0 14.000000E+0
178 65.486000E+3 70.000000E+0 161.000000E+0 65.528000E+3
179 65.507000E+3 28.000000E+0 119.000000E+0 0.000000E+0
180 65.458000E+3 65.514000E+3 217.000000E+0 65.500000E+3
181 65.493000E+3 65.514000E+3 154.000000E+0 65.528000E+3
182 65.423000E+3 65.416000E+3 288.000000E+0 65.465000E+3
183 65.472000E+3 65.458000E+3 203.000000E+0 65.514000E+3
184 65.395000E+3 65.402000E+3 330.000000E+0 65.451000E+3
185 65.451000E+3 65.458000E+3 232.000000E+0 65.507000E+3
186 65.381000E+3 65.430000E+3 274.000000E+0 65.500000E+3
187 65.437000E+3 65.465000E+3 196.000000E+0 65.528000E+3
188 65.395000E+3 65.465000E+3 140.000000E+0 70.000000E+0
189 65.451000E+3 65.486000E+3 84.000000E+0 56.000000E+0
190 65.416000E+3 65.486000E+3 65.507000E+3 189.000000E+0
191 65.465000E+3 65.493000E+3 65.507000E+3 112.000000E+0
192 65.458000E+3 65.493000E+3 65.353000E+3 246.000000E+0
193 65.486000E+3 65.500000E+3 65.395000E+3 140.000000E+0
194 65.479000E+3 65.500000E+3 65.219000E+3 267.000000E+0
195 65.500000E+3 65.507000E+3 65.303000E+3 147.000000E+0
196 65.486000E+3 65.500000E+3 65.142000E+3 260.000000E+0
197 65.500000E+3 65.500000E+3 65.247000E+3 147.000000E+0
198 65.493000E+3 65.500000E+3 65.093000E+3 232.000000E+0
199 65.514000E+3 65.500000E+3 65.219000E+3 133.000000E+0
200 65.500000E+3 65.507000E+3 65.078000E+3 175.000000E+0
201 65.521000E+3 65.500000E+3 65.205000E+3 112.000000E+0
202 65.500000E+3 65.493000E+3 65.100000E+3 112.000000E+0
203 65.514000E+3 65.500000E+3 65.219000E+3 84.000000E+0
204 65.507000E+3 65.500000E+3 65.128000E+3 35.000000E+0
205 65.521000E+3 65.500000E+3 65.233000E+3 35.000000E+0
206 65.507000E+3 65.500000E+3 65.177000E+3 65.472000E+3
207 65.521000E+3 65.507000E+3 65.275000E+3 65.514000E+3
208 65.500000E+3 65.507000E+3 65.254000E+3 65.388000E+3
209 65.521000E+3 65.507000E+3 65.325000E+3 65.472000E+3
210 65.500000E+3 65.507000E+3 65.318000E+3 65.339000E+3
211 65.514000E+3 65.507000E+3 65.367000E+3 65.451000E+3
212 65.493000E+3 65.514000E+3 65.395000E+3 65.311000E+3
213 65.507000E+3 65.514000E+3 65.416000E+3 65.437000E+3
214 65.465000E+3 65.514000E+3 65.458000E+3 65.311000E+3
215 65.493000E+3 65.514000E+3 65.458000E+3 65.444000E+3
216 65.437000E+3 65.528000E+3 65.507000E+3 65.367000E+3
217 65.465000E+3 65.521000E+3 65.507000E+3 65.465000E+3
218 65.388000E+3 7.000000E+0 28.000000E+0 65.444000E+3
219 65.437000E+3 65.528000E+3 14.000000E+0 65.500000E+3
220 65.332000E+3 28.000000E+0 77.000000E+0 14.000000E+0
221 65.402000E+3 0.000000E+0 49.000000E+0 14.000000E+0
222 65.261000E+3 56.000000E+0 119.000000E+0 119.000000E+0
223 65.353000E+3 14.000000E+0 77.000000E+0 77.000000E+0
224 65.205000E+3 84.000000E+0 161.000000E+0 140.000000E+0
225 65.296000E+3 28.000000E+0 105.000000E+0 91.000000E+0
226 65.261000E+3 28.000000E+0 168.000000E+0 126.000000E+0
227 65.346000E+3 0.000000E+0 112.000000E+0 77.000000E+0
228 65.388000E+3 65.472000E+3 154.000000E+0 84.000000E+0
229 65.451000E+3 65.479000E+3 98.000000E+0 63.000000E+0
230 42.000000E+0 65.360000E+3 126.000000E+0 63.000000E+0
231 49.000000E+0 65.437000E+3 84.000000E+0 49.000000E+0
232 182.000000E+0 65.303000E+3 105.000000E+0 56.000000E+0
233 140.000000E+0 65.409000E+3 119.000000E+0 56.000000E+0
234 302.000000E+0 65.282000E+3 84.000000E+0 56.000000E+0
235 217.000000E+0 65.402000E+3 56.000000E+0 49.000000E+0
236 372.000000E+0 65.289000E+3 63.000000E+0 49.000000E+0
237 267.000000E+0 65.402000E+3 35.000000E+0 49.000000E+0
238 421.000000E+0 65.318000E+3 49.000000E+0 42.000000E+0
239 288.000000E+0 65.416000E+3 35.000000E+0 42.000000E+0
240 421.000000E+0 65.367000E+3 35.000000E+0 42.000000E+0
241 295.000000E+0 65.430000E+3 35.000000E+0 42.000000E+0
242 414.000000E+0 65.430000E+3 56.000000E+0 42.000000E+0
243 288.000000E+0 65.465000E+3 42.000000E+0 42.000000E+0
244 386.000000E+0 65.493000E+3 56.000000E+0 42.000000E+0
245 267.000000E+0 65.500000E+3 35.000000E+0 42.000000E+0
246 330.000000E+0 49.000000E+0 42.000000E+0 42.000000E+0
247 232.000000E+0 14.000000E+0 21.000000E+0 42.000000E+0
248 260.000000E+0 119.000000E+0 28.000000E+0 42.000000E+0
249 189.000000E+0 42.000000E+0 14.000000E+0 35.000000E+0
250 189.000000E+0 175.000000E+0 35.000000E+0 28.000000E+0
251 140.000000E+0 77.000000E+0 14.000000E+0 35.000000E+0
252 126.000000E+0 196.000000E+0 49.000000E+0 28.000000E+0
253 105.000000E+0 84.000000E+0 28.000000E+0 28.000000E+0
254 70.000000E+0 196.000000E+0 63.000000E+0 21.000000E+0
255 63.000000E+0 84.000000E+0 49.000000E+0 28.000000E+0
256 14.000000E+0 154.000000E+0 105.000000E+0 14.000000E+0
257 21.000000E+0 56.000000E+0 77.000000E+0 14.000000E+0
258 65.493000E+3 84.000000E+0 147.000000E+0 65.528000E+3
259 65.514000E+3 28.000000E+0 105.000000E+0 0.000000E+0
260 65.458000E+3 65.528000E+3 196.000000E+0 65.514000E+3
261 65.493000E+3 65.521000E+3 140.000000E+0 65.528000E+3
262 65.423000E+3 65.437000E+3 260.000000E+0 65.479000E+3
263 65.465000E+3 65.465000E+3 189.000000E+0 65.514000E+3
264 65.402000E+3 65.423000E+3 295.000000E+0 65.472000E+3
265 65.458000E+3 65.465000E+3 210.000000E+0 65.521000E+3
266 65.388000E+3 65.444000E+3 246.000000E+0 65.521000E+3
267 65.444000E+3 65.479000E+3 168.000000E+0 7.000000E+0
268 65.409000E+3 65.472000E+3 119.000000E+0 77.000000E+0
269 65.458000E+3 65.486000E+3 70.000000E+0 63.000000E+0
270 65.430000E+3 65.486000E+3 65.486000E+3 189.000000E+0
271 65.472000E+3 65.500000E+3 65.493000E+3 112.000000E+0
272 65.458000E+3 65.493000E+3 65.353000E+3 232.000000E+0
273 65.493000E+3 65.500000E+3 65.388000E+3 126.000000E+0
274 65.472000E+3 65.500000E+3 65.226000E+3 253.000000E+0
275 65.500000E+3 65.500000E+3 65.311000E+3 140.000000E+0
276 65.493000E+3 65.507000E+3 65.156000E+3 246.000000E+0
277 65.507000E+3 65.500000E+3 65.261000E+3 140.000000E+0
278 65.500000E+3 65.507000E+3 65.114000E+3 217.000000E+0
279 65.514000E+3 65.507000E+3 65.226000E+3 126.000000E+0
280 65.500000E+3 65.493000E+3 65.093000E+3 168.000000E+0
281 65.514000E+3 65.500000E+3 65.219000E+3 105.000000E+0
282 65.507000E+3 65.500000E+3 65.107000E+3 98.000000E+0
283 65.521000E+3 65.500000E+3 65.233000E+3 77.000000E+0
284 65.507000E+3 65.500000E+3 65.149000E+3 21.000000E+0
285 65.514000E+3 65.500000E+3 65.254000E+3 21.000000E+0
286 65.507000E+3 65.507000E+3 65.205000E+3 65.451000E+3
287 65.521000E+3 65.507000E+3 65.289000E+3 65.500000E+3
288 65.507000E+3 65.507000E+3 65.268000E+3 65.388000E+3
289 65.521000E+3 65.507000E+3 65.332000E+3 65.479000E+3
290 65.500000E+3 65.507000E+3 65.339000E+3 65.339000E+3
291 65.514000E+3 65.507000E+3 65.374000E+3 65.451000E+3
292 65.486000E+3 65.514000E+3 65.402000E+3 65.318000E+3
293 65.507000E+3 65.514000E+3 65.416000E+3 65.437000E+3
294 65.472000E+3 65.521000E+3 65.465000E+3 65.318000E+3
295 65.486000E+3 65.514000E+3 65.465000E+3 65.444000E+3
296 65.437000E+3 0.000000E+0 65.514000E+3 65.374000E+3
297 65.472000E+3 65.521000E+3 65.514000E+3 65.465000E+3
298 65.388000E+3 7.000000E+0 35.000000E+0 65.444000E+3
299 65.444000E+3 0.000000E+0 21.000000E+0 65.500000E+3
300 65.339000E+3 35.000000E+0 77.000000E+0 21.000000E+0
301 65.402000E+3 7.000000E+0 49.000000E+0 21.000000E+0
302 65.261000E+3 63.000000E+0 126.000000E+0 119.000000E+0
303 65.353000E+3 14.000000E+0 84.000000E+0 84.000000E+0
304 65.205000E+3 77.000000E+0 161.000000E+0 140.000000E+0
305 65.296000E+3 21.000000E+0 105.000000E+0 91.000000E+0
306 65.254000E+3 28.000000E+0 168.000000E+0 119.000000E+0
307 65.339000E+3 0.000000E+0 105.000000E+0 77.000000E+0
308 65.395000E+3 65.465000E+3 154.000000E+0 84.000000E+0
309 65.458000E+3 65.472000E+3 98.000000E+0 56.000000E+0
310 56.000000E+0 65.360000E+3 126.000000E+0 63.000000E+0
311 49.000000E+0 65.430000E+3 84.000000E+0 49.000000E+0
312 203.000000E+0 65.296000E+3 105.000000E+0 63.000000E+0
313 154.000000E+0 65.416000E+3 70.000000E+0 56.000000E+0
314 316.000000E+0 65.289000E+3 84.000000E+0 56.000000E+0
315 232.000000E+0 65.402000E+3 56.000000E+0 49.000000E+0
316 393.000000E+0 65.282000E+3 56.000000E+0 49.000000E+0
317 281.000000E+0 65.395000E+3 35.000000E+0 42.000000E+0
318 428.000000E+0 65.325000E+3 49.000000E+0 49.000000E+0
319 302.000000E+0 65.416000E+3 28.000000E+0 42.000000E+0
320 435.000000E+0 65.367000E+3 42.000000E+0 42.000000E+0
321 302.000000E+0 65.430000E+3 42.000000E+0 42.000000E+0
322 428.000000E+0 65.437000E+3 49.000000E+0 42.000000E+0
323 302.000000E+0 65.465000E+3 42.000000E+0 42.000000E+0
324 393.000000E+0 65.514000E+3 56.000000E+0 42.000000E+0
325 274.000000E+0 65.514000E+3 35.000000E+0 42.000000E+0
326 337.000000E+0 77.000000E+0 35.000000E+0 42.000000E+0
327 239.000000E+0 28.000000E+0 21.000000E+0 42.000000E+0
328 267.000000E+0 133.000000E+0 28.000000E+0 42.000000E+0
329 189.000000E+0 56.000000E+0 14.000000E+0 35.000000E+0
330 189.000000E+0 196.000000E+0 35.000000E+0 28.000000E+0
331 140.000000E+0 77.000000E+0 21.000000E+0 28.000000E+0
332 126.000000E+0 210.000000E+0 49.000000E+0 28.000000E+0
333 105.000000E+0 91.000000E+0 28.000000E+0 35.000000E+0
334 63.000000E+0 210.000000E+0 77.000000E+0 14.000000E+0
335 63.000000E+0 91.000000E+0 56.000000E+0 21.000000E+0
336 7.000000E+0 161.000000E+0 112.000000E+0 7.000000E+0
337 14.000000E+0 70.000000E+0 91.000000E+0 14.000000E+0
338 65.493000E+3 77.000000E+0 168.000000E+0 65.528000E+3
339 65.514000E+3 28.000000E+0 119.000000E+0 0.000000E+0
340 65.451000E+3 65.521000E+3 225.000000E+0 65.493000E+3
341 65.493000E+3 65.521000E+3 161.000000E+0 65.521000E+3
342 65.430000E+3 65.416000E+3 288.000000E+0 65.465000E+3
343 65.472000E+3 65.458000E+3 203.000000E+0 65.514000E+3
344 65.388000E+3 65.402000E+3 330.000000E+0 65.451000E+3
345 65.451000E+3 65.458000E+3 232.000000E+0 65.507000E+3
346 65.374000E+3 65.430000E+3 281.000000E+0 65.500000E+3
347 65.437000E+3 65.472000E+3 196.000000E+0 65.528000E+3
348 65.388000E+3 65.465000E+3 140.000000E+0 70.000000E+0
349 65.451000E+3 65.486000E+3 91.000000E+0 63.000000E+0
350 65.416000E+3 65.486000E+3 65.507000E+3 182.000000E+0
351 65.465000E+3 65.493000E+3 65.507000E+3 112.000000E+0
352 65.458000E+3 65.500000E+3 65.353000E+3 246.000000E+0
353 65.486000E+3 65.500000E+3 65.395000E+3 140.000000E+0
354 65.472000E+3 65.500000E+3 65.226000E+3 274.000000E+0
355 65.500000E+3 65.507000E+3 65.303000E+3 147.000000E+0
356 65.479000E+3 65.500000E+3 65.142000E+3 260.000000E+0
357 65.500000E+3 65.500000E+3 65.254000E+3 147.000000E+0
358 65.500000E+3 65.500000E+3 65.100000E+3 225.000000E+0
359 65.514000E+3 65.500000E+3 65.226000E+3 133.000000E+0
360 65.500000E+3 65.500000E+3 65.078000E+3 182.000000E+0
361 65.521000E+3 65.500000E+3 65.212000E+3 112.000000E+0
362 65.500000E+3 65.493000E+3 65.107000E+3 112.000000E+0
363 65.514000E+3 65.500000E+3 65.219000E+3 84.000000E+0
364 65.507000E+3 65.493000E+3 65.121000E+3 35.000000E+0
365 65.521000E+3 65.500000E+3 65.240000E+3 35.000000E+0
366 65.507000E+3 65.507000E+3 65.177000E+3 65.472000E+3
367 65.521000E+3 65.507000E+3 65.275000E+3 65.514000E+3
368 65.500000E+3 65.507000E+3 65.254000E+3 65.388000E+3
369 65.514000E+3 65.507000E+3 65.325000E+3 65.472000E+3
370 65.500000E+3 65.507000E+3 65.325000E+3 65.339000E+3
371 65.514000E+3 65.507000E+3 65.367000E+3 65.458000E+3
372 65.486000E+3 65.514000E+3 65.395000E+3 65.311000E+3
373 65.507000E+3 65.514000E+3 65.416000E+3 65.437000E+3
374 65.465000E+3 65.521000E+3 65.458000E+3 65.325000E+3
375 65.493000E+3 65.514000E+3 65.458000E+3 65.444000E+3
376 65.437000E+3 65.528000E+3 65.507000E+3 65.367000E+3
377 65.465000E+3 65.521000E+3 65.507000E+3 65.465000E+3
378 65.388000E+3 7.000000E+0 35.000000E+0 65.451000E+3
379 65.437000E+3 65.528000E+3 14.000000E+0 65.500000E+3
380 65.332000E+3 28.000000E+0 77.000000E+0 14.000000E+0
381 65.402000E+3 7.000000E+0 49.000000E+0 14.000000E+0
382 65.268000E+3 56.000000E+0 126.000000E+0 119.000000E+0
383 65.353000E+3 14.000000E+0 84.000000E+0 77.000000E+0
384 65.205000E+3 77.000000E+0 161.000000E+0 140.000000E+0
385 65.296000E+3 28.000000E+0 105.000000E+0 91.000000E+0
386 65.254000E+3 28.000000E+0 161.000000E+0 119.000000E+0
387 65.346000E+3 0.000000E+0 105.000000E+0 77.000000E+0
388 65.395000E+3 65.458000E+3 154.000000E+0 84.000000E+0
389 65.458000E+3 65.472000E+3 98.000000E+0 56.000000E+0
390 56.000000E+0 65.360000E+3 126.000000E+0 63.000000E+0
391 49.000000E+0 65.430000E+3 84.000000E+0 56.000000E+0
392 203.000000E+0 65.296000E+3 105.000000E+0 56.000000E+0
393 154.000000E+0 65.416000E+3 70.000000E+0 56.000000E+0
394 316.000000E+0 65.289000E+3 84.000000E+0 56.000000E+0
395 225.000000E+0 65.402000E+3 49.000000E+0 56.000000E+0
396 393.000000E+0 65.282000E+3 63.000000E+0 49.000000E+0
397 274.000000E+0 65.395000E+3 35.000000E+0 49.000000E+0
398 421.000000E+0 65.325000E+3 49.000000E+0 42.000000E+0
399 295.000000E+0 65.416000E+3 28.000000E+0 42.000000E+0
400 435.000000E+0 65.360000E+3 42.000000E+0 42.000000E+0
401 302.000000E+0 65.430000E+3 42.000000E+0 42.000000E+0
402 428.000000E+0 65.437000E+3 49.000000E+0 42.000000E+0
403 302.000000E+0 65.465000E+3 49.000000E+0 42.000000E+0
404 393.000000E+0 65.514000E+3 56.000000E+0 42.000000E+0
405 274.000000E+0 65.514000E+3 35.000000E+0 35.000000E+0
406 330.000000E+0 77.000000E+0 35.000000E+0 42.000000E+0
407 232.000000E+0 28.000000E+0 21.000000E+0 42.000000E+0
408 267.000000E+0 133.000000E+0 28.000000E+0 35.000000E+0
409 189.000000E+0 56.000000E+0 14.000000E+0 35.000000E+0
410 182.000000E+0 189.000000E+0 35.000000E+0 28.000000E+0
411 147.000000E+0 77.000000E+0 21.000000E+0 28.000000E+0
412 126.000000E+0 210.000000E+0 49.000000E+0 28.000000E+0
413 98.000000E+0 84.000000E+0 28.000000E+0 28.000000E+0
414 63.000000E+0 210.000000E+0 77.000000E+0 21.000000E+0
415 63.000000E+0 84.000000E+0 56.000000E+0 21.000000E+0
416 7.000000E+0 154.000000E+0 112.000000E+0 14.000000E+0
417 7.000000E+0 63.000000E+0 84.000000E+0 14.000000E+0
418 65.493000E+3 77.000000E+0 168.000000E+0 65.528000E+3
419 65.514000E+3 21.000000E+0 119.000000E+0 0.000000E+0
420 65.458000E+3 65.514000E+3 225.000000E+0 65.493000E+3
421 65.493000E+3 65.514000E+3 161.000000E+0 65.528000E+3
422 65.423000E+3 65.409000E+3 288.000000E+0 65.465000E+3
423 65.465000E+3 65.458000E+3 203.000000E+0 65.514000E+3
424 65.395000E+3 65.402000E+3 330.000000E+0 65.451000E+3
425 65.451000E+3 65.458000E+3 232.000000E+0 65.507000E+3
426 65.374000E+3 65.430000E+3 281.000000E+0 65.500000E+3
427 65.437000E+3 65.472000E+3 196.000000E+0 65.528000E+3
428 65.395000E+3 65.465000E+3 147.000000E+0 70.000000E+0
429 65.451000E+3 65.493000E+3 91.000000E+0 56.000000E+0
430 65.416000E+3 65.479000E+3 65.514000E+3 182.000000E+0
431 65.465000E+3 65.493000E+3 65.514000E+3 105.000000E+0
432 65.458000E+3 65.493000E+3 65.367000E+3 239.000000E+0
433 65.486000E+3 65.500000E+3 65.402000E+3 133.000000E+0
434 65.472000E+3 65.500000E+3 65.233000E+3 267.000000E+0
435 65.500000E+3 65.500000E+3 65.311000E+3 147.000000E+0
436 65.479000E+3 65.500000E+3 65.163000E+3 267.000000E+0
437 65.507000E+3 65.500000E+3 65.261000E+3 147.000000E+0
438 65.493000E+3 65.500000E+3 65.114000E+3 225.000000E+0
439 65.514000E+3 65.500000E+3 65.240000E+3 133.000000E+0
440 65.500000E+3 65.500000E+3 65.093000E+3 182.000000E+0
441 65.514000E+3 65.500000E+3 65.219000E+3 119.000000E+0
442 65.507000E+3 65.493000E+3 65.100000E+3 119.000000E+0
443 65.521000E+3 65.493000E+3 65.226000E+3 91.000000E+0
444 65.507000E+3 65.500000E+3 65.128000E+3 49.000000E+0
445 65.521000E+3 65.500000E+3 65.254000E+3 42.000000E+0
446 65.514000E+3 65.507000E+3 65.177000E+3 65.486000E+3
447 65.521000E+3 65.507000E+3 65.282000E+3 65.521000E+3
448 65.507000E+3 65.507000E+3 65.254000E+3 65.409000E+3
449 65.521000E+3 65.507000E+3 65.325000E+3 65.486000E+3
450 65.507000E+3 65.507000E+3 65.325000E+3 65.360000E+3
451 65.514000E+3 65.507000E+3 65.374000E+3 65.465000E+3
452 65.486000E+3 65.514000E+3 65.388000E+3 65.332000E+3
453 65.507000E+3 65.514000E+3 65.416000E+3 65.444000E+3
454 65.479000E+3 65.514000E+3 65.458000E+3 65.339000E+3
455 65.500000E+3 65.521000E+3 65.465000E+3 65.451000E+3
456 65.451000E+3 65.521000E+3 65.507000E+3 65.367000E+3
457 65.472000E+3 65.521000E+3 65.507000E+3 65.465000E+3
458 65.409000E+3 0.000000E+0 21.000000E+0 65.451000E+3
459 65.451000E+3 65.528000E+3 14.000000E+0 65.500000E+3
460 65.353000E+3 28.000000E+0 77.000000E+0 0.000000E+0
461 65.416000E+3 0.000000E+0 49.000000E+0 7.000000E+0
462 65.296000E+3 42.000000E+0 112.000000E+0 91.000000E+0
463 65.374000E+3 7.000000E+0 77.000000E+0 70.000000E+0
464 65.247000E+3 63.000000E+0 154.000000E+0 133.000000E+0
465 65.325000E+3 14.000000E+0 98.000000E+0 91.000000E+0
466 65.296000E+3 7.000000E+0 161.000000E+0 105.000000E+0
467 65.374000E+3 65.528000E+3 105.000000E+0 70.000000E+0
468 65.430000E+3 65.451000E+3 147.000000E+0 77.000000E+0
469 65.479000E+3 65.472000E+3 91.000000E+0 56.000000E+0
470 56.000000E+0 65.353000E+3 112.000000E+0 63.000000E+0
471 56.000000E+0 65.430000E+3 77.000000E+0 56.000000E+0
472 203.000000E+0 65.311000E+3 98.000000E+0 56.000000E+0
473 154.000000E+0 65.423000E+3 63.000000E+0 49.000000E+0
474 309.000000E+0 65.289000E+3 77.000000E+0 49.000000E+0
475 225.000000E+0 65.409000E+3 49.000000E+0 49.000000E+0
476 379.000000E+0 65.303000E+3 56.000000E+0 49.000000E+0
477 267.000000E+0 65.409000E+3 35.000000E+0 49.000000E+0
478 407.000000E+0 65.332000E+3 42.000000E+0 42.000000E+0
479 281.000000E+0 65.416000E+3 28.000000E+0 49.000000E+0
480 414.000000E+0 65.381000E+3 42.000000E+0 42.000000E+0
481 288.000000E+0 65.444000E+3 42.000000E+0 42.000000E+0
482 414.000000E+0 65.451000E+3 49.000000E+0 42.000000E+0
483 288.000000E+0 65.472000E+3 42.000000E+0 42.000000E+0
484 365.000000E+0 65.521000E+3 49.000000E+0 42.000000E+0
485 253.000000E+0 65.514000E+3 28.000000E+0 42.000000E+0
486 316.000000E+0 77.000000E+0 28.000000E+0 42.000000E+0
487 217.000000E+0 28.000000E+0 21.000000E+0 42.000000E+0
488 246.000000E+0 133.000000E+0 28.000000E+0 35.000000E+0
489 175.000000E+0 56.000000E+0 14.000000E+0 42.000000E+0
490 175.000000E+0 189.000000E+0 42.000000E+0 35.000000E+0
491 133.000000E+0 77.000000E+0 21.000000E+0 28.000000E+0
492 112.000000E+0 203.000000E+0 49.000000E+0 28.000000E+0
493 91.000000E+0 91.000000E+0 35.000000E+0 28.000000E+0
494 56.000000E+0 203.000000E+0 77.000000E+0 14.000000E+0
495 56.000000E+0 84.000000E+0 56.000000E+0 21.000000E+0
496 0.000000E+0 154.000000E+0 112.000000E+0 7.000000E+0
497 7.000000E+0 63.000000E+0 84.000000E+0 14.000000E+0
498 65.486000E+3 70.000000E+0 168.000000E+0 65.521000E+3
499 65.507000E+3 28.000000E+0 119.000000E+0 0.000000E+0
500 65.451000E+3 65.514000E+3 217.000000E+0 65.500000E+3
501 65.493000E+3 65.514000E+3 154.000000E+0 65.528000E+3
502 65.423000E+3 65.416000E+3 288.000000E+0 65.472000E+3
503 65.472000E+3 65.458000E+3 203.000000E+0 65.514000E+3
504 65.388000E+3 65.402000E+3 330.000000E+0 65.451000E+3
505 65.451000E+3 65.458000E+3 232.000000E+0 65.507000E+3
506 65.374000E+3 65.437000E+3 281.000000E+0 65.500000E+3
507 65.437000E+3 65.465000E+3 196.000000E+0 65.528000E+3
508 65.402000E+3 65.465000E+3 147.000000E+0 70.000000E+0
509 65.451000E+3 65.486000E+3 98.000000E+0 56.000000E+0
510 65.423000E+3 65.479000E+3 65.521000E+3 182.000000E+0
511 65.465000E+3 65.493000E+3 65.514000E+3 112.000000E+0
512 65.451000E+3 65.493000E+3 65.360000E+3 239.000000E+0
513 65.486000E+3 65.500000E+3 65.402000E+3 133.000000E+0
514 65.472000E+3 65.500000E+3 65.240000E+3 267.000000E+0
515 65.500000E+3 65.500000E+3 65.311000E+3 147.000000E+0
516 65.479000E+3 65.500000E+3 65.156000E+3 267.000000E+0
517 65.500000E+3 65.500000E+3 65.261000E+3 147.000000E+0
518 65.493000E+3 65.500000E+3 65.107000E+3 225.000000E+0
519 65.514000E+3 65.500000E+3 65.233000E+3 133.000000E+0
520 65.500000E+3 65.500000E+3 65.086000E+3 182.000000E+0
521 65.514000E+3 65.500000E+3 65.219000E+3 112.000000E+0
522 65.507000E+3 65.493000E+3 65.100000E+3 119.000000E+0
523 65.521000E+3 65.493000E+3 65.226000E+3 91.000000E+0
524 65.507000E+3 65.500000E+3 65.135000E+3 49.000000E+0
525 65.521000E+3 65.493000E+3 65.240000E+3 49.000000E+0
526 65.514000E+3 65.500000E+3 65.184000E+3 65.493000E+3
527 65.521000E+3 65.507000E+3 65.282000E+3 65.514000E+3
528 65.507000E+3 65.507000E+3 65.254000E+3 65.409000E+3
529 65.521000E+3 65.507000E+3 65.325000E+3 65.486000E+3
530 65.507000E+3 65.507000E+3 65.325000E+3 65.360000E+3
531 65.514000E+3 65.507000E+3 65.367000E+3 65.465000E+3
532 65.486000E+3 65.514000E+3 65.388000E+3 65.332000E+3
533 65.507000E+3 65.514000E+3 65.416000E+3 65.451000E+3
534 65.479000E+3 65.521000E+3 65.458000E+3 65.339000E+3
535 65.500000E+3 65.514000E+3 65.465000E+3 65.458000E+3
536 65.444000E+3 65.528000E+3 65.507000E+3 65.374000E+3
537 65.472000E+3 65.521000E+3 65.507000E+3 65.458000E+3
538 65.409000E+3 0.000000E+0 28.000000E+0 65.451000E+3
539 65.451000E+3 65.528000E+3 14.000000E+0 65.500000E+3
540 65.360000E+3 21.000000E+0 77.000000E+0 0.000000E+0
541 65.416000E+3 0.000000E+0 56.000000E+0 14.000000E+0
542 65.303000E+3 49.000000E+0 119.000000E+0 91.000000E+0
543 65.374000E+3 7.000000E+0 77.000000E+0 70.000000E+0
544 65.247000E+3 63.000000E+0 154.000000E+0 133.000000E+0
545 65.332000E+3 14.000000E+0 105.000000E+0 84.000000E+0
546 65.296000E+3 7.000000E+0 161.000000E+0 105.000000E+0
547 65.367000E+3 65.528000E+3 105.000000E+0 63.000000E+0
548 65.423000E+3 65.451000E+3 147.000000E+0 77.000000E+0
549 65.472000E+3 65.472000E+3 98.000000E+0 56.000000E+0
550 49.000000E+0 65.360000E+3 119.000000E+0 63.000000E+0
551 42.000000E+0 65.430000E+3 77.000000E+0 56.000000E+0
552 196.000000E+0 65.311000E+3 98.000000E+0 56.000000E+0
553 147.000000E+0 65.416000E+3 63.000000E+0 49.000000E+0
554 295.000000E+0 65.296000E+3 77.000000E+0 49.000000E+0
555 210.000000E+0 65.409000E+3 42.000000E+0 42.000000E+0
556 372.000000E+0 65.311000E+3 56.000000E+0 49.000000E+0
557 253.000000E+0 65.409000E+3 35.000000E+0 42.000000E+0
558 400.000000E+0 65.339000E+3 49.000000E+0 42.000000E+0
559 274.000000E+0 65.423000E+3 35.000000E+0 42.000000E+0
560 400.000000E+0 65.381000E+3 35.000000E+0 49.000000E+0
561 274.000000E+0 65.437000E+3 28.000000E+0 49.000000E+0
562 393.000000E+0 65.437000E+3 35.000000E+0 49.000000E+0
563 267.000000E+0 65.465000E+3 28.000000E+0 49.000000E+0
564 358.000000E+0 65.507000E+3 42.000000E+0 42.000000E+0
565 246.000000E+0 65.514000E+3 28.000000E+0 42.000000E+0
566 309.000000E+0 63.000000E+0 35.000000E+0 49.000000E+0
567 217.000000E+0 21.000000E+0 21.000000E+0 42.000000E+0
568 246.000000E+0 126.000000E+0 28.000000E+0 49.000000E+0
569 175.000000E+0 49.000000E+0 21.000000E+0 42.000000E+0
570 182.000000E+0 168.000000E+0 42.000000E+0 35.000000E+0
571 140.000000E+0 70.000000E+0 21.000000E+0 42.000000E+0
572 119.000000E+0 196.000000E+0 49.000000E+0 35.000000E+0
573 98.000000E+0 77.000000E+0 28.000000E+0 35.000000E+0
574 56.000000E+0 189.000000E+0 70.000000E+0 28.000000E+0
575 56.000000E+0 77.000000E+0 49.000000E+0 28.000000E+0
576 0.000000E+0 147.000000E+0 105.000000E+0 14.000000E+0
577 7.000000E+0 56.000000E+0 77.000000E+0 21.000000E+0
578 65.493000E+3 77.000000E+0 147.000000E+0 65.528000E+3
579 65.521000E+3 28.000000E+0 105.000000E+0 0.000000E+0
580 65.458000E+3 65.521000E+3 196.000000E+0 65.514000E+3
581 65.493000E+3 65.521000E+3 133.000000E+0 65.528000E+3
582 65.423000E+3 65.437000E+3 260.000000E+0 65.479000E+3
583 65.465000E+3 65.472000E+3 182.000000E+0 65.514000E+3
584 65.395000E+3 65.423000E+3 295.000000E+0 65.472000E+3
585 65.451000E+3 65.465000E+3 210.000000E+0 65.514000E+3
586 65.388000E+3 65.444000E+3 246.000000E+0 65.521000E+3
587 65.437000E+3 65.472000E+3 168.000000E+0 0.000000E+0
588 65.409000E+3 65.465000E+3 112.000000E+0 77.000000E+0
589 65.458000E+3 65.486000E+3 70.000000E+0 63.000000E+0
590 65.430000E+3 65.486000E+3 65.486000E+3 182.000000E+0
591 65.472000E+3 65.493000E+3 65.493000E+3 112.000000E+0
592 65.458000E+3 65.493000E+3 65.346000E+3 232.000000E+0
593 65.493000E+3 65.500000E+3 65.388000E+3 133.000000E+0
594 65.479000E+3 65.500000E+3 65.219000E+3 253.000000E+0
595 65.500000E+3 65.500000E+3 65.311000E+3 140.000000E+0
596 65.493000E+3 65.507000E+3 65.149000E+3 246.000000E+0
597 65.507000E+3 65.507000E+3 65.254000E+3 140.000000E+0
598 65.500000E+3 65.500000E+3 65.100000E+3 210.000000E+0
599 65.514000E+3 65.507000E+3 65.226000E+3 119.000000E+0
600 65.500000E+3 65.500000E+3 65.093000E+3 168.000000E+0
601 65.521000E+3 65.500000E+3 65.219000E+3 105.000000E+0
602 65.507000E+3 65.500000E+3 65.107000E+3 98.000000E+0
603 65.521000E+3 65.500000E+3 65.226000E+3 77.000000E+0
604 65.507000E+3 65.500000E+3 65.142000E+3 21.000000E+0
605 65.521000E+3 65.500000E+3 65.247000E+3 21.000000E+0
606 65.507000E+3 65.507000E+3 65.198000E+3 65.458000E+3
607 65.521000E+3 65.507000E+3 65.289000E+3 65.507000E+3
608 65.507000E+3 65.507000E+3 65.268000E+3 65.388000E+3
609 65.521000E+3 65.507000E+3 65.332000E+3 65.472000E+3
610 65.500000E+3 65.507000E+3 65.339000E+3 65.346000E+3
611 65.514000E+3 65.507000E+3 65.374000E+3 65.451000E+3
612 65.493000E+3 65.514000E+3 65.402000E+3 65.311000E+3
613 65.507000E+3 65.514000E+3 65.416000E+3 65.444000E+3
614 65.472000E+3 65.521000E+3 65.458000E+3 65.325000E+3
615 65.493000E+3 65.514000E+3 65.458000E+3 65.444000E+3
616 65.437000E+3 0.000000E+0 65.514000E+3 65.367000E+3
617 65.472000E+3 65.521000E+3 65.514000E+3 65.465000E+3
618 65.388000E+3 7.000000E+0 35.000000E+0 65.444000E+3
619 65.437000E+3 65.528000E+3 21.000000E+0 65.500000E+3
620 65.339000E+3 28.000000E+0 77.000000E+0 21.000000E+0
621 65.409000E+3 0.000000E+0 49.000000E+0 21.000000E+0
622 65.261000E+3 56.000000E+0 133.000000E+0 119.000000E+0
623 65.353000E+3 14.000000E+0 84.000000E+0 84.000000E+0
624 65.205000E+3 84.000000E+0 154.000000E+0 147.000000E+0
625 65.303000E+3 28.000000E+0 105.000000E+0 91.000000E+0
626 65.261000E+3 28.000000E+0 168.000000E+0 119.000000E+0
627 65.346000E+3 0.000000E+0 112.000000E+0 77.000000E+0
628 65.395000E+3 65.465000E+3 154.000000E+0 84.000000E+0
629 65.458000E+3 65.479000E+3 98.000000E+0 63.000000E+0
630 49.000000E+0 65.360000E+3 126.000000E+0 63.000000E+0
631 42.000000E+0 65.437000E+3 84.000000E+0 56.000000E+0
632 182.000000E+0 65.311000E+3 105.000000E+0 63.000000E+0
633 140.000000E+0 65.416000E+3 70.000000E+0 56.000000E+0
634 309.000000E+0 65.296000E+3 84.000000E+0 49.000000E+0
635 217.000000E+0 65.409000E+3 56.000000E+0 49.000000E+0
636 379.000000E+0 65.296000E+3 63.000000E+0 49.000000E+0
637 267.000000E+0 65.402000E+3 35.000000E+0 49.000000E+0
638 421.000000E+0 65.325000E+3 49.000000E+0 42.000000E+0
639 288.000000E+0 65.416000E+3 28.000000E+0 42.000000E+0
640 421.000000E+0 65.367000E+3 35.000000E+0 49.000000E+0
641 295.000000E+0 65.437000E+3 35.000000E+0 42.000000E+0
642 414.000000E+0 65.430000E+3 49.000000E+0 42.000000E+0
643 288.000000E+0 65.458000E+3 49.000000E+0 42.000000E+0
644 379.000000E+0 65.500000E+3 49.000000E+0 42.000000E+0
645 267.000000E+0 65.500000E+3 35.000000E+0 42.000000E+0
646 330.000000E+0 49.000000E+0 42.000000E+0 42.000000E+0
647 232.000000E+0 14.000000E+0 21.000000E+0 42.000000E+0
648 260.000000E+0 119.000000E+0 28.000000E+0 42.000000E+0
649 189.000000E+0 42.000000E+0 14.000000E+0 35.000000E+0
650 189.000000E+0 175.000000E+0 35.000000E+0 28.000000E+0
651 147.000000E+0 70.000000E+0 21.000000E+0 28.000000E+0
652 126.000000E+0 196.000000E+0 49.000000E+0 28.000000E+0
653 105.000000E+0 84.000000E+0 28.000000E+0 28.000000E+0
654 70.000000E+0 203.000000E+0 63.000000E+0 21.000000E+0
655 63.000000E+0 84.000000E+0 42.000000E+0 28.000000E+0
656 14.000000E+0 154.000000E+0 98.000000E+0 14.000000E+0
657 21.000000E+0 56.000000E+0 77.000000E+0 14.000000E+0
658 65.500000E+3 84.000000E+0 147.000000E+0 65.528000E+3
659 65.514000E+3 28.000000E+0 105.000000E+0 7.000000E+0
660 65.465000E+3 65.528000E+3 196.000000E+0 65.514000E+3
661 65.493000E+3 65.521000E+3 140.000000E+0 65.528000E+3
662 65.423000E+3 65.437000E+3 267.000000E+0 65.479000E+3
663 65.472000E+3 65.465000E+3 189.000000E+0 65.514000E+3
664 65.395000E+3 65.416000E+3 295.000000E+0 65.472000E+3
665 65.451000E+3 65.458000E+3 203.000000E+0 65.514000E+3
666 65.388000E+3 65.444000E+3 246.000000E+0 65.521000E+3
667 65.444000E+3 65.472000E+3 175.000000E+0 7.000000E+0
668 65.409000E+3 65.472000E+3 119.000000E+0 77.000000E+0
669 65.458000E+3 65.486000E+3 70.000000E+0 63.000000E+0
670 65.423000E+3 65.486000E+3 65.486000E+3 189.000000E+0
671 65.472000E+3 65.493000E+3 65.311000E+3 112.000000E+0
672 65.458000E+3 65.493000E+3 65.346000E+3 232.000000E+0
673 65.493000E+3 65.500000E+3 65.381000E+3 126.000000E+0
674 65.479000E+3 65.500000E+3 65.226000E+3 253.000000E+0
675 65.500000E+3 65.500000E+3 65.311000E+3 140.000000E+0
676 65.493000E+3 65.500000E+3 65.156000E+3 246.000000E+0
677 65.507000E+3 65.507000E+3 65.261000E+3 140.000000E+0
678 65.500000E+3 65.507000E+3 65.107000E+3 210.000000E+0
679 65.514000E+3 65.507000E+3 65.226000E+3 126.000000E+0
680 65.500000E+3 65.493000E+3 65.093000E+3 168.000000E+0
681 65.514000E+3 65.500000E+3 65.219000E+3 105.000000E+0
682 65.507000E+3 65.500000E+3 65.107000E+3 105.000000E+0
683 65.514000E+3 65.500000E+3 65.233000E+3 77.000000E+0
684 65.507000E+3 65.500000E+3 65.149000E+3 21.000000E+0
685 65.521000E+3 65.500000E+3 65.254000E+3 21.000000E+0
686 65.507000E+3 65.507000E+3 65.205000E+3 65.451000E+3
687 65.521000E+3 65.507000E+3 65.289000E+3 65.500000E+3
688 65.507000E+3 65.507000E+3 65.268000E+3 65.381000E+3
689 65.521000E+3 65.507000E+3 65.332000E+3 65.479000E+3
690 65.500000E+3 65.507000E+3 65.339000E+3 65.332000E+3
691 65.514000E+3 65.507000E+3 65.374000E+3 65.451000E+3
692 65.493000E+3 65.514000E+3 65.395000E+3 65.311000E+3
693 65.507000E+3 65.514000E+3 65.416000E+3 65.437000E+3
694 65.465000E+3 65.521000E+3 65.458000E+3 65.318000E+3
695 65.493000E+3 65.514000E+3 65.465000E+3 65.444000E+3
696 65.437000E+3 65.528000E+3 65.514000E+3 65.374000E+3
697 65.472000E+3 65.521000E+3 65.514000E+3 65.465000E+3
698 65.388000E+3 7.000000E+0 35.000000E+0 65.451000E+3
699 65.437000E+3 65.528000E+3 21.000000E+0 65.500000E+3
700 65.339000E+3 28.000000E+0 77.000000E+0 21.000000E+0
701 65.402000E+3 7.000000E+0 56.000000E+0 21.000000E+0
702 65.261000E+3 56.000000E+0 126.000000E+0 119.000000E+0
703 65.353000E+3 7.000000E+0 84.000000E+0 84.000000E+0
704 65.205000E+3 77.000000E+0 161.000000E+0 147.000000E+0
705 65.303000E+3 21.000000E+0 105.000000E+0 91.000000E+0
706 65.254000E+3 28.000000E+0 161.000000E+0 126.000000E+0
707 65.353000E+3 65.528000E+3 105.000000E+0 77.000000E+0
708 65.395000E+3 65.472000E+3 147.000000E+0 84.000000E+0
709 65.458000E+3 65.479000E+3 98.000000E+0 63.000000E+0
710 49.000000E+0 65.360000E+3 119.000000E+0 63.000000E+0
711 49.000000E+0 65.437000E+3 77.000000E+0 56.000000E+0
712 189.000000E+0 65.311000E+3 105.000000E+0 63.000000E+0
713 140.000000E+0 65.416000E+3 70.000000E+0 56.000000E+0
714 309.000000E+0 65.289000E+3 84.000000E+0 56.000000E+0
715 217.000000E+0 65.409000E+3 56.000000E+0 49.000000E+0
716 379.000000E+0 65.289000E+3 63.000000E+0 49.000000E+0
717 267.000000E+0 65.402000E+3 35.000000E+0 49.000000E+0
718 421.000000E+0 65.325000E+3 49.000000E+0 42.000000E+0
719 281.000000E+0 65.416000E+3 28.000000E+0 42.000000E+0
720 421.000000E+0 65.374000E+3 35.000000E+0 42.000000E+0
721 295.000000E+0 65.437000E+3 35.000000E+0 42.000000E+0
722 414.000000E+0 65.430000E+3 49.000000E+0 42.000000E+0
723 288.000000E+0 65.465000E+3 42.000000E+0 42.000000E+0
724 379.000000E+0 65.493000E+3 49.000000E+0 42.000000E+0
725 267.000000E+0 65.500000E+3 35.000000E+0 42.000000E+0
726 330.000000E+0 49.000000E+0 35.000000E+0 42.000000E+0
727 232.000000E+0 14.000000E+0 21.000000E+0 42.000000E+0
728 253.000000E+0 119.000000E+0 28.000000E+0 42.000000E+0
729 189.000000E+0 42.000000E+0 14.000000E+0 35.000000E+0
730 189.000000E+0 182.000000E+0 35.000000E+0 28.000000E+0
731 147.000000E+0 70.000000E+0 14.000000E+0 35.000000E+0
732 126.000000E+0 203.000000E+0 42.000000E+0 28.000000E+0
733 105.000000E+0 77.000000E+0 28.000000E+0 28.000000E+0
734 70.000000E+0 189.000000E+0 63.000000E+0 21.000000E+0
735 63.000000E+0 77.000000E+0 49.000000E+0 21.000000E+0
736 14.000000E+0 154.000000E+0 105.000000E+0 14.000000E+0
737 14.000000E+0 56.000000E+0 77.000000E+0 14.000000E+0
738 65.493000E+3 84.000000E+0 147.000000E+0 65.528000E+3
739 65.514000E+3 21.000000E+0 105.000000E+0 7.000000E+0
740 65.458000E+3 65.528000E+3 196.000000E+0 65.514000E+3
741 65.493000E+3 65.521000E+3 133.000000E+0 65.528000E+3
742 65.423000E+3 65.437000E+3 267.000000E+0 65.479000E+3
743 65.472000E+3 65.472000E+3 189.000000E+0 65.514000E+3
744 65.395000E+3 65.423000E+3 295.000000E+0 65.472000E+3
745 65.451000E+3 65.458000E+3 210.000000E+0 65.514000E+3
746 65.381000E+3 65.444000E+3 246.000000E+0 65.521000E+3
747 65.444000E+3 65.479000E+3 175.000000E+0 0.000000E+0
748 65.409000E+3 65.472000E+3 112.000000E+0 77.000000E+0
749 65.458000E+3 65.486000E+3 70.000000E+0 63.000000E+0
750 65.430000E+3 65.486000E+3 65.486000E+3 189.000000E+0
751 65.472000E+3 65.493000E+3 65.493000E+3 112.000000E+0
752 65.458000E+3 65.493000E+3 65.346000E+3 239.000000E+0
753 65.493000E+3 65.500000E+3 65.388000E+3 133.000000E+0
754 65.479000E+3 65.500000E+3 65.226000E+3 253.000000E+0
755 65.507000E+3 65.500000E+3 65.311000E+3 140.000000E+0
756 65.493000E+3 65.507000E+3 65.156000E+3 246.000000E+0
757 65.514000E+3 65.507000E+3 65.254000E+3 140.000000E+0
758 65.500000E+3 65.507000E+3 65.107000E+3 217.000000E+0
759 65.514000E+3 65.507000E+3 65.226000E+3 119.000000E+0
760 65.500000E+3 65.493000E+3 65.093000E+3 168.000000E+0
761 65.521000E+3 65.500000E+3 65.219000E+3 105.000000E+0
762 65.507000E+3 65.500000E+3 65.107000E+3 98.000000E+0
763 65.521000E+3 65.493000E+3 65.233000E+3 77.000000E+0
764 65.507000E+3 65.500000E+3 65.142000E+3 21.000000E+0
765 65.521000E+3 65.500000E+3 65.247000E+3 21.000000E+0
766 65.507000E+3 65.507000E+3 65.198000E+3 65.451000E+3
767 65.521000E+3 65.507000E+3 65.289000E+3 65.507000E+3
768 65.507000E+3 65.507000E+3 65.268000E+3 65.381000E+3
769 65.514000E+3 65.507000E+3 65.339000E+3 65.479000E+3
770 65.500000E+3 65.507000E+3 65.339000E+3 65.332000E+3
771 65.521000E+3 65.507000E+3 65.374000E+3 65.451000E+3
772 65.486000E+3 65.514000E+3 65.402000E+3 65.318000E+3
773 65.507000E+3 65.514000E+3 65.416000E+3 65.437000E+3
774 65.472000E+3 65.514000E+3 65.458000E+3 65.332000E+3
775 65.493000E+3 65.514000E+3 65.465000E+3 65.444000E+3
776 65.437000E+3 65.528000E+3 65.521000E+3 65.374000E+3
777 65.465000E+3 65.521000E+3 65.514000E+3 65.465000E+3
778 65.388000E+3 7.000000E+0 35.000000E+0 65.451000E+3
779 65.437000E+3 65.528000E+3 21.000000E+0 65.500000E+3
780 65.332000E+3 28.000000E+0 77.000000E+0 21.000000E+0
781 65.402000E+3 0.000000E+0 49.000000E+0 21.000000E+0
782 65.261000E+3 56.000000E+0 126.000000E+0 119.000000E+0
783 65.353000E+3 14.000000E+0 84.000000E+0 84.000000E+0
784 65.205000E+3 77.000000E+0 161.000000E+0 147.000000E+0
785 65.303000E+3 28.000000E+0 105.000000E+0 91.000000E+0
786 65.261000E+3 28.000000E+0 161.000000E+0 126.000000E+0
787 65.346000E+3 0.000000E+0 105.000000E+0 77.000000E+0
788 65.388000E+3 65.472000E+3 154.000000E+0 84.000000E+0
789 21.000000E+0 65.479000E+3 98.000000E+0 56.000000E+0
790 42.000000E+0 65.360000E+3 126.000000E+0 63.000000E+0
791 42.000000E+0 65.437000E+3 77.000000E+0 56.000000E+0
792 182.000000E+0 65.311000E+3 105.000000E+0 63.000000E+0
793 140.000000E+0 65.416000E+3 70.000000E+0 56.000000E+0
794 302.000000E+0 65.303000E+3 84.000000E+0 49.000000E+0
795 217.000000E+0 65.409000E+3 49.000000E+0 49.000000E+0
796 372.000000E+0 65.289000E+3 56.000000E+0 49.000000E+0
797 267.000000E+0 65.402000E+3 35.000000E+0 49.000000E+0
798 414.000000E+0 65.318000E+3 49.000000E+0 42.000000E+0
799 288.000000E+0 65.416000E+3 28.000000E+0 42.000000E+0
800 414.000000E+0 65.360000E+3 42.000000E+0 42.000000E+0
801 288.000000E+0 65.430000E+3 35.000000E+0 42.000000E+0
802 414.000000E+0 65.430000E+3 49.000000E+0 42.000000E+0
803 288.000000E+0 65.465000E+3 42.000000E+0 42.000000E+0
804 379.000000E+0 65.493000E+3 49.000000E+0 42.000000E+0
805 267.000000E+0 65.500000E+3 35.000000E+0 42.000000E+0
806 330.000000E+0 49.000000E+0 42.000000E+0 42.000000E+0
807 232.000000E+0 14.000000E+0 21.000000E+0 42.000000E+0
808 260.000000E+0 119.000000E+0 28.000000E+0 42.000000E+0
809 189.000000E+0 49.000000E+0 14.000000E+0 42.000000E+0
810 189.000000E+0 175.000000E+0 35.000000E+0 28.000000E+0
811 140.000000E+0 77.000000E+0 21.000000E+0 28.000000E+0
812 126.000000E+0 196.000000E+0 42.000000E+0 28.000000E+0
813 105.000000E+0 84.000000E+0 28.000000E+0 28.000000E+0
814 70.000000E+0 196.000000E+0 63.000000E+0 21.000000E+0
815 63.000000E+0 84.000000E+0 49.000000E+0 21.000000E+0
816 14.000000E+0 154.000000E+0 105.000000E+0 14.000000E+0
817 14.000000E+0 56.000000E+0 77.000000E+0 14.000000E+0
818 65.493000E+3 77.000000E+0 147.000000E+0 65.528000E+3
819 65.514000E+3 28.000000E+0 105.000000E+0 7.000000E+0
820 65.458000E+3 65.521000E+3 196.000000E+0 65.514000E+3
821 65.493000E+3 65.521000E+3 140.000000E+0 65.528000E+3
822 65.430000E+3 65.437000E+3 267.000000E+0 65.479000E+3
823 65.472000E+3 65.472000E+3 182.000000E+0 65.514000E+3
824 65.402000E+3 65.423000E+3 295.000000E+0 65.472000E+3
825 65.458000E+3 65.458000E+3 210.000000E+0 65.514000E+3
826 65.388000E+3 65.444000E+3 246.000000E+0 65.521000E+3
827 65.444000E+3 65.479000E+3 175.000000E+0 7.000000E+0
828 65.402000E+3 65.465000E+3 126.000000E+0 77.000000E+0
829 65.458000E+3 65.486000E+3 77.000000E+0 63.000000E+0
830 65.430000E+3 65.493000E+3 65.493000E+3 182.000000E+0
831 65.472000E+3 65.493000E+3 65.500000E+3 105.000000E+0
832 65.458000E+3 65.493000E+3 65.360000E+3 239.000000E+0
833 65.493000E+3 65.500000E+3 65.395000E+3 133.000000E+0
834 65.479000E+3 65.500000E+3 65.240000E+3 260.000000E+0
835 65.507000E+3 65.500000E+3 65.311000E+3 140.000000E+0
836 65.486000E+3 65.507000E+3 65.170000E+3 253.000000E+0
837 65.507000E+3 65.507000E+3 65.268000E+3 140.000000E+0
838 65.500000E+3 65.507000E+3 65.121000E+3 217.000000E+0
839 65.514000E+3 65.507000E+3 65.233000E+3 119.000000E+0
840 65.500000E+3 65.500000E+3 65.114000E+3 175.000000E+0
841 65.514000E+3 65.507000E+3 65.233000E+3 105.000000E+0
842 65.507000E+3 65.493000E+3 65.128000E+3 105.000000E+0
843 65.521000E+3 65.493000E+3 65.240000E+3 84.000000E+0
844 65.507000E+3 65.500000E+3 65.149000E+3 35.000000E+0
845 65.521000E+3 65.500000E+3 65.254000E+3 35.000000E+0
846 65.507000E+3 65.507000E+3 65.205000E+3 65.486000E+3
847 65.521000E+3 65.507000E+3 65.289000E+3 65.514000E+3
848 65.507000E+3 65.507000E+3 65.268000E+3 65.402000E+3
849 65.521000E+3 65.507000E+3 65.339000E+3 65.486000E+3
850 65.500000E+3 65.507000E+3 65.339000E+3 65.360000E+3
851 65.521000E+3 65.507000E+3 65.381000E+3 65.465000E+3
852 65.493000E+3 65.514000E+3 65.402000E+3 65.332000E+3
853 65.514000E+3 65.514000E+3 65.423000E+3 65.444000E+3
854 65.479000E+3 65.521000E+3 65.465000E+3 65.332000E+3
855 65.500000E+3 65.521000E+3 65.465000E+3 65.451000E+3
856 65.444000E+3 65.528000E+3 65.507000E+3 65.374000E+3
857 65.479000E+3 65.521000E+3 65.507000E+3 65.465000E+3
858 65.409000E+3 0.000000E+0 35.000000E+0 65.444000E+3
859 65.451000E+3 65.528000E+3 21.000000E+0 65.500000E+3
860 65.360000E+3 21.000000E+0 84.000000E+0 7.000000E+0
861 65.416000E+3 0.000000E+0 56.000000E+0 14.000000E+0
862 65.296000E+3 49.000000E+0 119.000000E+0 91.000000E+0
863 65.374000E+3 7.000000E+0 77.000000E+0 70.000000E+0
864 65.240000E+3 56.000000E+0 154.000000E+0 133.000000E+0
865 65.325000E+3 14.000000E+0 98.000000E+0 91.000000E+0
866 65.296000E+3 7.000000E+0 154.000000E+0 105.000000E+0
867 65.367000E+3 65.528000E+3 98.000000E+0 63.000000E+0
868 65.423000E+3 65.458000E+3 140.000000E+0 77.000000E+0
869 65.479000E+3 65.472000E+3 91.000000E+0 56.000000E+0
870 49.000000E+0 65.360000E+3 112.000000E+0 63.000000E+0
871 49.000000E+0 65.437000E+3 77.000000E+0 56.000000E+0
872 196.000000E+0 65.311000E+3 91.000000E+0 56.000000E+0
873 154.000000E+0 65.423000E+3 63.000000E+0 49.000000E+0
874 295.000000E+0 65.296000E+3 70.000000E+0 49.000000E+0
875 210.000000E+0 65.416000E+3 42.000000E+0 49.000000E+0
876 372.000000E+0 65.303000E+3 56.000000E+0 49.000000E+0
877 260.000000E+0 65.416000E+3 28.000000E+0 42.000000E+0
878 393.000000E+0 65.332000E+3 49.000000E+0 42.000000E+0
879 274.000000E+0 65.423000E+3 35.000000E+0 42.000000E+0
880 400.000000E+0 65.374000E+3 42.000000E+0 42.000000E+0
881 274.000000E+0 65.444000E+3 35.000000E+0 42.000000E+0
882 393.000000E+0 65.437000E+3 42.000000E+0 42.000000E+0
883 267.000000E+0 65.465000E+3 35.000000E+0 42.000000E+0
884 358.000000E+0 65.514000E+3 49.000000E+0 42.000000E+0
885 246.000000E+0 65.507000E+3 35.000000E+0 42.000000E+0
886 309.000000E+0 63.000000E+0 28.000000E+0 42.000000E+0
887 217.000000E+0 21.000000E+0 14.000000E+0 42.000000E+0
888 246.000000E+0 126.000000E+0 28.000000E+0 35.000000E+0
889 175.000000E+0 49.000000E+0 14.000000E+0 35.000000E+0
890 182.000000E+0 175.000000E+0 35.000000E+0 28.000000E+0
891 133.000000E+0 70.000000E+0 21.000000E+0 28.000000E+0
892 112.000000E+0 196.000000E+0 49.000000E+0 35.000000E+0
893 98.000000E+0 84.000000E+0 28.000000E+0 28.000000E+0
894 63.000000E+0 196.000000E+0 63.000000E+0 21.000000E+0
895 56.000000E+0 77.000000E+0 49.000000E+0 21.000000E+0
896 7.000000E+0 147.000000E+0 105.000000E+0 14.000000E+0
897 7.000000E+0 56.000000E+0 77.000000E+0 14.000000E+0
898 65.493000E+3 77.000000E+0 154.000000E+0 65.528000E+3
899 65.514000E+3 28.000000E+0 105.000000E+0 7.000000E+0
900 65.458000E+3 65.528000E+3 196.000000E+0 65.514000E+3
901 65.493000E+3 65.521000E+3 140.000000E+0 65.528000E+3
902 65.430000E+3 65.437000E+3 260.000000E+0 65.479000E+3
903 65.465000E+3 65.472000E+3 189.000000E+0 65.514000E+3
904 65.402000E+3 65.423000E+3 295.000000E+0 65.472000E+3
905 65.458000E+3 65.465000E+3 210.000000E+0 65.514000E+3
906 65.388000E+3 65.444000E+3 246.000000E+0 65.521000E+3
907 65.444000E+3 65.479000E+3 175.000000E+0 0.000000E+0
908 65.409000E+3 65.465000E+3 112.000000E+0 77.000000E+0
909 65.458000E+3 65.486000E+3 70.000000E+0 63.000000E+0
910 65.430000E+3 65.486000E+3 65.486000E+3 189.000000E+0
911 65.472000E+3 65.493000E+3 65.493000E+3 105.000000E+0
912 65.458000E+3 65.493000E+3 65.346000E+3 239.000000E+0
913 65.493000E+3 65.500000E+3 65.388000E+3 133.000000E+0
914 65.479000E+3 65.500000E+3 65.226000E+3 260.000000E+0
915 65.507000E+3 65.500000E+3 65.303000E+3 140.000000E+0
916 65.493000E+3 65.500000E+3 65.156000E+3 253.000000E+0
917 65.514000E+3 65.507000E+3 65.261000E+3 140.000000E+0
918 65.500000E+3 65.507000E+3 65.107000E+3 210.000000E+0
919 65.514000E+3 65.507000E+3 65.226000E+3 126.000000E+0
920 65.500000E+3 65.500000E+3 65.093000E+3 168.000000E+0
921 65.514000E+3 65.500000E+3 65.219000E+3 105.000000E+0
922 65.507000E+3 65.500000E+3 65.107000E+3 98.000000E+0
923 65.521000E+3 65.500000E+3 65.233000E+3 77.000000E+0
924 65.507000E+3 65.500000E+3 65.142000E+3 21.000000E+0
925 65.521000E+3 65.493000E+3 65.254000E+3 21.000000E+0
926 65.507000E+3 65.507000E+3 65.198000E+3 65.458000E+3
927 65.521000E+3 65.507000E+3 65.289000E+3 65.500000E+3
928 65.507000E+3 65.507000E+3 65.275000E+3 65.381000E+3
929 65.514000E+3 65.507000E+3 65.332000E+3 65.479000E+3
930 65.500000E+3 65.507000E+3 65.339000E+3 65.339000E+3
931 65.514000E+3 65.507000E+3 65.374000E+3 65.451000E+3
932 65.486000E+3 65.514000E+3 65.402000E+3 65.318000E+3
933 65.507000E+3 65.514000E+3 65.416000E+3 65.437000E+3
934 65.472000E+3 65.514000E+3 65.465000E+3 65.325000E+3
935 65.493000E+3 65.514000E+3 65.465000E+3 65.437000E+3
936 65.437000E+3 0.000000E+0 65.514000E+3 65.374000E+3
937 65.472000E+3 65.528000E+3 65.514000E+3 65.465000E+3
938 65.388000E+3 7.000000E+0 35.000000E+0 65.451000E+3
939 65.437000E+3 65.528000E+3 21.000000E+0 65.500000E+3
940 65.339000E+3 28.000000E+0 77.000000E+0 21.000000E+0
941 65.402000E+3 0.000000E+0 49.000000E+0 21.000000E+0
942 65.261000E+3 56.000000E+0 126.000000E+0 119.000000E+0
943 65.353000E+3 14.000000E+0 84.000000E+0 84.000000E+0
944 65.205000E+3 77.000000E+0 154.000000E+0 140.000000E+0
945 65.303000E+3 28.000000E+0 105.000000E+0 91.000000E+0
946 65.261000E+3 28.000000E+0 168.000000E+0 126.000000E+0
947 65.346000E+3 0.000000E+0 105.000000E+0 77.000000E+0
948 65.388000E+3 65.465000E+3 154.000000E+0 84.000000E+0
949 65.458000E+3 65.479000E+3 98.000000E+0 63.000000E+0
950 49.000000E+0 65.360000E+3 119.000000E+0 63.000000E+0
951 49.000000E+0 65.437000E+3 84.000000E+0 49.000000E+0
952 182.000000E+0 65.303000E+3 105.000000E+0 63.000000E+0
953 140.000000E+0 65.416000E+3 70.000000E+0 56.000000E+0
954 309.000000E+0 65.282000E+3 84.000000E+0 56.000000E+0
955 217.000000E+0 65.409000E+3 56.000000E+0 49.000000E+0
956 379.000000E+0 65.282000E+3 63.000000E+0 49.000000E+0
957 267.000000E+0 65.402000E+3 35.000000E+0 49.000000E+0
958 414.000000E+0 65.318000E+3 49.000000E+0 42.000000E+0
959 288.000000E+0 65.416000E+3 28.000000E+0 42.000000E+0
960 414.000000E+0 65.367000E+3 35.000000E+0 42.000000E+0
961 288.000000E+0 65.430000E+3 35.000000E+0 42.000000E+0
962 414.000000E+0 65.430000E+3 49.000000E+0 42.000000E+0
963 288.000000E+0 65.465000E+3 42.000000E+0 42.000000E+0
964 379.000000E+0 65.500000E+3 49.000000E+0 42.000000E+0
965 260.000000E+0 65.500000E+3 35.000000E+0 42.000000E+0
966 330.000000E+0 49.000000E+0 42.000000E+0 42.000000E+0
967 232.000000E+0 14.000000E+0 21.000000E+0 42.000000E+0
968 260.000000E+0 112.000000E+0 28.000000E+0 42.000000E+0
969 182.000000E+0 42.000000E+0 14.000000E+0 35.000000E+0
970 189.000000E+0 175.000000E+0 35.000000E+0 35.000000E+0
971 140.000000E+0 70.000000E+0 14.000000E+0 28.000000E+0
972 126.000000E+0 196.000000E+0 42.000000E+0 35.000000E+0
973 105.000000E+0 84.000000E+0 28.000000E+0 35.000000E+0
974 70.000000E+0 196.000000E+0 63.000000E+0 28.000000E+0
975 63.000000E+0 84.000000E+0 49.000000E+0 28.000000E+0
976 14.000000E+0 154.000000E+0 105.000000E+0 14.000000E+0
977 21.000000E+0 56.000000E+0 77.000000E+0 14.000000E+0
978 65.493000E+3 77.000000E+0 147.000000E+0 65.528000E+3
979 65.514000E+3 28.000000E+0 105.000000E+0 0.000000E+0
980 65.465000E+3 65.528000E+3 196.000000E+0 65.514000E+3
981 65.493000E+3 65.521000E+3 140.000000E+0 65.528000E+3
982 65.423000E+3 65.437000E+3 267.000000E+0 65.479000E+3
983 65.472000E+3 65.465000E+3 189.000000E+0 65.514000E+3
984 65.402000E+3 65.423000E+3 295.000000E+0 65.472000E+3
985 65.458000E+3 65.465000E+3 210.000000E+0 65.514000E+3
986 65.388000E+3 65.437000E+3 246.000000E+0 65.521000E+3
987 65.444000E+3 65.479000E+3 175.000000E+0 0.000000E+0
988 65.409000E+3 65.472000E+3 119.000000E+0 77.000000E+0
989 65.458000E+3 65.486000E+3 70.000000E+0 63.000000E+0
990 65.430000E+3 65.486000E+3 65.486000E+3 189.000000E+0
991 65.472000E+3 65.493000E+3 65.493000E+3 112.000000E+0
992 65.458000E+3 65.493000E+3 65.346000E+3 232.000000E+0
993 65.493000E+3 65.500000E+3 65.388000E+3 133.000000E+0
994 65.479000E+3 65.500000E+3 65.219000E+3 253.000000E+0
995 65.507000E+3 65.500000E+3 65.311000E+3 140.000000E+0
996 65.486000E+3 65.507000E+3 65.156000E+3 246.000000E+0
997 65.507000E+3 65.500000E+3 65.261000E+3 140.000000E+0
998 65.500000E+3 65.507000E+3 65.107000E+3 210.000000E+0
999 65.514000E+3 65.507000E+3 65.233000E+3 126.000000E+0
1000 65.500000E+3 65.500000E+3 65.100000E+3 168.000000E+0
