0.0 0.0 0.0 0.0 0.0
0.02 0.0 0.0 0.0 0.0
0.04 -0.00269 0.00538 0.0 0.0
0.06 0.0 0.0 0.0 0.0
0.08 0.0 0.00538 0.0 -0.00538
0.1 0.0 0.0 0.0 0.0
0.12 0.0 0.0 0.0 -0.00269
0.14 0.0 0.0 0.0 0.0
0.16 -0.00269 0.0 0.00807 0.0
0.18 0.0 0.0 0.00807 0.0
0.2 0.0 0.0 0.02152 0.0
0.22 0.0 0.0 0.024210000000000002 0.00269
0.24 0.0 0.00269 0.0269 0.0
0.26 0.0 0.0 0.02959 0.0
0.28 -0.00269 0.0 0.03228 -0.00269
0.3 0.0 0.0 0.0269 0.0
0.32 -0.00269 0.0 0.02959 -0.01076
0.34 0.0 0.0 0.02152 -0.00269
0.36 -0.00269 0.0 0.02152 -0.01614
0.38 0.0 0.0 0.01614 -0.00807
0.4 0.0 0.00538 0.024210000000000002 -0.01883
0.42 0.0 0.0 0.01883 -0.00269
0.44 0.0 0.00269 0.024210000000000002 -0.01076
0.46 0.0 0.0 0.01345 0.0
0.48 0.0 0.00538 0.02152 -0.01076
0.5 0.0 0.0 0.01883 0.0
0.52 0.0 0.00269 0.01883 -0.01076
0.54 0.0 0.0 0.01883 0.0
0.56 -0.00538 0.00538 0.0269 -0.00269
0.58 0.0 0.0 0.02152 0.0
0.6 0.0 0.00538 0.0269 0.0
0.62 0.0 0.0 0.0269 0.0
0.64 -0.00269 0.0 0.0269 -0.00269
0.66 0.0 0.0 0.0269 0.0
0.68 -0.00538 0.00269 0.0269 -0.00269
0.7 0.0 0.0 0.024210000000000002 0.0
0.72 0.0 0.00269 0.0269 -0.00269
0.74 0.0 0.0 0.02152 0.0
0.76 0.0 0.00807 0.024210000000000002 -0.00269
0.78 0.0 0.0 0.02152 0.0
0.8 -0.00269 0.00538 0.024210000000000002 -0.00538
0.82 0.0 0.0 0.02152 0.0
0.84 0.0 0.00807 0.024210000000000002 -0.00538
0.86 0.0 0.0 0.02152 0.0
0.88 -0.00269 0.00538 0.0269 -0.01076
0.9 -0.00269 0.0 0.024210000000000002 0.0
0.92 -0.00538 0.00807 0.02959 -0.01345
0.94 -0.00269 0.0 0.024210000000000002 0.0
0.96 -0.00538 0.00538 0.0269 -0.01345
0.98 -0.00269 0.0 0.0269 0.0
1.0 -0.00269 0.01076 0.03228 -0.01614
1.02 0.0 0.0 0.024210000000000002 0.0
1.04 -0.00269 0.00807 0.0269 -0.00807
1.06 -0.00269 0.0 0.024210000000000002 0.0
1.08 -0.00538 0.01076 0.03228 -0.00538
1.1 0.0 0.0 0.024210000000000002 0.0
1.12 -0.00538 0.01076 0.024210000000000002 -0.00538
1.14 0.0 0.0 0.02152 0.0
1.16 -0.00269 0.01076 0.0269 -0.00538
1.18 -0.00269 0.00269 0.0269 0.0
1.2 -0.00538 0.01076 0.03228 -0.00807
1.22 -0.00269 0.00269 0.0269 0.0
1.24 -0.01345 0.01076 0.03228 -0.00807
1.26 -0.01076 0.00269 0.0269 0.0
1.28 -0.01076 0.01076 0.03228 -0.00807
1.3 -0.01076 0.00269 0.02959 0.0
1.32 -0.00538 0.01076 0.03497 -0.00269
1.34 -0.00538 0.00269 0.03497 0.0
1.36 -0.01076 0.01345 0.040350000000000004 -0.00807
1.38 -0.00538 0.00538 0.03497 0.0
1.4 -0.01345 0.01345 0.02959 -0.00538
1.42 -0.00538 0.00269 0.0269 -0.00269
1.44 -0.01345 0.01345 0.03497 -0.01076
1.46 -0.00538 0.00538 0.03228 0.0
1.48 -0.00538 0.01345 0.03766 -0.01345
1.5 -0.00538 0.00538 0.02959 -0.00269
1.52 -0.00538 0.01076 0.03228 -0.01076
1.54 -0.01076 0.00538 0.02959 -0.00538
1.56 -0.01076 0.01076 0.03766 -0.01345
1.58 -0.00538 0.00538 0.03228 -0.00538
1.6 -0.00807 0.01883 0.03497 -0.0269
1.62 -0.01076 0.00807 0.03228 -0.01076
1.64 -0.01883 0.01345 0.03766 -0.02152
1.66 -0.01345 0.00538 0.03497 -0.01345
1.68 -0.01345 0.01076 0.03766 -0.02152
1.7 -0.01345 0.00538 0.03497 -0.01076
1.72 -0.01614 0.01614 0.04304 -0.01883
1.74 -0.01345 0.00807 0.040350000000000004 -0.01076
1.76 -0.01883 0.01614 0.04304 -0.024210000000000002
1.78 -0.01345 0.00807 0.03766 -0.00807
1.8 -0.01345 0.01614 0.040350000000000004 -0.01614
1.82 -0.01076 0.01076 0.040350000000000004 -0.00807
1.84 -0.01614 0.01614 0.040350000000000004 -0.01614
1.86 -0.01345 0.00807 0.03766 -0.00807
1.88 -0.01345 0.01614 0.03766 -0.01614
1.9 -0.01345 0.01076 0.03497 -0.00538
1.92 -0.01614 0.01614 0.03766 -0.01883
1.94 -0.01883 0.01076 0.03497 -0.00538
1.96 -0.02152 0.01614 0.04304 -0.01614
1.98 -0.01345 0.00807 0.03497 -0.00269
2.0 -0.01614 0.01614 0.03766 -0.01345
2.02 -0.01345 0.00807 0.03766 -0.00538
2.04 -0.02152 0.02152 0.040350000000000004 -0.01345
2.06 -0.01614 0.01345 0.03766 -0.00538
2.08 -0.01883 0.01883 0.040350000000000004 -0.01345
2.1 -0.01614 0.01076 0.03766 -0.01076
2.12 -0.01883 0.024210000000000002 0.04304 -0.01345
2.14 -0.01614 0.01076 0.04304 -0.00807
2.16 -0.01883 0.02152 0.04304 -0.01614
2.18 -0.01614 0.01345 0.040350000000000004 -0.01076
2.2 -0.024210000000000002 0.02152 0.04573 -0.01883
2.22 -0.01883 0.01345 0.03766 -0.00807
2.24 -0.02152 0.02152 0.04304 -0.01883
2.26 -0.01883 0.01345 0.04304 -0.00807
2.28 -0.0269 0.02152 0.04304 -0.01614
2.3 -0.024210000000000002 0.01345 0.040350000000000004 -0.01076
2.32 -0.024210000000000002 0.02152 0.04304 -0.01883
2.34 -0.02152 0.01345 0.040350000000000004 -0.01076
2.36 -0.02152 0.01883 0.04304 -0.01883
2.38 -0.02152 0.01345 0.040350000000000004 -0.01345
2.4 -0.024210000000000002 0.02152 0.04573 -0.024210000000000002
2.42 -0.02152 0.01614 0.04304 -0.01883
2.44 -0.0269 0.02959 0.04304 -0.024210000000000002
2.46 -0.01614 0.01883 0.040350000000000004 -0.02152
2.48 -0.02152 0.01614 0.040350000000000004 -0.03228
2.5 -0.02152 0.01076 0.03766 -0.024210000000000002
2.52 -0.0269 0.02152 0.03766 -0.0269
2.54 -0.024210000000000002 0.01345 0.040350000000000004 -0.0269
2.56 -0.02959 0.01883 0.04304 -0.024210000000000002
2.58 -0.01883 0.01614 0.03766 -0.01614
2.6 -0.02152 0.024210000000000002 0.04573 -0.02152
2.62 -0.01883 0.01345 0.04304 -0.01883
2.64 -0.024210000000000002 0.024210000000000002 0.04573 -0.024210000000000002
2.66 -0.024210000000000002 0.01614 0.048420000000000005 -0.01614
2.68 -0.0269 0.0269 0.04573 -0.0269
2.7 -0.024210000000000002 0.02152 0.040350000000000004 -0.01883
2.72 -0.0269 0.024210000000000002 0.04573 -0.01883
2.74 -0.02152 0.01614 0.04304 -0.01614
2.76 -0.02152 0.0269 0.040350000000000004 -0.02959
2.78 -0.01614 0.02152 0.03766 -0.024210000000000002
2.8 -0.01614 0.03228 0.03497 -0.0269
2.82 -0.01345 0.02152 0.03497 -0.01883
2.84 -0.02152 0.0269 0.03766 -0.024210000000000002
2.86 -0.024210000000000002 0.01883 0.03497 -0.02152
2.88 -0.0269 0.024210000000000002 0.03766 -0.0269
2.9 -0.024210000000000002 0.02152 0.04573 -0.01614
2.92 -0.03497 0.0269 0.0538 -0.01883
2.94 -0.03497 0.01345 0.04573 -0.01614
2.96 -0.03766 0.01883 0.05111 -0.01883
2.98 -0.02959 0.02152 0.04304 -0.01883
3.0 -0.0269 0.03497 0.04304 -0.024210000000000002
3.02 -0.024210000000000002 0.0269 0.040350000000000004 -0.01883
3.04 -0.0269 0.02959 0.04304 -0.0269
3.06 -0.0269 0.024210000000000002 0.04573 -0.02152
3.08 -0.03228 0.02959 0.04573 -0.02959
3.1 -0.03228 0.024210000000000002 0.04573 -0.024210000000000002
3.12 -0.02959 0.02959 0.05111 -0.02959
3.14 -0.02959 0.024210000000000002 0.04573 -0.01614
3.16 -0.03228 0.03228 0.0538 -0.024210000000000002
3.18 -0.03497 0.02152 0.0538 -0.02152
3.2 -0.040350000000000004 0.024210000000000002 0.048420000000000005 -0.02152
3.22 -0.040350000000000004 0.01614 0.0538 -0.01883
3.24 -0.04304 0.024210000000000002 0.06187 -0.02152
3.26 -0.040350000000000004 0.02152 0.06187 -0.01614
3.28 -0.040350000000000004 0.0269 0.05918 -0.02152
3.3 -0.03766 0.01883 0.0538 -0.02152
3.32 -0.04304 0.0269 0.0538 -0.02959
3.34 -0.03766 0.01883 0.0538 -0.024210000000000002
3.36 -0.03228 0.0269 0.0538 -0.0269
3.38 -0.024210000000000002 0.0269 0.056490000000000005 -0.02152
3.4 -0.01883 0.03766 0.048420000000000005 -0.03766
3.42 -0.01614 0.03497 0.04304 -0.03497
3.44 -0.024210000000000002 0.03766 0.03497 -0.04573
3.46 -0.01883 0.0269 0.02959 -0.03766
3.48 -0.024210000000000002 0.02959 0.0269 -0.04573
3.5 -0.0269 0.0269 0.03228 -0.03766
3.52 -0.02959 0.03228 0.04573 -0.04573
3.54 -0.02152 0.0269 0.048420000000000005 -0.03497
3.56 -0.02959 0.02959 0.06187 -0.03228
3.58 -0.03497 0.0269 0.06456 -0.024210000000000002
3.6 -0.040350000000000004 0.03497 0.06456 -0.03497
3.62 -0.040350000000000004 0.024210000000000002 0.0538 -0.02959
3.64 -0.03497 0.03228 0.048420000000000005 -0.04304
3.66 -0.03497 0.0269 0.04573 -0.03766
3.68 -0.02959 0.03497 0.04573 -0.040350000000000004
3.7 -0.0269 0.0269 0.048420000000000005 -0.02959
3.72 -0.02959 0.03228 0.056490000000000005 -0.03766
3.74 -0.02959 0.01614 0.056490000000000005 -0.0269
3.76 -0.03497 0.024210000000000002 0.056490000000000005 -0.03228
3.78 -0.03766 0.01614 0.056490000000000005 -0.024210000000000002
3.8 -0.03228 0.02959 0.048420000000000005 -0.03228
3.82 -0.02959 0.024210000000000002 0.048420000000000005 -0.03228
3.84 -0.01883 0.040350000000000004 0.03766 -0.03766
3.86 -0.024210000000000002 0.03766 0.03766 -0.03497
3.88 -0.02959 0.040350000000000004 0.04573 -0.040350000000000004
3.9 -0.02959 0.03228 0.048420000000000005 -0.03497
3.92 -0.03497 0.03228 0.0538 -0.03228
3.94 -0.03766 0.02152 0.05918 -0.0269
3.96 -0.04573 0.02959 0.06725 -0.0269
3.98 -0.04573 0.024210000000000002 0.06456 -0.02152
4.0 -0.04573 0.02152 0.06725 -0.02152
4.02 -0.048420000000000005 0.01614 0.06725 -0.01883
4.04 -0.05111 0.02152 0.06994 -0.02152
4.06 -0.040350000000000004 0.01883 0.05918 -0.024210000000000002
4.08 -0.03228 0.024210000000000002 0.056490000000000005 -0.0269
4.1 -0.02152 0.0269 0.048420000000000005 -0.02152
4.12 -0.01076 0.03497 0.04304 -0.03497
4.14 -0.01345 0.03497 0.04304 -0.03497
4.16 -0.01345 0.04304 0.040350000000000004 -0.03766
4.18 -0.01345 0.03766 0.03497 -0.03766
4.2 -0.01883 0.048420000000000005 0.0269 -0.0538
4.22 -0.01883 0.04304 0.024210000000000002 -0.0538
4.24 -0.02152 0.04304 0.040350000000000004 -0.048420000000000005
4.26 -0.024210000000000002 0.03766 0.048420000000000005 -0.03766
4.28 -0.03497 0.03497 0.0538 -0.0269
4.3 -0.03766 0.0269 0.06456 -0.02152
4.32 -0.048420000000000005 0.0269 0.056490000000000005 -0.02959
4.34 -0.048420000000000005 0.02152 0.056490000000000005 -0.02152
4.36 -0.048420000000000005 0.0269 0.06187 -0.024210000000000002
4.38 -0.04573 0.0269 0.06725 -0.01614
4.4 -0.056490000000000005 0.03228 0.06725 -0.01883
4.42 -0.056490000000000005 0.0269 0.06725 -0.02152
4.44 -0.056490000000000005 0.03228 0.06994 -0.0269
4.46 -0.05111 0.03228 0.06187 -0.0269
4.48 -0.03497 0.03497 0.056490000000000005 -0.03228
4.5 -0.02959 0.040350000000000004 0.04573 -0.03497
4.52 -0.02152 0.0538 0.048420000000000005 -0.04304
4.54 -0.01076 0.04573 0.04304 -0.040350000000000004
4.56 -0.01883 0.04573 0.04304 -0.04304
4.58 -0.024210000000000002 0.040350000000000004 0.03766 -0.04304
4.6 -0.01883 0.048420000000000005 0.04304 -0.05111
4.62 -0.01883 0.048420000000000005 0.04573 -0.040350000000000004
4.64 -0.02152 0.04573 0.048420000000000005 -0.040350000000000004
4.66 -0.024210000000000002 0.03766 0.048420000000000005 -0.03228
4.68 -0.02959 0.03497 0.048420000000000005 -0.03228
4.7 -0.03228 0.0269 0.048420000000000005 -0.03228
4.72 -0.00807 0.0 0.05918 -0.03497
4.74 0.0 -0.00538 0.06187 -0.02152
4.76 0.0 0.0 0.06187 -0.024210000000000002
4.78 -0.01076 0.0 0.05918 -0.0269
4.8 -0.0269 0.0 0.05111 -0.02959
4.82 -0.0269 0.00269 0.01883 -0.02959
4.84 -0.03228 0.00269 0.01614 -0.02959
4.86 -0.0269 0.00269 0.024210000000000002 -0.02959
4.88 -0.02152 0.01076 0.03766 -0.040350000000000004
4.9 -0.00269 0.01883 0.040350000000000004 -0.040350000000000004
4.92 0.0 0.01883 0.04304 -0.03497
4.94 0.0 0.00538 0.04304 -0.03228
4.96 0.00538 0.0 0.04573 -0.03228
4.98 0.00807 0.01345 0.04573 -0.03228
5.0 0.00538 0.01076 0.04573 -0.02959
5.02 0.0 0.01345 0.04573 -0.02959
5.04 -0.00807 0.01614 0.04573 -0.02959
5.06 -0.00807 0.01345 0.04573 -0.02959
5.08 -0.01345 0.01345 0.04573 -0.02959
5.1 -0.0269 0.0 0.03497 -0.00807
5.12 -0.024210000000000002 0.0 0.02152 0.00269
5.14 -0.02959 -0.01345 0.03497 0.02959
5.16 -0.02152 -0.00538 0.03497 0.03497
5.18 -0.0269 -0.01076 0.03497 0.0269
5.2 -0.0269 -0.01614 0.03497 0.02959
5.22 -0.024210000000000002 -0.03766 0.03497 0.05111
5.24 -0.02959 -0.03766 0.03497 0.05111
5.26 -0.0269 -0.03766 0.03497 0.056490000000000005
5.28 -0.0269 -0.04573 0.03497 0.06187
5.3 -0.0269 -0.056490000000000005 0.03497 0.06187
5.32 -0.0269 -0.06994 0.03497 0.07263
5.34 -0.0269 -0.06725 0.03766 0.07263
5.36 -0.0269 -0.06725 0.03766 0.08070000000000001
5.38 -0.0269 -0.08339 0.03766 0.07532
5.4 -0.0269 -0.08339 0.03766 0.07532
5.42 -0.024210000000000002 -0.08339 0.03766 0.07532
5.44 -0.024210000000000002 -0.08339 0.03766 0.07263
5.46 -0.0269 -0.08339 0.03766 0.07532
5.48 -0.02959 -0.08339 0.03766 0.07532
5.5 -0.02959 -0.08339 0.03766 0.07532
5.52 -0.02959 -0.08339 0.03766 0.07532
5.54 -0.03228 -0.08339 0.03766 0.07532
5.56 -0.03228 -0.08339 0.03766 0.07532
5.58 -0.02959 -0.08070000000000001 0.03766 0.07532
5.6 -0.03497 -0.08339 0.03766 0.07532
5.62 -0.03228 -0.08339 0.03766 0.07801000000000001
5.64 -0.02959 -0.08339 0.03766 0.07801000000000001
5.66 -0.03228 -0.08339 0.03766 0.08070000000000001
5.68 -0.03228 -0.08339 0.03766 0.08070000000000001
5.7 -0.03497 -0.08339 0.03766 0.08070000000000001
5.72 -0.03228 -0.08339 0.03766 0.08339
5.74 -0.03228 -0.08339 0.03766 0.08608
5.76 -0.03228 -0.08339 0.03766 0.08608
5.78 -0.03228 -0.08339 0.03766 0.08339
5.8 -0.03497 -0.08339 0.03766 0.08608
5.82 -0.03497 -0.08339 0.03766 0.08339
5.84 -0.03497 -0.08339 0.03766 0.08339
5.86 -0.03497 -0.08339 0.03766 0.08608
5.88 -0.03497 -0.08339 0.03766 0.08608
5.9 -0.03497 -0.08339 0.03766 0.08608
5.92 -0.03497 -0.08339 0.03766 0.08608
5.94 -0.03497 -0.08339 0.03766 0.08608
5.96 -0.03497 -0.08339 0.03766 0.08608
5.98 -0.03497 -0.08339 0.03497 0.08608
6.0 -0.03497 -0.08339 0.03497 0.08608
6.02 -0.03497 -0.08339 0.03497 0.08608
6.04 -0.03228 -0.08339 0.03497 0.08608
6.06 -0.03497 -0.08339 0.03497 0.08608
6.08 -0.03497 -0.08339 0.03497 0.08608
6.1 -0.03497 -0.08339 0.03497 0.08608
6.12 -0.03228 -0.08339 0.03497 0.08608
6.14 -0.03228 -0.08339 0.03497 0.08339
6.16 -0.03497 -0.08339 0.03497 0.08608
6.18 -0.03497 -0.08339 0.03497 0.08608
6.2 -0.03766 -0.08339 0.03497 0.08608
6.22 -0.03497 -0.08339 0.03497 0.08608
6.24 -0.03228 -0.08339 0.03497 0.08608
6.26 -0.03497 -0.08339 0.03497 0.08608
6.28 -0.03497 -0.08339 0.03497 0.08608
6.3 -0.03766 -0.08339 0.03497 0.08608
6.32 -0.03497 -0.08339 0.03497 0.08608
6.34 -0.03497 -0.08339 0.03497 0.08608
6.36 -0.03497 -0.08339 0.03497 0.08608
6.38 -0.03497 -0.08339 0.03497 0.08608
6.4 -0.03497 -0.08339 0.03497 0.08608
6.42 -0.03497 -0.08339 0.03497 0.08608
6.44 -0.03497 -0.08339 0.03497 0.08608
6.46 -0.03497 -0.08339 0.03497 0.08608
6.48 -0.03497 -0.08339 0.03497 0.08608
6.5 -0.03228 -0.08339 0.03497 0.08608
6.52 -0.03497 -0.08339 0.03766 0.08608
6.54 -0.03497 -0.08339 0.03766 0.08608
6.56 -0.03497 -0.08339 0.03766 0.08608
6.58 -0.03228 -0.08339 0.03766 0.08608
6.6 -0.03766 -0.08339 0.03766 0.08339
6.62 -0.03228 -0.08339 0.03766 0.08608
6.64 -0.03766 -0.08339 0.03766 0.08608
6.66 -0.03497 -0.08339 0.03766 0.08608
6.68 -0.03497 -0.08339 0.03766 0.08608
6.7 -0.03228 -0.08339 0.03766 0.08608
6.72 -0.03228 -0.08339 0.03766 0.08608
6.74 -0.03497 -0.08339 0.03766 0.08608
6.76 -0.03497 -0.08339 0.03228 0.08608
6.78 -0.03497 -0.08339 0.03497 0.08608
6.8 -0.03497 -0.08339 0.03497 0.08608
6.82 -0.03497 -0.08339 0.03497 0.08608
6.84 -0.03497 -0.08339 0.03497 0.08608
6.86 -0.03497 -0.08339 0.03497 0.08608
6.88 -0.03497 -0.08339 0.03497 0.08608
6.9 -0.03228 -0.08339 0.03497 0.08608
6.92 -0.03766 -0.08339 0.03497 0.08608
6.94 -0.03228 -0.08339 0.03497 0.08608
6.96 -0.03228 -0.08339 0.03497 0.08608
6.98 -0.03497 -0.08339 0.03497 0.08608
7.0 -0.03497 -0.08339 0.03497 0.08608
7.02 -0.03766 -0.08339 0.03497 0.08608
7.04 -0.03228 -0.08339 0.03497 0.08608
7.06 -0.03497 -0.08339 0.03497 0.08608
7.08 -0.03497 -0.08339 0.03497 0.08608
7.1 -0.03497 -0.08339 0.03497 0.08608
7.12 -0.03497 -0.08339 0.03497 0.08608
7.14 -0.03497 -0.08339 0.03497 0.08608
7.16 -0.03497 -0.08339 0.03497 0.08608
7.18 -0.03766 -0.08339 0.03497 0.08608
7.2 -0.03766 -0.08339 0.03497 0.08608
7.22 -0.03497 -0.08339 0.03497 0.08608
7.24 -0.03497 -0.08339 0.03497 0.08608
7.26 -0.03766 -0.08339 0.03497 0.08608
7.28 -0.03497 -0.08339 0.03497 0.08608
7.3 -0.03228 -0.08339 0.03497 0.08608
7.32 -0.03766 -0.08339 0.03497 0.08608
7.34 -0.03228 -0.08339 0.03497 0.08608
7.36 -0.03497 -0.08339 0.03497 0.08608
7.38 -0.03228 -0.08339 0.03497 0.08608
7.4 -0.03497 -0.08339 0.03497 0.08608
7.42 -0.03766 -0.08339 0.03497 0.08608
7.44 -0.03497 -0.08339 0.03497 0.08608
7.46 -0.03497 -0.08339 0.03497 0.08608
7.48 -0.03228 -0.08339 0.03497 0.08608
7.5 -0.03497 -0.08339 0.03497 0.08608
7.52 -0.03228 -0.08339 0.03497 0.08608
7.54 -0.03497 -0.08339 0.03497 0.08608
7.56 -0.03766 -0.08339 0.03497 0.08608
7.58 -0.03497 -0.08339 0.03497 0.08608
7.6 -0.03766 -0.08339 0.03497 0.08608
7.62 -0.03766 -0.08339 0.03497 0.08608
7.64 -0.03228 -0.08339 0.03497 0.08608
7.66 -0.03497 -0.08339 0.03497 0.08608
7.68 -0.03497 -0.08339 0.03497 0.08608
7.7 -0.03497 -0.08339 0.03497 0.08608
7.72 -0.03497 -0.08339 0.03497 0.08608
7.74 -0.03497 -0.08339 0.03497 0.08608
7.76 -0.03766 -0.08339 0.03497 0.08608
7.78 -0.03497 -0.08339 0.03497 0.08608
7.8 -0.03766 -0.08339 0.03497 0.08608
7.82 -0.03766 -0.08339 0.03497 0.08608
7.84 -0.03497 -0.08339 0.03497 0.08608
7.86 -0.03497 -0.08339 0.03497 0.08608
7.88 -0.03497 -0.08339 0.03497 0.08608
7.9 -0.03497 -0.08339 0.03497 0.08608
7.92 -0.03766 -0.08339 0.03497 0.08608
7.94 -0.03497 -0.08339 0.03497 0.08608
7.96 -0.03497 -0.08339 0.03766 0.08608
7.98 -0.03497 -0.08339 0.03766 0.08608
8.0 -0.03497 -0.08339 0.03766 0.08608
8.02 -0.03497 -0.08339 0.03766 0.08608
8.04 -0.03228 -0.08339 0.03766 0.08608
8.06 -0.03497 -0.08339 0.03497 0.08608
8.08 -0.03766 -0.08339 0.03497 0.08608
8.1 -0.03766 -0.08339 0.03497 0.08608
8.12 -0.03766 -0.08339 0.03497 0.08608
8.14 -0.03766 -0.08339 0.03497 0.08608
8.16 -0.03497 -0.08339 0.03497 0.08608
8.18 -0.03766 -0.08339 0.03497 0.08608
8.2 -0.03228 -0.08339 0.03497 0.08608
8.22 -0.03497 -0.08339 0.03497 0.08608
8.24 -0.03497 -0.08339 0.03497 0.08608
8.26 -0.03497 -0.08339 0.03497 0.08608
8.28 -0.03228 -0.08339 0.03497 0.08608
8.3 -0.03228 -0.08339 0.03497 0.08608
8.32 -0.03497 -0.08339 0.03497 0.08608
8.34 -0.03228 -0.08339 0.03497 0.08608
8.36 -0.03228 -0.08339 0.03497 0.08608
8.38 -0.03497 -0.08339 0.03497 0.08877
8.4 -0.03497 -0.08339 0.03497 0.08608
8.42 -0.03497 -0.08339 0.03497 0.08608
8.44 -0.03766 -0.08339 0.03497 0.08608
8.46 -0.03497 -0.08339 0.03497 0.08608
8.48 -0.03497 -0.08339 0.03497 0.08608
8.5 -0.03497 -0.08339 0.03497 0.08608
8.52 -0.03497 -0.08339 0.03497 0.08608
8.54 -0.03497 -0.08339 0.03497 0.08608
8.56 -0.03497 -0.08339 0.03497 0.08608
8.58 -0.03497 -0.08339 0.03497 0.08608
8.6 -0.03766 -0.08339 0.03497 0.08608
8.62 -0.03497 -0.08339 0.03497 0.08608
8.64 -0.03766 -0.08339 0.03497 0.08608
8.66 -0.03228 -0.08339 0.03497 0.08608
8.68 -0.03228 -0.08339 0.03497 0.08608
8.7 -0.03766 -0.08339 0.03497 0.08608
8.72 -0.03497 -0.08339 0.03497 0.08608
8.74 -0.03497 -0.08339 0.03497 0.08608
8.76 -0.03766 -0.08339 0.03497 0.08608
8.78 -0.03497 -0.08339 0.03497 0.08608
8.8 -0.03766 -0.08339 0.03497 0.08608
8.82 -0.03497 -0.08339 0.03497 0.08608
8.84 -0.03497 -0.08339 0.03497 0.08608
8.86 -0.03497 -0.08339 0.03497 0.08608
8.88 -0.03228 -0.08339 0.03497 0.08608
8.9 -0.03497 -0.08339 0.03497 0.08608
8.92 -0.03497 -0.08339 0.03497 0.08877
8.94 -0.03766 -0.08339 0.03497 0.08877
8.96 -0.03497 -0.08339 0.03497 0.08877
8.98 -0.03497 -0.08339 0.03497 0.08877
9.0 -0.03497 -0.08339 0.03497 0.08877
9.02 -0.03497 -0.08339 0.03497 0.08608
9.04 -0.03228 -0.08339 0.03497 0.08608
9.06 -0.03497 -0.08339 0.03497 0.08608
9.08 -0.03228 -0.08339 0.03497 0.08608
9.1 -0.03497 -0.08339 0.03497 0.08608
9.12 -0.03497 -0.08339 0.03497 0.08608
9.14 -0.03497 -0.08339 0.03497 0.08608
9.16 -0.03497 -0.08339 0.03497 0.08608
9.18 -0.03497 -0.08339 0.03497 0.08608
9.2 -0.03766 -0.08339 0.03497 0.08608
9.22 -0.03497 -0.08339 0.03497 0.08608
9.24 -0.03497 -0.08339 0.03497 0.08608
9.26 -0.03497 -0.08339 0.03497 0.08608
9.28 -0.03497 -0.08339 0.03497 0.08608
9.3 -0.03497 -0.08339 0.03497 0.08608
9.32 -0.03497 -0.08339 0.03497 0.08608
9.34 -0.03228 -0.08339 0.03497 0.08608
9.36 -0.03497 -0.08339 0.03497 0.08608
9.38 -0.03497 -0.08339 0.03497 0.08608
9.4 -0.03228 -0.08339 0.03497 0.08608
9.42 -0.03766 -0.08339 0.03497 0.08608
9.44 -0.03497 -0.08339 0.03497 0.08608
9.46 -0.03228 -0.08339 0.03497 0.08608
9.48 -0.03497 -0.08339 0.03497 0.08608
9.5 -0.03766 -0.08339 0.03497 0.08608
9.52 -0.03766 -0.08339 0.03497 0.08608
9.54 -0.03497 -0.08339 0.03497 0.08608
9.56 -0.03497 -0.08339 0.03497 0.08608
9.58 -0.02959 -0.08339 0.03497 0.08608
9.6 -0.03497 -0.08339 0.03497 0.08608
9.62 -0.03497 -0.08339 0.03497 0.08608
9.64 -0.03497 -0.08339 0.03766 0.08608
9.66 -0.03766 -0.08339 0.03766 0.08608
9.68 -0.03497 -0.08339 0.03766 0.08608
9.7 -0.03766 -0.08339 0.03766 0.08608
9.72 -0.03497 -0.08339 0.03766 0.08608
9.74 -0.03497 -0.08339 0.03766 0.08608
9.76 -0.03497 -0.08339 0.03497 0.08608
9.78 -0.03766 -0.08339 0.03497 0.08608
9.8 -0.03497 -0.08339 0.03497 0.08608
9.82 -0.03497 -0.08339 0.03497 0.08608
9.84 -0.03766 -0.08339 0.03497 0.08608
9.86 -0.03497 -0.08339 0.03497 0.08608
9.88 -0.03497 -0.08339 0.03497 0.08608
9.9 -0.03766 -0.08339 0.03497 0.08608
9.92 -0.03228 -0.08339 0.03497 0.08608
9.94 -0.03497 -0.08070000000000001 0.03497 0.08608
9.96 -0.03497 -0.08339 0.03497 0.08608
9.98 -0.03497 -0.08339 0.03497 0.08608
10.0 -0.03497 -0.08339 0.03497 0.08608
10.02 -0.03228 -0.08339 0.03497 0.08608
10.04 -0.03497 -0.08339 0.03497 0.08608
10.06 -0.03497 -0.08339 0.03497 0.08608
10.08 -0.03497 -0.08339 0.03497 0.07801000000000001
10.1 -0.03497 -0.08339 0.03497 0.07801000000000001
10.12 -0.03228 -0.08339 0.06456 0.0538
10.14 -0.03497 -0.14795 0.07263 0.06725
10.16 -0.02959 -0.16409 0.08339 0.0
10.18 -0.024210000000000002 -0.25286000000000003 0.08877 0.01345
10.2 -0.01345 -0.27169 0.09415 -0.056490000000000005
10.22 -0.01345 -0.28245000000000003 0.06456 0.01614
10.24 -0.00538 -0.33625 0.11029 -0.1345
10.26 0.01614 -0.33087 0.15871000000000002 -0.00269
10.28 0.02152 -0.30935 0.1883 -0.09415
10.3 0.0269 -0.35508 0.23941 0.048420000000000005
10.32 0.02959 -0.35239000000000004 0.25555 -0.00269
10.34 0.01883 -0.33087 0.19368000000000002 0.12374
10.36 -0.01345 -0.30666 0.1883 -0.00269
10.38 -0.01345 -0.30935 0.09684000000000001 0.048420000000000005
10.4 -0.02959 -0.30935 0.06725 -0.02152
10.42 -0.06456 -0.31204000000000004 0.0 0.0
10.44 -0.08608 -0.34701000000000004 -0.04304 -0.09146
10.46 -0.09953000000000001 -0.35508 -0.07263 -0.0538
10.48 -0.11029 -0.35508 -0.04573 -0.09146
10.5 -0.09415 -0.35508 -0.03228 -0.05111
10.52 -0.08608 -0.35508 0.01614 -0.05918
10.54 -0.07801000000000001 -0.35508 0.07263 -0.02152
10.56 -0.05918 -0.32549 0.13181 -0.00269
10.58 -0.06456 -0.32818 0.17754 -0.00269
10.6 -0.05918 -0.32818 0.12643000000000001 0.0
10.62 -0.08339 -0.35239000000000004 0.09146 -0.03766
10.64 -0.1076 -0.35239000000000004 0.05111 -0.00538
10.66 -0.11298000000000001 -0.35777000000000003 0.03497 -0.06994
10.68 -0.11298000000000001 -0.35777000000000003 0.02152 -0.01614
10.7 -0.12105 -0.35777000000000003 0.02152 -0.08070000000000001
10.72 -0.11298000000000001 -0.35777000000000003 0.00269 -0.01614
10.74 -0.11836 -0.36046 0.03766 -0.1076
10.76 -0.11836 -0.36584 0.00807 0.0
10.78 -0.13181 -0.37391 0.040350000000000004 -0.13719
10.8 -0.15064 -0.32549 0.00807 0.00269
10.82 -0.15064 -0.33625 0.04304 -0.14257
10.84 -0.16140000000000002 -0.3497 0.01345 -0.00269
10.86 -0.16140000000000002 -0.3497 0.04304 -0.13719
10.88 -0.15871000000000002 -0.36046 0.01614 -0.0269
10.9 -0.18292 -0.33356 0.0 0.27169
10.92 -0.1883 -0.26362 -0.048420000000000005 0.5541400000000001
10.94 -0.15602000000000002 -0.27438 0.0 0.50303
10.96 -0.1345 -0.20982 0.03228 0.56221
10.98 -0.06725 -0.12374 0.07263 0.47882
11.0 -0.02152 -0.10491 0.08608 0.50034
11.02 -0.01883 -0.07263 0.09684000000000001 0.45192000000000004
11.04 0.0 -0.16947 0.06187 0.40888
11.06 -0.01614 -0.19906000000000001 0.05918 0.35777000000000003
11.08 0.0 -0.2152 0.03228 0.32818
11.1 -0.00269 -0.24479 0.04304 0.33087
11.12 0.0 -0.09684000000000001 0.0269 0.27707000000000004
11.14 0.00538 -0.09684000000000001 0.02959 0.27707000000000004
11.16 -0.00269 0.01076 0.0 0.24748
11.18 0.0 0.03766 -0.00269 0.24748
11.2 -0.01076 0.08608 -0.03228 0.23672
11.22 -0.00538 -0.01076 -0.0269 0.23672
11.24 -0.040350000000000004 0.040350000000000004 -0.06994 0.22327
11.26 -0.01883 -0.07801000000000001 -0.11029 0.22327
11.28 -0.08070000000000001 0.040350000000000004 -0.1345 0.21251
11.3 -0.024210000000000002 -0.09415 -0.13719 0.21251
11.32 -0.07263 0.05918 -0.14257 0.21251
11.34 -0.00269 -0.08070000000000001 -0.13719 0.2152
11.36 -0.04304 0.07801000000000001 -0.12912 0.21251
11.38 0.00269 -0.06456 -0.12912 0.21251
11.4 -0.0269 0.12374 -0.1345 0.22327
11.42 -0.01883 -0.04304 -0.14257 0.25824
11.44 -0.0538 0.07801000000000001 -0.16409 0.22058
11.46 -0.024210000000000002 -0.03766 -0.15871000000000002 0.24748
11.48 -0.03766 0.08339 -0.15871000000000002 0.22058
11.5 -0.02152 -0.01076 -0.15064 0.22327
11.52 -0.04304 0.056490000000000005 -0.14795 0.22327
11.54 -0.02152 0.04304 -0.1345 0.22596000000000002
11.56 -0.040350000000000004 0.0269 -0.12643000000000001 0.22596000000000002
11.58 -0.02959 0.03497 -0.12105 0.22596000000000002
11.6 -0.03766 0.00807 -0.11567000000000001 0.22327
11.62 -0.048420000000000005 0.03228 -0.11298000000000001 0.22327
11.64 -0.04304 0.00807 -0.11567000000000001 0.22327
11.66 -0.05918 0.06725 -0.10491 0.22327
11.68 -0.048420000000000005 0.00538 -0.09684000000000001 0.22058
11.7 -0.08070000000000001 0.08877 -0.09415 0.25017
11.72 -0.02959 0.00807 -0.08070000000000001 0.25286000000000003
11.74 -0.048420000000000005 0.11029 -0.08339 0.25286000000000003
11.76 -0.02152 0.00269 -0.06725 0.25555
11.78 -0.056490000000000005 0.11029 -0.05918 0.25555
11.8 -0.024210000000000002 0.0 -0.04304 0.269
11.82 -0.056490000000000005 0.12643000000000001 -0.03766 0.269
11.84 -0.03497 -0.02152 -0.01883 0.27976
11.86 -0.06187 0.16678 -0.02152 0.28245000000000003
11.88 -0.03497 -0.0538 -0.00807 0.29321
11.9 -0.06994 0.08070000000000001 -0.00269 0.25824
11.92 -0.06187 0.02152 -0.024210000000000002 0.32280000000000003
11.94 -0.08070000000000001 0.06994 -0.01345 0.29321
11.96 -0.03228 -0.19906000000000001 0.00538 0.2959
11.98 -0.03228 -0.29052 0.040350000000000004 0.12912
12.0 0.0 -0.26631 0.02152 0.17754
12.02 -0.00269 -0.26362 0.040350000000000004 0.13988
12.04 0.00269 -0.17485 0.03497 0.17485
12.06 0.0 -0.17485 0.05111 0.13719
12.08 0.02152 -0.14257 0.03766 0.12643000000000001
12.1 0.01614 -0.15333 0.04573 0.12912
12.12 0.03497 -0.14795 0.01345 0.00807
12.14 0.0269 -0.2152 0.024210000000000002 0.02959
12.16 0.04304 -0.23941 0.08070000000000001 -0.03766
12.18 0.03766 -0.28514 0.06725 0.024210000000000002
12.2 0.04573 -0.27976 0.07801000000000001 -0.056490000000000005
12.22 0.03497 -0.26631 0.02152 0.03228
12.24 0.040350000000000004 -0.27169 0.02959 -0.11029
12.26 0.0538 -0.27707000000000004 0.048420000000000005 0.04573
12.28 0.07532 -0.27438 0.04573 -0.04304
12.3 0.06456 -0.27707000000000004 0.040350000000000004 0.056490000000000005
12.32 0.07801000000000001 -0.26631 0.048420000000000005 -0.04304
12.34 0.06994 -0.30397 0.03228 0.01076
12.36 0.08070000000000001 -0.30397 0.08608 -0.04573
12.38 0.08877 -0.29321 0.048420000000000005 0.05111
12.4 0.07263 -0.30666 0.07263 -0.024210000000000002
12.42 0.06456 -0.27169 0.02959 -0.01883
12.44 0.04304 -0.269 0.056490000000000005 -0.04304
12.46 0.04573 -0.269 0.02959 0.0
12.48 0.04304 -0.269 0.03766 -0.03497
12.5 0.02959 -0.269 0.01076 -0.02152
12.52 0.01614 -0.269 0.03766 -0.03228
12.54 0.01614 -0.269 0.01883 -0.06994
12.56 0.01076 -0.269 0.04304 -0.02152
12.58 0.00807 -0.269 0.03497 -0.03228
12.6 0.00269 -0.269 0.048420000000000005 0.0
12.62 0.0 -0.269 0.0538 -0.056490000000000005
12.64 0.0 -0.269 0.06725 -0.00807
12.66 -0.00269 -0.269 0.09684000000000001 -0.07801000000000001
12.68 -0.00269 -0.269 0.08339 -0.01076
12.7 -0.01076 -0.269 0.08339 -0.10222
12.72 -0.00807 -0.27976 0.024210000000000002 0.0
12.74 -0.00807 -0.27976 0.024210000000000002 -0.12374
12.76 -0.01345 -0.27976 0.0269 0.01345
12.78 -0.024210000000000002 -0.27976 0.040350000000000004 -0.13988
12.8 -0.03497 -0.29052 0.00807 0.0
12.82 -0.056490000000000005 -0.29052 0.0269 -0.15064
12.84 -0.056490000000000005 -0.30397 0.00807 -0.0269
12.86 -0.08339 -0.30397 0.0269 -0.11029
12.88 -0.06994 -0.31204000000000004 0.01614 -0.01614
12.9 -0.07532 -0.31204000000000004 0.04573 -0.01345
12.92 -0.08877 -0.21789 -0.00538 0.39005
12.94 -0.1076 -0.0538 0.0 0.41964
12.96 -0.08339 -0.09146 0.0 0.46537
12.98 -0.08070000000000001 -0.040350000000000004 0.02959 0.44923
13.0 -0.03497 -0.15871000000000002 0.03497 0.39005
13.02 -0.05111 -0.13988 0.056490000000000005 0.40619
13.04 -0.01883 -0.15871000000000002 0.02152 0.32549
13.06 -0.03228 -0.14526 0.03497 0.32549
13.08 -0.024210000000000002 -0.03228 0.01883 0.27438
13.1 -0.00538 -0.02152 0.00269 0.27438
13.12 -0.02152 0.03766 0.0 0.2421
13.14 -0.01345 -0.00269 0.0 0.24479
13.16 -0.02152 0.06456 -0.02959 0.27169
13.18 -0.00807 -0.03228 -0.02152 0.26631
13.2 -0.02959 0.040350000000000004 -0.0538 0.25824
13.22 0.0 -0.05918 -0.07532 0.23941
13.24 -0.05111 0.01614 -0.09953000000000001 0.22327
13.26 -0.00269 -0.05918 -0.11567000000000001 0.22596000000000002
13.28 -0.05111 0.03497 -0.13719 0.22327
13.3 -0.00807 -0.07263 -0.12643000000000001 0.22058
13.32 -0.04573 0.048420000000000005 -0.14526 0.22327
13.34 0.0 -0.03766 -0.16409 0.22327
13.36 -0.03766 0.05111 -0.17754 0.22327
13.38 -0.00538 -0.01614 -0.16678 0.22596000000000002
13.4 -0.056490000000000005 0.03228 -0.17216 0.22327
13.42 -0.01614 -0.01345 -0.17754 0.22327
13.44 -0.040350000000000004 0.03766 -0.16140000000000002 0.22058
13.46 -0.01345 0.01076 -0.16678 0.22058
13.48 -0.04573 0.04304 -0.16140000000000002 0.22327
13.5 -0.02152 0.03228 -0.16140000000000002 0.22327
13.52 -0.05111 0.0269 -0.15064 0.22327
13.54 -0.03228 0.02959 -0.14526 0.22327
13.56 -0.03766 0.00807 -0.12643000000000001 0.22058
13.58 -0.04304 0.03228 -0.12374 0.22327
13.6 -0.03766 0.00269 -0.12374 0.22327
13.62 -0.05111 0.06994 -0.1345 0.22327
13.64 -0.048420000000000005 0.00269 -0.11836 0.22327
13.66 -0.08339 0.09415 -0.12105 0.22596000000000002
13.68 -0.03228 0.01345 -0.11567000000000001 0.22596000000000002
13.7 -0.04573 0.1076 -0.11567000000000001 0.22327
13.72 -0.02152 0.0 -0.11029 0.22596000000000002
13.74 -0.0538 0.11298000000000001 -0.10222 0.22327
13.76 -0.03228 0.0 -0.09146 0.23672
13.78 -0.05918 0.15064 -0.08608 0.23403000000000002
13.8 -0.03228 -0.048420000000000005 -0.06187 0.24479
13.82 -0.06187 0.16140000000000002 -0.07801000000000001 0.24479
13.84 -0.03766 -0.03766 -0.06456 0.25555
13.86 -0.07532 0.08608 -0.06187 0.25286000000000003
13.88 -0.06187 0.01076 -0.07532 0.28783000000000003
13.9 -0.08608 0.06456 -0.05918 0.28783000000000003
13.92 -0.06187 0.0 -0.07532 0.33625
13.94 -0.040350000000000004 -0.21789 -0.0269 0.27707000000000004
13.96 -0.01614 -0.16140000000000002 -0.00269 0.18292
13.98 -0.01345 -0.15871000000000002 0.0 0.2152
14.0 -0.01076 -0.08877 -0.01614 0.20713
14.02 -0.02152 -0.07532 0.00269 0.21789
14.04 0.0 -0.07801000000000001 -0.00538 0.18023
14.06 -0.00269 -0.11029 -0.00269 0.1883
14.08 0.00538 -0.12374 0.0 0.02959
14.1 0.01076 -0.20444 0.0 0.0269
14.12 0.02959 -0.21789 0.01345 -0.04573
14.14 0.0269 -0.30666 0.00807 0.00807
14.16 0.04573 -0.32280000000000003 0.04573 -0.03766
14.18 0.04573 -0.2959 0.024210000000000002 0.03497
14.2 0.05918 -0.28783000000000003 0.05111 -0.03228
14.22 0.07532 -0.29859 0.06994 -0.056490000000000005
14.24 0.11298000000000001 -0.28514 0.12643000000000001 -0.02959
14.26 0.09684000000000001 -0.28783000000000003 0.07532 0.08877
14.28 0.07532 -0.27707000000000004 0.11567000000000001 -0.01883
14.3 0.08339 -0.27707000000000004 0.048420000000000005 0.06456
14.32 0.05918 -0.28514 0.08339 -0.07532
14.34 0.048420000000000005 -0.28245000000000003 0.02152 0.04304
14.36 0.02959 -0.28783000000000003 0.03228 -0.040350000000000004
14.38 0.00538 -0.29052 0.0 -0.03228
14.4 0.01345 -0.28514 0.01076 -0.056490000000000005
14.42 0.0269 -0.28245000000000003 0.0 -0.0269
14.44 0.03497 -0.28245000000000003 0.03497 -0.04304
14.46 0.05111 -0.28514 0.01345 -0.024210000000000002
14.48 0.04573 -0.28514 0.04573 -0.03497
14.5 0.04573 -0.28783000000000003 0.03497 -0.056490000000000005
14.52 0.03766 -0.28245000000000003 0.05918 -0.01883
14.54 0.02959 -0.28245000000000003 0.05111 -0.03228
14.56 0.0269 -0.28245000000000003 0.0538 0.0
14.58 0.02152 -0.28783000000000003 0.056490000000000005 -0.05918
14.6 0.01614 -0.28514 0.06456 -0.01076
14.62 0.01614 -0.28245000000000003 0.08608 -0.07801000000000001
14.64 0.00269 -0.28514 0.08070000000000001 -0.01614
14.66 0.00269 -0.29052 0.08339 -0.09953000000000001
14.68 0.0 -0.2959 0.01883 -0.00807
14.7 0.0 -0.29859 0.01883 -0.13181
14.72 -0.00269 -0.29859 0.01345 0.00538
14.74 -0.00538 -0.29859 0.04304 -0.14257
14.76 -0.00538 -0.30935 0.03228 0.00538
14.78 -0.01345 -0.30666 0.04573 -0.14795
14.8 -0.00269 -0.32011 0.03228 -0.00269
14.82 -0.01345 -0.31742000000000004 0.048420000000000005 -0.13988
14.84 -0.01614 -0.33087 0.02152 0.0
14.86 -0.03228 -0.33087 0.04304 -0.11298000000000001
14.88 -0.0269 -0.37391 0.03497 -0.024210000000000002
14.9 -0.04573 -0.30666 0.02152 0.16140000000000002
14.92 -0.04304 -0.16409 0.0 0.31204000000000004
14.94 -0.06725 -0.12912 0.0 0.30666
14.96 -0.05918 -0.15333 -0.01345 0.24748
14.98 -0.08070000000000001 -0.14257 0.0 0.24748
15.0 -0.056490000000000005 -0.16140000000000002 -0.01345 0.16409
15.02 -0.0538 -0.13988 -0.00269 0.16409
15.04 -0.05111 -0.04304 -0.01883 0.1345
15.06 -0.04573 -0.04304 -0.024210000000000002 0.15064
15.08 -0.04573 0.00807 -0.06187 0.13719
15.1 -0.040350000000000004 0.0 -0.08070000000000001 0.18292
15.12 -0.04573 0.06725 -0.09415 0.22596000000000002
15.14 -0.00538 -0.03497 -0.07532 0.20444
15.16 -0.01076 0.048420000000000005 -0.09146 0.19099000000000002
15.18 0.01076 -0.03497 -0.09953000000000001 0.19368000000000002
15.2 -0.024210000000000002 0.04573 -0.12105 0.20175
15.22 0.0 -0.04573 -0.17754 0.2152
15.24 -0.04573 0.03497 -0.19099000000000002 0.20713
15.26 -0.01614 -0.06725 -0.20175 0.20444
15.28 -0.05918 0.048420000000000005 -0.22058 0.19906000000000001
15.3 -0.01614 -0.048420000000000005 -0.22327 0.20175
15.32 -0.0538 0.040350000000000004 -0.2421 0.19906000000000001
15.34 -0.02152 -0.03766 -0.24479 0.20175
15.36 -0.06187 0.040350000000000004 -0.27976 0.20175
15.38 -0.01883 -0.01076 -0.25286000000000003 0.20175
15.4 -0.04573 0.03766 -0.25017 0.19906000000000001
15.42 -0.01614 0.00807 -0.26093 0.19906000000000001
15.44 -0.05111 0.04304 -0.25286000000000003 0.19906000000000001
15.46 -0.02959 0.02959 -0.24479 0.19637000000000002
15.48 -0.0538 0.0269 -0.25017 0.19906000000000001
15.5 -0.04304 0.02959 -0.24748 0.19637000000000002
15.52 -0.04573 0.00807 -0.23134000000000002 0.19637000000000002
15.54 -0.05111 0.03228 -0.23672 0.19637000000000002
15.56 -0.040350000000000004 0.00538 -0.22865000000000002 0.19906000000000001
15.58 -0.056490000000000005 0.06994 -0.22596000000000002 0.19637000000000002
15.6 -0.0538 0.00269 -0.22327 0.19906000000000001
15.62 -0.08339 0.09415 -0.22596000000000002 0.19637000000000002
15.64 -0.03497 0.01345 -0.22058 0.19906000000000001
15.66 -0.04573 0.10491 -0.20982 0.19637000000000002
15.68 -0.02152 -0.00269 -0.19906000000000001 0.20175
15.7 -0.056490000000000005 0.11298000000000001 -0.19637000000000002 0.19637000000000002
15.72 -0.03497 0.0 -0.18561 0.20982
15.74 -0.06456 0.13988 -0.17754 0.20713
15.76 -0.03497 -0.04304 -0.15602000000000002 0.22058
15.78 -0.07263 0.15333 -0.17485 0.21789
15.8 -0.03766 -0.040350000000000004 -0.15871000000000002 0.23134000000000002
15.82 -0.07801000000000001 0.1076 -0.17754 0.22865000000000002
15.84 -0.05111 -0.00538 -0.18023 0.26093
15.86 -0.08608 0.08339 -0.16409 0.26093
15.88 -0.06725 0.02959 -0.17485 0.30935
15.9 -0.07263 0.0269 -0.15064 0.31473
15.92 -0.03766 -0.03497 -0.14257 0.269
15.94 -0.03766 -0.05918 -0.10491 0.25555
15.96 -0.01614 -0.02959 -0.11567000000000001 0.26631
15.98 -0.0269 -0.01883 -0.09684000000000001 0.26631
16.0 -0.01076 -0.01076 -0.11298000000000001 0.22865000000000002
16.02 -0.01614 -0.06187 -0.09415 0.25017
16.04 0.0 -0.09146 -0.07532 0.0538
16.06 0.0 -0.15333 -0.07532 0.04573
16.08 0.01076 -0.18292 -0.01883 -0.04573
16.1 0.01614 -0.29859 -0.00807 -0.00269
16.12 0.03766 -0.32011 0.024210000000000002 -0.06187
16.14 0.040350000000000004 -0.32549 0.01614 0.0269
16.16 0.06187 -0.28783000000000003 0.07801000000000001 -0.02959
16.18 0.09146 -0.27976 0.07801000000000001 -0.048420000000000005
16.2 0.13181 -0.27707000000000004 0.20444 -0.1076
16.22 0.14526 -0.27707000000000004 0.16678 0.12105
16.24 0.11836 -0.26631 0.19099000000000002 0.00269
16.26 0.056490000000000005 -0.27169 0.11029 0.07801000000000001
16.28 0.024210000000000002 -0.26631 0.07801000000000001 -0.03228
16.3 -0.01345 -0.27976 0.02959 0.00269
16.32 -0.01076 -0.27169 0.01614 -0.024210000000000002
16.34 -0.02152 -0.27438 -0.01614 0.0
16.36 -0.01345 -0.27438 0.0 -0.048420000000000005
16.38 -0.01883 -0.27438 -0.05111 -0.02959
16.4 -0.02152 -0.27707000000000004 -0.01345 -0.07801000000000001
16.42 -0.01345 -0.27438 -0.01883 -0.05111
16.44 -0.00538 -0.27438 0.01614 -0.04573
16.46 0.0 -0.27707000000000004 0.02959 -0.0538
16.48 0.0 -0.27169 0.06994 -0.01345
16.5 0.0 -0.27438 0.07801000000000001 -0.024210000000000002
16.52 0.0 -0.27169 0.08877 0.0
16.54 -0.00538 -0.27438 0.09415 -0.056490000000000005
16.56 -0.01345 -0.27169 0.07263 -0.00807
16.58 -0.02959 -0.27707000000000004 0.07801000000000001 -0.08877
16.6 -0.0269 -0.27438 0.07263 -0.01614
16.62 -0.03497 -0.27707000000000004 0.07801000000000001 -0.10491
16.64 -0.03497 -0.28514 0.01345 -0.01345
16.66 -0.04304 -0.28514 0.01076 -0.13719
16.68 -0.04573 -0.28783000000000003 0.00538 0.0
16.7 -0.04304 -0.28514 0.0269 -0.15333
16.72 -0.04573 -0.29859 0.01345 0.0
16.74 -0.06456 -0.2959 0.03766 -0.14795
16.76 -0.06456 -0.30666 0.01614 -0.02152
16.78 -0.08070000000000001 -0.30935 0.040350000000000004 -0.1345
16.8 -0.07532 -0.32011 0.01076 -0.00807
16.82 -0.1076 -0.32011 0.03228 -0.00538
16.84 -0.08877 -0.25824 -0.01076 0.36584
16.86 -0.12643000000000001 -0.1076 -0.00538 0.4035
16.88 -0.09415 -0.15064 -0.02959 0.41964
16.9 -0.09684000000000001 -0.10491 0.0 0.41426
16.92 -0.05918 -0.16947 0.0 0.33894
16.94 -0.07263 -0.1883 0.01614 0.34432
16.96 -0.02959 -0.22058 0.0 0.27438
16.98 -0.03497 -0.2421 0.00807 0.27169
17.0 -0.02959 -0.11029 0.0 0.22058
17.02 -0.02152 -0.09415 -0.01614 0.22327
17.04 -0.0269 0.0 -0.0538 0.19368000000000002
17.06 -0.0269 -0.024210000000000002 -0.07532 0.24479
17.08 -0.040350000000000004 0.11836 -0.12374 0.22327
17.1 -0.02152 -0.05111 -0.11567000000000001 0.21789
17.12 -0.040350000000000004 0.09953000000000001 -0.1345 0.20444
17.14 0.0 -0.08339 -0.13181 0.23941
17.16 -0.056490000000000005 0.08339 -0.15871000000000002 0.22327
17.18 0.0 -0.08608 -0.17754 0.20713
17.2 -0.05918 0.09415 -0.19637000000000002 0.20175
17.22 0.0 -0.09415 -0.19637000000000002 0.20175
17.24 -0.05111 0.08339 -0.21789 0.19906000000000001
17.26 0.0 -0.07532 -0.22327 0.20175
17.28 -0.040350000000000004 0.07532 -0.23941 0.19906000000000001
17.3 -0.01076 -0.0538 -0.2421 0.19906000000000001
17.32 -0.048420000000000005 0.06725 -0.2421 0.19637000000000002
17.34 -0.01614 -0.02959 -0.24479 0.19906000000000001
17.36 -0.040350000000000004 0.07801000000000001 -0.26093 0.19637000000000002
17.38 -0.024210000000000002 -0.01614 -0.25286000000000003 0.19637000000000002
17.4 -0.048420000000000005 0.048420000000000005 -0.24748 0.19906000000000001
17.42 -0.03228 0.03228 -0.2421 0.19637000000000002
17.44 -0.0538 0.02152 -0.2421 0.19637000000000002
17.46 -0.03766 0.02959 -0.24479 0.19637000000000002
17.48 -0.040350000000000004 0.00269 -0.23403000000000002 0.19637000000000002
17.5 -0.048420000000000005 0.03228 -0.23672 0.19637000000000002
17.52 -0.03766 0.01076 -0.22865000000000002 0.19637000000000002
17.54 -0.0538 0.06456 -0.22865000000000002 0.19637000000000002
17.56 -0.0538 0.00807 -0.23403000000000002 0.19637000000000002
17.58 -0.08070000000000001 0.09415 -0.23941 0.19637000000000002
17.6 -0.03766 0.01076 -0.23134000000000002 0.19906000000000001
17.62 -0.04573 0.1076 -0.23403000000000002 0.19906000000000001
17.64 -0.0269 -0.00269 -0.22865000000000002 0.19906000000000001
17.66 -0.05918 0.11298000000000001 -0.21251 0.19637000000000002
17.68 -0.040350000000000004 -0.01076 -0.20713 0.20982
17.7 -0.06456 0.15064 -0.19906000000000001 0.20713
17.72 -0.03497 -0.05111 -0.18292 0.22058
17.74 -0.07263 0.15602000000000002 -0.19906000000000001 0.22058
17.76 -0.040350000000000004 -0.03497 -0.19637000000000002 0.23134000000000002
17.78 -0.08070000000000001 0.07263 -0.19099000000000002 0.22596000000000002
17.8 -0.06456 0.01345 -0.21789 0.26093
17.82 -0.08877 0.06994 -0.22327 0.26093
17.84 -0.08339 0.03228 -0.22596000000000002 0.30666
17.86 -0.08070000000000001 0.024210000000000002 -0.20175 0.31204000000000004
17.88 -0.040350000000000004 0.0 -0.18023 0.28245000000000003
17.9 -0.04304 -0.024210000000000002 -0.13988 0.25555
17.92 -0.01614 0.0 -0.16678 0.27438
17.94 -0.03228 0.0 -0.14526 0.27438
17.96 -0.01614 0.0 -0.16140000000000002 0.26362
17.98 -0.01614 -0.01076 -0.16678 0.25824
18.0 -0.00269 -0.02959 -0.13181 0.08339
18.02 -0.00269 -0.1076 -0.13181 0.056490000000000005
18.04 0.00807 -0.14795 -0.0538 -0.0269
18.06 0.01345 -0.27707000000000004 -0.03497 -0.02152
18.08 0.03497 -0.32280000000000003 0.0 -0.08339
18.1 0.048420000000000005 -0.32011 0.0 0.01076
18.12 0.07532 -0.32818 0.05918 -0.03766
18.14 0.11029 -0.27976 0.07263 0.0269
18.16 0.15333 -0.27976 0.18023 -0.12374
18.18 0.16409 -0.27976 0.23672 0.03497
18.2 0.19637000000000002 -0.26362 0.25286000000000003 0.048420000000000005
18.22 0.11567000000000001 -0.269 0.18023 0.1076
18.24 0.06187 -0.26631 0.12374 -0.02152
18.26 0.0 -0.27438 0.040350000000000004 0.03766
18.28 -0.02959 -0.27438 0.01614 -0.04573
18.3 -0.0269 -0.29052 -0.01614 -0.01345
18.32 -0.01345 -0.28245000000000003 -0.01345 -0.06725
18.34 -0.02152 -0.28245000000000003 -0.03228 -0.02959
18.36 -0.01883 -0.27976 -0.024210000000000002 -0.07801000000000001
18.38 -0.01614 -0.27976 -0.040350000000000004 -0.056490000000000005
18.4 -0.00538 -0.27976 0.01345 -0.0538
18.42 0.0 -0.28245000000000003 0.0269 -0.048420000000000005
18.44 0.0 -0.28245000000000003 0.06725 -0.01076
18.46 0.0 -0.28245000000000003 0.07801000000000001 -0.02152
18.48 -0.00269 -0.28245000000000003 0.08877 0.0
18.5 -0.00538 -0.28245000000000003 0.09684000000000001 -0.06187
18.52 -0.01076 -0.28245000000000003 0.09684000000000001 0.0
18.54 -0.02152 -0.28245000000000003 0.09684000000000001 -0.09415
18.56 -0.0269 -0.29859 0.07532 0.00269
18.58 -0.03228 -0.29052 0.08877 -0.12105
18.6 -0.040350000000000004 -0.30128 0.01614 0.01076
18.62 -0.04573 -0.30128 0.01076 -0.15064
18.64 -0.0538 -0.30397 0.0 0.01076
18.66 -0.0538 -0.29859 0.02152 -0.14526
18.68 -0.06456 -0.31473 0.0 -0.01076
18.7 -0.07263 -0.31473 0.02959 -0.15064
18.72 -0.08070000000000001 -0.32280000000000003 0.01345 -0.02152
18.74 -0.08339 -0.32549 0.04573 -0.12912
18.76 -0.08877 -0.33356 0.02152 -0.00538
18.78 -0.12105 -0.30666 0.01883 0.23403000000000002
18.8 -0.11298000000000001 -0.16409 -0.02152 0.53262
18.82 -0.1345 -0.13988 -0.00807 0.5111
18.84 -0.09415 -0.13181 0.0 0.46537
18.86 -0.08070000000000001 -0.08877 0.03228 0.45192000000000004
18.88 -0.03766 -0.17216 0.03497 0.41426
18.9 -0.056490000000000005 -0.16678 0.048420000000000005 0.42771000000000003
18.92 -0.01345 -0.22058 0.01614 0.34701000000000004
18.94 -0.02959 -0.23672 0.03497 0.34163
18.96 -0.01345 -0.10222 0.01883 0.29321
18.98 -0.00538 -0.08608 0.00269 0.29321
19.0 -0.01883 0.0 -0.00538 0.269
19.02 -0.00538 -0.01076 -0.00538 0.27707000000000004
19.04 -0.024210000000000002 0.07801000000000001 -0.05111 0.2959
19.06 -0.01614 -0.040350000000000004 -0.056490000000000005 0.30128
19.08 -0.040350000000000004 0.03228 -0.09415 0.29052
19.1 -0.00807 -0.06725 -0.10491 0.29321
19.12 -0.056490000000000005 0.01076 -0.12374 0.25286000000000003
19.14 -0.01345 -0.07532 -0.14526 0.27438
19.16 -0.0538 0.03228 -0.16947 0.29052
19.18 -0.00269 -0.06725 -0.16140000000000002 0.29321
19.2 -0.040350000000000004 0.02959 -0.16678 0.29052
19.22 0.0 -0.040350000000000004 -0.17754 0.2959
19.24 -0.03766 0.03766 -0.1883 0.29321
19.26 -0.01076 -0.03228 -0.19099000000000002 0.29321
19.28 -0.04573 0.04304 -0.20444 0.29321
19.3 -0.01345 -0.00807 -0.19637000000000002 0.29321
19.32 -0.040350000000000004 0.03497 -0.20444 0.29321
19.34 -0.02152 0.00269 -0.2152 0.29321
19.36 -0.048420000000000005 0.03497 -0.21251 0.28783000000000003
19.38 -0.0269 0.02959 -0.20982 0.28245000000000003
19.4 -0.048420000000000005 0.024210000000000002 -0.20444 0.25286000000000003
19.42 -0.040350000000000004 0.0269 -0.1883 0.25555
19.44 -0.040350000000000004 0.00538 -0.18023 0.25555
19.46 -0.05111 0.03497 -0.17216 0.25555
19.48 -0.04304 0.00807 -0.18023 0.25555
19.5 -0.0538 0.07263 -0.16947 0.25555
19.52 -0.04573 0.00538 -0.16678 0.25555
19.54 -0.07801000000000001 0.09146 -0.17485 0.25555
19.56 -0.02959 0.01076 -0.17216 0.25555
19.58 -0.04573 0.1076 -0.18561 0.25286000000000003
19.6 -0.02152 0.0 -0.17216 0.25555
19.62 -0.05918 0.1076 -0.16678 0.25286000000000003
19.64 -0.040350000000000004 0.04573 -0.15064 0.26631
19.66 -0.06725 0.12374 -0.15602000000000002 0.26631
19.68 -0.03497 -0.024210000000000002 -0.14795 0.27707000000000004
19.7 -0.06994 0.15333 -0.16409 0.27438
19.72 -0.03766 -0.04573 -0.15602000000000002 0.28783000000000003
19.74 -0.07801000000000001 0.06994 -0.15871000000000002 0.28245000000000003
19.76 -0.06187 0.01614 -0.1883 0.31742000000000004
19.78 -0.08877 0.06994 -0.16947 0.31742000000000004
19.8 -0.07801000000000001 0.03497 -0.18561 0.35777000000000003
19.82 -0.06456 0.0 -0.15602000000000002 0.36584
19.84 -0.03497 -0.06456 -0.13181 0.31742000000000004
19.86 -0.03228 -0.048420000000000005 -0.10491 0.26631
19.88 -0.01076 -0.00269 -0.12912 0.30666
19.9 -0.02959 0.0 -0.10491 0.30666
19.92 -0.00269 0.0 -0.12374 0.30666
19.94 -0.01076 -0.02959 -0.11836 0.28783000000000003
19.96 0.0 -0.0538 -0.09146 0.07801000000000001
19.98 0.0 -0.11298000000000001 -0.08339 0.08070000000000001
20.0 0.01883 -0.15064 -0.02959 -0.01614
