0.0 0.0 0.0 0.0 -0.00903954802259887
0.02 0.0 0.0 0.0 -0.00903954802259887
0.04 0.0 0.0 -0.00903954802259887 0.0
0.06 -0.00903954802259887 0.04745762711864407 0.031638418079096044 -0.0327683615819209
0.08 -0.00903954802259887 0.031638418079096044 0.03954802259887006 -0.01694915254237288
0.1 -0.0327683615819209 0.05536723163841808 0.04745762711864407 -0.04858757062146893
0.12 -0.0327683615819209 0.023728813559322035 0.04745762711864407 -0.0327683615819209
0.14 -0.04858757062146893 0.05536723163841808 0.06327683615819209 -0.05649717514124294
0.16 -0.04067796610169492 0.023728813559322035 0.04745762711864407 -0.0327683615819209
0.18 -0.04067796610169492 0.05536723163841808 0.06327683615819209 -0.04858757062146893
0.2 -0.0327683615819209 0.031638418079096044 0.05536723163841808 -0.0327683615819209
0.22 -0.04858757062146893 0.05536723163841808 0.06327683615819209 -0.04858757062146893
0.24 -0.0327683615819209 0.031638418079096044 0.05536723163841808 -0.024858757062146894
0.26 -0.04858757062146893 0.05536723163841808 0.06327683615819209 -0.04858757062146893
0.28 -0.04067796610169492 0.031638418079096044 0.04745762711864407 -0.0327683615819209
0.3 -0.05649717514124294 0.05536723163841808 0.06327683615819209 -0.05649717514124294
0.32 -0.0327683615819209 0.031638418079096044 0.05536723163841808 -0.0327683615819209
0.34 -0.04067796610169492 0.04745762711864407 0.06327683615819209 -0.06440677966101695
0.36 -0.0327683615819209 0.031638418079096044 0.05536723163841808 -0.04067796610169492
0.38 -0.04067796610169492 0.05536723163841808 0.06327683615819209 -0.06440677966101695
0.4 -0.0327683615819209 0.031638418079096044 0.04745762711864407 -0.04067796610169492
0.42 -0.04067796610169492 0.05536723163841808 0.06327683615819209 -0.06440677966101695
0.44 -0.0327683615819209 0.031638418079096044 0.05536723163841808 -0.04067796610169492
0.46 -0.0327683615819209 0.05536723163841808 0.06327683615819209 -0.05649717514124294
0.48 -0.024858757062146894 0.031638418079096044 0.05536723163841808 -0.0327683615819209
0.5 -0.04858757062146893 0.05536723163841808 0.06327683615819209 -0.06440677966101695
0.52 -0.0327683615819209 0.031638418079096044 0.04745762711864407 -0.0327683615819209
0.54 -0.04067796610169492 0.04745762711864407 0.06327683615819209 -0.05649717514124294
0.56 -0.0327683615819209 0.031638418079096044 0.04745762711864407 -0.0327683615819209
0.58 -0.04858757062146893 0.05536723163841808 0.06327683615819209 -0.04858757062146893
0.6 -0.0327683615819209 0.031638418079096044 0.05536723163841808 -0.024858757062146894
0.62 -0.04858757062146893 0.04745762711864407 0.05536723163841808 -0.05649717514124294
0.64 -0.04067796610169492 0.031638418079096044 0.05536723163841808 -0.0327683615819209
0.66 -0.04067796610169492 0.05536723163841808 0.06327683615819209 -0.05649717514124294
0.68 -0.0327683615819209 0.031638418079096044 0.05536723163841808 -0.0327683615819209
0.7 -0.04858757062146893 0.06327683615819209 0.06327683615819209 -0.05649717514124294
0.72 -0.0327683615819209 0.031638418079096044 0.05536723163841808 -0.0327683615819209
0.74 -0.04067796610169492 0.05536723163841808 0.0711864406779661 -0.05649717514124294
0.76 -0.0327683615819209 0.031638418079096044 0.05536723163841808 -0.0327683615819209
0.78 -0.04067796610169492 0.06327683615819209 0.05536723163841808 -0.05649717514124294
0.8 -0.0327683615819209 0.031638418079096044 0.05536723163841808 -0.0327683615819209
0.82 -0.04067796610169492 0.05536723163841808 0.06327683615819209 -0.05649717514124294
0.84 -0.0327683615819209 0.031638418079096044 0.05536723163841808 -0.0327683615819209
0.86 -0.04067796610169492 0.04745762711864407 0.06327683615819209 -0.04858757062146893
0.88 -0.0327683615819209 0.031638418079096044 0.05536723163841808 -0.0327683615819209
0.9 -0.0327683615819209 0.05536723163841808 0.06327683615819209 -0.04858757062146893
0.92 -0.0327683615819209 0.03954802259887006 0.05536723163841808 -0.0327683615819209
0.94 -0.04858757062146893 0.04745762711864407 0.06327683615819209 -0.05649717514124294
0.96 -0.04067796610169492 0.031638418079096044 0.05536723163841808 -0.04067796610169492
0.98 -0.04067796610169492 0.05536723163841808 0.06327683615819209 -0.05649717514124294
1.0 -0.0327683615819209 0.031638418079096044 0.05536723163841808 -0.0327683615819209
1.02 -0.04858757062146893 0.05536723163841808 0.06327683615819209 -0.05649717514124294
1.04 -0.04067796610169492 0.03954802259887006 0.05536723163841808 -0.04067796610169492
1.06 -0.04067796610169492 0.05536723163841808 0.0711864406779661 -0.05649717514124294
1.08 -0.0327683615819209 0.03954802259887006 0.06327683615819209 -0.0327683615819209
1.1 -0.0327683615819209 0.05536723163841808 0.06327683615819209 -0.05649717514124294
1.12 -0.0327683615819209 0.031638418079096044 0.05536723163841808 -0.04067796610169492
1.14 -0.04858757062146893 0.05536723163841808 0.06327683615819209 -0.05649717514124294
1.16 -0.04067796610169492 0.031638418079096044 0.04745762711864407 -0.0327683615819209
1.18 -0.04067796610169492 0.05536723163841808 0.0711864406779661 -0.04858757062146893
1.2 -0.0327683615819209 0.03954802259887006 0.05536723163841808 -0.0327683615819209
1.22 -0.04067796610169492 0.05536723163841808 0.06327683615819209 -0.05649717514124294
1.24 -0.0327683615819209 0.031638418079096044 0.05536723163841808 -0.0327683615819209
1.26 -0.04858757062146893 0.06327683615819209 0.06327683615819209 -0.04858757062146893
1.28 -0.04067796610169492 0.03954802259887006 0.05536723163841808 -0.0327683615819209
1.3 -0.04858757062146893 0.05536723163841808 0.06327683615819209 -0.05649717514124294
1.32 -0.0327683615819209 0.031638418079096044 0.05536723163841808 -0.0327683615819209
1.34 -0.04067796610169492 0.04745762711864407 0.06327683615819209 -0.04858757062146893
1.36 -0.0327683615819209 0.031638418079096044 0.05536723163841808 -0.0327683615819209
1.38 -0.04858757062146893 0.05536723163841808 0.06327683615819209 -0.05649717514124294
1.4 -0.04067796610169492 0.031638418079096044 0.05536723163841808 -0.0327683615819209
1.42 -0.04858757062146893 0.05536723163841808 0.06327683615819209 -0.05649717514124294
1.44 -0.04067796610169492 0.03954802259887006 0.05536723163841808 -0.0327683615819209
1.46 -0.04067796610169492 0.05536723163841808 0.0711864406779661 -0.04858757062146893
1.48 -0.0327683615819209 0.03954802259887006 0.06327683615819209 -0.0327683615819209
1.5 -0.04067796610169492 0.05536723163841808 0.06327683615819209 -0.05649717514124294
1.52 -0.0327683615819209 0.03954802259887006 0.05536723163841808 -0.04067796610169492
1.54 -0.04858757062146893 0.05536723163841808 0.06327683615819209 -0.04858757062146893
1.56 -0.04067796610169492 0.03954802259887006 0.05536723163841808 -0.0327683615819209
1.58 -0.04067796610169492 0.05536723163841808 0.0711864406779661 -0.05649717514124294
1.6 -0.04067796610169492 0.03954802259887006 0.06327683615819209 -0.04067796610169492
1.62 -0.04858757062146893 0.04745762711864407 0.06327683615819209 -0.05649717514124294
1.64 -0.0327683615819209 0.03954802259887006 0.05536723163841808 -0.04067796610169492
1.66 -0.04858757062146893 0.05536723163841808 0.0711864406779661 -0.05649717514124294
1.68 -0.0327683615819209 0.03954802259887006 0.06327683615819209 -0.04067796610169492
1.7 -0.04858757062146893 0.04745762711864407 0.0711864406779661 -0.05649717514124294
1.72 -0.0327683615819209 0.03954802259887006 0.06327683615819209 -0.04858757062146893
1.74 -0.04067796610169492 0.05536723163841808 0.0711864406779661 -0.06440677966101695
1.76 -0.04067796610169492 0.03954802259887006 0.06327683615819209 -0.04067796610169492
1.78 -0.04858757062146893 0.05536723163841808 0.0711864406779661 -0.05649717514124294
1.8 -0.0327683615819209 0.03954802259887006 0.06327683615819209 -0.04067796610169492
1.82 -0.04858757062146893 0.05536723163841808 0.0711864406779661 -0.05649717514124294
1.84 -0.04067796610169492 0.03954802259887006 0.06327683615819209 -0.04067796610169492
1.86 -0.04858757062146893 0.06327683615819209 0.0711864406779661 -0.05649717514124294
1.88 -0.04067796610169492 0.03954802259887006 0.05536723163841808 -0.04067796610169492
1.9 -0.04858757062146893 0.05536723163841808 0.06327683615819209 -0.05649717514124294
1.92 -0.04067796610169492 0.03954802259887006 0.05536723163841808 -0.04067796610169492
1.94 -0.04858757062146893 0.05536723163841808 0.06327683615819209 -0.04858757062146893
1.96 -0.04067796610169492 0.03954802259887006 0.06327683615819209 -0.04067796610169492
1.98 -0.04858757062146893 0.05536723163841808 0.06327683615819209 -0.05649717514124294
2.0 -0.04067796610169492 0.03954802259887006 0.06327683615819209 -0.0327683615819209
2.02 -0.04067796610169492 0.04745762711864407 0.06327683615819209 -0.05649717514124294
2.04 -0.04067796610169492 0.03954802259887006 0.06327683615819209 -0.04067796610169492
2.06 -0.04858757062146893 0.05536723163841808 0.06327683615819209 -0.04858757062146893
2.08 -0.04067796610169492 0.03954802259887006 0.05536723163841808 -0.0327683615819209
2.1 -0.04067796610169492 0.06327683615819209 0.0711864406779661 -0.04858757062146893
2.12 -0.0327683615819209 0.03954802259887006 0.06327683615819209 -0.04067796610169492
2.14 -0.04067796610169492 0.05536723163841808 0.0711864406779661 -0.04858757062146893
2.16 -0.0327683615819209 0.03954802259887006 0.06327683615819209 -0.0327683615819209
2.18 -0.04067796610169492 0.05536723163841808 0.0711864406779661 -0.06440677966101695
2.2 -0.04067796610169492 0.03954802259887006 0.06327683615819209 -0.04067796610169492
2.22 -0.04858757062146893 0.05536723163841808 0.06327683615819209 -0.05649717514124294
2.24 -0.04067796610169492 0.03954802259887006 0.06327683615819209 -0.04067796610169492
2.26 -0.04067796610169492 0.05536723163841808 0.0711864406779661 -0.05649717514124294
2.28 -0.04067796610169492 0.03954802259887006 0.06327683615819209 -0.04067796610169492
2.3 -0.04858757062146893 0.05536723163841808 0.06327683615819209 -0.04858757062146893
2.32 -0.04067796610169492 0.03954802259887006 0.05536723163841808 -0.04067796610169492
2.34 -0.04858757062146893 0.05536723163841808 0.0711864406779661 -0.04858757062146893
2.36 -0.04067796610169492 0.03954802259887006 0.05536723163841808 -0.0327683615819209
2.38 -0.04858757062146893 0.05536723163841808 0.0711864406779661 -0.05649717514124294
2.4 -0.04858757062146893 0.03954802259887006 0.06327683615819209 -0.04067796610169492
2.42 -0.04858757062146893 0.05536723163841808 0.0711864406779661 -0.05649717514124294
2.44 -0.04067796610169492 0.03954802259887006 0.06327683615819209 -0.04067796610169492
2.46 -0.04858757062146893 0.0711864406779661 0.0711864406779661 -0.05649717514124294
2.48 -0.04067796610169492 0.04745762711864407 0.06327683615819209 -0.04067796610169492
2.5 -0.04858757062146893 0.06327683615819209 0.06327683615819209 -0.05649717514124294
2.52 -0.04067796610169492 0.03954802259887006 0.05536723163841808 -0.04067796610169492
2.54 -0.04858757062146893 0.05536723163841808 0.06327683615819209 -0.06440677966101695
2.56 -0.04067796610169492 0.03954802259887006 0.06327683615819209 -0.04858757062146893
2.58 -0.04067796610169492 0.05536723163841808 0.06327683615819209 -0.06440677966101695
2.6 -0.04067796610169492 0.04745762711864407 0.06327683615819209 -0.04067796610169492
2.62 -0.04858757062146893 0.05536723163841808 0.06327683615819209 -0.04858757062146893
2.64 -0.04067796610169492 0.03954802259887006 0.05536723163841808 -0.04067796610169492
2.66 -0.04858757062146893 0.04745762711864407 0.0711864406779661 -0.05649717514124294
2.68 -0.04067796610169492 0.03954802259887006 0.06327683615819209 -0.04067796610169492
2.7 -0.04067796610169492 0.05536723163841808 0.06327683615819209 -0.05649717514124294
2.72 -0.0327683615819209 0.04745762711864407 0.06327683615819209 -0.04067796610169492
2.74 -0.04858757062146893 0.05536723163841808 0.06327683615819209 -0.04858757062146893
2.76 -0.04067796610169492 0.04745762711864407 0.05536723163841808 -0.04067796610169492
2.78 -0.04067796610169492 0.04745762711864407 0.06327683615819209 -0.05649717514124294
2.8 -0.04067796610169492 0.03954802259887006 0.06327683615819209 -0.04067796610169492
2.82 -0.04067796610169492 0.05536723163841808 0.0711864406779661 -0.04858757062146893
2.84 -0.04067796610169492 0.03954802259887006 0.06327683615819209 -0.04067796610169492
2.86 -0.04858757062146893 0.05536723163841808 0.06327683615819209 -0.04858757062146893
2.88 -0.04858757062146893 0.03954802259887006 0.06327683615819209 -0.04067796610169492
2.9 -0.04858757062146893 0.04745762711864407 0.0711864406779661 -0.05649717514124294
2.92 -0.04067796610169492 0.03954802259887006 0.06327683615819209 -0.04067796610169492
2.94 -0.04858757062146893 0.05536723163841808 0.06327683615819209 -0.04858757062146893
2.96 -0.04067796610169492 0.04745762711864407 0.05536723163841808 -0.04067796610169492
2.98 -0.04067796610169492 0.05536723163841808 0.06327683615819209 -0.04858757062146893
3.0 -0.0327683615819209 0.04745762711864407 0.06327683615819209 -0.04067796610169492
3.02 -0.04858757062146893 0.05536723163841808 0.06327683615819209 -0.04858757062146893
3.04 -0.04067796610169492 0.03954802259887006 0.05536723163841808 -0.04067796610169492
3.06 -0.04067796610169492 0.05536723163841808 0.06327683615819209 -0.05649717514124294
3.08 -0.04067796610169492 0.03954802259887006 0.06327683615819209 -0.04067796610169492
3.1 -0.04858757062146893 0.04745762711864407 0.06327683615819209 -0.04858757062146893
3.12 -0.04067796610169492 0.03954802259887006 0.06327683615819209 -0.0327683615819209
3.14 -0.04858757062146893 0.04745762711864407 0.0711864406779661 -0.04858757062146893
3.16 -0.04858757062146893 0.03954802259887006 0.06327683615819209 -0.0327683615819209
3.18 -0.05649717514124294 0.04745762711864407 0.07909604519774012 -0.04858757062146893
3.2 -0.04858757062146893 0.03954802259887006 0.0711864406779661 -0.04067796610169492
3.22 -0.05649717514124294 0.05536723163841808 0.0711864406779661 -0.04858757062146893
3.24 -0.04858757062146893 0.04745762711864407 0.06327683615819209 -0.04067796610169492
3.26 -0.04858757062146893 0.05536723163841808 0.06327683615819209 -0.04858757062146893
3.28 -0.04858757062146893 0.04745762711864407 0.05536723163841808 -0.04067796610169492
3.3 -0.04858757062146893 0.05536723163841808 0.0711864406779661 -0.04858757062146893
3.32 -0.04067796610169492 0.03954802259887006 0.06327683615819209 -0.04067796610169492
3.34 -0.04858757062146893 0.05536723163841808 0.0711864406779661 -0.04858757062146893
3.36 -0.04067796610169492 0.04745762711864407 0.06327683615819209 -0.04067796610169492
3.38 -0.04858757062146893 0.06327683615819209 0.06327683615819209 -0.05649717514124294
3.4 -0.04067796610169492 0.05536723163841808 0.05536723163841808 -0.04858757062146893
3.42 -0.04067796610169492 0.05536723163841808 0.06327683615819209 -0.06440677966101695
3.44 -0.04067796610169492 0.04745762711864407 0.06327683615819209 -0.04858757062146893
3.46 -0.04858757062146893 0.05536723163841808 0.0711864406779661 -0.04858757062146893
3.48 -0.04067796610169492 0.03954802259887006 0.05536723163841808 -0.0327683615819209
3.5 -0.04067796610169492 0.04745762711864407 0.06327683615819209 -0.04858757062146893
3.52 -0.0327683615819209 0.03954802259887006 0.05536723163841808 -0.04067796610169492
3.54 -0.04067796610169492 0.05536723163841808 0.05536723163841808 -0.05649717514124294
3.56 -0.024858757062146894 0.03954802259887006 0.04745762711864407 -0.04858757062146893
3.58 -0.024858757062146894 0.04745762711864407 0.04745762711864407 -0.04858757062146893
3.6 -0.024858757062146894 0.03954802259887006 0.04745762711864407 -0.04858757062146893
3.62 -0.0327683615819209 0.06327683615819209 0.04745762711864407 -0.04858757062146893
3.64 -0.024858757062146894 0.04745762711864407 0.03954802259887006 -0.04858757062146893
3.66 -0.0327683615819209 0.05536723163841808 0.04745762711864407 -0.06440677966101695
3.68 -0.0327683615819209 0.04745762711864407 0.04745762711864407 -0.05649717514124294
3.7 -0.04067796610169492 0.05536723163841808 0.05536723163841808 -0.05649717514124294
3.72 -0.04067796610169492 0.03954802259887006 0.05536723163841808 -0.04067796610169492
3.74 -0.04858757062146893 0.03954802259887006 0.06327683615819209 -0.04858757062146893
3.76 -0.04858757062146893 0.031638418079096044 0.06327683615819209 -0.0327683615819209
3.78 -0.05649717514124294 0.03954802259887006 0.0711864406779661 -0.04858757062146893
3.8 -0.04858757062146893 0.031638418079096044 0.0711864406779661 -0.0327683615819209
3.82 -0.05649717514124294 0.03954802259887006 0.07909604519774012 -0.04067796610169492
3.84 -0.05649717514124294 0.031638418079096044 0.0711864406779661 -0.0327683615819209
3.86 -0.05649717514124294 0.04745762711864407 0.07909604519774012 -0.04858757062146893
3.88 -0.04858757062146893 0.03954802259887006 0.0711864406779661 -0.04067796610169492
3.9 -0.04858757062146893 0.05536723163841808 0.0711864406779661 -0.05649717514124294
3.92 -0.04067796610169492 0.04745762711864407 0.06327683615819209 -0.04858757062146893
3.94 -0.04067796610169492 0.05536723163841808 0.06327683615819209 -0.05649717514124294
3.96 -0.04067796610169492 0.04745762711864407 0.05536723163841808 -0.04858757062146893
3.98 -0.04067796610169492 0.05536723163841808 0.06327683615819209 -0.04858757062146893
4.0 -0.04067796610169492 0.04745762711864407 0.06327683615819209 -0.04067796610169492
4.02 -0.04067796610169492 0.04745762711864407 0.0711864406779661 -0.04067796610169492
4.04 -0.04067796610169492 0.03954802259887006 0.0711864406779661 -0.0327683615819209
4.06 -0.04858757062146893 0.03954802259887006 0.07909604519774012 -0.04067796610169492
4.08 -0.04858757062146893 0.031638418079096044 0.07909604519774012 -0.0327683615819209
4.1 -0.05649717514124294 0.031638418079096044 0.0711864406779661 -0.04067796610169492
4.12 -0.05649717514124294 0.031638418079096044 0.0711864406779661 -0.0327683615819209
4.14 -0.06440677966101695 0.03954802259887006 0.07909604519774012 -0.04067796610169492
4.16 -0.05649717514124294 0.03954802259887006 0.0711864406779661 -0.0327683615819209
4.18 -0.04858757062146893 0.04745762711864407 0.0711864406779661 -0.04067796610169492
4.2 -0.04067796610169492 0.03954802259887006 0.0711864406779661 -0.0327683615819209
4.22 -0.04858757062146893 0.04745762711864407 0.0711864406779661 -0.04858757062146893
4.24 -0.04067796610169492 0.03954802259887006 0.06327683615819209 -0.04067796610169492
4.26 -0.04067796610169492 0.04745762711864407 0.05536723163841808 -0.04858757062146893
4.28 -0.04067796610169492 0.04745762711864407 0.05536723163841808 -0.04067796610169492
4.3 -0.0327683615819209 0.04745762711864407 0.05536723163841808 -0.04858757062146893
4.32 -0.0327683615819209 0.04745762711864407 0.05536723163841808 -0.04067796610169492
4.34 -0.04067796610169492 0.04745762711864407 0.05536723163841808 -0.04858757062146893
4.36 -0.0327683615819209 0.03954802259887006 0.05536723163841808 -0.04067796610169492
4.38 -0.04067796610169492 0.05536723163841808 0.05536723163841808 -0.04067796610169492
4.4 -0.04067796610169492 0.04745762711864407 0.05536723163841808 -0.0327683615819209
4.42 -0.04067796610169492 0.03954802259887006 0.06327683615819209 -0.04067796610169492
4.44 -0.04067796610169492 0.03954802259887006 0.05536723163841808 -0.0327683615819209
4.46 -0.04858757062146893 0.03954802259887006 0.05536723163841808 -0.04067796610169492
4.48 -0.04858757062146893 0.03954802259887006 0.05536723163841808 -0.0327683615819209
4.5 -0.04067796610169492 0.04745762711864407 0.06327683615819209 -0.04858757062146893
4.52 -0.04067796610169492 0.03954802259887006 0.06327683615819209 -0.0327683615819209
4.54 -0.04858757062146893 0.04745762711864407 0.06327683615819209 -0.0327683615819209
4.56 -0.04067796610169492 0.03954802259887006 0.06327683615819209 -0.0327683615819209
4.58 -0.04067796610169492 0.04745762711864407 0.0711864406779661 -0.04067796610169492
4.6 -0.04067796610169492 0.03954802259887006 0.0711864406779661 -0.0327683615819209
4.62 -0.04067796610169492 0.04745762711864407 0.06327683615819209 -0.04067796610169492
4.64 -0.0327683615819209 0.031638418079096044 0.06327683615819209 -0.04067796610169492
4.66 -0.04067796610169492 0.015819209039548022 0.06327683615819209 -0.04067796610169492
4.68 -0.0327683615819209 -0.00903954802259887 0.06327683615819209 -0.024858757062146894
4.7 -0.0327683615819209 -0.01694915254237288 0.0711864406779661 -0.01694915254237288
4.72 -0.0327683615819209 -0.00903954802259887 0.06327683615819209 -0.01694915254237288
4.74 -0.0327683615819209 -0.00903954802259887 0.06327683615819209 -0.01694915254237288
4.76 -0.024858757062146894 -0.00903954802259887 0.06327683615819209 -0.00903954802259887
4.78 -0.0327683615819209 -0.00903954802259887 0.06327683615819209 -0.00903954802259887
4.8 -0.0327683615819209 -0.01694915254237288 0.05536723163841808 0.0
4.82 -0.024858757062146894 -0.024858757062146894 0.05536723163841808 0.015819209039548022
4.84 -0.024858757062146894 -0.04067796610169492 0.05536723163841808 0.023728813559322035
4.86 -0.024858757062146894 -0.04858757062146893 0.05536723163841808 0.023728813559322035
4.88 -0.024858757062146894 -0.05649717514124294 0.05536723163841808 0.031638418079096044
4.9 -0.024858757062146894 -0.05649717514124294 0.06327683615819209 0.03954802259887006
4.92 -0.01694915254237288 -0.06440677966101695 0.05536723163841808 0.03954802259887006
4.94 -0.01694915254237288 -0.05649717514124294 0.05536723163841808 0.04745762711864407
4.96 -0.01694915254237288 -0.06440677966101695 0.05536723163841808 0.04745762711864407
4.98 -0.01694915254237288 -0.06440677966101695 0.04745762711864407 0.04745762711864407
5.0 -0.01694915254237288 -0.07231638418079096 0.05536723163841808 0.05536723163841808
5.02 -0.01694915254237288 -0.07231638418079096 0.04745762711864407 0.05536723163841808
5.04 -0.01694915254237288 -0.07231638418079096 0.05536723163841808 0.05536723163841808
5.06 -0.01694915254237288 -0.07231638418079096 0.04745762711864407 0.05536723163841808
5.08 -0.01694915254237288 -0.07231638418079096 0.04745762711864407 0.05536723163841808
5.1 -0.01694915254237288 -0.07231638418079096 0.04745762711864407 0.05536723163841808
5.12 -0.01694915254237288 -0.07231638418079096 0.05536723163841808 0.05536723163841808
5.14 -0.01694915254237288 -0.07231638418079096 0.04745762711864407 0.05536723163841808
5.16 -0.01694915254237288 -0.07231638418079096 0.04745762711864407 0.05536723163841808
5.18 -0.01694915254237288 -0.07231638418079096 0.05536723163841808 0.05536723163841808
5.2 -0.01694915254237288 -0.07231638418079096 0.04745762711864407 0.05536723163841808
5.22 -0.01694915254237288 -0.07231638418079096 0.04745762711864407 0.05536723163841808
5.24 -0.01694915254237288 -0.07231638418079096 0.04745762711864407 0.06327683615819209
5.26 -0.01694915254237288 -0.08022598870056498 0.04745762711864407 0.06327683615819209
5.28 -0.01694915254237288 -0.07231638418079096 0.04745762711864407 0.06327683615819209
5.3 -0.01694915254237288 -0.07231638418079096 0.05536723163841808 0.0711864406779661
5.32 -0.01694915254237288 -0.07231638418079096 0.04745762711864407 0.0711864406779661
5.34 -0.01694915254237288 -0.07231638418079096 0.04745762711864407 0.0711864406779661
5.36 -0.01694915254237288 -0.07231638418079096 0.04745762711864407 0.0711864406779661
5.38 -0.01694915254237288 -0.07231638418079096 0.04745762711864407 0.0711864406779661
5.4 -0.024858757062146894 -0.07231638418079096 0.04745762711864407 0.07909604519774012
5.42 -0.024858757062146894 -0.07231638418079096 0.04745762711864407 0.0711864406779661
5.44 -0.01694915254237288 -0.07231638418079096 0.04745762711864407 0.07909604519774012
5.46 -0.024858757062146894 -0.07231638418079096 0.04745762711864407 0.07909604519774012
5.48 -0.024858757062146894 -0.07231638418079096 0.04745762711864407 0.07909604519774012
5.5 -0.024858757062146894 -0.07231638418079096 0.04745762711864407 0.07909604519774012
5.52 -0.024858757062146894 -0.07231638418079096 0.04745762711864407 0.07909604519774012
5.54 -0.024858757062146894 -0.07231638418079096 0.04745762711864407 0.07909604519774012
5.56 -0.024858757062146894 -0.07231638418079096 0.04745762711864407 0.07909604519774012
5.58 -0.024858757062146894 -0.07231638418079096 0.05536723163841808 0.07909604519774012
5.6 -0.024858757062146894 -0.07231638418079096 0.04745762711864407 0.07909604519774012
5.62 -0.024858757062146894 -0.07231638418079096 0.04745762711864407 0.07909604519774012
5.64 -0.024858757062146894 -0.07231638418079096 0.05536723163841808 0.07909604519774012
5.66 -0.024858757062146894 -0.07231638418079096 0.05536723163841808 0.07909604519774012
5.68 -0.024858757062146894 -0.07231638418079096 0.04745762711864407 0.07909604519774012
5.7 -0.024858757062146894 -0.07231638418079096 0.05536723163841808 0.08700564971751412
5.72 -0.024858757062146894 -0.07231638418079096 0.05536723163841808 0.07909604519774012
5.74 -0.024858757062146894 -0.07231638418079096 0.04745762711864407 0.07909604519774012
5.76 -0.0327683615819209 -0.07231638418079096 0.04745762711864407 0.08700564971751412
5.78 -0.024858757062146894 -0.07231638418079096 0.04745762711864407 0.08700564971751412
5.8 -0.024858757062146894 -0.08022598870056498 0.05536723163841808 0.08700564971751412
5.82 -0.024858757062146894 -0.07231638418079096 0.05536723163841808 0.08700564971751412
5.84 -0.024858757062146894 -0.07231638418079096 0.04745762711864407 0.08700564971751412
5.86 -0.024858757062146894 -0.07231638418079096 0.04745762711864407 0.08700564971751412
5.88 -0.024858757062146894 -0.08022598870056498 0.05536723163841808 0.08700564971751412
5.9 -0.024858757062146894 -0.07231638418079096 0.04745762711864407 0.08700564971751412
5.92 -0.024858757062146894 -0.07231638418079096 0.04745762711864407 0.09491525423728814
5.94 -0.024858757062146894 -0.08022598870056498 0.04745762711864407 0.08700564971751412
5.96 -0.0327683615819209 -0.08022598870056498 0.05536723163841808 0.08700564971751412
5.98 -0.024858757062146894 -0.08022598870056498 0.04745762711864407 0.08700564971751412
6.0 -0.024858757062146894 -0.08022598870056498 0.05536723163841808 0.09491525423728814
6.02 -0.024858757062146894 -0.08022598870056498 0.04745762711864407 0.08700564971751412
6.04 -0.024858757062146894 -0.07231638418079096 0.04745762711864407 0.08700564971751412
6.06 -0.024858757062146894 -0.08022598870056498 0.04745762711864407 0.08700564971751412
6.08 -0.024858757062146894 -0.07231638418079096 0.05536723163841808 0.08700564971751412
6.1 -0.024858757062146894 -0.07231638418079096 0.05536723163841808 0.08700564971751412
6.12 -0.024858757062146894 -0.08022598870056498 0.04745762711864407 0.08700564971751412
6.14 -0.024858757062146894 -0.08022598870056498 0.04745762711864407 0.08700564971751412
6.16 -0.024858757062146894 -0.07231638418079096 0.05536723163841808 0.08700564971751412
6.18 -0.024858757062146894 -0.08022598870056498 0.05536723163841808 0.08700564971751412
6.2 -0.024858757062146894 -0.08022598870056498 0.05536723163841808 0.08700564971751412
6.22 -0.024858757062146894 -0.07231638418079096 0.05536723163841808 0.08700564971751412
6.24 -0.024858757062146894 -0.07231638418079096 0.05536723163841808 0.08700564971751412
6.26 -0.024858757062146894 -0.08022598870056498 0.05536723163841808 0.08700564971751412
6.28 -0.024858757062146894 -0.08022598870056498 0.05536723163841808 0.08700564971751412
6.3 -0.024858757062146894 -0.07231638418079096 0.05536723163841808 0.09491525423728814
6.32 -0.024858757062146894 -0.08022598870056498 0.05536723163841808 0.08700564971751412
6.34 -0.024858757062146894 -0.08022598870056498 0.04745762711864407 0.08700564971751412
6.36 -0.024858757062146894 -0.08022598870056498 0.04745762711864407 0.09491525423728814
6.38 -0.024858757062146894 -0.07231638418079096 0.04745762711864407 0.08700564971751412
6.4 -0.024858757062146894 -0.08022598870056498 0.05536723163841808 0.08700564971751412
6.42 -0.024858757062146894 -0.07231638418079096 0.04745762711864407 0.08700564971751412
6.44 -0.024858757062146894 -0.07231638418079096 0.05536723163841808 0.08700564971751412
6.46 -0.0327683615819209 -0.08022598870056498 0.04745762711864407 0.08700564971751412
6.48 -0.024858757062146894 -0.07231638418079096 0.04745762711864407 0.08700564971751412
6.5 -0.024858757062146894 -0.08022598870056498 0.04745762711864407 0.08700564971751412
6.52 -0.024858757062146894 -0.08022598870056498 0.04745762711864407 0.08700564971751412
6.54 -0.024858757062146894 -0.08022598870056498 0.05536723163841808 0.09491525423728814
6.56 -0.024858757062146894 -0.08022598870056498 0.04745762711864407 0.08700564971751412
6.58 -0.0327683615819209 -0.08022598870056498 0.04745762711864407 0.08700564971751412
6.6 -0.024858757062146894 -0.08022598870056498 0.05536723163841808 0.08700564971751412
6.62 -0.024858757062146894 -0.08022598870056498 0.05536723163841808 0.08700564971751412
6.64 -0.024858757062146894 -0.07231638418079096 0.04745762711864407 0.09491525423728814
6.66 -0.024858757062146894 -0.08022598870056498 0.05536723163841808 0.08700564971751412
6.68 -0.024858757062146894 -0.07231638418079096 0.05536723163841808 0.08700564971751412
6.7 -0.024858757062146894 -0.07231638418079096 0.04745762711864407 0.08700564971751412
6.72 -0.024858757062146894 -0.07231638418079096 0.04745762711864407 0.08700564971751412
6.74 -0.024858757062146894 -0.08022598870056498 0.04745762711864407 0.08700564971751412
6.76 -0.024858757062146894 -0.08022598870056498 0.04745762711864407 0.08700564971751412
6.78 -0.024858757062146894 -0.07231638418079096 0.05536723163841808 0.08700564971751412
6.8 -0.024858757062146894 -0.07231638418079096 0.04745762711864407 0.08700564971751412
6.82 -0.024858757062146894 -0.07231638418079096 0.04745762711864407 0.08700564971751412
6.84 -0.024858757062146894 -0.07231638418079096 0.04745762711864407 0.08700564971751412
6.86 -0.024858757062146894 -0.08022598870056498 0.04745762711864407 0.08700564971751412
6.88 -0.024858757062146894 -0.07231638418079096 0.05536723163841808 0.08700564971751412
6.9 -0.024858757062146894 -0.07231638418079096 0.05536723163841808 0.08700564971751412
6.92 -0.024858757062146894 -0.07231638418079096 0.05536723163841808 0.08700564971751412
6.94 -0.024858757062146894 -0.07231638418079096 0.05536723163841808 0.09491525423728814
6.96 -0.024858757062146894 -0.07231638418079096 0.05536723163841808 0.08700564971751412
6.98 -0.024858757062146894 -0.08022598870056498 0.04745762711864407 0.08700564971751412
7.0 -0.024858757062146894 -0.08022598870056498 0.04745762711864407 0.08700564971751412
7.02 -0.024858757062146894 -0.08022598870056498 0.05536723163841808 0.08700564971751412
7.04 -0.024858757062146894 -0.08022598870056498 0.05536723163841808 0.08700564971751412
7.06 -0.024858757062146894 -0.08022598870056498 0.04745762711864407 0.08700564971751412
7.08 -0.024858757062146894 -0.07231638418079096 0.05536723163841808 0.08700564971751412
7.1 -0.024858757062146894 -0.08022598870056498 0.05536723163841808 0.09491525423728814
7.12 -0.024858757062146894 -0.07231638418079096 0.05536723163841808 0.08700564971751412
7.14 -0.024858757062146894 -0.07231638418079096 0.05536723163841808 0.08700564971751412
7.16 -0.024858757062146894 -0.07231638418079096 0.04745762711864407 0.08700564971751412
7.18 -0.024858757062146894 -0.08022598870056498 0.04745762711864407 0.08700564971751412
7.2 -0.024858757062146894 -0.08022598870056498 0.05536723163841808 0.08700564971751412
7.22 -0.024858757062146894 -0.07231638418079096 0.05536723163841808 0.09491525423728814
7.24 -0.024858757062146894 -0.08022598870056498 0.04745762711864407 0.09491525423728814
7.26 -0.0327683615819209 -0.08022598870056498 0.04745762711864407 0.08700564971751412
7.28 -0.024858757062146894 -0.08022598870056498 0.04745762711864407 0.08700564971751412
7.3 -0.0327683615819209 -0.08022598870056498 0.05536723163841808 0.09491525423728814
7.32 -0.024858757062146894 -0.08022598870056498 0.05536723163841808 0.08700564971751412
7.34 -0.024858757062146894 -0.08022598870056498 0.05536723163841808 0.08700564971751412
7.36 -0.024858757062146894 -0.07231638418079096 0.04745762711864407 0.09491525423728814
7.38 -0.0327683615819209 -0.07231638418079096 0.04745762711864407 0.08700564971751412
7.4 -0.024858757062146894 -0.07231638418079096 0.04745762711864407 0.08700564971751412
7.42 -0.024858757062146894 -0.08022598870056498 0.05536723163841808 0.08700564971751412
7.44 -0.024858757062146894 -0.08022598870056498 0.04745762711864407 0.08700564971751412
7.46 -0.0327683615819209 -0.08022598870056498 0.04745762711864407 0.09491525423728814
7.48 -0.0327683615819209 -0.07231638418079096 0.05536723163841808 0.08700564971751412
7.5 -0.0327683615819209 -0.08022598870056498 0.05536723163841808 0.08700564971751412
7.52 -0.024858757062146894 -0.07231638418079096 0.04745762711864407 0.08700564971751412
7.54 -0.024858757062146894 -0.07231638418079096 0.05536723163841808 0.08700564971751412
7.56 -0.024858757062146894 -0.07231638418079096 0.05536723163841808 0.08700564971751412
7.58 -0.024858757062146894 -0.08022598870056498 0.04745762711864407 0.09491525423728814
7.6 -0.024858757062146894 -0.07231638418079096 0.05536723163841808 0.08700564971751412
7.62 -0.024858757062146894 -0.08022598870056498 0.05536723163841808 0.08700564971751412
7.64 -0.0327683615819209 -0.07231638418079096 0.04745762711864407 0.08700564971751412
7.66 -0.024858757062146894 -0.08022598870056498 0.05536723163841808 0.09491525423728814
7.68 -0.024858757062146894 -0.08022598870056498 0.05536723163841808 0.08700564971751412
7.7 -0.0327683615819209 -0.08022598870056498 0.05536723163841808 0.08700564971751412
7.72 -0.0327683615819209 -0.08022598870056498 0.04745762711864407 0.09491525423728814
7.74 -0.0327683615819209 -0.07231638418079096 0.04745762711864407 0.08700564971751412
7.76 -0.024858757062146894 -0.07231638418079096 0.04745762711864407 0.08700564971751412
7.78 -0.0327683615819209 -0.07231638418079096 0.04745762711864407 0.08700564971751412
7.8 -0.024858757062146894 -0.08022598870056498 0.05536723163841808 0.09491525423728814
7.82 -0.0327683615819209 -0.08022598870056498 0.05536723163841808 0.08700564971751412
7.84 -0.024858757062146894 -0.08022598870056498 0.04745762711864407 0.09491525423728814
7.86 -0.0327683615819209 -0.07231638418079096 0.04745762711864407 0.08700564971751412
7.88 -0.024858757062146894 -0.07231638418079096 0.05536723163841808 0.08700564971751412
7.9 -0.024858757062146894 -0.07231638418079096 0.05536723163841808 0.08700564971751412
7.92 -0.0327683615819209 -0.07231638418079096 0.04745762711864407 0.08700564971751412
7.94 -0.024858757062146894 -0.08022598870056498 0.05536723163841808 0.08700564971751412
7.96 -0.024858757062146894 -0.08022598870056498 0.04745762711864407 0.08700564971751412
7.98 -0.024858757062146894 -0.07231638418079096 0.04745762711864407 0.09491525423728814
8.0 -0.024858757062146894 -0.07231638418079096 0.05536723163841808 0.09491525423728814
8.02 -0.024858757062146894 -0.08022598870056498 0.04745762711864407 0.08700564971751412
8.04 -0.024858757062146894 -0.08022598870056498 0.04745762711864407 0.08700564971751412
8.06 -0.024858757062146894 -0.08022598870056498 0.05536723163841808 0.08700564971751412
8.08 -0.024858757062146894 -0.07231638418079096 0.05536723163841808 0.08700564971751412
8.1 -0.024858757062146894 -0.07231638418079096 0.05536723163841808 0.08700564971751412
8.12 -0.024858757062146894 -0.07231638418079096 0.04745762711864407 0.08700564971751412
8.14 -0.024858757062146894 -0.08022598870056498 0.05536723163841808 0.08700564971751412
8.16 -0.024858757062146894 -0.07231638418079096 0.05536723163841808 0.08700564971751412
8.18 -0.0327683615819209 -0.07231638418079096 0.05536723163841808 0.08700564971751412
8.2 -0.024858757062146894 -0.08022598870056498 0.05536723163841808 0.08700564971751412
8.22 -0.024858757062146894 -0.07231638418079096 0.04745762711864407 0.08700564971751412
8.24 -0.024858757062146894 -0.08022598870056498 0.05536723163841808 0.09491525423728814
8.26 -0.0327683615819209 -0.08022598870056498 0.04745762711864407 0.08700564971751412
8.28 -0.0327683615819209 -0.08022598870056498 0.04745762711864407 0.08700564971751412
8.3 -0.0327683615819209 -0.08022598870056498 0.05536723163841808 0.08700564971751412
8.32 -0.0327683615819209 -0.08022598870056498 0.05536723163841808 0.08700564971751412
8.34 -0.024858757062146894 -0.08022598870056498 0.04745762711864407 0.09491525423728814
8.36 -0.024858757062146894 -0.08022598870056498 0.04745762711864407 0.08700564971751412
8.38 -0.024858757062146894 -0.08022598870056498 0.04745762711864407 0.08700564971751412
8.4 -0.024858757062146894 -0.07231638418079096 0.04745762711864407 0.09491525423728814
8.42 -0.024858757062146894 -0.08022598870056498 0.05536723163841808 0.08700564971751412
8.44 -0.0327683615819209 -0.08022598870056498 0.04745762711864407 0.08700564971751412
8.46 -0.0327683615819209 -0.08022598870056498 0.05536723163841808 0.08700564971751412
8.48 -0.024858757062146894 -0.07231638418079096 0.05536723163841808 0.08700564971751412
8.5 -0.0327683615819209 -0.08022598870056498 0.04745762711864407 0.09491525423728814
8.52 -0.024858757062146894 -0.07231638418079096 0.05536723163841808 0.08700564971751412
8.54 -0.0327683615819209 -0.08022598870056498 0.04745762711864407 0.08700564971751412
8.56 -0.024858757062146894 -0.07231638418079096 0.05536723163841808 0.08700564971751412
8.58 -0.024858757062146894 -0.08022598870056498 0.04745762711864407 0.08700564971751412
8.6 -0.0327683615819209 -0.07231638418079096 0.04745762711864407 0.08700564971751412
8.62 -0.0327683615819209 -0.08022598870056498 0.04745762711864407 0.08700564971751412
8.64 -0.024858757062146894 -0.08022598870056498 0.04745762711864407 0.08700564971751412
8.66 -0.024858757062146894 -0.07231638418079096 0.05536723163841808 0.08700564971751412
8.68 -0.024858757062146894 -0.08022598870056498 0.04745762711864407 0.09491525423728814
8.7 -0.024858757062146894 -0.07231638418079096 0.05536723163841808 0.09491525423728814
8.72 -0.0327683615819209 -0.08022598870056498 0.04745762711864407 0.08700564971751412
8.74 -0.024858757062146894 -0.08022598870056498 0.05536723163841808 0.08700564971751412
8.76 -0.024858757062146894 -0.07231638418079096 0.04745762711864407 0.08700564971751412
8.78 -0.0327683615819209 -0.08022598870056498 0.05536723163841808 0.08700564971751412
8.8 -0.024858757062146894 -0.08022598870056498 0.05536723163841808 0.08700564971751412
8.82 -0.024858757062146894 -0.07231638418079096 0.04745762711864407 0.08700564971751412
8.84 -0.024858757062146894 -0.08022598870056498 0.04745762711864407 0.08700564971751412
8.86 -0.0327683615819209 -0.08022598870056498 0.05536723163841808 0.08700564971751412
8.88 -0.0327683615819209 -0.07231638418079096 0.05536723163841808 0.08700564971751412
8.9 -0.024858757062146894 -0.08022598870056498 0.05536723163841808 0.08700564971751412
8.92 -0.0327683615819209 -0.08022598870056498 0.05536723163841808 0.08700564971751412
8.94 -0.024858757062146894 -0.07231638418079096 0.04745762711864407 0.08700564971751412
8.96 -0.0327683615819209 -0.07231638418079096 0.04745762711864407 0.08700564971751412
8.98 -0.024858757062146894 -0.08022598870056498 0.04745762711864407 0.08700564971751412
9.0 -0.024858757062146894 -0.08022598870056498 0.05536723163841808 0.09491525423728814
9.02 -0.0327683615819209 -0.08022598870056498 0.04745762711864407 0.08700564971751412
9.04 -0.024858757062146894 -0.08022598870056498 0.05536723163841808 0.08700564971751412
9.06 -0.0327683615819209 -0.07231638418079096 0.04745762711864407 0.08700564971751412
9.08 -0.024858757062146894 -0.07231638418079096 0.04745762711864407 0.08700564971751412
9.1 -0.0327683615819209 -0.07231638418079096 0.05536723163841808 0.08700564971751412
9.12 -0.0327683615819209 -0.07231638418079096 0.05536723163841808 0.08700564971751412
9.14 -0.024858757062146894 -0.07231638418079096 0.04745762711864407 0.08700564971751412
9.16 -0.024858757062146894 -0.08022598870056498 0.04745762711864407 0.08700564971751412
9.18 -0.0327683615819209 -0.07231638418079096 0.04745762711864407 0.08700564971751412
9.2 -0.0327683615819209 -0.08022598870056498 0.04745762711864407 0.08700564971751412
9.22 -0.024858757062146894 -0.08022598870056498 0.05536723163841808 0.08700564971751412
9.24 -0.024858757062146894 -0.08022598870056498 0.04745762711864407 0.08700564971751412
9.26 -0.024858757062146894 -0.08022598870056498 0.04745762711864407 0.08700564971751412
9.28 -0.0327683615819209 -0.08022598870056498 0.04745762711864407 0.08700564971751412
9.3 -0.0327683615819209 -0.07231638418079096 0.05536723163841808 0.08700564971751412
9.32 -0.024858757062146894 -0.08022598870056498 0.04745762711864407 0.08700564971751412
9.34 -0.0327683615819209 -0.08022598870056498 0.04745762711864407 0.08700564971751412
9.36 -0.024858757062146894 -0.08022598870056498 0.05536723163841808 0.08700564971751412
9.38 -0.0327683615819209 -0.08022598870056498 0.05536723163841808 0.08700564971751412
9.4 -0.0327683615819209 -0.08022598870056498 0.05536723163841808 0.09491525423728814
9.42 -0.0327683615819209 -0.07231638418079096 0.04745762711864407 0.08700564971751412
9.44 -0.024858757062146894 -0.07231638418079096 0.05536723163841808 0.09491525423728814
9.46 -0.0327683615819209 -0.07231638418079096 0.05536723163841808 0.08700564971751412
9.48 -0.0327683615819209 -0.08022598870056498 0.04745762711864407 0.08700564971751412
9.5 -0.0327683615819209 -0.08022598870056498 0.04745762711864407 0.08700564971751412
9.52 -0.024858757062146894 -0.07231638418079096 0.05536723163841808 0.08700564971751412
9.54 -0.024858757062146894 -0.07231638418079096 0.05536723163841808 0.08700564971751412
9.56 -0.024858757062146894 -0.07231638418079096 0.05536723163841808 0.08700564971751412
9.58 -0.0327683615819209 -0.08022598870056498 0.04745762711864407 0.08700564971751412
9.6 -0.024858757062146894 -0.08022598870056498 0.04745762711864407 0.09491525423728814
9.62 -0.024858757062146894 -0.08022598870056498 0.04745762711864407 0.09491525423728814
9.64 -0.0327683615819209 -0.08022598870056498 0.04745762711864407 0.08700564971751412
9.66 -0.0327683615819209 -0.07231638418079096 0.05536723163841808 0.08700564971751412
9.68 -0.024858757062146894 -0.07231638418079096 0.04745762711864407 0.08700564971751412
9.7 -0.024858757062146894 -0.08022598870056498 0.05536723163841808 0.08700564971751412
9.72 -0.024858757062146894 -0.08022598870056498 0.05536723163841808 0.08700564971751412
9.74 -0.0327683615819209 -0.07231638418079096 0.04745762711864407 0.08700564971751412
9.76 -0.0327683615819209 -0.08022598870056498 0.04745762711864407 0.08700564971751412
9.78 -0.024858757062146894 -0.08022598870056498 0.05536723163841808 0.08700564971751412
9.8 -0.024858757062146894 -0.08022598870056498 0.05536723163841808 0.08700564971751412
9.82 -0.0327683615819209 -0.07231638418079096 0.05536723163841808 0.08700564971751412
9.84 -0.024858757062146894 -0.07231638418079096 0.04745762711864407 0.08700564971751412
9.86 -0.0327683615819209 -0.08022598870056498 0.04745762711864407 0.08700564971751412
9.88 -0.024858757062146894 -0.07231638418079096 0.05536723163841808 0.08700564971751412
9.9 -0.0327683615819209 -0.08022598870056498 0.04745762711864407 0.08700564971751412
9.92 -0.024858757062146894 -0.07231638418079096 0.05536723163841808 0.09491525423728814
9.94 -0.0327683615819209 -0.07231638418079096 0.05536723163841808 0.08700564971751412
9.96 -0.0327683615819209 -0.08022598870056498 0.05536723163841808 0.08700564971751412
9.98 -0.0327683615819209 -0.08022598870056498 0.05536723163841808 0.08700564971751412
10.0 -0.024858757062146894 -0.07231638418079096 0.04745762711864407 0.08700564971751412
10.02 -0.024858757062146894 -0.08022598870056498 0.04745762711864407 0.08700564971751412
10.04 -0.0327683615819209 -0.08022598870056498 0.04745762711864407 0.08700564971751412
10.06 -0.0327683615819209 -0.08022598870056498 0.04745762711864407 0.08700564971751412
10.08 -0.024858757062146894 -0.08022598870056498 0.04745762711864407 0.08700564971751412
10.1 -0.024858757062146894 -0.08022598870056498 0.06327683615819209 0.05536723163841808
10.12 -0.0327683615819209 -0.08022598870056498 0.0711864406779661 0.06327683615819209
10.14 -0.024858757062146894 -0.08022598870056498 0.15028248587570622 -0.06440677966101695
10.16 -0.024858757062146894 -0.11186440677966102 0.1344632768361582 -0.024858757062146894
10.18 -0.024858757062146894 -0.13559322033898305 0.2542372881355932 -0.2384180790960452
10.2 -0.024858757062146894 -0.1593220338983051 0.2056497175141243 -0.11977401129943503
10.22 -0.01694915254237288 -0.18305084745762712 0.32542372881355935 -0.3265536723163842
10.24 -0.01694915254237288 -0.20677966101694917 0.2542372881355932 -0.19096045197740114
10.26 0.015819209039548022 -0.2305084745762712 0.39661016949152544 -0.42937853107344637
10.28 0.031638418079096044 -0.2384180790960452 0.32542372881355935 -0.20677966101694917
10.3 0.031638418079096044 -0.24632768361581922 0.48361581920903957 -0.44519774011299434
10.32 0.031638418079096044 -0.24632768361581922 0.4124293785310735 -0.21468926553672318
10.34 0.03954802259887006 -0.2384180790960452 0.5322033898305085 -0.36610169491525424
10.36 0.015819209039548022 -0.2384180790960452 0.43615819209039547 -0.1593220338983051
10.38 -0.00903954802259887 -0.24632768361581922 0.5322033898305085 -0.33446327683615823
10.4 -0.024858757062146894 -0.2384180790960452 0.40451977401129946 -0.1751412429378531
10.42 -0.024858757062146894 -0.2384180790960452 0.4598870056497175 -0.2790960451977401
10.44 -0.04858757062146893 -0.2384180790960452 0.2858757062146893 -0.1593220338983051
10.46 -0.05649717514124294 -0.24632768361581922 0.31751412429378534 -0.2542372881355932
10.48 -0.06440677966101695 -0.2384180790960452 0.1977401129943503 -0.16723163841807911
10.5 -0.07231638418079096 -0.24632768361581922 0.24519774011299436 -0.19887005649717515
10.52 -0.07231638418079096 -0.24632768361581922 0.18983050847457628 -0.12768361581920903
10.54 -0.05649717514124294 -0.2384180790960452 0.22937853107344633 -0.10395480225988701
10.56 -0.05649717514124294 -0.2384180790960452 0.18983050847457628 -0.07231638418079096
10.58 -0.04067796610169492 -0.2384180790960452 0.2214689265536723 0.007909604519774011
10.6 -0.04067796610169492 -0.2384180790960452 0.1977401129943503 0.0
10.62 -0.04067796610169492 -0.2384180790960452 0.17401129943502824 0.11073446327683616
10.64 -0.04858757062146893 -0.2384180790960452 0.15028248587570622 0.03954802259887006
10.66 -0.05649717514124294 -0.24632768361581922 0.08700564971751412 0.17401129943502824
10.68 -0.06440677966101695 -0.24632768361581922 0.0711864406779661 0.06327683615819209
10.7 -0.06440677966101695 -0.2384180790960452 -0.01694915254237288 0.22937853107344633
10.72 -0.06440677966101695 -0.24632768361581922 0.0 0.08700564971751412
10.74 -0.05649717514124294 -0.24632768361581922 -0.10395480225988701 0.2937853107344633
10.76 -0.06440677966101695 -0.2542372881355932 -0.06440677966101695 0.12655367231638417
10.78 -0.05649717514124294 -0.24632768361581922 -0.1751412429378531 0.3728813559322034
10.8 -0.06440677966101695 -0.2542372881355932 -0.11186440677966102 0.1423728813559322
10.82 -0.05649717514124294 -0.2542372881355932 -0.22259887005649717 0.39661016949152544
10.84 -0.06440677966101695 -0.2542372881355932 -0.14350282485875707 0.15819209039548024
10.86 -0.05649717514124294 -0.2632768361581921 -0.2632768361581921 0.3807909604519774
10.88 -0.07231638418079096 -0.2711864406779661 -0.1751412429378531 0.16610169491525426
10.9 -0.04067796610169492 -0.2790960451977401 -0.30282485875706217 0.3807909604519774
10.92 -0.06440677966101695 -0.2384180790960452 -0.2305084745762712 0.31751412429378534
10.94 -0.024858757062146894 -0.2305084745762712 -0.3265536723163842 0.5559322033898305
10.96 -0.04858757062146893 -0.20677966101694917 -0.21468926553672318 0.4915254237288136
10.98 0.031638418079096044 -0.20677966101694917 -0.2384180790960452 0.5638418079096046
11.0 0.007909604519774011 -0.15141242937853108 -0.15141242937853108 0.48361581920903957
11.02 0.1344632768361582 -0.1751412429378531 -0.16723163841807911 0.4282485875706215
11.04 0.08700564971751412 -0.14350282485875707 -0.096045197740113 0.3887005649717514
11.06 0.2056497175141243 -0.19887005649717515 -0.13559322033898305 0.2937853107344633
11.08 0.15028248587570622 -0.19096045197740114 -0.08022598870056498 0.27796610169491526
11.1 0.18192090395480226 -0.1593220338983051 -0.11977401129943503 0.22937853107344633
11.12 0.1344632768361582 -0.15141242937853108 -0.08022598870056498 0.22937853107344633
11.14 0.0711864406779661 0.031638418079096044 -0.11186440677966102 0.2056497175141243
11.16 0.05536723163841808 0.023728813559322035 -0.096045197740113 0.2056497175141243
11.18 -0.07231638418079096 0.3096045197740113 -0.12768361581920903 0.18983050847457628
11.2 -0.07231638418079096 0.16610169491525426 -0.10395480225988701 0.18983050847457628
11.22 -0.22259887005649717 0.39661016949152544 -0.12768361581920903 0.18192090395480226
11.24 -0.16723163841807911 0.1977401129943503 -0.11186440677966102 0.18192090395480226
11.26 -0.3265536723163842 0.43615819209039547 -0.12768361581920903 0.18192090395480226
11.28 -0.2384180790960452 0.1977401129943503 -0.11977401129943503 0.17401129943502824
11.3 -0.3977401129943503 0.43615819209039547 -0.13559322033898305 0.16610169491525426
11.32 -0.2790960451977401 0.1977401129943503 -0.12768361581920903 0.17401129943502824
11.34 -0.43728813559322033 0.4124293785310735 -0.14350282485875707 0.17401129943502824
11.36 -0.3107344632768362 0.18192090395480226 -0.13559322033898305 0.17401129943502824
11.38 -0.43728813559322033 0.3807909604519774 -0.13559322033898305 0.17401129943502824
11.4 -0.3107344632768362 0.18192090395480226 -0.13559322033898305 0.17401129943502824
11.42 -0.42937853107344637 0.32542372881355935 -0.13559322033898305 0.17401129943502824
11.44 -0.30282485875706217 0.16610169491525426 -0.12768361581920903 0.17401129943502824
11.46 -0.4056497175141243 0.24519774011299436 -0.12768361581920903 0.17401129943502824
11.48 -0.29491525423728815 0.12655367231638417 -0.12768361581920903 0.17401129943502824
11.5 -0.38192090395480227 0.15819209039548024 -0.13559322033898305 0.17401129943502824
11.52 -0.2790960451977401 0.09491525423728814 -0.13559322033898305 0.17401129943502824
11.54 -0.3265536723163842 0.07909604519774012 -0.13559322033898305 0.17401129943502824
11.56 -0.2384180790960452 0.06327683615819209 -0.12768361581920903 0.17401129943502824
11.58 -0.2711864406779661 -0.00903954802259887 -0.12768361581920903 0.17401129943502824
11.6 -0.19887005649717515 0.007909604519774011 -0.11186440677966102 0.17401129943502824
11.62 -0.20677966101694917 -0.11186440677966102 -0.11977401129943503 0.17401129943502824
11.64 -0.1593220338983051 -0.04067796610169492 -0.11186440677966102 0.17401129943502824
11.66 -0.13559322033898305 -0.19887005649717515 -0.11977401129943503 0.17401129943502824
11.68 -0.11977401129943503 -0.07231638418079096 -0.10395480225988701 0.17401129943502824
11.7 -0.06440677966101695 -0.2711864406779661 -0.11186440677966102 0.17401129943502824
11.72 -0.06440677966101695 -0.11186440677966102 -0.096045197740113 0.17401129943502824
11.74 0.023728813559322035 -0.3265536723163842 -0.10395480225988701 0.17401129943502824
11.76 0.0 -0.12768361581920903 -0.096045197740113 0.17401129943502824
11.78 0.09491525423728814 -0.3898305084745763 -0.096045197740113 0.18192090395480226
11.8 0.05536723163841808 -0.13559322033898305 -0.08022598870056498 0.18192090395480226
11.82 0.16610169491525426 -0.3977401129943503 -0.096045197740113 0.18192090395480226
11.84 0.10282485875706215 -0.13559322033898305 -0.07231638418079096 0.18192090395480226
11.86 0.1977401129943503 -0.3977401129943503 -0.10395480225988701 0.18983050847457628
11.88 0.12655367231638417 -0.13559322033898305 -0.07231638418079096 0.18983050847457628
11.9 0.22937853107344633 -0.37401129943502825 -0.096045197740113 0.2056497175141243
11.92 0.1423728813559322 -0.15141242937853108 -0.08022598870056498 0.2056497175141243
11.94 0.21355932203389832 -0.2542372881355932 -0.13559322033898305 0.23728813559322035
11.96 0.1423728813559322 -0.16723163841807911 -0.06440677966101695 0.2214689265536723
11.98 0.2056497175141243 -0.2305084745762712 -0.13559322033898305 0.21355932203389832
12.0 0.16610169491525426 -0.2305084745762712 -0.08022598870056498 0.17401129943502824
12.02 0.21355932203389832 -0.15141242937853108 -0.1593220338983051 0.18983050847457628
12.04 0.15819209039548024 -0.15141242937853108 -0.096045197740113 0.16610169491525426
12.06 0.18983050847457628 -0.096045197740113 -0.1593220338983051 0.16610169491525426
12.08 0.1423728813559322 -0.10395480225988701 -0.10395480225988701 0.1423728813559322
12.1 0.16610169491525426 -0.08813559322033898 -0.07231638418079096 0.023728813559322035
12.12 0.1344632768361582 -0.10395480225988701 -0.04067796610169492 0.03954802259887006
12.14 0.15819209039548024 -0.096045197740113 0.05536723163841808 -0.18305084745762712
12.16 0.11864406779661017 -0.12768361581920903 0.05536723163841808 -0.11186440677966102
12.18 0.1423728813559322 -0.1593220338983051 0.18983050847457628 -0.3423728813559322
12.2 0.11864406779661017 -0.19096045197740114 0.15028248587570622 -0.18305084745762712
12.22 0.12655367231638417 -0.19887005649717515 0.2937853107344633 -0.4056497175141243
12.24 0.10282485875706215 -0.20677966101694917 0.21355932203389832 -0.22259887005649717
12.26 0.11864406779661017 -0.21468926553672318 0.3728813559322034 -0.4768361581920904
12.28 0.11073446327683616 -0.21468926553672318 0.27796610169491526 -0.24632768361581922
12.3 0.11864406779661017 -0.22259887005649717 0.4440677966101695 -0.44519774011299434
12.32 0.11073446327683616 -0.22259887005649717 0.33333333333333337 -0.19887005649717515
12.34 0.12655367231638417 -0.21468926553672318 0.4598870056497175 -0.4056497175141243
12.36 0.11073446327683616 -0.21468926553672318 0.34915254237288135 -0.22259887005649717
12.38 0.11864406779661017 -0.21468926553672318 0.46779661016949153 -0.3423728813559322
12.4 0.10282485875706215 -0.21468926553672318 0.34915254237288135 -0.1751412429378531
12.42 0.09491525423728814 -0.22259887005649717 0.4440677966101695 -0.2790960451977401
12.44 0.07909604519774012 -0.21468926553672318 0.31751412429378534 -0.1593220338983051
12.46 0.07909604519774012 -0.21468926553672318 0.40451977401129946 -0.20677966101694917
12.48 0.0711864406779661 -0.21468926553672318 0.3016949152542373 -0.11977401129943503
12.5 0.07909604519774012 -0.21468926553672318 0.3649717514124294 -0.11977401129943503
12.52 0.0711864406779661 -0.21468926553672318 0.27005649717514124 -0.08022598870056498
12.54 0.07909604519774012 -0.21468926553672318 0.31751412429378534 -0.04067796610169492
12.56 0.0711864406779661 -0.21468926553672318 0.23728813559322035 -0.0327683615819209
12.58 0.0711864406779661 -0.21468926553672318 0.2621468926553672 0.06327683615819209
12.6 0.05536723163841808 -0.21468926553672318 0.1977401129943503 0.023728813559322035
12.62 0.06327683615819209 -0.21468926553672318 0.18192090395480226 0.15819209039548024
12.64 0.05536723163841808 -0.21468926553672318 0.15028248587570622 0.0711864406779661
12.66 0.05536723163841808 -0.21468926553672318 0.11864406779661017 0.23728813559322035
12.68 0.04745762711864407 -0.22259887005649717 0.10282485875706215 0.09491525423728814
12.7 0.04745762711864407 -0.22259887005649717 0.03954802259887006 0.2937853107344633
12.72 0.03954802259887006 -0.2305084745762712 0.03954802259887006 0.12655367231638417
12.74 0.03954802259887006 -0.2305084745762712 -0.04858757062146893 0.3728813559322034
12.76 0.015819209039548022 -0.2305084745762712 -0.024858757062146894 0.15028248587570622
12.78 0.023728813559322035 -0.2305084745762712 -0.13559322033898305 0.40451977401129946
12.8 0.007909604519774011 -0.2305084745762712 -0.08022598870056498 0.16610169491525426
12.82 0.03954802259887006 -0.2384180790960452 -0.18305084745762712 0.39661016949152544
12.84 0.023728813559322035 -0.2384180790960452 -0.11186440677966102 0.16610169491525426
12.86 0.05536723163841808 -0.24632768361581922 -0.21468926553672318 0.3649717514124294
12.88 0.023728813559322035 -0.24632768361581922 -0.14350282485875707 0.15819209039548024
12.9 0.0711864406779661 -0.2711864406779661 -0.2305084745762712 0.2937853107344633
12.92 0.031638418079096044 -0.2711864406779661 -0.1593220338983051 0.17401129943502824
12.94 0.09491525423728814 -0.2632768361581921 -0.24632768361581922 0.2858757062146893
12.96 0.04745762711864407 -0.19096045197740114 -0.18305084745762712 0.2858757062146893
12.98 0.15028248587570622 -0.19887005649717515 -0.21468926553672318 0.3016949152542373
13.0 0.07909604519774012 -0.14350282485875707 -0.16723163841807911 0.3016949152542373
13.02 0.17401129943502824 -0.16723163841807911 -0.19096045197740114 0.22937853107344633
13.04 0.10282485875706215 -0.14350282485875707 -0.13559322033898305 0.22937853107344633
13.06 0.12655367231638417 -0.08813559322033898 -0.1751412429378531 0.17401129943502824
13.08 0.0711864406779661 -0.08022598870056498 -0.13559322033898305 0.17401129943502824
13.1 0.007909604519774011 0.09491525423728814 -0.1593220338983051 0.1423728813559322
13.12 0.0 0.05536723163841808 -0.12768361581920903 0.1423728813559322
13.14 -0.12768361581920903 0.3096045197740113 -0.15141242937853108 0.1423728813559322
13.16 -0.096045197740113 0.15819209039548024 -0.11977401129943503 0.1423728813559322
13.18 -0.2305084745762712 0.40451977401129946 -0.14350282485875707 0.15028248587570622
13.2 -0.1593220338983051 0.2214689265536723 -0.11977401129943503 0.15819209039548024
13.22 -0.3107344632768362 0.4440677966101695 -0.14350282485875707 0.15819209039548024
13.24 -0.21468926553672318 0.2214689265536723 -0.12768361581920903 0.16610169491525426
13.26 -0.37401129943502825 0.43615819209039547 -0.14350282485875707 0.15819209039548024
13.28 -0.2632768361581921 0.2214689265536723 -0.14350282485875707 0.15819209039548024
13.3 -0.42146892655367235 0.40451977401129946 -0.16723163841807911 0.16610169491525426
13.32 -0.30282485875706217 0.2056497175141243 -0.1593220338983051 0.15819209039548024
13.34 -0.43728813559322033 0.3649717514124294 -0.1751412429378531 0.15819209039548024
13.36 -0.3107344632768362 0.18983050847457628 -0.1751412429378531 0.15819209039548024
13.38 -0.43728813559322033 0.3016949152542373 -0.19096045197740114 0.15819209039548024
13.4 -0.3107344632768362 0.15819209039548024 -0.18305084745762712 0.15819209039548024
13.42 -0.41355932203389834 0.23728813559322035 -0.18305084745762712 0.15819209039548024
13.44 -0.30282485875706217 0.12655367231638417 -0.18305084745762712 0.15819209039548024
13.46 -0.38192090395480227 0.15028248587570622 -0.19096045197740114 0.15819209039548024
13.48 -0.2790960451977401 0.09491525423728814 -0.18305084745762712 0.15819209039548024
13.5 -0.33446327683615823 0.07909604519774012 -0.18305084745762712 0.15819209039548024
13.52 -0.2384180790960452 0.06327683615819209 -0.1751412429378531 0.15819209039548024
13.54 -0.2711864406779661 -0.01694915254237288 -0.1751412429378531 0.15819209039548024
13.56 -0.19887005649717515 0.007909604519774011 -0.16723163841807911 0.15819209039548024
13.58 -0.21468926553672318 -0.11186440677966102 -0.1751412429378531 0.15819209039548024
13.6 -0.1593220338983051 -0.04067796610169492 -0.1593220338983051 0.15819209039548024
13.62 -0.14350282485875707 -0.19096045197740114 -0.1751412429378531 0.15819209039548024
13.64 -0.11977401129943503 -0.07231638418079096 -0.16723163841807911 0.15819209039548024
13.66 -0.08022598870056498 -0.2790960451977401 -0.1593220338983051 0.15819209039548024
13.68 -0.07231638418079096 -0.11186440677966102 -0.15141242937853108 0.15819209039548024
13.7 0.007909604519774011 -0.33446327683615823 -0.16723163841807911 0.15819209039548024
13.72 -0.00903954802259887 -0.12768361581920903 -0.15141242937853108 0.15819209039548024
13.74 0.08700564971751412 -0.3898305084745763 -0.1593220338983051 0.16610169491525426
13.76 0.04745762711864407 -0.13559322033898305 -0.14350282485875707 0.16610169491525426
13.78 0.15819209039548024 -0.3977401129943503 -0.1593220338983051 0.16610169491525426
13.8 0.10282485875706215 -0.14350282485875707 -0.14350282485875707 0.16610169491525426
13.82 0.1977401129943503 -0.4056497175141243 -0.16723163841807911 0.17401129943502824
13.84 0.11864406779661017 -0.12768361581920903 -0.14350282485875707 0.18192090395480226
13.86 0.2214689265536723 -0.38192090395480227 -0.18305084745762712 0.18983050847457628
13.88 0.1344632768361582 -0.1593220338983051 -0.15141242937853108 0.18192090395480226
13.9 0.2056497175141243 -0.28700564971751413 -0.20677966101694917 0.2214689265536723
13.92 0.12655367231638417 -0.08813559322033898 -0.1751412429378531 0.2214689265536723
13.94 0.18192090395480226 -0.13559322033898305 -0.2542372881355932 0.2542372881355932
13.96 0.12655367231638417 -0.13559322033898305 -0.18305084745762712 0.22937853107344633
13.98 0.17401129943502824 -0.06440677966101695 -0.24632768361581922 0.24519774011299436
14.0 0.11864406779661017 -0.07231638418079096 -0.1751412429378531 0.21355932203389832
14.02 0.15819209039548024 -0.01694915254237288 -0.2384180790960452 0.21355932203389832
14.04 0.11073446327683616 -0.04067796610169492 -0.1751412429378531 0.18983050847457628
14.06 0.15028248587570622 -0.0327683615819209 -0.13559322033898305 0.0711864406779661
14.08 0.11864406779661017 -0.07231638418079096 -0.096045197740113 0.0711864406779661
14.1 0.1423728813559322 -0.08022598870056498 0.0 -0.1593220338983051
14.12 0.11073446327683616 -0.11977401129943503 0.007909604519774011 -0.08813559322033898
14.14 0.1344632768361582 -0.1593220338983051 0.16610169491525426 -0.3423728813559322
14.16 0.10282485875706215 -0.19887005649717515 0.1423728813559322 -0.18305084745762712
14.18 0.11864406779661017 -0.21468926553672318 0.3016949152542373 -0.4056497175141243
14.2 0.09491525423728814 -0.21468926553672318 0.2214689265536723 -0.21468926553672318
14.22 0.11073446327683616 -0.22259887005649717 0.3887005649717514 -0.4768361581920904
14.24 0.11073446327683616 -0.22259887005649717 0.3096045197740113 -0.2384180790960452
14.26 0.11073446327683616 -0.2305084745762712 0.47570621468926555 -0.44519774011299434
14.28 0.09491525423728814 -0.2305084745762712 0.3728813559322034 -0.19096045197740114
14.3 0.10282485875706215 -0.22259887005649717 0.4994350282485876 -0.3898305084745763
14.32 0.07909604519774012 -0.2305084745762712 0.3728813559322034 -0.20677966101694917
14.34 0.0711864406779661 -0.2305084745762712 0.4915254237288136 -0.3423728813559322
14.36 0.03954802259887006 -0.2305084745762712 0.34915254237288135 -0.1751412429378531
14.38 0.007909604519774011 -0.2305084745762712 0.4519774011299435 -0.2711864406779661
14.4 0.0 -0.2305084745762712 0.3096045197740113 -0.1593220338983051
14.42 0.0 -0.2305084745762712 0.40451977401129946 -0.20677966101694917
14.44 0.0 -0.2305084745762712 0.27796610169491526 -0.12768361581920903
14.46 0.007909604519774011 -0.2305084745762712 0.35706214689265536 -0.12768361581920903
14.48 0.007909604519774011 -0.2305084745762712 0.2542372881355932 -0.08813559322033898
14.5 0.007909604519774011 -0.2305084745762712 0.3016949152542373 -0.04067796610169492
14.52 0.007909604519774011 -0.2305084745762712 0.22937853107344633 -0.04067796610169492
14.54 0.015819209039548022 -0.2305084745762712 0.2542372881355932 0.06327683615819209
14.56 0.007909604519774011 -0.2305084745762712 0.1977401129943503 0.023728813559322035
14.58 0.015819209039548022 -0.2305084745762712 0.18983050847457628 0.15028248587570622
14.6 0.015819209039548022 -0.2305084745762712 0.15819209039548024 0.0711864406779661
14.62 0.015819209039548022 -0.2305084745762712 0.12655367231638417 0.24519774011299436
14.64 0.0 -0.2305084745762712 0.11073446327683616 0.10282485875706215
14.66 0.007909604519774011 -0.2384180790960452 0.04745762711864407 0.3096045197740113
14.68 -0.00903954802259887 -0.2384180790960452 0.04745762711864407 0.11864406779661017
14.7 0.0 -0.2384180790960452 -0.04858757062146893 0.3649717514124294
14.72 -0.00903954802259887 -0.2384180790960452 -0.0327683615819209 0.1423728813559322
14.74 0.007909604519774011 -0.2384180790960452 -0.13559322033898305 0.40451977401129946
14.76 -0.00903954802259887 -0.2384180790960452 -0.08813559322033898 0.16610169491525426
14.78 0.015819209039548022 -0.24632768361581922 -0.19096045197740114 0.40451977401129946
14.8 -0.00903954802259887 -0.24632768361581922 -0.11977401129943503 0.16610169491525426
14.82 0.023728813559322035 -0.2542372881355932 -0.2305084745762712 0.3728813559322034
14.84 -0.00903954802259887 -0.2542372881355932 -0.15141242937853108 0.15028248587570622
14.86 0.03954802259887006 -0.2790960451977401 -0.24632768361581922 0.34124293785310733
14.88 0.0 -0.22259887005649717 -0.19887005649717515 0.3016949152542373
14.9 0.05536723163841808 -0.19887005649717515 -0.2632768361581921 0.43615819209039547
14.92 0.007909604519774011 -0.14350282485875707 -0.18305084745762712 0.39661016949152544
14.94 0.12655367231638417 -0.1751412429378531 -0.19096045197740114 0.3887005649717514
14.96 0.0711864406779661 -0.13559322033898305 -0.11186440677966102 0.34915254237288135
14.98 0.18192090395480226 -0.19096045197740114 -0.13559322033898305 0.27796610169491526
15.0 0.11864406779661017 -0.18305084745762712 -0.08022598870056498 0.2858757062146893
15.02 0.15028248587570622 -0.15141242937853108 -0.12768361581920903 0.2214689265536723
15.04 0.11073446327683616 -0.15141242937853108 -0.08813559322033898 0.2214689265536723
15.06 0.06327683615819209 0.031638418079096044 -0.14350282485875707 0.1977401129943503
15.08 0.04745762711864407 0.015819209039548022 -0.11977401129943503 0.18983050847457628
15.1 -0.10395480225988701 0.2937853107344633 -0.13559322033898305 0.18192090395480226
15.12 -0.08022598870056498 0.15819209039548024 -0.11977401129943503 0.18192090395480226
15.14 -0.22259887005649717 0.39661016949152544 -0.13559322033898305 0.17401129943502824
15.16 -0.1593220338983051 0.1977401129943503 -0.11977401129943503 0.18192090395480226
15.18 -0.3186440677966102 0.43615819209039547 -0.15141242937853108 0.18192090395480226
15.2 -0.22259887005649717 0.1977401129943503 -0.13559322033898305 0.18192090395480226
15.22 -0.3898305084745763 0.4440677966101695 -0.15141242937853108 0.17401129943502824
15.24 -0.2711864406779661 0.18983050847457628 -0.15141242937853108 0.17401129943502824
15.26 -0.42937853107344637 0.43615819209039547 -0.16723163841807911 0.17401129943502824
15.28 -0.3107344632768362 0.18983050847457628 -0.1593220338983051 0.17401129943502824
15.3 -0.43728813559322033 0.3807909604519774 -0.1751412429378531 0.17401129943502824
15.32 -0.3107344632768362 0.18192090395480226 -0.1751412429378531 0.17401129943502824
15.34 -0.43728813559322033 0.31751412429378534 -0.18305084745762712 0.17401129943502824
15.36 -0.3107344632768362 0.15819209039548024 -0.18305084745762712 0.17401129943502824
15.38 -0.41355932203389834 0.24519774011299436 -0.18305084745762712 0.17401129943502824
15.4 -0.29491525423728815 0.12655367231638417 -0.18305084745762712 0.17401129943502824
15.42 -0.3898305084745763 0.15819209039548024 -0.19096045197740114 0.17401129943502824
15.44 -0.2790960451977401 0.09491525423728814 -0.19096045197740114 0.17401129943502824
15.46 -0.33446327683615823 0.07909604519774012 -0.19096045197740114 0.17401129943502824
15.48 -0.24632768361581922 0.06327683615819209 -0.18305084745762712 0.17401129943502824
15.5 -0.2790960451977401 -0.01694915254237288 -0.18305084745762712 0.17401129943502824
15.52 -0.20677966101694917 0.007909604519774011 -0.18305084745762712 0.16610169491525426
15.54 -0.21468926553672318 -0.11186440677966102 -0.18305084745762712 0.17401129943502824
15.56 -0.16723163841807911 -0.04067796610169492 -0.1751412429378531 0.17401129943502824
15.58 -0.14350282485875707 -0.19096045197740114 -0.18305084745762712 0.17401129943502824
15.6 -0.11977401129943503 -0.07231638418079096 -0.1751412429378531 0.17401129943502824
15.62 -0.07231638418079096 -0.2790960451977401 -0.18305084745762712 0.17401129943502824
15.64 -0.07231638418079096 -0.10395480225988701 -0.16723163841807911 0.17401129943502824
15.66 0.007909604519774011 -0.33446327683615823 -0.18305084745762712 0.17401129943502824
15.68 0.0 -0.11977401129943503 -0.1751412429378531 0.17401129943502824
15.7 0.09491525423728814 -0.38192090395480227 -0.18305084745762712 0.18192090395480226
15.72 0.05536723163841808 -0.13559322033898305 -0.16723163841807911 0.18192090395480226
15.74 0.15819209039548024 -0.3977401129943503 -0.18305084745762712 0.18192090395480226
15.76 0.09491525423728814 -0.14350282485875707 -0.16723163841807911 0.18192090395480226
15.78 0.1977401129943503 -0.3898305084745763 -0.19887005649717515 0.18983050847457628
15.8 0.11864406779661017 -0.12768361581920903 -0.1751412429378531 0.18983050847457628
15.82 0.22937853107344633 -0.38192090395480227 -0.21468926553672318 0.2056497175141243
15.84 0.1344632768361582 -0.1593220338983051 -0.18305084745762712 0.1977401129943503
15.86 0.21355932203389832 -0.2711864406779661 -0.24632768361581922 0.22937853107344633
15.88 0.12655367231638417 -0.08022598870056498 -0.21468926553672318 0.22937853107344633
15.9 0.18192090395480226 -0.11186440677966102 -0.29491525423728815 0.27796610169491526
15.92 0.11864406779661017 -0.10395480225988701 -0.2384180790960452 0.2621468926553672
15.94 0.15819209039548024 -0.0327683615819209 -0.30282485875706217 0.27796610169491526
15.96 0.11073446327683616 -0.0327683615819209 -0.2384180790960452 0.24519774011299436
15.98 0.1423728813559322 0.015819209039548022 -0.30282485875706217 0.2542372881355932
16.0 0.08700564971751412 0.0 -0.2384180790960452 0.22937853107344633
16.02 0.15028248587570622 0.007909604519774011 -0.19887005649717515 0.11073446327683616
16.04 0.10282485875706215 -0.024858757062146894 -0.1593220338983051 0.11073446327683616
16.06 0.1423728813559322 -0.04067796610169492 -0.05649717514124294 -0.12768361581920903
16.08 0.11073446327683616 -0.10395480225988701 -0.05649717514124294 -0.08022598870056498
16.1 0.1344632768361582 -0.13559322033898305 0.10282485875706215 -0.3423728813559322
16.12 0.11073446327683616 -0.18305084745762712 0.09491525423728814 -0.19096045197740114
16.14 0.12655367231638417 -0.21468926553672318 0.27796610169491526 -0.42146892655367235
16.16 0.10282485875706215 -0.22259887005649717 0.2056497175141243 -0.21468926553672318
16.18 0.11864406779661017 -0.2305084745762712 0.3728813559322034 -0.4768361581920904
16.2 0.11864406779661017 -0.2305084745762712 0.3016949152542373 -0.2542372881355932
16.22 0.1344632768361582 -0.2305084745762712 0.47570621468926555 -0.44519774011299434
16.24 0.12655367231638417 -0.2305084745762712 0.3807909604519774 -0.18305084745762712
16.26 0.12655367231638417 -0.22259887005649717 0.5163841807909605 -0.3898305084745763
16.28 0.10282485875706215 -0.2305084745762712 0.3807909604519774 -0.1751412429378531
16.3 0.07909604519774012 -0.2305084745762712 0.4994350282485876 -0.3502824858757062
16.32 0.04745762711864407 -0.2305084745762712 0.35706214689265536 -0.18305084745762712
16.34 0.015819209039548022 -0.2305084745762712 0.4440677966101695 -0.29491525423728815
16.36 0.0 -0.22259887005649717 0.3096045197740113 -0.16723163841807911
16.38 0.007909604519774011 -0.22259887005649717 0.39661016949152544 -0.21468926553672318
16.4 0.0 -0.2305084745762712 0.27005649717514124 -0.13559322033898305
16.42 0.015819209039548022 -0.22259887005649717 0.34124293785310733 -0.13559322033898305
16.44 0.015819209039548022 -0.2305084745762712 0.24519774011299436 -0.096045197740113
16.46 0.023728813559322035 -0.22259887005649717 0.2937853107344633 -0.04858757062146893
16.48 0.031638418079096044 -0.22259887005649717 0.2214689265536723 -0.04067796610169492
16.5 0.031638418079096044 -0.22259887005649717 0.2542372881355932 0.06327683615819209
16.52 0.031638418079096044 -0.22259887005649717 0.2056497175141243 0.023728813559322035
16.54 0.031638418079096044 -0.22259887005649717 0.18983050847457628 0.15819209039548024
16.56 0.007909604519774011 -0.2305084745762712 0.15819209039548024 0.06327683615819209
16.58 0.007909604519774011 -0.22259887005649717 0.12655367231638417 0.24519774011299436
16.6 0.0 -0.2305084745762712 0.11864406779661017 0.10282485875706215
16.62 0.0 -0.2384180790960452 0.04745762711864407 0.31751412429378534
16.64 0.0 -0.2305084745762712 0.04745762711864407 0.12655367231638417
16.66 0.007909604519774011 -0.2384180790960452 -0.04858757062146893 0.3728813559322034
16.68 0.0 -0.2384180790960452 -0.024858757062146894 0.1423728813559322
16.7 0.015819209039548022 -0.2305084745762712 -0.13559322033898305 0.4124293785310735
16.72 0.0 -0.2384180790960452 -0.08022598870056498 0.16610169491525426
16.74 0.031638418079096044 -0.24632768361581922 -0.19096045197740114 0.40451977401129946
16.76 0.007909604519774011 -0.24632768361581922 -0.11977401129943503 0.16610169491525426
16.78 0.03954802259887006 -0.2542372881355932 -0.22259887005649717 0.3649717514124294
16.8 0.007909604519774011 -0.2542372881355932 -0.15141242937853108 0.15028248587570622
16.82 0.05536723163841808 -0.2711864406779661 -0.2384180790960452 0.3096045197740113
16.84 0.015819209039548022 -0.24632768361581922 -0.18305084745762712 0.24519774011299436
16.86 0.0711864406779661 -0.21468926553672318 -0.2632768361581921 0.3807909604519774
16.88 0.015819209039548022 -0.15141242937853108 -0.18305084745762712 0.35706214689265536
16.9 0.1344632768361582 -0.18305084745762712 -0.22259887005649717 0.35706214689265536
16.92 0.07909604519774012 -0.14350282485875707 -0.15141242937853108 0.32542372881355935
16.94 0.17401129943502824 -0.18305084745762712 -0.18305084745762712 0.24519774011299436
16.96 0.11073446327683616 -0.1593220338983051 -0.11977401129943503 0.24519774011299436
16.98 0.1423728813559322 -0.12768361581920903 -0.1593220338983051 0.18983050847457628
17.0 0.09491525423728814 -0.12768361581920903 -0.11977401129943503 0.18983050847457628
17.02 0.031638418079096044 0.031638418079096044 -0.14350282485875707 0.15819209039548024
17.04 0.015819209039548022 0.0 -0.11977401129943503 0.15819209039548024
17.06 -0.10395480225988701 0.27796610169491526 -0.14350282485875707 0.15028248587570622
17.08 -0.08022598870056498 0.15028248587570622 -0.12768361581920903 0.15028248587570622
17.1 -0.2305084745762712 0.3887005649717514 -0.1593220338983051 0.15819209039548024
17.12 -0.16723163841807911 0.1977401129943503 -0.14350282485875707 0.16610169491525426
17.14 -0.3265536723163842 0.4282485875706215 -0.16723163841807911 0.16610169491525426
17.16 -0.2305084745762712 0.18983050847457628 -0.1593220338983051 0.17401129943502824
17.18 -0.38192090395480227 0.4440677966101695 -0.1751412429378531 0.16610169491525426
17.2 -0.2711864406779661 0.18983050847457628 -0.16723163841807911 0.16610169491525426
17.22 -0.42146892655367235 0.4282485875706215 -0.19096045197740114 0.16610169491525426
17.24 -0.30282485875706217 0.18983050847457628 -0.18305084745762712 0.16610169491525426
17.26 -0.43728813559322033 0.3887005649717514 -0.19887005649717515 0.16610169491525426
17.28 -0.3107344632768362 0.17401129943502824 -0.19096045197740114 0.16610169491525426
17.3 -0.43728813559322033 0.33333333333333337 -0.20677966101694917 0.16610169491525426
17.32 -0.3107344632768362 0.16610169491525426 -0.20677966101694917 0.16610169491525426
17.34 -0.41355932203389834 0.24519774011299436 -0.20677966101694917 0.16610169491525426
17.36 -0.3107344632768362 0.1344632768361582 -0.20677966101694917 0.16610169491525426
17.38 -0.3898305084745763 0.15819209039548024 -0.22259887005649717 0.16610169491525426
17.4 -0.28700564971751413 0.09491525423728814 -0.21468926553672318 0.16610169491525426
17.42 -0.33446327683615823 0.07909604519774012 -0.22259887005649717 0.16610169491525426
17.44 -0.24632768361581922 0.06327683615819209 -0.21468926553672318 0.16610169491525426
17.46 -0.2790960451977401 -0.01694915254237288 -0.21468926553672318 0.16610169491525426
17.48 -0.20677966101694917 0.007909604519774011 -0.20677966101694917 0.16610169491525426
17.5 -0.21468926553672318 -0.11977401129943503 -0.21468926553672318 0.16610169491525426
17.52 -0.16723163841807911 -0.04067796610169492 -0.20677966101694917 0.16610169491525426
17.54 -0.14350282485875707 -0.19096045197740114 -0.21468926553672318 0.16610169491525426
17.56 -0.11977401129943503 -0.08022598870056498 -0.21468926553672318 0.16610169491525426
17.58 -0.07231638418079096 -0.2790960451977401 -0.22259887005649717 0.16610169491525426
17.6 -0.07231638418079096 -0.11186440677966102 -0.21468926553672318 0.15819209039548024
17.62 0.007909604519774011 -0.3423728813559322 -0.22259887005649717 0.16610169491525426
17.64 -0.00903954802259887 -0.11977401129943503 -0.21468926553672318 0.16610169491525426
17.66 0.08700564971751412 -0.3898305084745763 -0.2305084745762712 0.17401129943502824
17.68 0.05536723163841808 -0.13559322033898305 -0.21468926553672318 0.17401129943502824
17.7 0.15819209039548024 -0.4056497175141243 -0.2384180790960452 0.17401129943502824
17.72 0.09491525423728814 -0.14350282485875707 -0.21468926553672318 0.17401129943502824
17.74 0.18983050847457628 -0.3977401129943503 -0.2384180790960452 0.18192090395480226
17.76 0.11864406779661017 -0.14350282485875707 -0.22259887005649717 0.17401129943502824
17.78 0.21355932203389832 -0.38192090395480227 -0.2632768361581921 0.1977401129943503
17.8 0.1344632768361582 -0.15141242937853108 -0.2305084745762712 0.18983050847457628
17.82 0.2056497175141243 -0.2711864406779661 -0.29491525423728815 0.2214689265536723
17.84 0.11864406779661017 -0.08022598870056498 -0.2542372881355932 0.2214689265536723
17.86 0.17401129943502824 -0.096045197740113 -0.3502824858757062 0.2621468926553672
17.88 0.10282485875706215 -0.05649717514124294 -0.29491525423728815 0.2621468926553672
17.9 0.15819209039548024 0.015819209039548022 -0.37401129943502825 0.2937853107344633
17.92 0.10282485875706215 0.007909604519774011 -0.30282485875706217 0.2621468926553672
17.94 0.1344632768361582 0.06327683615819209 -0.36610169491525424 0.27796610169491526
17.96 0.07909604519774012 0.03954802259887006 -0.30282485875706217 0.2542372881355932
17.98 0.11864406779661017 0.03954802259887006 -0.2632768361581921 0.12655367231638417
18.0 0.08700564971751412 0.007909604519774011 -0.22259887005649717 0.12655367231638417
18.02 0.1344632768361582 0.0 -0.12768361581920903 -0.096045197740113
18.04 0.11073446327683616 -0.05649717514124294 -0.11977401129943503 -0.04858757062146893
18.06 0.1344632768361582 -0.11977401129943503 0.03954802259887006 -0.3265536723163842
18.08 0.11073446327683616 -0.1593220338983051 0.031638418079096044 -0.19096045197740114
18.1 0.12655367231638417 -0.19887005649717515 0.22937853107344633 -0.42937853107344637
18.12 0.10282485875706215 -0.22259887005649717 0.18192090395480226 -0.2305084745762712
18.14 0.12655367231638417 -0.2305084745762712 0.35706214689265536 -0.4689265536723164
18.16 0.11864406779661017 -0.22259887005649717 0.2937853107344633 -0.2384180790960452
18.18 0.1344632768361582 -0.22259887005649717 0.46779661016949153 -0.42146892655367235
18.2 0.11864406779661017 -0.2305084745762712 0.3728813559322034 -0.18305084745762712
18.22 0.11864406779661017 -0.22259887005649717 0.5084745762711864 -0.3977401129943503
18.24 0.07909604519774012 -0.22259887005649717 0.3807909604519774 -0.19887005649717515
18.26 0.04745762711864407 -0.22259887005649717 0.4915254237288136 -0.3423728813559322
18.28 0.015819209039548022 -0.22259887005649717 0.35706214689265536 -0.18305084745762712
18.3 0.015819209039548022 -0.22259887005649717 0.4440677966101695 -0.28700564971751413
18.32 0.0 -0.22259887005649717 0.3096045197740113 -0.16723163841807911
18.34 -0.00903954802259887 -0.22259887005649717 0.3807909604519774 -0.20677966101694917
18.36 -0.00903954802259887 -0.22259887005649717 0.2621468926553672 -0.12768361581920903
18.38 0.0 -0.22259887005649717 0.34124293785310733 -0.13559322033898305
18.4 -0.00903954802259887 -0.22259887005649717 0.24519774011299436 -0.096045197740113
18.42 0.0 -0.22259887005649717 0.2858757062146893 -0.04858757062146893
18.44 -0.00903954802259887 -0.22259887005649717 0.2214689265536723 -0.04858757062146893
18.46 0.0 -0.22259887005649717 0.2542372881355932 0.06327683615819209
18.48 -0.00903954802259887 -0.22259887005649717 0.1977401129943503 0.023728813559322035
18.5 -0.00903954802259887 -0.22259887005649717 0.18983050847457628 0.15819209039548024
18.52 -0.024858757062146894 -0.22259887005649717 0.15819209039548024 0.06327683615819209
18.54 -0.01694915254237288 -0.22259887005649717 0.12655367231638417 0.24519774011299436
18.56 -0.0327683615819209 -0.22259887005649717 0.11073446327683616 0.09491525423728814
18.58 -0.0327683615819209 -0.2305084745762712 0.03954802259887006 0.3016949152542373
18.6 -0.04858757062146893 -0.2305084745762712 0.03954802259887006 0.11864406779661017
18.62 -0.0327683615819209 -0.2305084745762712 -0.05649717514124294 0.3649717514124294
18.64 -0.04858757062146893 -0.2384180790960452 -0.0327683615819209 0.15028248587570622
18.66 -0.0327683615819209 -0.2384180790960452 -0.14350282485875707 0.40451977401129946
18.68 -0.04858757062146893 -0.2384180790960452 -0.08813559322033898 0.15819209039548024
18.7 -0.024858757062146894 -0.24632768361581922 -0.19887005649717515 0.3887005649717514
18.72 -0.04858757062146893 -0.2542372881355932 -0.12768361581920903 0.16610169491525426
18.74 -0.024858757062146894 -0.2632768361581921 -0.22259887005649717 0.3728813559322034
18.76 -0.05649717514124294 -0.2542372881355932 -0.1751412429378531 0.2621468926553672
18.78 -0.00903954802259887 -0.24632768361581922 -0.28700564971751413 0.5242937853107345
18.8 -0.04858757062146893 -0.20677966101694917 -0.19887005649717515 0.48361581920903957
18.82 0.023728813559322035 -0.20677966101694917 -0.2384180790960452 0.5796610169491525
18.84 0.0 -0.16723163841807911 -0.14350282485875707 0.5242937853107345
18.86 0.12655367231638417 -0.20677966101694917 -0.1593220338983051 0.4915254237288136
18.88 0.07909604519774012 -0.16723163841807911 -0.096045197740113 0.4598870056497175
18.9 0.18983050847457628 -0.19096045197740114 -0.12768361581920903 0.3728813559322034
18.92 0.12655367231638417 -0.1751412429378531 -0.07231638418079096 0.34124293785310733
18.94 0.16610169491525426 -0.13559322033898305 -0.11977401129943503 0.2858757062146893
18.96 0.1344632768361582 -0.13559322033898305 -0.08022598870056498 0.2858757062146893
18.98 0.06327683615819209 0.031638418079096044 -0.10395480225988701 0.2542372881355932
19.0 0.04745762711864407 0.007909604519774011 -0.08022598870056498 0.2542372881355932
19.02 -0.08022598870056498 0.2858757062146893 -0.12768361581920903 0.23728813559322035
19.04 -0.07231638418079096 0.15819209039548024 -0.096045197740113 0.23728813559322035
19.06 -0.22259887005649717 0.40451977401129946 -0.11977401129943503 0.22937853107344633
19.08 -0.16723163841807911 0.2056497175141243 -0.10395480225988701 0.22937853107344633
19.1 -0.3265536723163842 0.4282485875706215 -0.13559322033898305 0.22937853107344633
19.12 -0.2384180790960452 0.21355932203389832 -0.11977401129943503 0.22937853107344633
19.14 -0.3898305084745763 0.4282485875706215 -0.13559322033898305 0.2214689265536723
19.16 -0.2790960451977401 0.2056497175141243 -0.12768361581920903 0.2214689265536723
19.18 -0.43728813559322033 0.40451977401129946 -0.14350282485875707 0.2214689265536723
19.2 -0.3107344632768362 0.1977401129943503 -0.13559322033898305 0.2214689265536723
19.22 -0.43728813559322033 0.3728813559322034 -0.14350282485875707 0.2214689265536723
19.24 -0.30282485875706217 0.18192090395480226 -0.13559322033898305 0.2214689265536723
19.26 -0.43728813559322033 0.31751412429378534 -0.14350282485875707 0.2214689265536723
19.28 -0.3107344632768362 0.16610169491525426 -0.14350282485875707 0.2214689265536723
19.3 -0.42146892655367235 0.23728813559322035 -0.14350282485875707 0.2214689265536723
19.32 -0.29491525423728815 0.12655367231638417 -0.14350282485875707 0.2214689265536723
19.34 -0.3898305084745763 0.15819209039548024 -0.15141242937853108 0.2214689265536723
19.36 -0.2790960451977401 0.09491525423728814 -0.14350282485875707 0.2214689265536723
19.38 -0.33446327683615823 0.07909604519774012 -0.15141242937853108 0.2214689265536723
19.4 -0.2384180790960452 0.06327683615819209 -0.14350282485875707 0.2214689265536723
19.42 -0.2711864406779661 -0.00903954802259887 -0.14350282485875707 0.2214689265536723
19.44 -0.19887005649717515 0.007909604519774011 -0.13559322033898305 0.2214689265536723
19.46 -0.21468926553672318 -0.11186440677966102 -0.14350282485875707 0.2214689265536723
19.48 -0.1593220338983051 -0.04067796610169492 -0.13559322033898305 0.2214689265536723
19.5 -0.14350282485875707 -0.19096045197740114 -0.14350282485875707 0.2214689265536723
19.52 -0.11977401129943503 -0.07231638418079096 -0.13559322033898305 0.2214689265536723
19.54 -0.07231638418079096 -0.2711864406779661 -0.15141242937853108 0.2214689265536723
19.56 -0.07231638418079096 -0.10395480225988701 -0.13559322033898305 0.2214689265536723
19.58 0.007909604519774011 -0.3423728813559322 -0.15141242937853108 0.2214689265536723
19.6 -0.00903954802259887 -0.11977401129943503 -0.14350282485875707 0.2214689265536723
19.62 0.08700564971751412 -0.38192090395480227 -0.15141242937853108 0.22937853107344633
19.64 0.04745762711864407 -0.13559322033898305 -0.14350282485875707 0.22937853107344633
19.66 0.16610169491525426 -0.3898305084745763 -0.1593220338983051 0.22937853107344633
19.68 0.10282485875706215 -0.13559322033898305 -0.14350282485875707 0.22937853107344633
19.7 0.1977401129943503 -0.3898305084745763 -0.1751412429378531 0.23728813559322035
19.72 0.11864406779661017 -0.13559322033898305 -0.1593220338983051 0.23728813559322035
19.74 0.22937853107344633 -0.37401129943502825 -0.19887005649717515 0.2542372881355932
19.76 0.1344632768361582 -0.14350282485875707 -0.1593220338983051 0.2542372881355932
19.78 0.21355932203389832 -0.2632768361581921 -0.22259887005649717 0.2858757062146893
19.8 0.1344632768361582 -0.08022598870056498 -0.19096045197740114 0.2858757062146893
19.82 0.18983050847457628 -0.12768361581920903 -0.2790960451977401 0.31751412429378534
19.84 0.12655367231638417 -0.10395480225988701 -0.21468926553672318 0.2937853107344633
19.86 0.18192090395480226 -0.0327683615819209 -0.2790960451977401 0.3016949152542373
19.88 0.1423728813559322 -0.0327683615819209 -0.21468926553672318 0.27005649717514124
19.9 0.16610169491525426 0.023728813559322035 -0.2790960451977401 0.27796610169491526
19.92 0.11864406779661017 0.0 -0.20677966101694917 0.2621468926553672
19.94 0.15819209039548024 0.007909604519774011 -0.1751412429378531 0.1344632768361582
19.96 0.11864406779661017 -0.024858757062146894 -0.14350282485875707 0.1344632768361582
19.98 0.1423728813559322 -0.04067796610169492 -0.0327683615819209 -0.096045197740113
20.0 0.11864406779661017 -0.08813559322033898 -0.0327683615819209 -0.04858757062146893
