0.0 0.0 0.0 0.0 0.0
0.02 0.0 0.0 0.0 0.0
0.04 0.0 0.0 0.0 0.0
0.06 0.0 0.0 0.0 0.0
0.08 0.0 0.047961647844804174 0.0 -0.023980823922402087
0.1 0.0 0.09592329568960835 0.0 -0.047961647844804174
0.12 0.0 0.1678657674568146 0.0 -0.09592329568960835
0.14 0.0 0.1918465913792167 0.0 -0.14388494353441253
0.16 -0.023980823922402087 0.21582741530161878 0.023980823922402087 -0.1918465913792167
0.18 -0.047961647844804174 0.21582741530161878 0.047961647844804174 -0.1918465913792167
0.2 -0.07194247176720626 0.21582741530161878 0.07194247176720626 -0.21582741530161878
0.22 -0.07194247176720626 0.21582741530161878 0.07194247176720626 -0.21582741530161878
0.24 -0.09592329568960835 0.21582741530161878 0.07194247176720626 -0.21582741530161878
0.26 -0.09592329568960835 0.21582741530161878 0.09592329568960835 -0.21582741530161878
0.28 -0.09592329568960835 0.21582741530161878 0.09592329568960835 -0.21582741530161878
0.3 -0.09592329568960835 0.21582741530161878 0.09592329568960835 -0.21582741530161878
0.32 -0.09592329568960835 0.21582741530161878 0.07194247176720626 -0.21582741530161878
0.34 -0.09592329568960835 0.21582741530161878 0.07194247176720626 -0.1918465913792167
0.36 -0.11990411961201043 0.21582741530161878 0.09592329568960835 -0.1918465913792167
0.38 -0.09592329568960835 0.1918465913792167 0.09592329568960835 -0.1918465913792167
0.4 -0.09592329568960835 0.1918465913792167 0.09592329568960835 -0.1918465913792167
0.42 -0.09592329568960835 0.1918465913792167 0.09592329568960835 -0.1918465913792167
0.44 -0.09592329568960835 0.1918465913792167 0.09592329568960835 -0.21582741530161878
0.46 -0.09592329568960835 0.1918465913792167 0.09592329568960835 -0.21582741530161878
0.48 -0.09592329568960835 0.21582741530161878 0.09592329568960835 -0.21582741530161878
0.5 -0.09592329568960835 0.21582741530161878 0.09592329568960835 -0.21582741530161878
0.52 -0.09592329568960835 0.21582741530161878 0.09592329568960835 -0.21582741530161878
0.54 -0.09592329568960835 0.21582741530161878 0.09592329568960835 -0.21582741530161878
0.56 -0.09592329568960835 0.21582741530161878 0.09592329568960835 -0.21582741530161878
0.58 -0.09592329568960835 0.1918465913792167 0.09592329568960835 -0.21582741530161878
0.6 -0.09592329568960835 0.21582741530161878 0.09592329568960835 -0.21582741530161878
0.62 -0.09592329568960835 0.1918465913792167 0.07194247176720626 -0.21582741530161878
0.64 -0.09592329568960835 0.1918465913792167 0.07194247176720626 -0.21582741530161878
0.66 -0.09592329568960835 0.1918465913792167 0.07194247176720626 -0.1918465913792167
0.68 -0.09592329568960835 0.1918465913792167 0.09592329568960835 -0.21582741530161878
0.7 -0.09592329568960835 0.1918465913792167 0.09592329568960835 -0.21582741530161878
0.72 -0.09592329568960835 0.21582741530161878 0.09592329568960835 -0.21582741530161878
0.74 -0.09592329568960835 0.21582741530161878 0.07194247176720626 -0.21582741530161878
0.76 -0.09592329568960835 0.21582741530161878 0.07194247176720626 -0.21582741530161878
0.78 -0.09592329568960835 0.21582741530161878 0.07194247176720626 -0.21582741530161878
0.8 -0.09592329568960835 0.21582741530161878 0.09592329568960835 -0.21582741530161878
0.82 -0.07194247176720626 0.1918465913792167 0.09592329568960835 -0.1918465913792167
0.84 -0.07194247176720626 0.1918465913792167 0.09592329568960835 -0.1918465913792167
0.86 -0.07194247176720626 0.1918465913792167 0.07194247176720626 -0.1918465913792167
0.88 -0.07194247176720626 0.1918465913792167 0.07194247176720626 -0.1918465913792167
0.9 -0.07194247176720626 0.1918465913792167 0.07194247176720626 -0.1918465913792167
0.92 -0.07194247176720626 0.1918465913792167 0.07194247176720626 -0.1918465913792167
0.94 -0.07194247176720626 0.1918465913792167 0.07194247176720626 -0.1918465913792167
0.96 -0.07194247176720626 0.21582741530161878 0.07194247176720626 -0.1918465913792167
0.98 -0.07194247176720626 0.1918465913792167 0.07194247176720626 -0.1918465913792167
1.0 -0.09592329568960835 0.1918465913792167 0.07194247176720626 -0.1918465913792167
1.02 -0.07194247176720626 0.1678657674568146 0.09592329568960835 -0.1918465913792167
1.04 -0.07194247176720626 0.1918465913792167 0.09592329568960835 -0.1918465913792167
1.06 -0.07194247176720626 0.1918465913792167 0.09592329568960835 -0.1918465913792167
1.08 -0.09592329568960835 0.1918465913792167 0.09592329568960835 -0.1918465913792167
1.1 -0.09592329568960835 0.1918465913792167 0.09592329568960835 -0.1918465913792167
1.12 -0.09592329568960835 0.1918465913792167 0.09592329568960835 -0.1918465913792167
1.14 -0.07194247176720626 0.1678657674568146 0.09592329568960835 -0.1918465913792167
1.16 -0.07194247176720626 0.1918465913792167 0.09592329568960835 -0.21582741530161878
1.18 -0.07194247176720626 0.1918465913792167 0.07194247176720626 -0.1918465913792167
1.2 -0.07194247176720626 0.1678657674568146 0.07194247176720626 -0.1918465913792167
1.22 -0.07194247176720626 0.1678657674568146 0.07194247176720626 -0.1678657674568146
1.24 -0.07194247176720626 0.1678657674568146 0.07194247176720626 -0.1678657674568146
1.26 -0.07194247176720626 0.1678657674568146 0.07194247176720626 -0.1678657674568146
1.28 -0.07194247176720626 0.1918465913792167 0.07194247176720626 -0.1678657674568146
1.3 -0.07194247176720626 0.1918465913792167 0.07194247176720626 -0.1678657674568146
1.32 -0.07194247176720626 0.1918465913792167 0.07194247176720626 -0.1918465913792167
1.34 -0.07194247176720626 0.1918465913792167 0.07194247176720626 -0.1678657674568146
1.36 -0.07194247176720626 0.1678657674568146 0.07194247176720626 -0.1678657674568146
1.38 -0.07194247176720626 0.1678657674568146 0.07194247176720626 -0.1678657674568146
1.4 -0.07194247176720626 0.1678657674568146 0.07194247176720626 -0.1678657674568146
1.42 -0.07194247176720626 0.1678657674568146 0.07194247176720626 -0.1678657674568146
1.44 -0.07194247176720626 0.1678657674568146 0.07194247176720626 -0.1678657674568146
1.46 -0.07194247176720626 0.1678657674568146 0.07194247176720626 -0.1678657674568146
1.48 -0.07194247176720626 0.1678657674568146 0.07194247176720626 -0.1678657674568146
1.5 -0.07194247176720626 0.1678657674568146 0.07194247176720626 -0.1678657674568146
1.52 -0.07194247176720626 0.1678657674568146 0.07194247176720626 -0.1918465913792167
1.54 -0.07194247176720626 0.1678657674568146 0.07194247176720626 -0.1678657674568146
1.56 -0.07194247176720626 0.1918465913792167 0.07194247176720626 -0.1678657674568146
1.58 -0.07194247176720626 0.1678657674568146 0.07194247176720626 -0.1678657674568146
1.6 -0.07194247176720626 0.1678657674568146 0.07194247176720626 -0.1678657674568146
1.62 -0.07194247176720626 0.1678657674568146 0.07194247176720626 -0.14388494353441253
1.64 -0.07194247176720626 0.1678657674568146 0.07194247176720626 -0.1678657674568146
1.66 -0.07194247176720626 0.1678657674568146 0.07194247176720626 -0.1678657674568146
1.68 -0.07194247176720626 0.1678657674568146 0.07194247176720626 -0.1678657674568146
1.7 -0.07194247176720626 0.14388494353441253 0.07194247176720626 -0.14388494353441253
1.72 -0.07194247176720626 0.1678657674568146 0.07194247176720626 -0.14388494353441253
1.74 -0.07194247176720626 0.1678657674568146 0.07194247176720626 -0.14388494353441253
1.76 -0.07194247176720626 0.1678657674568146 0.07194247176720626 -0.1678657674568146
1.78 -0.07194247176720626 0.14388494353441253 0.07194247176720626 -0.1678657674568146
1.8 -0.07194247176720626 0.14388494353441253 0.07194247176720626 -0.1678657674568146
1.82 -0.07194247176720626 0.14388494353441253 0.07194247176720626 -0.1678657674568146
1.84 -0.07194247176720626 0.1678657674568146 0.07194247176720626 -0.1678657674568146
1.86 -0.07194247176720626 0.14388494353441253 0.07194247176720626 -0.1678657674568146
1.88 -0.07194247176720626 0.14388494353441253 0.07194247176720626 -0.1678657674568146
1.9 -0.07194247176720626 0.14388494353441253 0.07194247176720626 -0.1678657674568146
1.92 -0.07194247176720626 0.1678657674568146 0.07194247176720626 -0.1678657674568146
1.94 -0.07194247176720626 0.1678657674568146 0.07194247176720626 -0.1678657674568146
1.96 -0.07194247176720626 0.1678657674568146 0.07194247176720626 -0.1678657674568146
1.98 -0.07194247176720626 0.1678657674568146 0.07194247176720626 -0.1678657674568146
2.0 -0.07194247176720626 0.1678657674568146 0.07194247176720626 -0.1678657674568146
2.02 -0.07194247176720626 0.1678657674568146 0.047961647844804174 -0.14388494353441253
2.04 -0.07194247176720626 0.14388494353441253 0.07194247176720626 -0.14388494353441253
2.06 -0.07194247176720626 0.14388494353441253 0.07194247176720626 -0.1678657674568146
2.08 -0.07194247176720626 0.14388494353441253 0.07194247176720626 -0.1678657674568146
2.1 -0.07194247176720626 0.14388494353441253 0.07194247176720626 -0.14388494353441253
2.12 -0.07194247176720626 0.14388494353441253 0.07194247176720626 -0.14388494353441253
2.14 -0.07194247176720626 0.14388494353441253 0.07194247176720626 -0.14388494353441253
2.16 -0.07194247176720626 0.1678657674568146 0.047961647844804174 -0.14388494353441253
2.18 -0.047961647844804174 0.1678657674568146 0.047961647844804174 -0.14388494353441253
2.2 -0.047961647844804174 0.1678657674568146 0.07194247176720626 -0.14388494353441253
2.22 -0.047961647844804174 0.1678657674568146 0.07194247176720626 -0.14388494353441253
2.24 -0.047961647844804174 0.1678657674568146 0.07194247176720626 -0.14388494353441253
2.26 -0.047961647844804174 0.14388494353441253 0.047961647844804174 -0.14388494353441253
2.28 -0.07194247176720626 0.14388494353441253 0.047961647844804174 -0.14388494353441253
2.3 -0.07194247176720626 0.14388494353441253 0.047961647844804174 -0.14388494353441253
2.32 -0.07194247176720626 0.14388494353441253 0.047961647844804174 -0.14388494353441253
2.34 -0.07194247176720626 0.14388494353441253 0.047961647844804174 -0.11990411961201043
2.36 -0.07194247176720626 0.14388494353441253 0.047961647844804174 -0.11990411961201043
2.38 -0.07194247176720626 0.14388494353441253 0.047961647844804174 -0.11990411961201043
2.4 -0.07194247176720626 0.14388494353441253 0.047961647844804174 -0.11990411961201043
2.42 -0.07194247176720626 0.14388494353441253 0.047961647844804174 -0.11990411961201043
2.44 -0.07194247176720626 0.14388494353441253 0.047961647844804174 -0.14388494353441253
2.46 -0.047961647844804174 0.14388494353441253 0.047961647844804174 -0.11990411961201043
2.48 -0.047961647844804174 0.14388494353441253 0.047961647844804174 -0.11990411961201043
2.5 -0.047961647844804174 0.14388494353441253 0.047961647844804174 -0.11990411961201043
2.52 -0.047961647844804174 0.1678657674568146 0.07194247176720626 -0.11990411961201043
2.54 -0.047961647844804174 0.1678657674568146 0.047961647844804174 -0.11990411961201043
2.56 -0.047961647844804174 0.14388494353441253 0.047961647844804174 -0.11990411961201043
2.58 -0.047961647844804174 0.14388494353441253 0.047961647844804174 -0.11990411961201043
2.6 -0.047961647844804174 0.11990411961201043 0.047961647844804174 -0.14388494353441253
2.62 -0.047961647844804174 0.11990411961201043 0.047961647844804174 -0.14388494353441253
2.64 -0.047961647844804174 0.11990411961201043 0.047961647844804174 -0.14388494353441253
2.66 -0.047961647844804174 0.11990411961201043 0.047961647844804174 -0.11990411961201043
2.68 -0.047961647844804174 0.11990411961201043 0.047961647844804174 -0.11990411961201043
2.7 -0.047961647844804174 0.11990411961201043 0.047961647844804174 -0.11990411961201043
2.72 -0.047961647844804174 0.11990411961201043 0.047961647844804174 -0.11990411961201043
2.74 -0.047961647844804174 0.11990411961201043 0.047961647844804174 -0.11990411961201043
2.76 -0.047961647844804174 0.14388494353441253 0.047961647844804174 -0.14388494353441253
2.78 -0.047961647844804174 0.14388494353441253 0.047961647844804174 -0.14388494353441253
2.8 -0.047961647844804174 0.14388494353441253 0.047961647844804174 -0.14388494353441253
2.82 -0.047961647844804174 0.11990411961201043 0.047961647844804174 -0.11990411961201043
2.84 -0.047961647844804174 0.09592329568960835 0.07194247176720626 -0.11990411961201043
2.86 -0.07194247176720626 0.09592329568960835 0.07194247176720626 -0.09592329568960835
2.88 -0.07194247176720626 0.09592329568960835 0.07194247176720626 -0.09592329568960835
2.9 -0.047961647844804174 0.11990411961201043 0.047961647844804174 -0.09592329568960835
2.92 -0.047961647844804174 0.14388494353441253 0.047961647844804174 -0.11990411961201043
2.94 -0.047961647844804174 0.11990411961201043 0.047961647844804174 -0.11990411961201043
2.96 -0.047961647844804174 0.11990411961201043 0.047961647844804174 -0.11990411961201043
2.98 -0.047961647844804174 0.11990411961201043 0.023980823922402087 -0.11990411961201043
3.0 -0.023980823922402087 0.14388494353441253 0.023980823922402087 -0.11990411961201043
3.02 -0.023980823922402087 0.14388494353441253 0.023980823922402087 -0.11990411961201043
3.04 -0.023980823922402087 0.14388494353441253 0.023980823922402087 -0.11990411961201043
3.06 -0.023980823922402087 0.11990411961201043 0.023980823922402087 -0.09592329568960835
3.08 -0.047961647844804174 0.09592329568960835 0.023980823922402087 -0.09592329568960835
3.1 -0.047961647844804174 0.09592329568960835 0.047961647844804174 -0.11990411961201043
3.12 -0.047961647844804174 0.09592329568960835 0.047961647844804174 -0.11990411961201043
3.14 -0.047961647844804174 0.09592329568960835 0.047961647844804174 -0.11990411961201043
3.16 -0.047961647844804174 0.09592329568960835 0.047961647844804174 -0.09592329568960835
3.18 -0.047961647844804174 0.09592329568960835 0.047961647844804174 -0.09592329568960835
3.2 -0.047961647844804174 0.09592329568960835 0.047961647844804174 -0.09592329568960835
3.22 -0.047961647844804174 0.09592329568960835 0.047961647844804174 -0.09592329568960835
3.24 -0.047961647844804174 0.09592329568960835 0.047961647844804174 -0.09592329568960835
3.26 -0.047961647844804174 0.09592329568960835 0.047961647844804174 -0.09592329568960835
3.28 -0.023980823922402087 0.11990411961201043 0.047961647844804174 -0.11990411961201043
3.3 -0.023980823922402087 0.11990411961201043 0.047961647844804174 -0.11990411961201043
3.32 -0.047961647844804174 0.09592329568960835 0.047961647844804174 -0.09592329568960835
3.34 -0.047961647844804174 0.09592329568960835 0.047961647844804174 -0.09592329568960835
3.36 -0.047961647844804174 0.09592329568960835 0.047961647844804174 -0.09592329568960835
3.38 -0.047961647844804174 0.09592329568960835 0.047961647844804174 -0.07194247176720626
3.4 -0.047961647844804174 0.09592329568960835 0.047961647844804174 -0.07194247176720626
3.42 -0.023980823922402087 0.09592329568960835 0.023980823922402087 -0.07194247176720626
3.44 -0.023980823922402087 0.09592329568960835 0.023980823922402087 -0.07194247176720626
3.46 -0.023980823922402087 0.09592329568960835 0.023980823922402087 -0.09592329568960835
3.48 -0.023980823922402087 0.09592329568960835 0.023980823922402087 -0.09592329568960835
3.5 -0.023980823922402087 0.09592329568960835 0.023980823922402087 -0.09592329568960835
3.52 -0.023980823922402087 0.09592329568960835 0.023980823922402087 -0.09592329568960835
3.54 -0.023980823922402087 0.09592329568960835 0.0 -0.09592329568960835
3.56 -0.023980823922402087 0.09592329568960835 0.0 -0.09592329568960835
3.58 -0.023980823922402087 0.09592329568960835 0.0 -0.09592329568960835
3.6 -0.023980823922402087 0.07194247176720626 0.023980823922402087 -0.09592329568960835
3.62 -0.047961647844804174 0.07194247176720626 0.023980823922402087 -0.07194247176720626
3.64 -0.047961647844804174 0.07194247176720626 0.023980823922402087 -0.047961647844804174
3.66 -0.047961647844804174 0.07194247176720626 0.023980823922402087 -0.047961647844804174
3.68 -0.047961647844804174 0.09592329568960835 0.047961647844804174 -0.07194247176720626
3.7 -0.047961647844804174 0.09592329568960835 0.047961647844804174 -0.09592329568960835
3.72 -0.047961647844804174 0.07194247176720626 0.047961647844804174 -0.07194247176720626
3.74 -0.047961647844804174 0.07194247176720626 0.047961647844804174 -0.07194247176720626
3.76 -0.047961647844804174 0.07194247176720626 0.047961647844804174 -0.047961647844804174
3.78 -0.047961647844804174 0.07194247176720626 0.047961647844804174 -0.047961647844804174
3.8 -0.047961647844804174 0.07194247176720626 0.047961647844804174 -0.07194247176720626
3.82 -0.047961647844804174 0.07194247176720626 0.023980823922402087 -0.09592329568960835
3.84 -0.023980823922402087 0.07194247176720626 0.023980823922402087 -0.09592329568960835
3.86 -0.023980823922402087 0.07194247176720626 0.023980823922402087 -0.09592329568960835
3.88 -0.023980823922402087 0.07194247176720626 0.023980823922402087 -0.07194247176720626
3.9 -0.023980823922402087 0.047961647844804174 0.023980823922402087 -0.07194247176720626
3.92 -0.023980823922402087 0.07194247176720626 0.047961647844804174 -0.07194247176720626
3.94 -0.023980823922402087 0.047961647844804174 0.047961647844804174 -0.07194247176720626
3.96 -0.023980823922402087 0.047961647844804174 0.047961647844804174 -0.047961647844804174
3.98 -0.023980823922402087 0.047961647844804174 0.023980823922402087 -0.047961647844804174
4.0 -0.023980823922402087 0.047961647844804174 0.023980823922402087 -0.047961647844804174
4.02 -0.023980823922402087 0.047961647844804174 0.023980823922402087 -0.047961647844804174
4.04 0.0 0.047961647844804174 0.0 -0.047961647844804174
4.06 0.0 0.047961647844804174 0.0 -0.047961647844804174
4.08 0.0 0.07194247176720626 0.0 -0.047961647844804174
4.1 0.0 0.07194247176720626 0.0 -0.047961647844804174
4.12 0.0 0.07194247176720626 0.0 -0.07194247176720626
4.14 0.0 0.07194247176720626 0.0 -0.07194247176720626
4.16 0.0 0.047961647844804174 0.0 -0.07194247176720626
4.18 0.0 0.047961647844804174 0.0 -0.07194247176720626
4.2 -0.023980823922402087 0.047961647844804174 0.0 -0.047961647844804174
4.22 -0.023980823922402087 0.047961647844804174 0.023980823922402087 -0.023980823922402087
4.24 -0.023980823922402087 0.023980823922402087 0.023980823922402087 -0.023980823922402087
4.26 -0.047961647844804174 0.023980823922402087 0.047961647844804174 -0.023980823922402087
4.28 -0.047961647844804174 0.023980823922402087 0.047961647844804174 -0.023980823922402087
4.3 -0.023980823922402087 0.047961647844804174 0.047961647844804174 -0.023980823922402087
4.32 -0.023980823922402087 0.047961647844804174 0.023980823922402087 -0.047961647844804174
4.34 0.0 0.047961647844804174 0.023980823922402087 -0.047961647844804174
4.36 0.0 0.047961647844804174 0.0 -0.047961647844804174
4.38 0.0 0.047961647844804174 0.0 -0.047961647844804174
4.4 0.0 0.047961647844804174 0.0 -0.047961647844804174
4.42 0.0 0.07194247176720626 0.0 -0.047961647844804174
4.44 0.0 0.07194247176720626 0.0 -0.047961647844804174
4.46 0.0 0.047961647844804174 0.0 -0.023980823922402087
4.48 0.0 0.023980823922402087 0.0 -0.023980823922402087
4.5 0.0 0.023980823922402087 0.0 -0.023980823922402087
4.52 0.0 0.023980823922402087 0.0 -0.023980823922402087
4.54 0.0 0.023980823922402087 0.0 -0.023980823922402087
4.56 -0.023980823922402087 0.0 0.023980823922402087 0.0
4.58 -0.023980823922402087 0.0 0.023980823922402087 0.0
4.6 -0.023980823922402087 0.0 0.023980823922402087 0.0
4.62 0.0 0.023980823922402087 0.0 -0.023980823922402087
4.64 0.0 0.023980823922402087 0.0 -0.023980823922402087
4.66 0.0 0.023980823922402087 0.0 -0.023980823922402087
4.68 0.0 0.023980823922402087 0.0 -0.023980823922402087
4.7 0.0 0.023980823922402087 0.0 -0.023980823922402087
4.72 0.0 0.023980823922402087 0.0 -0.023980823922402087
4.74 0.0 0.023980823922402087 0.0 -0.023980823922402087
4.76 0.0 0.023980823922402087 0.0 -0.023980823922402087
4.78 0.0 0.023980823922402087 0.0 -0.023980823922402087
4.8 0.0 0.023980823922402087 0.023980823922402087 0.0
4.82 0.0 0.0 0.023980823922402087 0.0
4.84 0.0 0.0 0.023980823922402087 0.0
4.86 -0.023980823922402087 0.0 0.023980823922402087 0.0
4.88 -0.023980823922402087 0.0 0.023980823922402087 0.0
4.9 -0.023980823922402087 0.0 0.023980823922402087 0.0
4.92 -0.023980823922402087 0.0 0.0 0.0
4.94 -0.047961647844804174 0.09592329568960835 0.0 -0.023980823922402087
4.96 -0.07194247176720626 0.1678657674568146 0.0 -0.07194247176720626
4.98 -0.047961647844804174 0.1918465913792167 0.0 -0.07194247176720626
5.0 0.0 0.09592329568960835 0.0 -0.07194247176720626
5.02 0.0 0.023980823922402087 0.0 -0.023980823922402087
5.04 0.0 0.023980823922402087 0.0 -0.023980823922402087
5.06 0.0 0.023980823922402087 0.0 -0.023980823922402087
5.08 0.0 0.047961647844804174 0.0 -0.07194247176720626
5.1 0.0 0.07194247176720626 0.0 -0.07194247176720626
5.12 0.0 0.07194247176720626 0.0 -0.07194247176720626
5.14 0.0 0.047961647844804174 0.0 -0.047961647844804174
5.16 0.0 0.047961647844804174 0.0 -0.047961647844804174
5.18 0.0 0.047961647844804174 0.0 -0.047961647844804174
5.2 0.0 0.023980823922402087 0.0 -0.023980823922402087
5.22 0.0 0.023980823922402087 0.0 0.0
5.24 0.0 0.0 0.0 0.0
5.26 0.0 0.0 0.0 0.0
5.28 0.0 0.0 0.0 0.0
5.3 0.0 0.0 0.0 0.0
5.32 0.0 0.0 0.0 0.0
5.34 0.0 0.0 0.0 0.0
5.36 0.0 0.0 0.0 0.0
5.38 0.0 0.0 0.0 0.0
5.4 0.0 0.0 0.0 0.0
5.42 0.0 0.0 0.0 0.0
5.44 0.0 0.0 0.0 0.0
5.46 0.0 0.0 0.0 0.0
5.48 0.0 0.0 0.0 0.0
5.5 0.0 0.0 0.0 0.0
5.52 0.0 0.0 0.0 0.0
5.54 0.0 0.0 0.0 0.0
5.56 0.0 0.0 0.0 0.0
5.58 0.0 0.0 0.0 0.0
5.6 0.0 0.0 0.0 0.0
5.62 0.0 0.0 0.0 0.0
5.64 0.0 0.0 0.0 0.0
5.66 0.0 0.0 0.0 0.0
5.68 0.0 0.0 0.0 0.0
5.7 0.0 0.0 0.0 0.0
5.72 0.0 0.0 0.0 0.0
5.74 0.0 0.0 0.0 0.0
5.76 0.0 0.0 0.0 0.0
5.78 0.0 0.0 0.0 0.0
5.8 0.0 0.0 0.0 0.0
5.82 0.0 0.0 0.0 0.0
5.84 0.0 0.0 0.0 0.0
5.86 0.0 0.0 0.0 0.0
5.88 0.0 0.0 0.0 0.0
5.9 0.0 0.0 0.0 0.0
5.92 0.0 0.0 0.0 0.0
5.94 0.0 0.0 0.0 0.0
5.96 0.0 0.0 0.0 0.0
5.98 0.0 0.0 0.0 0.0
6.0 0.0 0.0 0.0 0.0
6.02 0.0 0.0 0.0 0.0
6.04 0.0 0.0 0.0 0.0
6.06 0.0 0.0 0.0 -0.023980823922402087
6.08 0.0 0.0 0.0 -0.023980823922402087
6.1 0.0 0.0 0.0 0.0
6.12 0.0 0.0 0.0 0.0
6.14 0.0 0.0 0.0 0.0
6.16 0.0 0.0 0.0 0.0
6.18 0.0 0.0 0.0 0.0
6.2 0.0 0.0 0.0 0.0
6.22 0.0 0.0 0.0 0.0
6.24 0.0 0.0 0.0 0.0
6.26 0.0 0.0 0.0 0.0
6.28 0.0 0.0 0.0 0.0
6.3 0.0 0.0 0.0 0.0
6.32 0.0 0.0 0.0 0.0
6.34 0.0 0.0 0.0 0.0
6.36 0.0 0.0 0.0 0.0
6.38 0.0 0.0 0.0 0.0
6.4 0.0 0.0 0.0 0.0
6.42 0.0 0.0 0.0 0.0
6.44 0.0 0.0 0.0 0.0
6.46 0.0 0.0 0.0 0.0
6.48 0.0 0.0 0.0 0.0
6.5 0.0 0.0 0.0 0.0
6.52 0.0 0.0 0.0 0.0
6.54 0.0 0.0 0.0 0.0
6.56 0.0 0.0 0.0 0.0
6.58 0.0 0.0 0.0 0.0
6.6 0.0 0.0 0.0 0.0
6.62 0.0 0.0 0.0 0.0
6.64 0.0 0.0 0.0 0.0
6.66 0.0 0.0 0.0 0.0
6.68 0.0 0.0 0.0 0.0
6.7 0.0 0.0 0.0 0.0
6.72 0.0 0.0 0.0 0.0
6.74 0.0 0.0 0.0 0.0
6.76 0.0 0.0 0.0 0.0
6.78 0.0 0.0 0.0 0.0
6.8 0.0 0.0 0.0 0.0
6.82 0.0 0.0 0.0 0.0
6.84 0.0 0.0 0.0 0.0
6.86 0.0 0.0 0.0 0.0
6.88 0.0 0.0 0.0 0.0
6.9 0.0 0.0 0.0 0.0
6.92 0.0 0.0 0.0 0.0
6.94 0.0 0.0 0.0 0.0
6.96 0.0 0.0 0.0 0.0
6.98 0.0 0.0 0.0 0.0
7.0 0.0 0.0 0.0 0.0
7.02 0.0 0.0 0.0 0.0
7.04 0.0 0.0 0.0 0.0
7.06 0.0 0.0 0.0 0.0
7.08 0.0 0.0 0.0 0.0
7.1 0.0 0.0 0.0 0.0
7.12 0.0 0.0 0.0 0.0
7.14 0.0 0.0 0.0 0.0
7.16 0.0 0.0 0.0 0.0
7.18 0.0 0.0 0.0 0.0
7.2 0.0 0.0 0.0 0.0
7.22 0.0 0.0 0.0 0.0
7.24 0.0 0.0 0.0 0.0
7.26 0.0 0.0 0.0 0.0
7.28 0.0 0.0 0.0 0.0
7.3 0.0 0.0 0.0 0.0
7.32 0.0 0.0 0.0 0.0
7.34 0.0 0.0 0.0 0.0
7.36 0.0 0.0 0.0 0.0
7.38 0.0 0.0 0.0 0.0
7.4 0.0 0.0 0.0 0.0
7.42 0.0 0.0 0.0 0.0
7.44 0.0 0.0 0.0 0.0
7.46 0.0 0.0 0.0 0.0
7.48 0.0 0.0 0.0 0.0
7.5 0.0 0.0 0.0 0.0
7.52 0.0 0.0 0.0 0.0
7.54 0.0 0.0 0.0 0.0
7.56 0.0 0.0 0.0 0.0
7.58 0.0 0.0 0.0 0.0
7.6 0.0 0.0 0.0 0.0
7.62 0.0 0.0 0.0 0.0
7.64 0.0 0.0 0.0 0.0
7.66 0.0 0.0 0.0 0.0
7.68 0.0 0.0 0.0 0.0
7.7 0.0 0.0 0.0 0.0
7.72 0.0 0.0 0.0 0.0
7.74 0.0 0.0 0.0 0.0
7.76 0.0 0.0 0.0 0.0
7.78 0.0 0.0 0.0 0.0
7.8 0.0 0.0 0.0 0.0
7.82 0.0 0.0 0.0 0.0
7.84 0.0 0.0 0.0 0.0
7.86 0.0 0.0 0.0 0.0
7.88 0.0 0.0 0.0 0.0
7.9 0.0 0.0 0.0 0.0
7.92 0.0 0.0 0.0 0.0
7.94 0.0 0.0 0.0 0.0
7.96 0.0 0.0 0.0 0.0
7.98 0.0 0.0 0.0 0.0
8.0 0.0 0.0 0.0 0.0
8.02 0.0 0.0 0.0 0.0
8.04 0.0 0.0 0.0 0.0
8.06 0.0 0.0 0.0 0.0
8.08 0.0 0.0 0.0 0.0
8.1 0.0 0.0 0.0 0.0
8.12 0.0 0.0 0.0 0.0
8.14 0.0 0.0 0.0 0.0
8.16 0.0 0.0 0.0 0.0
8.18 0.0 0.0 0.0 0.0
8.2 0.0 0.0 0.0 0.0
8.22 0.0 0.0 0.0 0.0
8.24 0.0 0.0 0.0 0.0
8.26 0.0 0.0 0.0 0.0
8.28 0.0 0.0 0.0 0.0
8.3 0.0 0.0 0.0 0.0
8.32 0.0 0.0 0.0 0.0
8.34 0.0 0.0 0.0 0.0
8.36 0.0 0.0 0.0 0.0
8.38 0.0 0.0 0.0 0.0
8.4 0.0 0.0 0.0 0.0
8.42 0.0 0.0 0.0 0.0
8.44 0.0 0.0 0.0 0.0
8.46 0.0 0.0 0.0 0.0
8.48 0.0 0.0 0.0 0.0
8.5 0.0 0.0 0.0 0.0
8.52 0.0 0.0 0.0 0.0
8.54 0.0 0.0 0.0 0.0
8.56 0.0 0.0 0.0 0.0
8.58 0.0 0.0 0.0 0.0
8.6 0.0 0.0 0.0 0.0
8.62 0.0 0.0 0.0 0.0
8.64 0.0 0.0 0.0 0.0
8.66 0.0 0.0 0.0 0.0
8.68 0.0 0.0 0.0 0.0
8.7 0.0 0.0 0.0 0.0
8.72 0.0 0.0 0.0 0.0
8.74 0.0 0.0 0.0 0.0
8.76 0.0 0.0 0.0 0.0
8.78 0.0 0.0 0.0 0.0
8.8 0.0 0.0 0.0 0.0
8.82 0.0 0.0 0.0 0.0
8.84 0.0 0.0 0.0 0.0
8.86 0.0 0.0 0.0 0.0
8.88 0.0 0.0 0.0 0.0
8.9 0.0 0.0 0.0 0.0
8.92 0.0 0.0 0.0 0.0
8.94 0.0 0.0 0.0 0.0
8.96 0.0 0.0 0.0 0.0
8.98 0.0 0.0 0.0 0.0
9.0 0.0 0.0 0.0 0.0
9.02 0.0 0.0 0.0 0.0
9.04 0.0 0.0 0.0 0.0
9.06 0.0 0.0 0.0 0.0
9.08 0.0 0.0 0.0 0.0
9.1 0.0 0.0 0.0 0.0
9.12 0.0 0.0 0.0 0.0
9.14 0.0 0.0 0.0 0.0
9.16 0.0 0.0 0.0 0.0
9.18 0.0 0.0 0.0 0.0
9.2 0.0 0.0 0.0 0.0
9.22 0.0 0.0 0.0 0.0
9.24 0.0 0.0 0.0 0.0
9.26 0.0 0.0 0.0 0.0
9.28 0.0 0.0 0.0 0.0
9.3 0.0 0.0 0.0 0.0
9.32 0.0 0.0 0.0 0.0
9.34 0.0 0.0 0.0 0.0
9.36 0.0 0.0 0.0 0.0
9.38 0.0 0.0 0.0 0.0
9.4 0.0 0.0 0.0 0.0
9.42 0.0 0.0 0.0 0.0
9.44 0.0 0.0 0.0 0.0
9.46 0.0 0.0 0.0 0.0
9.48 0.0 0.0 0.0 0.0
9.5 0.0 0.0 0.0 0.0
9.52 0.0 0.0 0.0 0.0
9.54 0.0 0.0 0.0 0.0
9.56 0.0 0.0 0.0 0.0
9.58 0.0 0.0 0.0 0.0
9.6 0.0 0.0 0.0 0.0
9.62 0.0 0.0 0.0 0.0
9.64 0.0 0.0 0.0 0.0
9.66 0.0 0.0 0.0 0.0
9.68 0.0 0.0 0.0 0.0
9.7 0.0 0.0 0.0 0.0
9.72 0.0 0.0 0.0 0.0
9.74 0.0 0.0 0.0 0.0
9.76 0.0 0.0 0.0 0.0
9.78 0.0 0.0 0.0 0.0
9.8 0.0 0.0 0.0 0.0
9.82 0.0 0.0 0.0 0.0
9.84 0.0 0.0 0.0 0.0
9.86 0.0 0.0 0.0 0.0
9.88 0.0 0.0 0.0 0.0
9.9 0.0 0.0 0.0 0.0
9.92 0.0 0.0 0.0 0.0
9.94 0.0 0.0 0.0 0.0
9.96 0.0 0.0 0.0 0.0
9.98 0.0 0.0 0.0 0.0
10.0 0.0 0.0 0.0 0.0
10.02 0.0 0.0 0.0 0.0
10.04 0.0 0.0 0.0 0.0
10.06 0.0 0.0 0.0 0.0
10.08 0.0 0.0 0.0 0.0
10.1 0.0 0.0 0.0 0.0
10.12 0.0 0.0 0.0 0.0
10.14 0.0 0.0 0.0 -0.047961647844804174
10.16 0.0 0.023980823922402087 0.023980823922402087 -0.1678657674568146
10.18 0.0 0.09592329568960835 0.09592329568960835 -0.31175071099122714
10.2 0.0 0.1918465913792167 0.1918465913792167 -0.527578126292846
10.22 0.0 0.23980823922402086 0.31175071099122714 -0.7434055415944647
10.24 0.0 0.23980823922402086 0.5035973023704439 -1.0311754286632897
10.26 -0.023980823922402087 0.23980823922402086 0.5995205980600522 -1.1750603721977022
10.28 -0.09592329568960835 0.1918465913792167 0.6714630698272585 -1.390887787499321
10.3 -0.11990411961201043 0.14388494353441253 0.6714630698272585 -1.5107919071113314
10.32 -0.11990411961201043 0.09592329568960835 0.6954438937496605 -1.7506001463353524
10.34 -0.07194247176720626 0.023980823922402087 0.6954438937496605 -1.8465234420249608
10.36 -0.023980823922402087 0.0 0.7434055415944647 -1.9904083855593733
10.38 0.0 0.0 0.7913671894392689 -1.942446737714569
10.4 0.09592329568960835 0.0 0.9352521329736814 -1.894485089869765
10.42 0.14388494353441253 0.0 1.055156252585692 -1.654676850645744
10.44 0.1678657674568146 0.0 1.1990411961201044 -1.5107919071113314
10.46 0.14388494353441253 0.0 1.342926139654517 -1.3189453157321147
10.48 0.11990411961201043 0.0 1.414868611421723 -1.1750603721977022
10.5 0.11990411961201043 0.0 1.3669069635769189 -0.9592329568960835
10.52 0.09592329568960835 0.0 1.1990411961201044 -0.815348013361671
10.54 0.07194247176720626 0.0 0.9112713090512793 -0.6954438937496605
10.56 0.0 0.0 0.6954438937496605 -0.5755397741376501
10.58 0.0 0.0 0.4796164784480417 -0.45563565452563964
10.6 -0.047961647844804174 0.0 0.3597123588360313 -0.31175071099122714
10.62 -0.023980823922402087 0.0 0.23980823922402086 -0.14388494353441253
10.64 0.0 0.0 0.1918465913792167 0.047961647844804174
10.66 0.023980823922402087 0.0 0.1678657674568146 0.263789063146423
10.68 0.07194247176720626 0.0 0.1678657674568146 0.551558950215248
10.7 0.09592329568960835 0.0 0.14388494353441253 0.7913671894392689
10.72 0.09592329568960835 0.0 0.09592329568960835 1.055156252585692
10.74 0.09592329568960835 0.0 0.0 1.1750603721977022
10.76 0.09592329568960835 0.0 -0.09592329568960835 1.342926139654517
10.78 0.07194247176720626 0.0 -0.21582741530161878 1.414868611421723
10.8 0.07194247176720626 0.0 -0.3836931827584334 1.60671520280094
10.82 0.09592329568960835 0.0 -0.5035973023704439 1.654676850645744
10.84 0.11990411961201043 0.0 -0.6235014219824543 1.8465234420249608
10.86 0.14388494353441253 0.0 -0.6954438937496605 1.8465234420249608
10.88 0.1678657674568146 0.0 -0.7673863655168668 1.966427561636971
10.9 0.1918465913792167 0.0 -0.815348013361671 1.894485089869765
10.92 0.21582741530161878 -0.047961647844804174 -0.7913671894392689 1.678657674568146
10.94 0.23980823922402086 -0.11990411961201043 -0.7673863655168668 1.2470028439649086
10.96 0.28776988706882506 -0.21582741530161878 -0.7913671894392689 0.8872904851288772
10.98 0.28776988706882506 -0.28776988706882506 -0.9352521329736814 0.6714630698272585
11.0 0.263789063146423 -0.31175071099122714 -1.0311754286632897 0.6714630698272585
11.02 0.23980823922402086 -0.3836931827584334 -1.0071946047408877 0.6714630698272585
11.04 0.28776988706882506 -0.4076740066808355 -0.9112713090512793 0.6235014219824543
11.06 0.31175071099122714 -0.3836931827584334 -0.7913671894392689 0.4796164784480417
11.08 0.4076740066808355 -0.28776988706882506 -0.6714630698272585 0.3357315349136292
11.1 0.45563565452563964 -0.1918465913792167 -0.5755397741376501 0.1918465913792167
11.12 0.4796164784480417 -0.11990411961201043 -0.527578126292846 0.09592329568960835
11.14 0.45563565452563964 -0.047961647844804174 -0.45563565452563964 0.023980823922402087
11.16 0.3836931827584334 0.023980823922402087 -0.4076740066808355 0.0
11.18 0.28776988706882506 0.09592329568960835 -0.31175071099122714 0.0
11.2 0.11990411961201043 0.4076740066808355 -0.23980823922402086 0.0
11.22 0.0 0.7434055415944647 -0.21582741530161878 0.0
11.24 -0.1678657674568146 1.2470028439649086 -0.21582741530161878 0.0
11.26 -0.31175071099122714 1.5827343788785377 -0.21582741530161878 0.0
11.28 -0.527578126292846 1.918465913792167 -0.1678657674568146 0.0
11.3 -0.6954438937496605 2.0143892094817755 -0.11990411961201043 0.0
11.32 -0.8633096612064751 2.1342933290937856 -0.07194247176720626 0.0
11.34 -0.9592329568960835 2.0623508573265794 -0.07194247176720626 0.0
11.36 -1.0791370765080939 2.0863316812489816 -0.07194247176720626 0.0
11.38 -1.1510795482753002 1.966427561636971 -0.07194247176720626 0.0
11.4 -1.2230220200425064 1.918465913792167 -0.07194247176720626 0.0
11.42 -1.2470028439649086 1.7985617941801566 -0.07194247176720626 0.0
11.44 -1.2709836678873105 1.7026384984905483 -0.07194247176720626 0.0
11.46 -1.2470028439649086 1.5347727310337336 -0.07194247176720626 0.0
11.48 -1.2230220200425064 1.390887787499321 -0.047961647844804174 0.0
11.5 -1.1750603721977022 1.1750603721977022 -0.047961647844804174 0.0
11.52 -1.1510795482753002 1.0071946047408877 -0.047961647844804174 0.0
11.54 -1.0791370765080939 0.7673863655168668 -0.047961647844804174 0.0
11.56 -1.0311754286632897 0.551558950215248 -0.047961647844804174 0.0
11.58 -0.9592329568960835 0.3357315349136292 -0.047961647844804174 0.0
11.6 -0.8872904851288772 0.11990411961201043 -0.07194247176720626 0.0
11.62 -0.7913671894392689 -0.047961647844804174 -0.07194247176720626 0.0
11.64 -0.6954438937496605 -0.28776988706882506 -0.07194247176720626 0.0
11.66 -0.5755397741376501 -0.4796164784480417 -0.07194247176720626 0.0
11.68 -0.45563565452563964 -0.7434055415944647 -0.09592329568960835 0.0
11.7 -0.3357315349136292 -0.9352521329736814 -0.09592329568960835 0.0
11.72 -0.21582741530161878 -1.1990411961201044 -0.09592329568960835 0.0
11.74 -0.11990411961201043 -1.342926139654517 -0.09592329568960835 0.0
11.76 0.0 -1.5827343788785377 -0.11990411961201043 0.0
11.78 0.07194247176720626 -1.654676850645744 -0.11990411961201043 0.0
11.8 0.1678657674568146 -1.8225426181025586 -0.11990411961201043 0.0
11.82 0.28776988706882506 -1.894485089869765 -0.14388494353441253 0.0
11.84 0.4076740066808355 -2.038370033404177 -0.1678657674568146 0.0
11.86 0.5035973023704439 -2.0623508573265794 -0.21582741530161878 0.0
11.88 0.5995205980600522 -2.110312505171384 -0.23980823922402086 0.0
11.9 0.6714630698272585 -1.9904083855593733 -0.28776988706882506 0.0
11.92 0.7434055415944647 -1.942446737714569 -0.31175071099122714 0.0
11.94 0.7673863655168668 -1.7745809702577544 -0.31175071099122714 0.0
11.96 0.7913671894392689 -1.5827343788785377 -0.3357315349136292 0.023980823922402087
11.98 0.7434055415944647 -1.127098724352898 -0.3836931827584334 0.11990411961201043
12.0 0.6474822459048564 -0.6954438937496605 -0.45563565452563964 0.28776988706882506
12.02 0.5755397741376501 -0.28776988706882506 -0.5035973023704439 0.3836931827584334
12.04 0.551558950215248 -0.11990411961201043 -0.551558950215248 0.4076740066808355
12.06 0.551558950215248 -0.023980823922402087 -0.5755397741376501 0.3597123588360313
12.08 0.551558950215248 0.0 -0.6235014219824543 0.31175071099122714
12.1 0.527578126292846 0.0 -0.5995205980600522 0.21582741530161878
12.12 0.4796164784480417 0.023980823922402087 -0.527578126292846 0.11990411961201043
12.14 0.45563565452563964 0.047961647844804174 -0.4076740066808355 0.0
12.16 0.4076740066808355 0.09592329568960835 -0.23980823922402086 -0.21582741530161878
12.18 0.3597123588360313 0.1918465913792167 -0.09592329568960835 -0.4796164784480417
12.2 0.3357315349136292 0.23980823922402086 0.07194247176720626 -0.8872904851288772
12.22 0.31175071099122714 0.263789063146423 0.263789063146423 -1.2230220200425064
12.24 0.28776988706882506 0.21582741530161878 0.4796164784480417 -1.5587535549561358
12.26 0.23980823922402086 0.1678657674568146 0.6235014219824543 -1.654676850645744
12.28 0.1918465913792167 0.11990411961201043 0.7673863655168668 -1.8465234420249608
12.3 0.11990411961201043 0.07194247176720626 0.815348013361671 -1.918465913792167
12.32 0.07194247176720626 0.047961647844804174 0.9112713090512793 -2.1342933290937856
12.34 0.047961647844804174 0.0 0.9592329568960835 -2.1342933290937856
12.36 0.047961647844804174 0.0 1.055156252585692 -2.110312505171384
12.38 0.047961647844804174 0.0 1.103117900430496 -1.894485089869765
12.4 0.07194247176720626 0.0 1.1750603721977022 -1.7985617941801566
12.42 0.09592329568960835 0.0 1.1990411961201044 -1.630696026723342
12.44 0.11990411961201043 0.0 1.2470028439649086 -1.5107919071113314
12.46 0.11990411961201043 0.0 1.2470028439649086 -1.2949644918097127
12.48 0.11990411961201043 0.0 1.2230220200425064 -1.1510795482753002
12.5 0.09592329568960835 0.0 1.1510795482753002 -0.9592329568960835
12.52 0.07194247176720626 0.0 1.103117900430496 -0.7913671894392689
12.54 0.047961647844804174 0.0 1.0071946047408877 -0.5755397741376501
12.56 0.047961647844804174 0.0 0.9592329568960835 -0.3357315349136292
12.58 0.023980823922402087 0.0 0.8633096612064751 -0.14388494353441253
12.6 0.047961647844804174 0.0 0.7673863655168668 0.047961647844804174
12.62 0.07194247176720626 0.0 0.6714630698272585 0.23980823922402086
12.64 0.07194247176720626 0.0 0.5755397741376501 0.4796164784480417
12.66 0.07194247176720626 0.0 0.45563565452563964 0.6714630698272585
12.68 0.07194247176720626 0.0 0.31175071099122714 0.9112713090512793
12.7 0.07194247176720626 0.0 0.1918465913792167 1.0791370765080939
12.72 0.09592329568960835 0.0 0.09592329568960835 1.342926139654517
12.74 0.11990411961201043 0.0 0.023980823922402087 1.4388494353441252
12.76 0.11990411961201043 0.0 -0.047961647844804174 1.654676850645744
12.78 0.14388494353441253 0.0 -0.11990411961201043 1.7266193224129502
12.8 0.1678657674568146 0.0 -0.263789063146423 1.942446737714569
12.82 0.21582741530161878 0.0 -0.3836931827584334 1.942446737714569
12.84 0.23980823922402086 0.0 -0.5035973023704439 2.0623508573265794
12.86 0.263789063146423 0.0 -0.5995205980600522 1.9904083855593733
12.88 0.23980823922402086 0.0 -0.6714630698272585 2.038370033404177
12.9 0.21582741530161878 0.0 -0.7194247176720626 1.894485089869765
12.92 0.23980823922402086 0.0 -0.7673863655168668 1.8465234420249608
12.94 0.28776988706882506 0.0 -0.7673863655168668 1.5827343788785377
12.96 0.3597123588360313 -0.07194247176720626 -0.7673863655168668 1.2230220200425064
12.98 0.43165483060323756 -0.263789063146423 -0.7194247176720626 0.7194247176720626
13.0 0.5035973023704439 -0.4796164784480417 -0.6235014219824543 0.28776988706882506
13.02 0.5755397741376501 -0.5995205980600522 -0.551558950215248 0.09592329568960835
13.04 0.6474822459048564 -0.5755397741376501 -0.5035973023704439 0.023980823922402087
13.06 0.6714630698272585 -0.4796164784480417 -0.5035973023704439 0.0
13.08 0.6714630698272585 -0.3357315349136292 -0.5035973023704439 -0.023980823922402087
13.1 0.5755397741376501 -0.1678657674568146 -0.45563565452563964 -0.047961647844804174
13.12 0.45563565452563964 0.0 -0.4076740066808355 -0.07194247176720626
13.14 0.31175071099122714 0.1918465913792167 -0.3836931827584334 -0.11990411961201043
13.16 0.11990411961201043 0.551558950215248 -0.3357315349136292 -0.14388494353441253
13.18 -0.07194247176720626 0.9112713090512793 -0.28776988706882506 -0.1678657674568146
13.2 -0.28776988706882506 1.3669069635769189 -0.263789063146423 -0.14388494353441253
13.22 -0.4796164784480417 1.60671520280094 -0.23980823922402086 -0.09592329568960835
13.24 -0.6714630698272585 1.8705042659473627 -0.21582741530161878 -0.047961647844804174
13.26 -0.7913671894392689 1.918465913792167 -0.1678657674568146 0.0
13.28 -0.9352521329736814 2.0863316812489816 -0.11990411961201043 0.0
13.3 -0.9832137808184855 2.038370033404177 -0.07194247176720626 0.0
13.32 -1.055156252585692 2.110312505171384 -0.047961647844804174 -0.023980823922402087
13.34 -1.103117900430496 2.0143892094817755 -0.023980823922402087 -0.023980823922402087
13.36 -1.1510795482753002 1.9904083855593733 0.0 -0.023980823922402087
13.38 -1.1750603721977022 1.8465234420249608 0.0 0.0
13.4 -1.1990411961201044 1.7506001463353524 -0.023980823922402087 0.0
13.42 -1.1990411961201044 1.5587535549561358 -0.023980823922402087 0.0
13.44 -1.1990411961201044 1.390887787499321 -0.023980823922402087 0.0
13.46 -1.1750603721977022 1.1750603721977022 -0.023980823922402087 0.0
13.48 -1.1510795482753002 0.9832137808184855 -0.023980823922402087 0.0
13.5 -1.0791370765080939 0.7434055415944647 -0.047961647844804174 0.0
13.52 -1.0311754286632897 0.551558950215248 -0.047961647844804174 0.0
13.54 -0.9592329568960835 0.31175071099122714 -0.047961647844804174 0.0
13.56 -0.8872904851288772 0.11990411961201043 -0.047961647844804174 0.0
13.58 -0.7913671894392689 -0.047961647844804174 -0.047961647844804174 0.0
13.6 -0.6954438937496605 -0.28776988706882506 -0.07194247176720626 0.0
13.62 -0.5755397741376501 -0.5035973023704439 -0.07194247176720626 0.0
13.64 -0.45563565452563964 -0.7673863655168668 -0.07194247176720626 0.0
13.66 -0.3357315349136292 -0.9352521329736814 -0.07194247176720626 0.0
13.68 -0.21582741530161878 -1.1990411961201044 -0.07194247176720626 0.0
13.7 -0.11990411961201043 -1.342926139654517 -0.07194247176720626 0.0
13.72 -0.023980823922402087 -1.5827343788785377 -0.09592329568960835 0.0
13.74 0.047961647844804174 -1.654676850645744 -0.09592329568960835 0.0
13.76 0.1678657674568146 -1.8465234420249608 -0.11990411961201043 0.0
13.78 0.263789063146423 -1.894485089869765 -0.11990411961201043 0.0
13.8 0.4076740066808355 -2.0623508573265794 -0.14388494353441253 0.0
13.82 0.5035973023704439 -2.038370033404177 -0.1678657674568146 0.0
13.84 0.5995205980600522 -2.1342933290937856 -0.1918465913792167 0.0
13.86 0.6714630698272585 -2.0143892094817755 -0.21582741530161878 0.0
13.88 0.7434055415944647 -1.9904083855593733 -0.23980823922402086 0.0
13.9 0.7673863655168668 -1.7985617941801566 -0.263789063146423 0.0
13.92 0.7913671894392689 -1.654676850645744 -0.31175071099122714 0.0
13.94 0.7913671894392689 -1.3669069635769189 -0.3357315349136292 0.023980823922402087
13.96 0.7434055415944647 -0.9592329568960835 -0.43165483060323756 0.07194247176720626
13.98 0.6714630698272585 -0.551558950215248 -0.5035973023704439 0.1678657674568146
14.0 0.6235014219824543 -0.1918465913792167 -0.5995205980600522 0.263789063146423
14.02 0.551558950215248 -0.023980823922402087 -0.6474822459048564 0.31175071099122714
14.04 0.5035973023704439 0.047961647844804174 -0.6714630698272585 0.31175071099122714
14.06 0.45563565452563964 0.09592329568960835 -0.6235014219824543 0.21582741530161878
14.08 0.43165483060323756 0.1678657674568146 -0.551558950215248 0.14388494353441253
14.1 0.3836931827584334 0.21582741530161878 -0.45563565452563964 0.0
14.12 0.3597123588360313 0.28776988706882506 -0.28776988706882506 -0.1678657674568146
14.14 0.3357315349136292 0.3357315349136292 -0.1678657674568146 -0.4076740066808355
14.16 0.31175071099122714 0.3836931827584334 -0.023980823922402087 -0.7913671894392689
14.18 0.28776988706882506 0.3836931827584334 0.11990411961201043 -1.127098724352898
14.2 0.263789063146423 0.31175071099122714 0.3357315349136292 -1.5107919071113314
14.22 0.21582741530161878 0.1918465913792167 0.527578126292846 -1.678657674568146
14.24 0.1678657674568146 0.09592329568960835 0.6954438937496605 -1.7985617941801566
14.26 0.11990411961201043 0.047961647844804174 0.7434055415944647 -1.8465234420249608
14.28 0.07194247176720626 0.023980823922402087 0.7913671894392689 -2.0863316812489816
14.3 0.047961647844804174 0.0 0.8633096612064751 -2.1582741530161877
14.32 0.07194247176720626 0.0 1.0071946047408877 -2.18225497693859
14.34 0.11990411961201043 0.0 1.127098724352898 -1.942446737714569
14.36 0.1918465913792167 0.0 1.2709836678873105 -1.7745809702577544
14.38 0.21582741530161878 0.0 1.3189453157321147 -1.5827343788785377
14.4 0.263789063146423 0.0 1.3669069635769189 -1.4628302592665272
14.42 0.263789063146423 0.0 1.342926139654517 -1.2949644918097127
14.44 0.1918465913792167 0.0 1.2949644918097127 -1.127098724352898
14.46 0.09592329568960835 0.0 1.1990411961201044 -0.9352521329736814
14.48 0.0 0.0 1.127098724352898 -0.7673863655168668
14.5 0.0 0.0 1.0071946047408877 -0.5755397741376501
14.52 0.0 0.0 0.9112713090512793 -0.3597123588360313
14.54 0.0 0.0 0.7913671894392689 -0.1678657674568146
14.56 0.0 0.0 0.6954438937496605 0.023980823922402087
14.58 0.0 0.0 0.5995205980600522 0.21582741530161878
14.6 0.023980823922402087 0.0 0.527578126292846 0.4796164784480417
14.62 0.07194247176720626 0.0 0.43165483060323756 0.6714630698272585
14.64 0.09592329568960835 0.0 0.3357315349136292 0.9352521329736814
14.66 0.11990411961201043 0.0 0.21582741530161878 1.0791370765080939
14.68 0.11990411961201043 0.0 0.11990411961201043 1.342926139654517
14.7 0.11990411961201043 0.0 0.047961647844804174 1.4388494353441252
14.72 0.09592329568960835 0.0 -0.047961647844804174 1.654676850645744
14.74 0.11990411961201043 0.0 -0.14388494353441253 1.7266193224129502
14.76 0.11990411961201043 0.0 -0.28776988706882506 1.942446737714569
14.78 0.1678657674568146 0.0 -0.3836931827584334 1.942446737714569
14.8 0.1678657674568146 0.0 -0.527578126292846 2.0623508573265794
14.82 0.1678657674568146 0.0 -0.5995205980600522 1.9904083855593733
14.84 0.1678657674568146 0.0 -0.6714630698272585 2.038370033404177
14.86 0.1918465913792167 0.0 -0.7194247176720626 1.894485089869765
14.88 0.23980823922402086 0.0 -0.7673863655168668 1.8465234420249608
14.9 0.28776988706882506 0.0 -0.7673863655168668 1.630696026723342
14.92 0.3357315349136292 -0.047961647844804174 -0.7434055415944647 1.2709836678873105
14.94 0.4076740066808355 -0.1918465913792167 -0.7194247176720626 0.7913671894392689
14.96 0.5035973023704439 -0.3836931827584334 -0.6474822459048564 0.3597123588360313
14.98 0.5755397741376501 -0.527578126292846 -0.551558950215248 0.11990411961201043
15.0 0.6474822459048564 -0.551558950215248 -0.5035973023704439 0.047961647844804174
15.02 0.6474822459048564 -0.45563565452563964 -0.4796164784480417 0.0
15.04 0.6474822459048564 -0.3357315349136292 -0.4796164784480417 -0.023980823922402087
15.06 0.5755397741376501 -0.1918465913792167 -0.45563565452563964 -0.07194247176720626
15.08 0.45563565452563964 0.0 -0.43165483060323756 -0.11990411961201043
15.1 0.31175071099122714 0.1678657674568146 -0.3836931827584334 -0.14388494353441253
15.12 0.11990411961201043 0.4796164784480417 -0.31175071099122714 -0.1918465913792167
15.14 -0.023980823922402087 0.815348013361671 -0.23980823922402086 -0.1918465913792167
15.16 -0.263789063146423 1.2709836678873105 -0.21582741530161878 -0.1678657674568146
15.18 -0.5035973023704439 1.630696026723342 -0.1918465913792167 -0.11990411961201043
15.2 -0.6714630698272585 1.894485089869765 -0.1918465913792167 -0.07194247176720626
15.22 -0.815348013361671 1.942446737714569 -0.1678657674568146 -0.023980823922402087
15.24 -0.9352521329736814 2.110312505171384 -0.14388494353441253 -0.023980823922402087
15.26 -1.0071946047408877 2.038370033404177 -0.09592329568960835 -0.023980823922402087
15.28 -1.0791370765080939 2.0863316812489816 -0.047961647844804174 -0.023980823922402087
15.3 -1.127098724352898 1.9904083855593733 -0.023980823922402087 0.0
15.32 -1.1750603721977022 1.942446737714569 -0.023980823922402087 0.0
15.34 -1.1750603721977022 1.8465234420249608 0.0 0.0
15.36 -1.1990411961201044 1.7266193224129502 0.0 0.0
15.38 -1.1990411961201044 1.5827343788785377 0.0 0.0
15.4 -1.1750603721977022 1.390887787499321 -0.023980823922402087 0.0
15.42 -1.1510795482753002 1.1990411961201044 -0.023980823922402087 0.0
15.44 -1.1510795482753002 1.0071946047408877 -0.023980823922402087 0.0
15.46 -1.103117900430496 0.7673863655168668 -0.023980823922402087 0.0
15.48 -1.055156252585692 0.527578126292846 -0.047961647844804174 0.0
15.5 -0.9592329568960835 0.31175071099122714 -0.047961647844804174 0.0
15.52 -0.8872904851288772 0.11990411961201043 -0.047961647844804174 0.0
15.54 -0.7913671894392689 -0.047961647844804174 -0.07194247176720626 0.0
15.56 -0.6954438937496605 -0.28776988706882506 -0.07194247176720626 0.0
15.58 -0.5755397741376501 -0.4796164784480417 -0.07194247176720626 0.0
15.6 -0.45563565452563964 -0.7673863655168668 -0.07194247176720626 0.0
15.62 -0.3357315349136292 -0.9352521329736814 -0.07194247176720626 0.0
15.64 -0.21582741530161878 -1.2230220200425064 -0.07194247176720626 0.0
15.66 -0.11990411961201043 -1.3189453157321147 -0.09592329568960835 0.0
15.68 0.0 -1.5587535549561358 -0.09592329568960835 0.0
15.7 0.047961647844804174 -1.630696026723342 -0.09592329568960835 0.0
15.72 0.1678657674568146 -1.8465234420249608 -0.11990411961201043 0.0
15.74 0.263789063146423 -1.894485089869765 -0.11990411961201043 0.0
15.76 0.4076740066808355 -2.0623508573265794 -0.14388494353441253 0.0
15.78 0.5035973023704439 -2.038370033404177 -0.1678657674568146 0.0
15.8 0.5995205980600522 -2.1342933290937856 -0.1918465913792167 0.0
15.82 0.6714630698272585 -2.0143892094817755 -0.1918465913792167 0.0
15.84 0.7434055415944647 -1.966427561636971 -0.23980823922402086 0.0
15.86 0.7673863655168668 -1.7745809702577544 -0.263789063146423 0.0
15.88 0.7913671894392689 -1.654676850645744 -0.28776988706882506 0.0
15.9 0.7913671894392689 -1.4388494353441252 -0.3357315349136292 0.0
15.92 0.7673863655168668 -1.055156252585692 -0.4076740066808355 0.023980823922402087
15.94 0.6954438937496605 -0.6474822459048564 -0.4796164784480417 0.09592329568960835
15.96 0.6235014219824543 -0.23980823922402086 -0.5755397741376501 0.21582741530161878
15.98 0.5755397741376501 -0.047961647844804174 -0.6235014219824543 0.28776988706882506
16.0 0.527578126292846 0.023980823922402087 -0.6714630698272585 0.31175071099122714
16.02 0.4796164784480417 0.09592329568960835 -0.6235014219824543 0.23980823922402086
16.04 0.4076740066808355 0.1918465913792167 -0.5755397741376501 0.14388494353441253
16.06 0.3597123588360313 0.23980823922402086 -0.45563565452563964 0.023980823922402087
16.08 0.31175071099122714 0.3357315349136292 -0.31175071099122714 -0.14388494353441253
16.1 0.31175071099122714 0.3836931827584334 -0.1678657674568146 -0.3597123588360313
16.12 0.31175071099122714 0.43165483060323756 -0.023980823922402087 -0.7194247176720626
16.14 0.263789063146423 0.43165483060323756 0.047961647844804174 -1.0311754286632897
16.16 0.263789063146423 0.3597123588360313 0.23980823922402086 -1.4628302592665272
16.18 0.21582741530161878 0.23980823922402086 0.4076740066808355 -1.678657674568146
16.2 0.1678657674568146 0.11990411961201043 0.5995205980600522 -1.8465234420249608
16.22 0.09592329568960835 0.047961647844804174 0.6714630698272585 -1.8705042659473627
16.24 0.047961647844804174 0.023980823922402087 0.7434055415944647 -2.0863316812489816
16.26 0.023980823922402087 0.0 0.7913671894392689 -2.1342933290937856
16.28 0.047961647844804174 0.0 0.9352521329736814 -2.206235800860992
16.3 0.11990411961201043 0.0 1.0791370765080939 -1.9904083855593733
16.32 0.23980823922402086 0.0 1.2470028439649086 -1.7985617941801566
16.34 0.31175071099122714 0.0 1.342926139654517 -1.5827343788785377
16.36 0.3357315349136292 0.0 1.414868611421723 -1.4388494353441252
16.38 0.263789063146423 0.0 1.3669069635769189 -1.2709836678873105
16.4 0.1678657674568146 0.0 1.3669069635769189 -1.127098724352898
16.42 0.09592329568960835 0.0 1.2470028439649086 -0.9352521329736814
16.44 0.023980823922402087 0.0 1.1750603721977022 -0.7673863655168668
16.46 0.0 0.0 1.0311754286632897 -0.551558950215248
16.48 -0.023980823922402087 0.0 0.9352521329736814 -0.3597123588360313
16.5 -0.023980823922402087 0.0 0.7913671894392689 -0.1678657674568146
16.52 0.0 0.0 0.6714630698272585 0.0
16.54 0.023980823922402087 0.0 0.5755397741376501 0.1918465913792167
16.56 0.047961647844804174 0.0 0.4796164784480417 0.45563565452563964
16.58 0.09592329568960835 0.0 0.4076740066808355 0.6474822459048564
16.6 0.11990411961201043 0.0 0.31175071099122714 0.9112713090512793
16.62 0.1678657674568146 0.0 0.21582741530161878 1.103117900430496
16.64 0.1678657674568146 0.0 0.11990411961201043 1.3669069635769189
16.66 0.14388494353441253 0.0 0.047961647844804174 1.4628302592665272
16.68 0.09592329568960835 0.0 -0.023980823922402087 1.678657674568146
16.7 0.07194247176720626 0.0 -0.11990411961201043 1.7266193224129502
16.72 0.07194247176720626 0.0 -0.23980823922402086 1.918465913792167
16.74 0.11990411961201043 0.0 -0.3597123588360313 1.918465913792167
16.76 0.14388494353441253 0.0 -0.5035973023704439 2.0863316812489816
16.78 0.1678657674568146 0.0 -0.5755397741376501 2.0143892094817755
16.8 0.1918465913792167 0.0 -0.6714630698272585 2.038370033404177
16.82 0.21582741530161878 0.0 -0.7194247176720626 1.918465913792167
16.84 0.263789063146423 0.0 -0.7673863655168668 1.7745809702577544
16.86 0.31175071099122714 -0.047961647844804174 -0.7434055415944647 1.4388494353441252
16.88 0.3836931827584334 -0.1918465913792167 -0.6954438937496605 0.9832137808184855
16.9 0.43165483060323756 -0.3597123588360313 -0.6235014219824543 0.5035973023704439
16.92 0.527578126292846 -0.5035973023704439 -0.5995205980600522 0.21582741530161878
16.94 0.5755397741376501 -0.5035973023704439 -0.551558950215248 0.09592329568960835
16.96 0.6474822459048564 -0.45563565452563964 -0.551558950215248 0.047961647844804174
16.98 0.6474822459048564 -0.3357315349136292 -0.527578126292846 0.023980823922402087
17.0 0.6235014219824543 -0.21582741530161878 -0.5035973023704439 0.0
17.02 0.551558950215248 -0.07194247176720626 -0.4796164784480417 0.0
17.04 0.43165483060323756 0.047961647844804174 -0.45563565452563964 0.0
17.06 0.263789063146423 0.21582741530161878 -0.3836931827584334 0.0
17.08 0.09592329568960835 0.4796164784480417 -0.31175071099122714 -0.023980823922402087
17.1 -0.047961647844804174 0.7673863655168668 -0.23980823922402086 -0.047961647844804174
17.12 -0.28776988706882506 1.2230220200425064 -0.1918465913792167 -0.09592329568960835
17.14 -0.45563565452563964 1.5347727310337336 -0.1678657674568146 -0.09592329568960835
17.16 -0.6474822459048564 1.8705042659473627 -0.1678657674568146 -0.07194247176720626
17.18 -0.7913671894392689 1.942446737714569 -0.14388494353441253 -0.047961647844804174
17.2 -0.9352521329736814 2.0863316812489816 -0.11990411961201043 0.0
17.22 -1.0071946047408877 2.038370033404177 -0.07194247176720626 0.0
17.24 -1.103117900430496 2.110312505171384 -0.023980823922402087 0.0
17.26 -1.127098724352898 1.9904083855593733 0.0 0.0
17.28 -1.1750603721977022 1.942446737714569 0.0 0.0
17.3 -1.1750603721977022 1.8465234420249608 0.0 0.0
17.32 -1.1990411961201044 1.7266193224129502 0.0 0.0
17.34 -1.1990411961201044 1.5587535549561358 0.0 0.0
17.36 -1.1990411961201044 1.3669069635769189 0.0 0.0
17.38 -1.1510795482753002 1.1990411961201044 0.0 0.0
17.4 -1.1510795482753002 0.9832137808184855 0.0 0.0
17.42 -1.0791370765080939 0.7673863655168668 -0.023980823922402087 0.0
17.44 -1.0311754286632897 0.551558950215248 -0.023980823922402087 0.0
17.46 -0.9592329568960835 0.3357315349136292 -0.023980823922402087 0.0
17.48 -0.8872904851288772 0.11990411961201043 -0.023980823922402087 0.0
17.5 -0.7913671894392689 -0.047961647844804174 -0.047961647844804174 0.0
17.52 -0.6954438937496605 -0.28776988706882506 -0.047961647844804174 0.0
17.54 -0.5755397741376501 -0.4796164784480417 -0.07194247176720626 0.0
17.56 -0.45563565452563964 -0.7673863655168668 -0.07194247176720626 0.0
17.58 -0.3357315349136292 -0.9352521329736814 -0.047961647844804174 0.0
17.6 -0.23980823922402086 -1.1990411961201044 -0.047961647844804174 0.0
17.62 -0.11990411961201043 -1.342926139654517 -0.07194247176720626 0.0
17.64 -0.023980823922402087 -1.5827343788785377 -0.09592329568960835 0.0
17.66 0.047961647844804174 -1.654676850645744 -0.09592329568960835 0.0
17.68 0.1678657674568146 -1.8465234420249608 -0.09592329568960835 0.0
17.7 0.263789063146423 -1.894485089869765 -0.11990411961201043 0.0
17.72 0.3836931827584334 -2.038370033404177 -0.14388494353441253 0.0
17.74 0.5035973023704439 -2.038370033404177 -0.1678657674568146 0.0
17.76 0.5995205980600522 -2.110312505171384 -0.1918465913792167 0.0
17.78 0.6714630698272585 -1.9904083855593733 -0.21582741530161878 0.0
17.8 0.7434055415944647 -1.966427561636971 -0.23980823922402086 0.0
17.82 0.7673863655168668 -1.7985617941801566 -0.263789063146423 0.0
17.84 0.7913671894392689 -1.7026384984905483 -0.28776988706882506 0.0
17.86 0.7913671894392689 -1.5107919071113314 -0.31175071099122714 0.0
17.88 0.7913671894392689 -1.1510795482753002 -0.3597123588360313 0.023980823922402087
17.9 0.7194247176720626 -0.7194247176720626 -0.43165483060323756 0.047961647844804174
17.92 0.6714630698272585 -0.31175071099122714 -0.527578126292846 0.14388494353441253
17.94 0.5995205980600522 -0.07194247176720626 -0.5755397741376501 0.21582741530161878
17.96 0.551558950215248 0.023980823922402087 -0.6235014219824543 0.263789063146423
17.98 0.4796164784480417 0.09592329568960835 -0.6235014219824543 0.21582741530161878
18.0 0.45563565452563964 0.1678657674568146 -0.5755397741376501 0.14388494353441253
18.02 0.3836931827584334 0.23980823922402086 -0.4796164784480417 0.023980823922402087
18.04 0.31175071099122714 0.31175071099122714 -0.31175071099122714 -0.14388494353441253
18.06 0.263789063146423 0.4076740066808355 -0.1918465913792167 -0.31175071099122714
18.08 0.23980823922402086 0.4796164784480417 -0.047961647844804174 -0.6714630698272585
18.1 0.23980823922402086 0.4796164784480417 0.0 -0.9592329568960835
18.12 0.23980823922402086 0.43165483060323756 0.14388494353441253 -1.390887787499321
18.14 0.1918465913792167 0.31175071099122714 0.263789063146423 -1.654676850645744
18.16 0.14388494353441253 0.1678657674568146 0.45563565452563964 -1.8705042659473627
18.18 0.09592329568960835 0.07194247176720626 0.5755397741376501 -1.942446737714569
18.2 0.047961647844804174 0.0 0.6954438937496605 -2.1342933290937856
18.22 0.023980823922402087 0.0 0.7673863655168668 -2.1342933290937856
18.24 0.09592329568960835 0.0 0.9592329568960835 -2.1582741530161877
18.26 0.1918465913792167 0.0 1.103117900430496 -1.918465913792167
18.28 0.3357315349136292 0.0 1.2709836678873105 -1.7745809702577544
18.3 0.3597123588360313 0.0 1.3189453157321147 -1.5827343788785377
18.32 0.31175071099122714 0.0 1.3669069635769189 -1.4628302592665272
18.34 0.1918465913792167 0.0 1.342926139654517 -1.2949644918097127
18.36 0.11990411961201043 0.0 1.342926139654517 -1.127098724352898
18.38 0.09592329568960835 0.0 1.2709836678873105 -0.9352521329736814
18.4 0.07194247176720626 0.0 1.1990411961201044 -0.7434055415944647
18.42 0.047961647844804174 0.0 1.0311754286632897 -0.551558950215248
18.44 0.023980823922402087 0.0 0.9112713090512793 -0.3357315349136292
18.46 0.023980823922402087 0.0 0.7913671894392689 -0.1678657674568146
18.48 0.023980823922402087 0.0 0.6714630698272585 0.023980823922402087
18.5 0.047961647844804174 0.0 0.5755397741376501 0.1918465913792167
18.52 0.047961647844804174 0.0 0.4796164784480417 0.43165483060323756
18.54 0.07194247176720626 0.0 0.3836931827584334 0.6235014219824543
18.56 0.09592329568960835 0.0 0.31175071099122714 0.9112713090512793
18.58 0.11990411961201043 0.0 0.21582741530161878 1.0791370765080939
18.6 0.11990411961201043 0.0 0.11990411961201043 1.3669069635769189
18.62 0.14388494353441253 0.0 0.047961647844804174 1.4868110831889294
18.64 0.14388494353441253 0.0 -0.023980823922402087 1.7026384984905483
18.66 0.14388494353441253 0.0 -0.09592329568960835 1.7506001463353524
18.68 0.11990411961201043 0.0 -0.23980823922402086 1.942446737714569
18.7 0.14388494353441253 0.0 -0.3597123588360313 1.942446737714569
18.72 0.1678657674568146 0.0 -0.5035973023704439 2.0623508573265794
18.74 0.1918465913792167 0.023980823922402087 -0.5995205980600522 1.9904083855593733
18.76 0.23980823922402086 0.0 -0.6714630698272585 1.9904083855593733
18.78 0.263789063146423 0.0 -0.6714630698272585 1.678657674568146
18.8 0.31175071099122714 -0.11990411961201043 -0.6474822459048564 1.2470028439649086
18.82 0.31175071099122714 -0.23980823922402086 -0.6474822459048564 0.7673863655168668
18.84 0.3597123588360313 -0.3597123588360313 -0.7673863655168668 0.551558950215248
18.86 0.3597123588360313 -0.3836931827584334 -0.839328837284073 0.45563565452563964
18.88 0.3836931827584334 -0.3597123588360313 -0.8633096612064751 0.43165483060323756
18.9 0.4076740066808355 -0.3597123588360313 -0.7673863655168668 0.3357315349136292
18.92 0.4796164784480417 -0.3357315349136292 -0.6474822459048564 0.23980823922402086
18.94 0.527578126292846 -0.263789063146423 -0.551558950215248 0.1678657674568146
18.96 0.527578126292846 -0.1678657674568146 -0.5035973023704439 0.09592329568960835
18.98 0.45563565452563964 -0.047961647844804174 -0.43165483060323756 0.047961647844804174
19.0 0.3597123588360313 0.07194247176720626 -0.4076740066808355 0.0
19.02 0.263789063146423 0.1918465913792167 -0.3597123588360313 0.0
19.04 0.11990411961201043 0.43165483060323756 -0.263789063146423 0.0
19.06 0.0 0.7194247176720626 -0.21582741530161878 -0.023980823922402087
19.08 -0.21582741530161878 1.1750603721977022 -0.1918465913792167 -0.023980823922402087
19.1 -0.3836931827584334 1.5107919071113314 -0.1678657674568146 -0.023980823922402087
19.12 -0.5995205980600522 1.918465913792167 -0.1678657674568146 0.0
19.14 -0.7194247176720626 1.9904083855593733 -0.11990411961201043 0.0
19.16 -0.8872904851288772 2.1342933290937856 -0.09592329568960835 0.0
19.18 -0.9832137808184855 2.0863316812489816 -0.09592329568960835 0.0
19.2 -1.0791370765080939 2.0863316812489816 -0.07194247176720626 0.0
19.22 -1.1510795482753002 1.9904083855593733 -0.07194247176720626 0.0
19.24 -1.1990411961201044 1.918465913792167 -0.07194247176720626 0.0
19.26 -1.2230220200425064 1.8225426181025586 -0.07194247176720626 0.0
19.28 -1.2470028439649086 1.7026384984905483 -0.047961647844804174 0.0
19.3 -1.2230220200425064 1.5347727310337336 -0.047961647844804174 0.0
19.32 -1.1990411961201044 1.390887787499321 -0.047961647844804174 0.0
19.34 -1.1750603721977022 1.1750603721977022 -0.047961647844804174 0.0
19.36 -1.127098724352898 1.0071946047408877 -0.023980823922402087 0.0
19.38 -1.0791370765080939 0.7913671894392689 -0.023980823922402087 0.0
19.4 -1.0311754286632897 0.551558950215248 -0.023980823922402087 0.0
19.42 -0.9352521329736814 0.3357315349136292 -0.047961647844804174 0.0
19.44 -0.8872904851288772 0.11990411961201043 -0.047961647844804174 0.0
19.46 -0.7913671894392689 -0.047961647844804174 -0.047961647844804174 0.0
19.48 -0.6954438937496605 -0.28776988706882506 -0.07194247176720626 0.0
19.5 -0.5755397741376501 -0.4796164784480417 -0.07194247176720626 0.0
19.52 -0.45563565452563964 -0.7673863655168668 -0.07194247176720626 0.0
19.54 -0.3357315349136292 -0.9352521329736814 -0.07194247176720626 0.0
19.56 -0.21582741530161878 -1.1990411961201044 -0.07194247176720626 0.0
19.58 -0.11990411961201043 -1.342926139654517 -0.07194247176720626 0.0
19.6 0.0 -1.5827343788785377 -0.07194247176720626 0.0
19.62 0.07194247176720626 -1.654676850645744 -0.07194247176720626 0.0
19.64 0.1678657674568146 -1.8465234420249608 -0.09592329568960835 0.0
19.66 0.263789063146423 -1.894485089869765 -0.09592329568960835 0.0
19.68 0.4076740066808355 -2.038370033404177 -0.11990411961201043 0.0
19.7 0.5035973023704439 -2.038370033404177 -0.14388494353441253 0.0
19.72 0.5995205980600522 -2.1342933290937856 -0.1678657674568146 0.0
19.74 0.6714630698272585 -1.9904083855593733 -0.1918465913792167 0.0
19.76 0.7434055415944647 -1.966427561636971 -0.23980823922402086 0.0
19.78 0.7673863655168668 -1.7985617941801566 -0.263789063146423 0.0
19.8 0.7913671894392689 -1.7026384984905483 -0.28776988706882506 0.0
19.82 0.7673863655168668 -1.390887787499321 -0.31175071099122714 0.023980823922402087
19.84 0.7194247176720626 -0.9592329568960835 -0.4076740066808355 0.09592329568960835
19.86 0.6714630698272585 -0.551558950215248 -0.4796164784480417 0.21582741530161878
19.88 0.5995205980600522 -0.21582741530161878 -0.5755397741376501 0.31175071099122714
19.9 0.527578126292846 -0.07194247176720626 -0.5995205980600522 0.31175071099122714
19.92 0.5035973023704439 0.0 -0.6474822459048564 0.28776988706882506
19.94 0.4796164784480417 0.07194247176720626 -0.5995205980600522 0.21582741530161878
19.96 0.45563565452563964 0.14388494353441253 -0.551558950215248 0.11990411961201043
19.98 0.4076740066808355 0.1918465913792167 -0.45563565452563964 0.023980823922402087
20.0 0.3836931827584334 0.263789063146423 -0.28776988706882506 -0.11990411961201043
